critload/trunk/input/1999/n_man_eff.asc
ncols 720
nrows 360
xllcorner -180.0
yllcorner -90.0
cellsize 0.5
NODATA_value -9999.0
[rows 112 to 139 of 360, columns 128 to 191 of 720]
1391968.15367 1699809.48805 1556363.18016 93413.9406422 87892.93346 81711.8694697 94904.5321309 80042.3558647 3517264.63061 67100.7307396 67961.9752597 58405.522526 45820.4592698 48183.3420721 126555.144168 635543.101094 660853.128258 210806.244355 259225.734815 246152.069214 683521.066292 790778.571157 279844.220008 278636.85042 1187891.7543 3757210.35908 7191456.36581 901039.778052 609802.119489 8604872.25809 4215655.65003 4520447.3814 5917692.8865 5471751.91856 857159.842429 439058.647068 516541.878742 860159.100617 807909.319568 672727.489655 439066.518621 350846.695462 413754.145946 2562979.52713 2879680.5468 1999319.03588 3037994.49674 2855488.92998 812488.220472 1410434.33193 417139.516829 773209.405817 578075.358157 368701.423652 811588.72593 840565.554123 250509.033798 644182.15109 787690.097585 769639.502707 540644.242733 432702.726237 43336107.1103 23770818.9877
1198512.61653 1305908.76871 926341.076527 97281.8447314 91619.2004252 85676.6891073 79473.1062235 64335.5406262 52094.8656023 72928.7264515 2652602.24438 2691442.8305 83059.4875659 91719.2502679 144212.247781 93694.3789879 490299.725524 249012.738291 247633.99616 259760.384233 91787.1410779 1041255.28579 261150.158829 225720.757189 948811.098514 3260429.40661 6475805.5231 1037952.27025 7749899.79119 4153086.06736 4115270.7451 4466752.40916 8373262.20022 3639507.97317 883503.026316 56233.6853824 866324.469196 888702.572235 739999.480499 2482136.92957 527154.91843 344321.472138 465805.086365 820524.057727 3716267.65825 2890598.16891 2363199.49343 1338581.64848 1175297.19559 3306232.73233 438636.865424 576300.958795 422122.487568 338560.986211 524080.796854 127720.045926 294917.356563 672456.980791 23452027.3648 632338.605002 230210.427513 703702.178001 877380.293924 589208.096652
2601300.34967 2990172.55733 3119057.84574 56245.5191775 34291.4304401 91447.1443054 81400.4417475 82436.7186559 62465.5585446 79888.4746454 4389823.88871 89814.6297045 85954.4123793 90977.1478538 899749.177726 612959.268091 205265.17023 238643.463855 256835.000497 291169.225071 131739.483754 898067.785316 253960.651025 234812.039175 863428.98607 2867220.1516 8439254.52243 6602842.10402 5956306.32583 4040650.33403 4967758.63741 5628786.67819 6018260.79826 3156530.84042 717487.495931 938061.739337 940261.61015 485645.826198 396695.180691 896728.317503 557488.227276 461604.178392 624227.703492 374500.714128 727844.094962 537723.613163 353766.767906 183263.469442 142344.892127 57742.7608021 319038.113072 606990.951945 432124.019036 567447.534399 474059.043263 117713.044923 263947.812128 165054.433174 520391.307881 515338.504586 424055.512352 23659731.2656 826979.120071 336738.172546
868490.475369 785973.515077 1092547.27843 0.0 0.0 21812.0270411 92861.9226287 92393.4609887 86799.746063 87509.1404965 1824144.62804 2493902.46801 101723.277032 92296.0889868 255049.21691 250392.669072 257109.968498 266417.134293 241815.633764 293115.449065 267691.102934 258661.721058 259022.112087 259307.879103 266755.880863 274881.425398 3401513.33151 3386686.81453 4023106.63409 4288778.02862 4909130.31123 4588070.9223 4593658.25956 4168721.99856 5943696.58074 5377368.88294 3219998.96997 4778937.51213 508159.429333 383415.445571 417413.041889 490989.898249 861854.838499 417942.634277 6461913.80967 634935.713224 249081.469067 153274.690483 53274.1926718 152436.996718 1353445.94603 1559728.86025 769020.463558 465106.994099 1015369.49236 202142.804575 95708.9284221 391229.705083 263774.133081 362043.953252 293904.620351 489682.385935 449684.768846 137763.376948
871635.677422 748603.751473 117761.619819 0.0 0.0 1252248.99433 2581530.97616 109721.348702 1552323.01447 3274434.32285 2717291.55638 2005516.33732 109637.521715 81190.2497477 260151.283002 285389.28757 3927321.48897 4000200.34251 4176570.7033 1621203.54313 2171606.69108 2067315.80232 1867630.90133 2172171.81901 2132976.38337 2164147.00953 2160319.91648 3318615.8386 5181434.71749 4168330.73816 4161735.09862 5747555.59605 4635985.12528 4355309.78202 6789891.60313 914474.893952 812021.648145 894541.804946 555582.775732 4054702.47387 670948.935062 381499.159917 504323.012147 357732.590444 358611.430735 527219.332365 557833.975917 348314.702466 294529.963115 2111708.56575 530018.37662 871518.092226 845996.741241 839033.761172 697098.365932 195793.061986 550871.240736 330590.182158 224359.837022 94183.1938913 94030.362179 318820.801362 145443.881331 69917.55022
660578.570298 754090.404455 0.0 -9999.0 0.0 0.0 3393014.02332 3470310.24301 3638284.39625 4647644.23226 3958837.98455 4397419.73891 3159787.54613 2883386.68218 3259061.98696 3917114.16679 3831501.45369 4021084.30284 4522477.0483 3722986.47826 1859654.67983 2182830.21067 2164403.42732 2183768.33393 2067021.31386 2106516.48361 2166617.67471 3458675.69639 5005172.68451 3718125.26271 4132282.6361 5424087.5697 4525203.99553 4370654.32024 5346067.22536 468273.358549 171044.172659 749460.841933 433558.539645 763580.267047 654278.524644 296231.906453 486943.132559 173002.889166 239089.046605 450423.871411 610450.178826 535464.612714 289127.704095 1215015.0593 675885.641506 847811.327874 848989.195161 1243494.30969 523286.903078 369961.314489 233164.319006 249260.2158 170412.888966 140945.53308 163662.254372 62646.1592942 229117.475493 202158.874296
728545.774039 758052.687445 0.0 -9999.0 -9999.0 479242.379574 3213750.42988 3022149.75457 3512188.08923 3282576.91936 2700611.00806 2758822.8092 2923950.62219 2602261.42699 2979942.68231 3988361.53889 4125148.35576 3872952.58313 4246913.13159 3639754.15 3652289.44485 4166007.0826 2191249.00318 3200225.48743 3198128.94287 2123428.94976 2170394.76703 3383139.16086 3868425.7501 3899931.67086 3959064.99253 3942887.02419 3676456.45732 4346528.57341 3802252.2541 487771.710137 485659.489962 651607.955546 560484.89383 1680265.10735 976631.613064 450778.310758 219053.944954 216963.383834 224523.434635 375059.141073 247399.377772 49411.4205404 115908.919928 572998.050041 666832.4194 608098.648308 1661689.59881 1689827.84659 1229920.26396 24626760.0308 594458.21542 1101126.70964 633835.686093 731826.489494 680172.845245 1315701.60858 430643.150634 374902.788808
593606.923628 888544.038432 579353.511591 -9999.0 -9999.0 -9999.0 1997166.14877 3654251.31211 3638075.87473 3706562.12463 2619466.91097 1901933.30553 2500053.57727 2394574.03567 1359117.88365 571402.232782 4249888.69308 3918588.23738 3981602.15761 3905029.24287 3682327.94181 3937500.21008 4295323.18434 2206429.84053 3298040.17943 3300336.52456 3295263.19499 2204897.15323 3316250.7742 3904890.89399 4064407.15961 3967079.26606 4016370.70801 1012061.27561 692493.778118 522529.660725 844644.425789 966804.149219 724616.568494 651941.65048 1011983.6088 2096329.58552 665946.273871 560818.525275 581015.869405 333551.216004 993.377435938 9679.68699172 163332.673597 424352.492942 8900806.29612 3534099.70595 4296493.13098 20043131.1303 12518079.911 5488339.14809 78984.0437308 4415685.1143 6192454.6242 7293544.61452 407390.076827 540059.44077 180438.75374 539794.175799
241836.689108 788481.523704 766869.948301 0.0 0.0 -9999.0 619810.319345 3189972.03187 3572718.39043 3827630.4101 3856053.89868 517359.48527 538123.100514 585484.446162 96330.5945894 225082.495056 3264650.21065 4417510.80089 4299164.35507 4081288.81034 4084532.14602 4212432.20402 4001964.39144 2148773.58923 2217440.62748 1785787.1857 2094499.50208 3700935.87309 3827625.40854 3112611.98314 3702706.83846 3169252.09415 2692656.82171 3013060.22146 311533.239779 495174.883805 681613.642943 487772.694325 715752.95492 655759.56004 553803.511377 2383110.09175 4603062.22798 481260.016169 277335.331942 174822.66734 122178.552736 106104.975649 258020.188844 5461643.03578 7875990.18261 4634496.15883 1859931.12867 0.0 -9999.0 -9999.0 -9999.0 -9999.0 -9999.0 -9999.0 -9999.0 289763.553376 136683.119724 19431.2974919
-9999.0 45829.0441627 565174.088968 770018.618275 0.0 -9999.0 -9999.0 1685500.76391 3162190.16153 3170668.11694 2950771.04808 2880493.76922 525142.440732 3112272.4054 370739.206531 441392.079983 501931.608873 4435639.62026 4489595.98084 4253812.50309 3975796.62282 3951798.44949 3819435.74686 3302944.34471 1051071.44613 309218.074809 2179329.34557 3200267.77677 2947888.72469 3568391.1443 4830960.20193 3910540.26402 5052803.89656 4932791.078 4592248.99366 6983021.70972 960770.10291 805316.917292 398912.457658 82184.0771089 781048.48253 525441.564246 362784.649979 -9999.0 -9999.0 -9999.0 -9999.0 -9999.0 -9999.0 111459.546211 222757.318608 494474.389208 245911.274962 238987.989176 -9999.0 -9999.0 -9999.0 -9999.0 -9999.0 -9999.0 -9999.0 -9999.0 -9999.0 -9999.0
-9999.0 -9999.0 -9999.0 504261.425566 842441.103937 0.0 -9999.0 174468.763715 1838901.76085 2976465.47393 3348950.53915 3822540.53505 521635.251368 336084.459138 199406.123662 281946.771203 3588905.74263 4879142.82891 5860312.6225 4320739.7371 4037999.06918 3981667.70245 4180027.88631 4510949.8185 3996220.17723 3094459.83316 3223400.2081 2708564.15151 1671973.43066 2416112.91064 3958812.10864 5059108.72241 5380045.97581 4966610.47749 4101685.9471 4335826.66355 6040744.57922 1107961.18008 680441.331544 325762.893555 305829.075896 40445.0083047 -9999.0 -9999.0 -9999.0 -9999.0 -9999.0 -9999.0 -9999.0 -9999.0 -9999.0 -9999.0 -9999.0 -9999.0 -9999.0 -9999.0 -9999.0 -9999.0 -9999.0 -9999.0 -9999.0 -9999.0 -9999.0 -9999.0
-9999.0 -9999.0 -9999.0 148154.52013 775992.524679 776194.735954 227361.326754 -9999.0 234212.033524 2514359.93458 3660224.0999 2972866.32977 3340962.65107 431927.496527 104873.211773 339808.757227 293746.405906 3716639.64169 4383749.02519 4621540.13093 3986416.00772 3723306.85809 4532376.75527 4402824.96553 3625415.28988 3365887.95499 3366516.14233 2979074.36736 1793457.19826 3357467.65664 3529805.1183 3829171.81784 5562681.08554 4285589.49401 3774838.14171 3972738.5791 6259346.30577 907707.317558 379929.341919 118359.752242 -9999.0 -9999.0 -9999.0 -9999.0 -9999.0 -9999.0 -9999.0 -9999.0 -9999.0 -9999.0 -9999.0 -9999.0 -9999.0 -9999.0 -9999.0 -9999.0 -9999.0 -9999.0 -9999.0 -9999.0 -9999.0 -9999.0 -9999.0 -9999.0
-9999.0 -9999.0 499699.620177 948849.349848 1079785.19855 1171676.26419 825204.248077 40532.650049 -9999.0 -9999.0 1357796.23136 2855723.02711 4057087.01367 751990.296599 540570.825628 414470.345029 465424.328783 795255.2872 7062009.98611 4653839.26189 4350590.96278 4005622.04943 4275422.83459 4032350.76774 3252526.10419 3642190.94921 3643682.89748 3251729.43356 2772677.64531 3457618.79769 3488732.97658 3375282.16155 4249983.5593 4329397.06158 4726632.4379 4480600.91255 402571.439511 208900.41757 0.0 -9999.0 -9999.0 -9999.0 -9999.0 -9999.0 -9999.0 -9999.0 -9999.0 -9999.0 -9999.0 -9999.0 -9999.0 -9999.0 -9999.0 -9999.0 -9999.0 -9999.0 -9999.0 -9999.0 -9999.0 -9999.0 -9999.0 -9999.0 -9999.0 -9999.0
-9999.0 -9999.0 -9999.0 744509.483126 1166437.58128 1172933.07844 1176308.20876 830181.337977 -9999.0 -9999.0 143274.747829 4263090.71244 5982871.9261 5003419.45273 1218417.51623 3356210.02564 709819.466132 1370604.02536 5213653.26364 4519300.85463 4547468.98991 4138913.39166 4034638.78542 4051512.15444 3660551.38068 3398179.81613 3528143.69626 3300579.38533 3247954.89916 3523391.97515 2924239.69004 2419910.48431 3128338.47389 5409287.30307 5315591.89803 5232917.60764 5300098.60151 540510.182658 -9999.0 -9999.0 -9999.0 -9999.0 -9999.0 -9999.0 -9999.0 -9999.0 -9999.0 -9999.0 -9999.0 -9999.0 -9999.0 -9999.0 -9999.0 -9999.0 -9999.0 -9999.0 -9999.0 -9999.0 -9999.0 -9999.0 -9999.0 -9999.0 -9999.0 -9999.0
-9999.0 -9999.0 -9999.0 -9999.0 313598.533012 592170.541153 1124194.83515 919005.710209 574678.264566 -9999.0 -9999.0 -9999.0 2856498.6279 5046866.86238 1777501.04054 1057499.3497 838111.874545 494237.0206 1158417.83952 2722652.10165 3428291.34455 4170644.59424 4200798.82452 3759427.93443 773781.750547 3545900.21094 3280789.79634 3534377.74938 3393074.40604 3420249.03964 2984741.87195 2811297.24005 2653899.22278 2826076.65878 4378654.42422 5415407.7916 5021316.73079 320690.555665 -9999.0 -9999.0 -9999.0 -9999.0 -9999.0 -9999.0 -9999.0 -9999.0 -9999.0 -9999.0 -9999.0 -9999.0 -9999.0 -9999.0 -9999.0 -9999.0 -9999.0 -9999.0 -9999.0 -9999.0 -9999.0 -9999.0 -9999.0 -9999.0 -9999.0 -9999.0
-9999.0 -9999.0 -9999.0 -9999.0 -9999.0 -9999.0 261574.776354 997542.915825 1317793.92561 392797.469865 -9999.0 -9999.0 -9999.0 3143488.37985 4797416.3167 956669.23518 519609.947218 783142.706505 326000.880398 228623.033712 4794152.261 4208308.83781 3676096.07212 3393346.59914 3074334.13375 3772293.58104 3420308.33856 3427920.86299 3428770.80349 3152450.51508 2656380.44636 2766555.45059 2628618.58761 2808602.9469 3318714.97877 475865.873614 252007.029385 2306476.35084 -9999.0 -9999.0 -9999.0 -9999.0 -9999.0 -9999.0 -9999.0 -9999.0 -9999.0 -9999.0 -9999.0 -9999.0 -9999.0 -9999.0 -9999.0 -9999.0 -9999.0 -9999.0 -9999.0 -9999.0 -9999.0 -9999.0 -9999.0 -9999.0 -9999.0 -9999.0
-9999.0 -9999.0 -9999.0 -9999.0 -9999.0 -9999.0 -9999.0 262496.369433 1323199.18463 618206.175176 -9999.0 -9999.0 -9999.0 3435255.33562 5482379.23734 5212913.16756 1169091.536 1317267.77337 184701.977646 0.0 1743700.35293 3943995.84304 4177096.39603 4230644.2415 3575765.51179 3320048.10357 3352520.32681 3989348.53049 3697354.93414 2873943.39192 2337448.22803 2592647.1718 2999041.41778 2833575.49721 5392687.78404 6333074.65039 6326848.96722 3320389.94388 -9999.0 -9999.0 -9999.0 -9999.0 -9999.0 -9999.0 -9999.0 -9999.0 -9999.0 -9999.0 -9999.0 -9999.0 -9999.0 -9999.0 -9999.0 -9999.0 -9999.0 -9999.0 -9999.0 -9999.0 -9999.0 -9999.0 -9999.0 -9999.0 -9999.0 -9999.0
-9999.0 -9999.0 -9999.0 -9999.0 -9999.0 -9999.0 -9999.0 266294.633191 1269809.32732 1327599.75097 146495.916033 -9999.0 -9999.0 -9999.0 1221015.75901 3753055.82468 4831062.66927 873962.713564 415920.433066 0.0 1160386.32324 3933744.37989 4238736.95821 4036915.52992 3904320.71135 3961281.09202 3851793.15913 3144058.71529 3145765.97675 3166191.21533 4436647.34125 1445901.1551 6289865.26705 5080374.933 2623651.87522 5802709.61658 4086684.34092 104373.729839 -9999.0 -9999.0 -9999.0 -9999.0 -9999.0 -9999.0 -9999.0 -9999.0 -9999.0 -9999.0 -9999.0 -9999.0 -9999.0 -9999.0 -9999.0 -9999.0 -9999.0 -9999.0 -9999.0 -9999.0 -9999.0 -9999.0 -9999.0 -9999.0 -9999.0 -9999.0
-9999.0 -9999.0 -9999.0 -9999.0 -9999.0 -9999.0 -9999.0 203552.610033 939370.431954 1200622.92639 715103.6518 -9999.0 -9999.0 -9999.0 -9999.0 73899.5581098 5469307.71814 4255655.25094 1163450.93056 1046872.28918 250466.317657 5061535.19694 3589942.71476 4211720.21037 4454012.12516 4290707.73376 3550587.71777 2538474.87851 2799839.96684 3089063.34162 3023985.71774 4626254.04957 967047.136241 2586267.58268 2943513.96256 5297707.65444 2985860.19992 -9999.0 -9999.0 -9999.0 -9999.0 -9999.0 -9999.0 -9999.0 -9999.0 -9999.0 -9999.0 -9999.0 -9999.0 -9999.0 -9999.0 -9999.0 -9999.0 -9999.0 -9999.0 -9999.0 -9999.0 -9999.0 -9999.0 -9999.0 -9999.0 -9999.0 -9999.0 -9999.0
-9999.0 -9999.0 -9999.0 -9999.0 -9999.0 -9999.0 -9999.0 -9999.0 36496.0596368 621226.975171 1062165.50633 718148.379405 47397.3833495 -9999.0 -9999.0 -9999.0 -9999.0 3621501.51366 1407113.18659 333942.787341 241536.575793 617659.841612 2863848.28064 4133707.9386 4113390.57888 3623801.82882 3479045.27625 2814762.99916 2681052.56679 2546277.37193 2670806.07956 2658344.12221 1188768.59814 5203419.24582 2825660.42365 5542774.62053 2821948.67114 -9999.0 -9999.0 -9999.0 -9999.0 -9999.0 -9999.0 -9999.0 -9999.0 -9999.0 -9999.0 -9999.0 -9999.0 -9999.0 -9999.0 -9999.0 -9999.0 -9999.0 -9999.0 -9999.0 -9999.0 -9999.0 -9999.0 -9999.0 -9999.0 -9999.0 -9999.0 -9999.0
-9999.0 -9999.0 -9999.0 -9999.0 -9999.0 -9999.0 -9999.0 -9999.0 -9999.0 -9999.0 349745.836976 1088268.4274 798891.636232 0.0 -9999.0 -9999.0 -9999.0 -9999.0 3587486.06481 875452.860111 115264.627134 488926.298356 1252210.8085 3672793.64596 3969154.60816 3874570.43566 3688920.58447 3151082.29028 2814396.92086 2543150.30547 3014872.76537 2992585.07007 1588390.28098 1145023.84247 4320270.76336 1016502.69491 591430.925759 -9999.0 -9999.0 -9999.0 -9999.0 -9999.0 -9999.0 -9999.0 -9999.0 -9999.0 -9999.0 -9999.0 -9999.0 -9999.0 -9999.0 -9999.0 -9999.0 -9999.0 -9999.0 -9999.0 -9999.0 -9999.0 -9999.0 -9999.0 -9999.0 -9999.0 -9999.0 -9999.0
-9999.0 -9999.0 -9999.0 -9999.0 -9999.0 -9999.0 -9999.0 -9999.0 -9999.0 -9999.0 -9999.0 433627.464707 1094033.81158 114910.237268 -9999.0 -9999.0 -9999.0 -9999.0 133391.215207 3603181.55433 927506.589417 1376178.99907 941325.41519 1269660.30024 2701917.35999 3623138.33583 3766493.00342 3110911.05953 2699743.66168 2691650.28805 3090337.91317 3103041.6644 1884265.0065 865731.255072 1341614.73766 410885.996603 448580.016173 -9999.0 -9999.0 -9999.0 -9999.0 -9999.0 -9999.0 -9999.0 -9999.0 -9999.0 -9999.0 -9999.0 -9999.0 -9999.0 -9999.0 -9999.0 -9999.0 -9999.0 -9999.0 -9999.0 -9999.0 -9999.0 -9999.0 -9999.0 -9999.0 -9999.0 -9999.0 -9999.0
-9999.0 -9999.0 -9999.0 -9999.0 -9999.0 -9999.0 -9999.0 -9999.0 -9999.0 -9999.0 -9999.0 -9999.0 260359.432006 -9999.0 -9999.0 -9999.0 -9999.0 -9999.0 -9999.0 -9999.0 4151626.5878 1075650.35077 1345413.98795 4988457.50628 4996808.82351 2837778.11152 3708584.23722 3725423.29617 3269519.92664 3217197.41905 3278786.92824 2537544.5575 2581781.54332 1516593.6188 6165753.33152 4237760.40359 1938951.92655 -9999.0 -9999.0 -9999.0 -9999.0 -9999.0 -9999.0 -9999.0 -9999.0 -9999.0 -9999.0 -9999.0 -9999.0 -9999.0 -9999.0 -9999.0 -9999.0 -9999.0 -9999.0 -9999.0 -9999.0 -9999.0 -9999.0 -9999.0 -9999.0 -9999.0 -9999.0 250064.812197
-9999.0 -9999.0 -9999.0 -9999.0 -9999.0 -9999.0 -9999.0 -9999.0 -9999.0 -9999.0 -9999.0 -9999.0 -9999.0 -9999.0 -9999.0 -9999.0 -9999.0 -9999.0 -9999.0 -9999.0 2012161.28219 5450238.72092 5192146.23987 1569798.3007 2670736.44845 3813003.76257 2869336.81743 3622967.10709 3775517.55586 3111044.39697 2977413.78426 2696368.04919 2867716.5916 4799308.35148 5955877.07877 5288048.79183 1935812.46869 -9999.0 -9999.0 -9999.0 -9999.0 -9999.0 -9999.0 -9999.0 -9999.0 -9999.0 -9999.0 -9999.0 -9999.0 -9999.0 -9999.0 -9999.0 -9999.0 -9999.0 -9999.0 -9999.0 -9999.0 -9999.0 -9999.0 -9999.0 -9999.0 -9999.0 -9999.0 2841144.26046
-9999.0 -9999.0 -9999.0 -9999.0 -9999.0 -9999.0 -9999.0 -9999.0 -9999.0 -9999.0 -9999.0 -9999.0 -9999.0 -9999.0 -9999.0 -9999.0 -9999.0 -9999.0 -9999.0 -9999.0 327002.03086 6190379.77061 6089830.29955 5840097.8701 5211288.25654 2646937.64678 3200638.3287 3706279.15565 4381515.77202 3115229.23728 3157571.82716 5372211.04496 5098378.98263 2926123.00764 7350975.60768 6258311.90196 3944156.58927 0.0 -9999.0 -9999.0 -9999.0 -9999.0 -9999.0 -9999.0 -9999.0 -9999.0 -9999.0 -9999.0 -9999.0 -9999.0 -9999.0 -9999.0 -9999.0 -9999.0 0.0 137274.186204 343707.821299 16184.2642573 -9999.0 -9999.0 -9999.0 -9999.0 123661.776054 702681.540232
-9999.0 -9999.0 -9999.0 -9999.0 -9999.0 -9999.0 -9999.0 -9999.0 -9999.0 -9999.0 -9999.0 -9999.0 -9999.0 -9999.0 -9999.0 -9999.0 -9999.0 -9999.0 -9999.0 -9999.0 -9999.0 2799119.36503 6239969.34419 3310825.7351 5115400.50118 3595048.43132 3548534.03641 4045969.12643 3824599.3741 3626289.76638 3251529.98231 3601654.65841 1726600.27897 1470290.59811 5991574.0468 6925609.94985 4554168.79843 217803.747107 -9999.0 -9999.0 -9999.0 -9999.0 -9999.0 -9999.0 -9999.0 -9999.0 -9999.0 -9999.0 -9999.0 -9999.0 -9999.0 185418.645074 917802.798553 900811.601731 755249.820228 5948984.02864 975996.065817 167120.930276 273838.985598 -9999.0 -9999.0 -9999.0 -9999.0 -9999.0
-9999.0 -9999.0 -9999.0 -9999.0 -9999.0 -9999.0 -9999.0 -9999.0 -9999.0 -9999.0 -9999.0 -9999.0 -9999.0 -9999.0 -9999.0 -9999.0 -9999.0 -9999.0 -9999.0 -9999.0 -9999.0 3959210.14374 6226996.57741 4603733.12756 5378669.47582 6280332.73671 6636517.16286 3572335.84754 3105718.31484 3020707.55536 3303302.61473 3153531.11366 3697252.1551 1802179.10392 820491.789472 5108840.43883 3657399.69468 3794551.8859 -9999.0 -9999.0 -9999.0 -9999.0 -9999.0 -9999.0 -9999.0 -9999.0 -9999.0 -9999.0 -9999.0 -9999.0 -9999.0 4107087.72244 5970846.76328 4803657.07794 1178099.15031 912644.998765 931040.588503 111003.303663 358161.596597 -9999.0 -9999.0 -9999.0 -9999.0 -9999.0
-9999.0 -9999.0 -9999.0 -9999.0 -9999.0 -9999.0 -9999.0 -9999.0 -9999.0 -9999.0 -9999.0 -9999.0 -9999.0 -9999.0 -9999.0 -9999.0 -9999.0 -9999.0 -9999.0 -9999.0 99093.3899345 3901832.01941 5304319.37789 6292697.63267 3420605.78553 2704894.17831 5933962.96588 6634053.45938 7583010.76412 3369239.69816 3032482.692 3309017.14676 3053027.98186 5976346.1313 1911773.45633 1126382.79771 507867.193091 7050127.54365 3123543.12769 -9999.0 -9999.0 -9999.0 -9999.0 -9999.0 -9999.0 -9999.0 -9999.0 -9999.0 -9999.0 -9999.0 -9999.0 5106809.27387 670313.989436 4796367.24874 750753.956375 356793.857281 68538.5059442 40750.4186353 -9999.0 -9999.0 -9999.0 -9999.0 -9999.0 -9999.0
