critload/trunk/input/1999/n_man_eff.asc
ncols 720
nrows 360
xllcorner -180.0
yllcorner -90.0
cellsize 0.5
NODATA_value -9999.0
[rows 224 to 251 of 360, columns 576 to 639 of 720]
-9999.0 -9999.0 -9999.0 -9999.0 -9999.0 -9999.0 -9999.0 -9999.0 -9999.0 -9999.0 -9999.0 389252.007898 308383.014546 985914.279715 1023870.07666 795997.38548 796223.669155 720626.525605 758267.031203 720400.234648 721078.375735 796810.006511 872609.576266 986433.897716 1023960.02364 1023802.30879 1061871.91018 1062188.28647 948545.398987 113913.55849 455068.613822 986320.617533 1061849.05391 1061872.19416 1023599.92991 1023780.26075 1061939.56884 985733.755918 947890.252519 1061939.53243 1024186.59857 683099.351155 948093.679919 1061984.85907 1023915.63631 1023554.87997 1023689.73854 948115.727958 948455.30638 985891.430721 910249.852501 909753.706049 795929.857894 1024028.06821 1061962.38142 1061600.9552 1061690.86213 1061668.37721 1023892.45601 948251.016139 872203.333104 834473.270082 1024006.45341 1024119.16928
-9999.0 -9999.0 -9999.0 -9999.0 -9999.0 -9999.0 -9999.0 -9999.0 -9999.0 -9999.0 -9999.0 551723.240093 1019769.00942 1057926.70526 1057972.65446 1058064.65478 1020129.39134 906415.779752 944328.718455 793507.766287 37843.0264649 717799.232076 755642.553436 868987.246259 944926.975443 1058041.56186 1057880.22452 755342.112475 452873.144476 489524.648358 1019830.23918 944604.198824 1020359.87274 1058041.41623 1058018.13036 1058156.65511 1058249.52557 1058157.18665 1058133.70782 1058133.79884 982125.54816 792909.363678 1058018.7966 1058179.75896 1058088.0426 1020497.9242 1058272.18888 982631.564529 906853.511272 906784.742211 906669.117417 869263.48389 869125.195783 944788.731023 1020267.82508 1057972.50883 1058018.27599 1057995.84931 1020152.24762 982147.974833 906738.170455 755688.025701 869148.492584 831489.703418
-9999.0 -9999.0 -9999.0 -9999.0 -9999.0 -9999.0 -9999.0 -9999.0 -9999.0 -9999.0 -9999.0 451750.310863 1016308.7564 1016285.52149 1054366.85684 865631.014557 903712.018602 941393.08881 1053919.685 941275.650955 827621.204272 790386.122683 865396.189814 865513.383743 1016450.34662 1016262.23197 1016214.79738 1054013.59305 1054037.35586 903971.374338 1016637.83506 1054036.69326 1054224.89527 1054343.28699 1054178.13057 1016355.38276 1054154.89202 1054224.84795 1054225.22658 1054154.75003 1054108.17099 1054413.62519 1054319.18924 1054201.6094 1054177.46431 1054224.75329 1016637.78773 978979.817725 903594.48609 828443.462221 828514.419341 790504.325083 828020.282549 865607.535721 978792.227339 1054131.12557 1054342.95205 1054225.37221 1054107.69406 1016403.14866 1016426.58017 865913.892811 903383.282167 790527.374312
-9999.0 -9999.0 -9999.0 -9999.0 -9999.0 -9999.0 -9999.0 -9999.0 -9999.0 -9999.0 -9999.0 804632.717656 1012840.66438 1050331.81052 1049996.00386 1050116.06665 1012121.04487 1049972.14275 1050235.41951 1049900.03882 1049996.05119 1049732.34846 1012360.03456 1050212.0317 1012816.09334 1049971.43282 1050211.55841 1050067.49252 1050235.60883 974629.520094 1050259.70658 1012647.74038 1050043.91539 1050259.80124 1050043.20545 1050307.94941 900078.573561 0.0 0.0 0.0 0.0 0.0 1012816.66129 1050355.90827 1050139.35981 1050283.70968 1046992.14761 935535.383816 937449.704235 711974.00207 637831.10812 925857.721492 937281.635252 900006.658939 1049995.43591 1050187.31867 1050308.04407 1050163.64688 1050019.53366 1049972.19008 1050163.45756 825095.760659 825215.728797 825048.133104
-9999.0 -9999.0 -9999.0 -9999.0 -9999.0 -9999.0 -9999.0 -9999.0 -9999.0 -9999.0 161511.224412 821725.719799 1045774.60499 1046068.17233 1046263.91786 1045994.92521 1046264.20547 1046141.46677 1046043.93259 1046215.53668 1045921.38684 1046043.88161 1045922.35162 1046019.74018 1046166.67129 1046214.91048 1046117.278 1046141.51774 1046043.40468 1046093.13656 1046215.39105 1046117.32533 1046239.5325 1046338.27174 1046265.21758 1046338.41737 747402.007157 0.0 0.0 0.0 0.0 0.0 1045945.67755 1046092.3174 1046386.79855 1046214.85951 1008526.68267 891836.931432 784061.684397 821480.388015 933542.104033 1008576.02863 1008722.57019 971303.578962 859682.889292 1009090.3021 1045994.92521 971254.232997 971670.731996 1008869.21369 448245.276725 747108.148567 747156.580717 859022.310912
-9999.0 -9999.0 -9999.0 -9999.0 -9999.0 -9999.0 -9999.0 -9999.0 -9999.0 -9999.0 24042.8695344 863992.536749 1042192.54105 1041967.83381 967323.736479 1041793.22977 1041868.1953 1041742.79525 1041868.1953 1041892.53698 1042142.29584 892580.521266 706594.556798 1041868.14797 1041817.71344 1041867.864 1041868.33728 1041767.7522 1041917.68325 1041768.0835 1041967.97579 1042042.75199 1041893.15225 446514.8259 0.0 0.0 74494.0242916 0.0 0.0 0.0 0.0 0.0 930375.82916 1004870.27942 1042068.2769 1004595.27962 1005070.36101 1004895.14171 1004696.19601 1004321.65236 967249.05493 930476.556232 967324.115108 1041942.82952 818460.709313 744415.862887 893428.963081 893503.786619 818985.467976 856031.404614 223257.412951 818335.924541 743917.149747 818610.025083
-9999.0 -9999.0 -9999.0 -9999.0 -9999.0 -9999.0 -9999.0 -9999.0 -9999.0 -9999.0 -9999.0 368679.824409 1055631.53916 1037687.45934 1037306.18769 1037789.00557 1037611.53631 1037610.68439 1037357.33944 1037433.35712 0.0 1037661.88347 1037738.23245 1037458.60169 1037687.31735 1037687.2227 1037687.12804 1037738.51642 1037891.07241 1037788.86358 1037814.58144 1037687.45934 1037713.31919 592680.477688 221968.621956 147979.081304 0.0 0.0 0.0 0.0 0.0 0.0 1000336.47262 1000590.29086 1037611.11035 926600.371578 963773.321093 1000285.84149 963672.532129 1000667.06581 1000590.85881 889123.351329 815413.062802 1000489.31258 852509.568675 704021.241703 741448.530076 815565.760778 741118.268189 741270.350887 185508.247208 741118.268189 852382.446574 889148.832543
-9999.0 -9999.0 -9999.0 -9999.0 -9999.0 -9999.0 -9999.0 -9999.0 -9999.0 73987.9633217 125960.007035 244372.538774 725486.349325 1033481.83196 1033585.66818 1033689.21679 1033430.00669 1033481.49702 1033404.09223 1051224.37813 1033430.2943 1033377.89743 1033637.2022 1033456.29977 1033171.46283 996253.23808 1033715.08028 1033533.65359 1033430.24333 1033429.48243 1033404.5728 1033430.0977 1033507.30953 1033533.64995 1033403.80825 885708.377031 0.0 0.0 0.0 0.0 0.0 0.0 996823.5309 996564.080508 922884.716033 996408.702984 996719.498078 1033559.80105 959362.354948 996512.874149 1033016.08894 996304.965057 959310.959277 811743.60402 812028.681256 738271.103761 738401.520689 738012.851156 701483.343276 701276.384405 0.0 701354.073167 774904.21122 849049.981317
-9999.0 -9999.0 -9999.0 -9999.0 -9999.0 -9999.0 -9999.0 -9999.0 -9999.0 -9999.0 194814.261493 245358.882631 678450.982019 1028674.0921 1028937.64555 1029043.34581 1028937.4526 1046656.15918 1028990.23537 1028911.35246 17678.4689473 1028963.70199 955679.360067 1028963.84762 1029227.54306 1029148.80214 992440.634503 1028911.58547 955073.268304 992097.105929 1029122.41076 1029174.86223 1028990.42105 1029095.83733 1029043.34581 955310.153681 220090.67935 220090.67935 0.0 0.0 0.0 0.0 882078.059347 881709.002227 918102.020502 992044.989401 955125.665169 882077.738964 808266.038917 992097.251559 1028990.23173 1029042.96354 1028963.94592 1028911.49445 404264.892664 0.0 0.0 0.0 0.0 0.0 0.0 698141.725315 882104.880337 845080.707766
-9999.0 -9999.0 -9999.0 -9999.0 -9999.0 -9999.0 -9999.0 -9999.0 -9999.0 -9999.0 28234.3639381 467723.712945 915040.684984 878439.076806 622468.596849 1024765.88026 1024658.26864 1024658.60358 1024443.95556 1024846.33595 1024765.78196 1024202.78145 987440.498546 950865.03783 987761.123511 1024336.54054 1024202.5885 1024416.17707 988083.42684 1024738.81898 951320.426717 1024711.90334 1024658.60358 1024631.45129 1024658.26864 1024792.45732 1024443.33301 1024497.83419 657864.090543 657864.090543 657864.090543 657864.090543 987440.116272 1024444.29415 988163.933499 987627.269768 1024550.2711 1024336.44224 1024417.13821 1024524.12728 1024684.8457 1024497.30629 1024738.5787 1024470.53627 1024095.31546 657864.090543 292491.537789 0.0 0.0 0.0 109644.01509 877795.525952 804779.605081 841569.713814
-9999.0 -9999.0 -9999.0 -9999.0 -9999.0 -9999.0 -9999.0 -9999.0 -9999.0 -9999.0 -9999.0 105016.438594 728056.852976 801206.621038 837318.293789 1020225.57483 1019898.16725 1019870.58536 1019925.5125 1020198.66283 1020198.03662 1037694.38085 1020116.29577 1020198.27691 1020007.92324 1020225.43284 1019952.42451 1020116.57975 1019925.70182 983949.983489 1019570.807 1019979.39112 1020007.73393 1020088.75756 1020007.34801 1020007.30432 1019925.65449 1020225.43284 1020253.15673 1019789.22313 1020116.19747 1020170.9353 1020116.43776 1019897.78498 1020061.55794 1019952.80678 983676.64385 36494.0038345 1020198.56452 1020062.32613 1019952.37718 1020116.29577 983731.141395 947182.210414 874439.771176 946637.249542 873894.806663 619172.334646 0.0 0.0 0.0 837945.479724 728572.506997 874194.632346
-9999.0 -9999.0 -9999.0 -9999.0 -9999.0 -9999.0 -9999.0 -9999.0 -9999.0 -9999.0 -9999.0 -9999.0 2507658.1822 3041067.67199 856590.06419 1015413.95399 1015357.64338 1015552.19841 1015357.74532 978667.286015 978943.956885 1015496.4157 1015357.93464 979166.516136 1015357.70163 1015413.3824 1015441.00799 979194.527632 1015330.16343 1015496.98365 1015108.03014 1015469.31074 653443.640387 1015607.64617 1015302.38857 1015468.88114 1015246.94081 1015330.39643 1015358.36424 1015386.08448 1015358.07663 1015468.83745 1015524.99515 1015192.01366 1015468.97579 1015552.52971 870259.341035 0.0 435129.670517 1015302.71988 1015274.71202 1015524.56555 906589.378948 906423.221329 943085.858454 907089.235266 906950.89619 0.0 833985.803045 942337.342758 870730.992899 834040.486266 761463.061464 906113.664068
-9999.0 -9999.0 -9999.0 -9999.0 -9999.0 -9999.0 -9999.0 -9999.0 -9999.0 -9999.0 -9999.0 -9999.0 287958.554737 721727.983702 1007044.58857 840264.358831 974862.127655 1010630.36285 1010687.39067 1010884.28303 1011025.72033 974862.21867 1010461.67495 974636.695903 1010827.73213 1010940.87397 1010602.01641 974326.377739 974466.770167 1010771.70914 1010827.59014 1010630.36285 721153.723531 1010433.04453 1010743.41367 0.0 0.0 1010771.51618 1010743.16974 1010856.74846 1010855.7946 1010799.47671 216979.852241 216979.852241 216979.852241 216979.852241 1010687.1067 1010292.98705 1010518.36783 1010574.19787 216979.852241 216979.852241 650321.731006 938444.381787 794269.767114 758219.935188 0.0 0.0 -9999.0 216838.840893 685836.198931 721717.484944 794299.209402 722451.030108
-9999.0 -9999.0 -9999.0 -9999.0 -9999.0 -9999.0 -9999.0 -9999.0 -9999.0 -9999.0 -9999.0 -9999.0 -9999.0 622442.408142 769753.356429 937853.06636 816040.00246 898559.945573 1006025.71544 1006255.53059 969860.022079 790606.289989 898043.859043 898388.010176 934296.211835 970117.805035 1006112.61152 1005624.58381 970318.887828 970203.790938 1006026.2397 1005939.86788 933836.625229 1006284.35396 1005968.5966 861448.643925 861448.643925 1005911.42314 1005997.32167 1005997.17968 1005910.99354 1006054.72813 0.0 645828.219415 645828.219415 645828.219415 1005882.27211 1005997.32167 1005739.16008 1005853.82737 0.0 215276.073139 645828.219415 826515.01227 0.0 718589.61211 0.0 0.0 358850.370195 394901.967858 754756.070014 790405.724173 467089.911251 0.0
-9999.0 -9999.0 -9999.0 -9999.0 -9999.0 -9999.0 -9999.0 -9999.0 -9999.0 -9999.0 -9999.0 -9999.0 -9999.0 179397.746443 732091.967738 708896.581682 2750585.37967 3085207.8156 858121.330248 929735.398379 786826.496341 679273.346185 786884.951319 715270.358929 679507.129688 750480.377482 893681.084757 965499.009891 964975.055823 858295.646661 965586.481196 1000884.306 965469.567603 1001437.61134 930056.219943 1001117.08104 1001262.86169 1001117.07739 429511.869032 0.0 0.0 0.0 0.0 1000912.83812 1000971.39503 965615.635874 965353.229238 1001204.35938 1001058.57145 1001349.99441 35676.0455481 428987.725646 965557.180892 964917.077776 0.0 0.0 0.0 0.0 0.0 0.0 714949.67935 786826.976913 786651.892315 642986.45413
-9999.0 -9999.0 -9999.0 -9999.0 -9999.0 -9999.0 -9999.0 -9999.0 -9999.0 -9999.0 -9999.0 -9999.0 -9999.0 0.0 2121373.02634 773711.712253 916041.609834 1713854.62799 2988691.12597 818458.339224 640933.568913 711340.44128 640223.604527 676521.334924 675604.45899 675959.346527 747282.086351 818488.116454 925103.19456 782455.55234 782751.941216 889456.496646 889218.562752 853217.749127 746365.934915 995746.085816 996337.611157 996012.067611 711163.21231 0.0 0.0 0.0 0.0 996011.972955 996189.485897 996248.851045 996249.23696 996248.756389 996278.296978 995953.139343 996485.685452 995746.326102 995953.32866 960040.40866 853365.626819 711990.37063 747371.611008 711754.162423 711783.222442 782634.361371 747253.077302 711398.896253 817748.804436 747104.762725
-9999.0 -9999.0 -9999.0 -9999.0 -9999.0 -9999.0 -9999.0 -9999.0 -9999.0 -9999.0 -9999.0 -9999.0 -9999.0 -9999.0 901094.362525 1143233.18766 860511.664706 911391.68381 1287260.65751 1039974.39116 359208.241954 706939.775686 671903.10773 212094.631135 672413.416478 636824.219676 637574.745033 672593.794645 672654.255642 743592.428997 708333.115448 743952.613743 885349.142509 920397.587077 990975.81597 991035.84737 991366.491527 991366.440558 990795.630757 424008.509112 424008.509112 424008.509112 848739.382816 991185.971371 991095.831437 956107.51292 991456.777087 991336.190034 991066.294488 991096.115409 991125.845316 991096.115409 991186.258985 991216.276505 991035.898339 955656.904266 707612.319993 707702.791234 672443.717971 672894.137309 743262.017843 919647.778936 920668.298136 708002.751623
-9999.0 -9999.0 -9999.0 -9999.0 -9999.0 -9999.0 -9999.0 -9999.0 -9999.0 -9999.0 -9999.0 -9999.0 -9999.0 -9999.0 1549776.47051 854503.114625 799148.817701 827673.861238 878584.077499 726525.845839 807954.496597 430547.738641 3433971.8706 704039.539831 704162.180236 703674.156176 730212.508429 668228.755849 704680.025222 669360.585618 668965.326432 668446.381955 774403.699578 985437.0139 985954.480252 986198.464977 986076.159514 951030.962445 986076.210487 985985.400664 986229.338061 986228.577158 634650.758325 423282.693144 317507.472097 211732.251051 0.0 0.0 0.0 105866.125526 176443.542542 528784.053931 845835.856808 950848.439907 915589.883621 985893.589652 950787.309021 773903.308074 738871.672587 422429.860651 809906.473592 880758.278769 844647.23222 316989.386827
-9999.0 -9999.0 -9999.0 -9999.0 -9999.0 -9999.0 -9999.0 -9999.0 -9999.0 -9999.0 -9999.0 -9999.0 -9999.0 -9999.0 152865.521976 913210.558415 1288663.35329 671974.728903 846016.846305 756492.94865 710589.937186 785075.476329 667773.093397 770618.631665 700507.637372 805392.362953 840096.794735 664395.218282 700600.733551 700476.858948 700353.643311 665680.324895 805547.259901 981169.032353 980952.101622 981045.24877 980983.214987 980550.449371 980982.931015 981138.060971 980797.539611 981014.561361 419599.527144 419599.527144 419599.527144 454612.656987 614144.478443 629678.306195 104946.384366 419785.537466 0.0 0.0 0.0 875634.985417 805856.860854 666051.005759 805948.679148 806103.718085 805701.730897 525319.107467 700847.874759 806196.104329 770472.522243 700415.487777
-9999.0 -9999.0 -9999.0 -9999.0 -9999.0 -9999.0 -9999.0 -9999.0 -9999.0 -9999.0 -9999.0 -9999.0 -9999.0 -9999.0 -9999.0 1067462.96785 1687874.11451 695751.076919 796894.356819 751896.390926 685500.40097 659047.775044 799448.666388 522766.307682 766203.492184 801280.425182 801970.019888 731377.996409 766047.069778 870587.93184 870964.29583 731597.031465 940615.673289 975786.423324 975723.956298 975723.814314 975661.350934 976100.706204 976037.667591 941337.484497 871748.144457 488441.680342 264723.300962 174599.676829 209519.612195 174599.676829 56546.4148179 314123.31627 849943.809716 765574.870482 420182.790447 277630.825242 0.0 871057.828893 905602.066512 765984.271452 696864.875797 871183.614859 940333.646953 766297.407517 870588.168485 868732.343087 870681.508591 905852.735556
-9999.0 -9999.0 -9999.0 -9999.0 -9999.0 -9999.0 -9999.0 -9999.0 -9999.0 -9999.0 -9999.0 -9999.0 -9999.0 -9999.0 -9999.0 969277.912035 850640.515042 1070404.62432 951165.437235 298943.534087 203878.804547 1569467.67596 746906.499463 900862.494998 831843.724473 797143.348421 900321.793737 866384.918478 347125.825707 693616.714438 831876.425182 727553.589701 866511.268749 901211.9397 867021.300806 623792.633397 377247.30134 450972.185405 413120.665202 224705.689992 45409.6384782 -9999.0 -9999.0 -9999.0 -9999.0 -9999.0 -9999.0 -9999.0 10978.6941321 26531.0726885 506328.504908 405070.542673 1022002.2569 738276.094299 866543.918489 901021.160072 865685.217202 970135.029154 970388.982102 897861.380192 940551.135903 1001170.52356 935307.571048 935402.676887
-9999.0 -9999.0 -9999.0 -9999.0 -9999.0 -9999.0 -9999.0 -9999.0 -9999.0 -9999.0 -9999.0 -9999.0 -9999.0 -9999.0 -9999.0 749501.32389 938750.065983 1123963.0261 877091.870747 267652.52192 173822.037189 142585.433057 1546976.81771 770077.564932 861712.015345 792275.613566 735737.071438 3264217.08775 619411.309779 619411.309779 619145.213185 688708.399853 654532.087653 546812.743472 207211.270425 -9999.0 -9999.0 -9999.0 -9999.0 -9999.0 -9999.0 -9999.0 -9999.0 -9999.0 -9999.0 -9999.0 -9999.0 -9999.0 -9999.0 -9999.0 -9999.0 -9999.0 606702.759342 1346580.29693 321316.334595 494093.129536 826569.318419 896346.988318 965043.95595 728864.202292 2494198.36195 927776.863556 964692.035945 964786.180276
-9999.0 -9999.0 -9999.0 -9999.0 -9999.0 -9999.0 -9999.0 -9999.0 -9999.0 -9999.0 -9999.0 -9999.0 -9999.0 -9999.0 -9999.0 1130516.79746 749221.205446 964754.754304 711639.100633 940874.573619 173482.15056 657653.185294 927419.505573 2204375.16558 834646.172586 764561.976377 1013649.99703 661291.387847 2885549.78013 3308942.68839 877430.170046 857173.286339 103008.213765 -9999.0 -9999.0 -9999.0 -9999.0 -9999.0 -9999.0 -9999.0 -9999.0 -9999.0 -9999.0 -9999.0 -9999.0 -9999.0 -9999.0 -9999.0 -9999.0 -9999.0 -9999.0 -9999.0 207397.465065 452590.164308 1680272.81309 714212.148583 574560.236294 711134.706924 685235.840654 171406.338899 1702813.14111 312963.505377 941961.947172 941993.086309
-9999.0 -9999.0 -9999.0 -9999.0 -9999.0 -9999.0 -9999.0 -9999.0 -9999.0 -9999.0 -9999.0 -9999.0 -9999.0 0.0 2079238.35828 3069602.10565 2273369.66306 681536.025018 722984.835509 905264.82772 740816.817562 729792.014039 1702617.56809 2654504.89732 1572284.0398 804025.556139 438874.206145 480852.096395 728841.113202 507140.64624 542059.851581 340106.895984 -9999.0 -9999.0 -9999.0 -9999.0 -9999.0 -9999.0 -9999.0 -9999.0 -9999.0 -9999.0 -9999.0 -9999.0 -9999.0 -9999.0 -9999.0 -9999.0 -9999.0 -9999.0 -9999.0 -9999.0 -9999.0 121432.194037 2198779.83112 859756.61066 626849.201341 538250.839326 152262.179846 392210.063537 147163.559931 811467.104224 889527.38828 851881.974982
-9999.0 -9999.0 -9999.0 -9999.0 -9999.0 -9999.0 -9999.0 -9999.0 -9999.0 -9999.0 -9999.0 -9999.0 -9999.0 -9999.0 468429.939181 745012.999939 2400781.78325 1612995.94558 743575.483792 730890.755802 666388.174488 730107.889785 2114191.7111 92579.3994341 -9999.0 -9999.0 -9999.0 -9999.0 -9999.0 -9999.0 -9999.0 -9999.0 -9999.0 -9999.0 -9999.0 -9999.0 -9999.0 -9999.0 -9999.0 -9999.0 -9999.0 -9999.0 -9999.0 -9999.0 -9999.0 -9999.0 -9999.0 -9999.0 -9999.0 -9999.0 -9999.0 -9999.0 -9999.0 -9999.0 230581.606567 656269.46316 355347.568693 -9999.0 0.0 726374.812691 613631.854639 837766.166354 2914044.72944 964488.991095
-9999.0 -9999.0 -9999.0 -9999.0 -9999.0 -9999.0 -9999.0 -9999.0 -9999.0 -9999.0 -9999.0 -9999.0 -9999.0 -9999.0 -9999.0 126805.110502 1711909.76365 158899.872376 968626.480474 732775.949714 625373.107204 440073.815765 -9999.0 -9999.0 -9999.0 -9999.0 -9999.0 -9999.0 -9999.0 -9999.0 -9999.0 -9999.0 -9999.0 -9999.0 -9999.0 -9999.0 -9999.0 -9999.0 -9999.0 -9999.0 -9999.0 -9999.0 -9999.0 -9999.0 -9999.0 -9999.0 -9999.0 -9999.0 -9999.0 -9999.0 -9999.0 -9999.0 -9999.0 -9999.0 248294.781575 1321057.47313 -9999.0 -9999.0 165598.444882 486719.262778 227507.381549 1666024.49311 1261792.19703 781478.788458
-9999.0 -9999.0 -9999.0 -9999.0 -9999.0 -9999.0 -9999.0 -9999.0 -9999.0 -9999.0 -9999.0 -9999.0 -9999.0 -9999.0 -9999.0 -9999.0 -9999.0 13038.9377365 24555.3994498 156001.861523 -9999.0 -9999.0 -9999.0 -9999.0 -9999.0 -9999.0 -9999.0 -9999.0 -9999.0 -9999.0 -9999.0 -9999.0 -9999.0 -9999.0 -9999.0 -9999.0 -9999.0 -9999.0 -9999.0 -9999.0 -9999.0 -9999.0 -9999.0 -9999.0 -9999.0 -9999.0 -9999.0 -9999.0 -9999.0 -9999.0 -9999.0 -9999.0 -9999.0 -9999.0 -9999.0 -9999.0 -9999.0 165921.734992 249892.656499 120142.010272 192335.412571 1395853.67029 1175661.16092 294449.837759
-9999.0 -9999.0 -9999.0 -9999.0 -9999.0 -9999.0 -9999.0 -9999.0 -9999.0 -9999.0 -9999.0 -9999.0 -9999.0 -9999.0 -9999.0 -9999.0 -9999.0 -9999.0 -9999.0 -9999.0 -9999.0 -9999.0 -9999.0 -9999.0 -9999.0 -9999.0 -9999.0 -9999.0 -9999.0 -9999.0 -9999.0 -9999.0 -9999.0 -9999.0 -9999.0 -9999.0 -9999.0 -9999.0 -9999.0 -9999.0 -9999.0 -9999.0 -9999.0 -9999.0 -9999.0 -9999.0 -9999.0 -9999.0 -9999.0 -9999.0 -9999.0 -9999.0 -9999.0 -9999.0 -9999.0 -9999.0 -9999.0 467205.261156 901306.43326 285091.589397 374558.210126 167435.908459 296961.939992 1145612.63463
