critload/trunk/input/1999/n_man_eff.asc
ncols 720
nrows 360
xllcorner -180.0
yllcorner -90.0
cellsize 0.5
NODATA_value -9999.0
[rows 216 to 242 of 360, columns 372 to 433 of 720]
-9999.0 -9999.0 -9999.0 -9999.0 -9999.0 -9999.0 -9999.0 -9999.0 -9999.0 -9999.0 -9999.0 0.0 826882.1746508873 835640.7315172824 835640.7315172824 841268.2705261854 837498.9569134597 835640.7315172824 835640.7315172824 865818.5467980136 891284.7479225605 1050863.1563525752 1206422.7487203986 1568207.1974570323 1286737.4226761889 1417388.575096833 1310498.9676640003 914073.5294213545 1040233.4025460063 960676.8992263653 1003681.8591582957 957818.1325907717 1239671.5382534782 1248331.934756377 1222665.480952 1188251.476678791 1234508.0186256773 1337284.9912067147 1343615.9193908465 5056820.7343285065 4948313.999493681 4961409.85358543 5134348.984459646 4999645.427845895 5021711.988461018 5014926.688798906 4845330.059495223 4961636.897752943 5107360.743851008 5151656.065304346 5188785.552339162 5215180.8867218625 5124523.598961476 4561884.752927996 484433.19605462486 492661.641213369 454540.13253286557 464071.97749556345 496451.4816343246 408816.5562310502 410541.58239399403 252754.29978787128
-9999.0 -9999.0 -9999.0 -9999.0 -9999.0 -9999.0 -9999.0 -9999.0 -9999.0 -9999.0 -9999.0 -9999.0 0.0 833204.350877925 833204.350877925 833499.9805240585 833204.350877925 833204.350877925 833204.350877925 971008.7443428524 0.0 0.0 1076949.5306017643 990567.1334068421 947706.6887699064 1093182.8179033038 1342615.2095324607 995701.1373604845 922106.9176304787 866303.1631400618 1210927.374210367 1210994.7882097962 1210806.0410102024 1210903.5854936142 1211024.8145234378 1211062.9440293238 0.0 1315074.1854164153 1497632.2967977999 1256108.430958945 0.0 4279097.050074207 5185138.850210516 5123142.909756871 4997615.578822773 4947604.000599268 4238499.079984092 4878300.579359136 4957065.219892257 5263583.403487142 5169713.6732743075 4960577.651331466 4893245.234331916 4667338.356566062 430808.49709745916 487797.69719860906 412842.4102859103 500217.0693624086 497986.6753985116 397208.5676935114 269396.18623197445 -9999.0
-9999.0 -9999.0 -9999.0 -9999.0 -9999.0 -9999.0 -9999.0 -9999.0 -9999.0 -9999.0 -9999.0 -9999.0 -9999.0 575452.4001462618 833710.3810694407 830853.4196076171 830704.5891330991 830704.5891330991 836217.1531794576 830654.5231857755 838426.264340439 1177214.034501329 1287911.8068520573 1286122.466860983 1247534.974588733 931413.2102235379 1184197.5986627245 944922.0858416604 931332.6670376287 1012081.6230055051 1207150.5329959334 1206958.8343005853 1206635.685250143 1207309.2065362444 1207429.5390730596 1207265.1645763412 1206592.8807066216 1207429.5390730596 1226932.1677240997 1233755.7647591124 5269328.359082904 4740564.021081847 4341724.275188156 5123928.837835501 4945926.379679753 4938226.732902195 4782915.349423259 5126461.385257456 5280187.450921601 5186227.415889891 5070078.798213168 4012333.0928143705 3838396.302708351 4695076.3387638405 377486.4367871958 381984.2462634714 391462.0851618298 467698.3070501702 466305.6819289979 115652.53077743345 -9999.0 -9999.0
-9999.0 -9999.0 -9999.0 -9999.0 -9999.0 -9999.0 -9999.0 -9999.0 -9999.0 -9999.0 -9999.0 -9999.0 -9999.0 0.0 0.0 828141.120516198 828141.120516198 828047.0152966493 837621.1882157633 828079.9459335814 859834.3723259193 1002311.452749023 1033737.0545526406 979741.5750604038 828053.8723028109 828362.268227194 935472.241625767 972419.6917530376 965559.9177297645 1001875.0668695061 1203620.7838511344 1203545.2161527541 1203054.592750785 1203703.5361461188 1192130.346094214 1203094.9224574063 1203703.5361461188 1203703.5361461188 1203703.5361461188 1218130.4533229505 1354922.1267985695 4495916.667444985 4009812.781617198 4414777.062250479 4909629.247067449 4885204.45102713 5055679.63502419 5208236.379643427 4845689.628059203 4966813.834858944 4621263.882811728 4567272.799808857 4694085.156967049 4232403.629690347 478991.6875538431 475814.7983509593 493031.67591750337 362555.83731359604 112060.47217726777 -9999.0 -9999.0 -9999.0
-9999.0 -9999.0 -9999.0 -9999.0 -9999.0 -9999.0 -9999.0 -9999.0 -9999.0 -9999.0 -9999.0 -9999.0 -9999.0 -9999.0 0.0 825515.1308169854 825515.1308169854 825072.9438793269 825526.7308736262 826156.0339463807 839080.4256033349 1029522.6687141028 879130.5926100235 834006.3722779338 825069.6822206877 825515.1308169854 828325.2445381804 825515.1308169854 825515.1308169854 853961.3697139948 1199886.6587945204 1199886.6587945204 1199321.1495326417 1199908.0442005675 1198718.2399655392 1199735.3245278613 1199539.329597246 1199520.5852455767 1199303.80990625 1199886.6587945204 1215088.533022079 1199886.6587945204 2978647.6366891335 4340720.07904311 5180997.550389765 4820344.061876519 4773588.450091216 4977794.504299366 4642831.248654144 4700781.700286763 4674202.489656644 4752956.986443923 4934309.6656679325 4917754.673480358 494081.21249477944 485607.371118792 485384.0700284596 221468.30679913977 -9999.0 -9999.0 -9999.0 -9999.0
-9999.0 -9999.0 -9999.0 -9999.0 -9999.0 -9999.0 -9999.0 -9999.0 -9999.0 -9999.0 -9999.0 -9999.0 -9999.0 -9999.0 0.0 821417.3460198301 822825.9815310914 822825.9815310914 822825.9815310914 822837.5438000734 842747.7709869394 859455.249665814 822825.9815310914 822825.9815310914 822825.9815310914 822424.8024164453 822685.7991763513 822825.9815310914 826312.0056291402 842591.6803556834 1195977.9789518411 1195977.9789518411 1195858.4766208264 1195750.092108091 1195928.2328744654 1195977.9789518411 1195977.9789518411 1195977.9789518411 1195977.9789518411 1195977.9789518411 1258739.5111322938 1301834.5959387058 1409148.0629515315 4415605.500041235 4245222.612427488 4305022.500376473 3806730.2331052497 4551143.60015014 4631460.072722419 4803515.223711997 4880062.3148062965 4920974.16811418 4631355.312633695 454676.60619809595 491988.99801692343 463542.92575415474 456319.39820770023 398118.10953256337 19513.688102911045 -9999.0 -9999.0 -9999.0
-9999.0 -9999.0 -9999.0 -9999.0 -9999.0 -9999.0 -9999.0 -9999.0 -9999.0 -9999.0 -9999.0 -9999.0 -9999.0 -9999.0 -9999.0 506553.88083851524 820074.454502925 820074.454502925 820074.454502925 819824.257364894 820803.322506358 820074.454502925 820074.454502925 820172.4051437026 820330.8547096663 819957.3525162421 820185.3760210209 821998.8965040842 833191.19766352 820074.454502925 1191978.6330293238 1191978.6330293238 1191526.521088399 1191951.210974208 1191953.471156571 1191872.3350803368 1191862.9344942211 1191978.6330293238 1189536.9337086545 1191978.6330293238 1193300.9666798208 1669354.0536493424 1399705.870951869 2703881.097885652 4822196.472515258 4627565.13761638 4810044.920247537 4841077.359406112 5094816.153008803 5111611.807000955 4994713.067178183 4690641.834533395 4845243.682109979 489934.7006633584 462388.74268771143 488508.6545696851 492611.0578775453 483767.0350180829 91264.16354151964 -9999.0 -9999.0 -9999.0
-9999.0 -9999.0 -9999.0 -9999.0 -9999.0 -9999.0 -9999.0 -9999.0 -9999.0 -9999.0 -9999.0 -9999.0 -9999.0 -9999.0 -9999.0 65183.12939542191 752713.3920352593 817260.09365753 817260.09365753 816706.3038543721 817260.09365753 816618.2108435114 817260.09365753 817326.12698918 817357.708147795 817260.09365753 818683.1666872433 817260.09365753 817260.09365753 830254.3049204585 1187859.4091303512 1185274.3840357095 1187754.2633689712 1187832.365877604 1187887.9581217892 1187887.9581217892 1187687.7648041171 1187835.752992152 1187887.9581217892 1357909.4320481324 1191448.0160020436 1210813.0082619756 1213508.8908019424 1379278.8939105237 1409303.461172676 1187887.9581217892 5219361.777117738 5220296.306674904 5217516.90195193 5201215.852907483 5139977.115338268 5202278.128242721 0.0 482393.5848033104 489881.1904095228 489519.4425926582 467248.98374013125 491465.9903691199 247952.5817984677 -9999.0 -9999.0 -9999.0
-9999.0 -9999.0 -9999.0 -9999.0 -9999.0 -9999.0 -9999.0 -9999.0 -9999.0 -9999.0 -9999.0 -9999.0 -9999.0 -9999.0 -9999.0 -9999.0 225194.93505052524 814383.5505252719 814383.5505252719 814383.5505252719 814383.5505252719 815811.144213552 814472.2387103154 814583.8141689185 816065.7651319025 813136.9774391459 814383.5505252719 814383.5505252719 1183354.6886492225 1183265.771366688 1183670.4668567355 1183679.4823307646 1183706.9012289525 1183679.857972068 1183706.9012289525 1183706.9012289525 1183706.9012289525 1183683.2482435433 1183706.9012289525 1353644.9074089823 1183706.9012289525 1789027.7646099166 1489744.0796311435 1772030.6939416318 1405175.6038284218 1187084.6841321823 2277830.152836435 2273362.956278609 5197070.425362271 5198002.649885276 5199588.025453827 489228.3781615414 488019.61229296087 481053.29840325756 0.0 488402.9741250842 484683.2009114099 486241.17016507674 363297.93794323684 27376.452088457943 -9999.0 -9999.0
-9999.0 -9999.0 -9999.0 -9999.0 -9999.0 -9999.0 -9999.0 -9999.0 -9999.0 -9999.0 -9999.0 -9999.0 -9999.0 -9999.0 -9999.0 -9999.0 7501.903312074764 762583.6567808109 811445.1769332887 811445.1769332887 811445.1769332887 811445.1769332887 804296.0287513123 811445.1769332887 811445.1769332887 811445.1769332887 811445.1769332887 811445.1769332887 1179435.9737317357 1179435.9737317357 1179384.905009204 1179387.5376759423 1179435.9737317357 1179435.9737317357 1179435.9737317357 1179326.3076097677 1179352.1860513343 1179435.9737317357 1179254.9698594466 1179435.9737317357 1179435.9737317357 1361173.6121745224 1505577.297121728 1412942.1305883578 2119444.732516878 2198820.052567215 2218505.673801792 2279118.04538947 9675794.580061916 7677059.477381292 1950910.223095692 487763.90075513173 487969.1430019575 0.0 472658.64150610217 487139.6222543697 475383.8024500675 486617.96487702074 373927.04368738394 31093.354847657254 -9999.0 -9999.0
-9999.0 -9999.0 -9999.0 -9999.0 -9999.0 -9999.0 -9999.0 -9999.0 -9999.0 -9999.0 -9999.0 -9999.0 -9999.0 -9999.0 -9999.0 -9999.0 -9999.0 806810.2012177141 808445.1683483756 808445.1683483756 808445.1683483756 808445.1683483756 806878.1300211339 808445.1683483756 808445.1683483756 808445.1683483756 808445.1683483756 808445.1683483756 1175075.4597412243 1175051.4311103744 1175075.4597412243 1175046.5382612732 1174832.8659378209 1175075.4597412243 1175075.4597412243 1175022.1308321923 1175025.5211036676 1175075.4597412243 1336156.86462335 1337060.4351743988 1175075.4597412243 1171814.3790393963 1779008.8738604642 2063632.1898395326 2001236.846302118 2252744.40392727 2144079.220826937 8430403.272771936 17508260.42192922 9322395.460045408 2284179.449001752 486165.0634907437 484137.2693574097 478840.5801996113 485798.6973237969 486165.0634907437 471814.30192808685 463612.24386496533 328351.72605093446 0.0 -9999.0 -9999.0
-9999.0 -9999.0 -9999.0 -9999.0 -9999.0 -9999.0 -9999.0 -9999.0 -9999.0 -9999.0 -9999.0 -9999.0 -9999.0 -9999.0 -9999.0 -9999.0 -9999.0 0.0 805383.1468743237 805383.1468743237 805383.1468743237 805383.1468743237 805383.1468743237 805383.1468743237 805383.1468743237 805383.1468743237 805310.1361135554 805383.1468743237 1170624.8099850884 1170624.8099850884 1170624.8099850884 1170624.8099850884 1170624.8099850884 1170624.8099850884 1170624.8099850884 1170624.8099850884 1170624.8099850884 1170624.8099850884 1520394.6794855203 1375127.0342056402 1170878.124253276 1400077.7354920444 2274662.2562764687 2234310.9080291917 2259989.632993372 2263189.1038503493 2057702.2634150058 2142065.047204025 4280899.286726511 1829589.318299264 2154260.422148537 472785.8433258285 481145.014078457 476364.8964412965 483491.8804712285 482125.3329180498 479462.9700867016 399324.37075302657 255633.60036764015 0.0 -9999.0 -9999.0
-9999.0 -9999.0 -9999.0 -9999.0 -9999.0 -9999.0 -9999.0 -9999.0 -9999.0 -9999.0 -9999.0 -9999.0 -9999.0 -9999.0 -9999.0 -9999.0 -9999.0 0.0 802259.8031365663 802259.8031365663 802259.8031365663 802259.8031365663 802259.8031365663 802259.8031365663 803116.5720430596 802259.8031365663 802259.8031365663 802259.8031365663 1166085.028287743 1166085.028287743 1166085.028287743 1163029.6803840608 1166085.028287743 1166085.028287743 1163164.3978987227 1166085.028287743 1166085.028287743 1167959.210270697 1505010.970466259 1481505.5342770386 1157327.8026833977 1931515.0417201766 2098103.045976495 2201067.5039693606 2139523.876959173 1828329.5912318702 1793601.656005115 2052196.5769862586 2031321.8911761458 2051153.316545983 2226328.095117061 2093712.1053307157 482307.34629915084 421891.35286710714 465813.8271368197 435348.68314630596 451846.6309861776 384232.1231962198 291253.46452181786 -9999.0 -9999.0 -9999.0
-9999.0 -9999.0 -9999.0 -9999.0 -9999.0 -9999.0 -9999.0 -9999.0 -9999.0 -9999.0 -9999.0 -9999.0 -9999.0 -9999.0 -9999.0 -9999.0 -9999.0 0.0 799075.8277633823 799075.8277633823 799075.8277633823 798888.451289757 799075.8277633823 813759.143662088 799075.8277633823 799075.8277633823 799075.8277633823 799075.8277633823 0.0 0.0 1161457.11847774 1161457.11847774 1161457.11847774 1161457.11847774 1161457.11847774 1161457.11847774 1161457.11847774 1165137.27055513 1159044.3325279802 1467648.8518662418 2142836.9173099906 2215593.43211563 2159534.857881953 2102775.546457545 2099755.468713677 12923440.462130794 1860507.365098191 1799740.6142665735 2084358.0241109484 2033615.3804079979 1998104.1000324632 1893001.734550982 466250.84614348743 461519.8021881934 358406.728722414 377801.0347008852 331424.5247819753 5697368.190386309 31696.04087242254 -9999.0 -9999.0 -9999.0
-9999.0 -9999.0 -9999.0 -9999.0 -9999.0 -9999.0 -9999.0 -9999.0 -9999.0 -9999.0 -9999.0 -9999.0 -9999.0 -9999.0 -9999.0 -9999.0 -9999.0 0.0 795830.5431581815 795830.5431581815 795830.5431581815 795830.5431581815 795830.5431581815 795830.5431581815 795830.5431581815 795830.5431581815 795830.5431581815 795830.5431581815 0.0 0.0 0.0 1156740.095668094 1156740.095668094 1156740.095668094 1155555.3536607097 1156740.095668094 1152136.1829196634 1659130.859981498 1426807.6879976604 2201713.7360810814 2176253.38757823 2146903.2377450187 2099120.975560861 1914539.0321272563 1828392.5365852567 2106602.8195705614 1841384.0482344057 1912612.462087013 2190448.601001271 0.0 1849698.8495413822 1913488.2484573198 447172.67480795365 400509.80989431986 277542.82456763054 83985.39112631191 -9999.0 -9999.0 -9999.0 -9999.0 -9999.0 -9999.0
-9999.0 -9999.0 -9999.0 -9999.0 -9999.0 -9999.0 -9999.0 -9999.0 -9999.0 -9999.0 -9999.0 -9999.0 -9999.0 -9999.0 -9999.0 -9999.0 -9999.0 164520.46098210558 792524.8093469677 792524.8093469677 792524.8093469677 792524.8093469677 792524.8093469677 792524.8093469677 792524.8093469677 792524.8093469677 791826.6659475244 792524.8093469677 2239198.0968019017 0.0 1151935.2099070349 1151935.2099070349 1151935.2099070349 1151935.2099070349 2239198.0968019017 2238961.4466036134 2238967.014843573 1458351.6928869563 2151680.336472917 2120295.636850688 2202127.6230890825 2109324.4679813925 1788578.9452077795 1824223.5316880867 1973987.3249071462 1990908.6962337883 1985275.1781319706 1971190.3551806384 2102403.14571146 1883444.849746122 1807058.1971194334 1945277.4480461814 457497.9797387965 186628.81034142806 -9999.0 -9999.0 -9999.0 -9999.0 -9999.0 -9999.0 -9999.0 -9999.0
-9999.0 -9999.0 -9999.0 -9999.0 -9999.0 -9999.0 -9999.0 -9999.0 -9999.0 -9999.0 -9999.0 -9999.0 -9999.0 -9999.0 -9999.0 -9999.0 -9999.0 -9999.0 740146.1226878393 789158.7957246186 789158.7957246186 789158.7957246186 789026.0806762811 789158.7957246186 789158.7957246186 789158.7957246186 789158.7957246186 789158.7957246186 2229687.7682821117 2229687.7682821117 1147042.7074101027 1147042.7074101027 1144032.3547798945 2229687.7682821117 2229687.7682821117 2229687.7682821117 2228975.7968200464 2229529.7474524304 2058733.86546985 2049228.1583391072 1680941.2557269698 1809047.2121206739 1798329.1963665034 1627542.1934041255 1641314.3661467796 11293293.49599959 1530187.406159959 11042855.976526007 12973044.984295469 1966921.3068838543 5899648.117217913 6020678.3485089345 447907.4787944338 282519.666331433 -9999.0 -9999.0 -9999.0 -9999.0 -9999.0 -9999.0 -9999.0 -9999.0
-9999.0 -9999.0 -9999.0 -9999.0 -9999.0 -9999.0 -9999.0 -9999.0 -9999.0 -9999.0 -9999.0 -9999.0 -9999.0 -9999.0 -9999.0 -9999.0 -9999.0 -9999.0 534047.8245618353 785732.6325994846 785732.6325994846 785732.6325994846 785732.6325994846 785732.6325994846 784992.517460218 785732.6325994846 785732.6325994846 785482.3093730191 2220007.4934709617 1142062.7775805509 1142062.7775805509 1142062.7775805509 2220007.4934709617 2220007.4934709617 2220007.4934709617 2220007.4934709617 2204393.708438421 2217240.7467979146 2214164.677836256 2200871.006401508 1665982.4884965601 1766302.1969720318 1720802.012642672 1599321.426087033 12237735.583439084 12779116.959214997 8704892.46218311 1672591.65259562 9134084.233557548 2034395.099246692 5983184.314523995 6359999.902164743 454062.0912579114 360809.69488670246 -9999.0 -9999.0 -9999.0 -9999.0 -9999.0 -9999.0 -9999.0 -9999.0
-9999.0 -9999.0 -9999.0 -9999.0 -9999.0 -9999.0 -9999.0 -9999.0 -9999.0 -9999.0 -9999.0 -9999.0 -9999.0 -9999.0 -9999.0 -9999.0 -9999.0 -9999.0 298386.3409073868 782246.6978592348 782246.6978592348 782246.6978592348 782246.6978592348 782246.6978592348 782246.6978592348 782246.6978592348 782246.6978592348 782246.6978592348 2210158.3400515565 2210158.3400515565 2210158.3400515565 2210158.3400515565 2210158.3400515565 2210103.379786969 2206160.5137937316 2207610.560473152 2206855.272565617 2206962.601185048 2208149.6174304388 2195828.766284317 2192356.7103516976 1533931.375428795 11198373.750741098 10880364.056885513 10713073.817074692 1569590.960258951 12243937.824251797 1774269.8708197223 1831853.0988303355 1949976.7003982018 2063957.8993661252 5279953.432240665 2072808.9584056644 1217981.170044749 -9999.0 -9999.0 -9999.0 -9999.0 -9999.0 -9999.0 -9999.0 -9999.0
-9999.0 -9999.0 -9999.0 -9999.0 -9999.0 -9999.0 -9999.0 -9999.0 -9999.0 -9999.0 -9999.0 -9999.0 -9999.0 -9999.0 -9999.0 -9999.0 -9999.0 -9999.0 -9999.0 632662.245003306 778701.1348439087 778701.1348439087 778701.1348439087 778701.1348439087 778701.1348439087 778701.1348439087 778701.1348439087 778701.1348439087 2200140.713016573 2200140.713016573 2200140.713016573 2200140.713016573 2200140.713016573 2199865.5075241267 2197017.5319023323 2195919.079569846 2197488.385760878 2071722.442634991 2193056.079748868 1890568.1906638609 2175087.771383481 1525382.5837554305 3528217.683552365 13298667.823401073 1784236.0400943873 9235926.86869815 11204105.961920198 1879577.0350010917 1871797.2527447946 2010715.6393134773 1952550.8517704767 2063851.4460068948 1986565.0252228233 490417.64250045834 -9999.0 -9999.0 -9999.0 -9999.0 -9999.0 -9999.0 -9999.0 -9999.0
-9999.0 -9999.0 -9999.0 -9999.0 -9999.0 -9999.0 -9999.0 -9999.0 -9999.0 -9999.0 -9999.0 -9999.0 -9999.0 -9999.0 -9999.0 -9999.0 -9999.0 -9999.0 -9999.0 104458.70968612407 646794.953432393 778230.2286703938 2163230.0740683707 775096.1781011359 775096.1781011359 774653.889441772 775096.1781011359 777138.3483243708 2187014.5499349814 2189955.2750564395 2155875.793076698 2181952.6906749895 2189955.2750564395 2189898.0942901894 2188367.373911252 2187863.7506994894 2171744.2278812313 2154930.322102524 2006173.5694334446 2016866.372722303 2152986.5482286243 1614577.4078736766 1553802.1946132919 12845450.900064835 6487210.370024305 7638468.8983541345 9988065.49625132 1947068.8467350178 5622553.985034077 2018055.4449374916 1614447.1796584832 2059741.055835714 1586159.5148893488 112092.43006407868 -9999.0 -9999.0 -9999.0 -9999.0 -9999.0 -9999.0 -9999.0 -9999.0
-9999.0 -9999.0 -9999.0 -9999.0 -9999.0 -9999.0 -9999.0 -9999.0 -9999.0 -9999.0 -9999.0 -9999.0 -9999.0 -9999.0 -9999.0 -9999.0 -9999.0 -9999.0 -9999.0 -9999.0 49887.68404315066 1794829.368238795 2179603.7197571523 832124.1558039717 780977.127926811 775094.3984287848 787321.2916866586 2177682.313475336 2153802.1932840273 2113251.271407465 2145738.383956515 2146324.6377533376 2166045.474865859 2179603.7197571523 2179325.846817877 2178934.6675443705 2157487.222344031 2136169.902235713 2176283.941625664 2009354.6570825896 2106958.844171301 1907586.9479364818 1559241.5228661774 1484654.534156542 4197487.711548834 6468498.465589866 1694325.3275536473 1982497.8634847018 1886319.1641432378 2018983.3302236148 1787156.6883287653 1600132.4485529559 681548.8609882776 -9999.0 -9999.0 -9999.0 -9999.0 -9999.0 -9999.0 -9999.0 -9999.0 -9999.0
-9999.0 -9999.0 -9999.0 -9999.0 -9999.0 -9999.0 -9999.0 -9999.0 -9999.0 -9999.0 -9999.0 -9999.0 -9999.0 -9999.0 -9999.0 -9999.0 -9999.0 -9999.0 -9999.0 -9999.0 -9999.0 511389.3035652937 2169085.273953067 2168742.9330526907 0.0 0.0 2160965.447753002 0.0 0.0 0.0 2167016.9233812974 2169085.273953067 2159756.5419116593 2167318.9977288675 2153283.874406779 2134704.7085529137 2165503.7312670336 2137406.9604062675 2038922.6273747245 2048278.3288640697 2088952.6801384953 1978678.1961477492 1642320.0617044128 4319900.368619325 6350064.394558398 6331374.435503806 6410139.21858852 1732988.7592862211 2026661.0001396083 1882692.6914555856 9478190.911142088 184614.67212549315 -9999.0 -9999.0 -9999.0 -9999.0 -9999.0 -9999.0 -9999.0 -9999.0 -9999.0 -9999.0
-9999.0 -9999.0 -9999.0 -9999.0 -9999.0 -9999.0 -9999.0 -9999.0 -9999.0 -9999.0 -9999.0 -9999.0 -9999.0 -9999.0 -9999.0 -9999.0 -9999.0 -9999.0 -9999.0 -9999.0 -9999.0 -9999.0 1811722.9022816643 2156829.971742657 2158402.7357329964 2158402.7357329964 2158402.7357329964 2158402.7357329964 2158402.7357329964 0.0 2158402.7357329964 2158402.7357329964 2158354.4298062385 2136420.740024282 2153738.5301382635 2158319.542192469 2125348.063517618 2123660.0397436903 2124940.1468027737 2148975.0290274164 2156312.162569419 1986452.4221131273 4446047.046216044 5867398.883767963 6382903.6321524745 6316190.483865637 2076355.5445628925 1843134.1294534486 1921755.1995099904 1552566.3929867437 287856.14395515353 -9999.0 -9999.0 -9999.0 -9999.0 -9999.0 -9999.0 -9999.0 -9999.0 -9999.0 -9999.0 -9999.0
-9999.0 -9999.0 -9999.0 -9999.0 -9999.0 -9999.0 -9999.0 -9999.0 -9999.0 -9999.0 -9999.0 -9999.0 -9999.0 -9999.0 -9999.0 -9999.0 -9999.0 -9999.0 -9999.0 -9999.0 -9999.0 -9999.0 1000857.7594073124 2146781.275488281 2143785.338261719 2147555.6264648438 2147555.6264648438 2147555.6264648438 2147555.6264648438 2147555.6264648438 2147555.6264648438 2147555.6264648438 2147555.6264648438 2147555.6264648438 2145972.2122265627 2146615.724589844 2147262.3838392245 2119708.323482272 2142462.6931339563 2141488.987089844 2134263.491425781 2098258.841191406 1739244.7214248765 5495902.280276301 6017137.551571565 1947638.408931113 1673898.4849804689 1949652.5673583378 1881240.6869122696 9385755.440058004 -9999.0 -9999.0 -9999.0 -9999.0 -9999.0 -9999.0 -9999.0 -9999.0 -9999.0 -9999.0 -9999.0 -9999.0
-9999.0 -9999.0 -9999.0 -9999.0 -9999.0 -9999.0 -9999.0 -9999.0 -9999.0 -9999.0 -9999.0 -9999.0 -9999.0 -9999.0 -9999.0 -9999.0 -9999.0 -9999.0 -9999.0 -9999.0 -9999.0 -9999.0 -9999.0 1875504.4932551442 2132633.67470622 2135523.9297726317 2136330.1081174603 2136544.019796071 2136488.233622914 2136010.066424427 2135314.0675021843 2136002.0969711193 2134862.465148058 2135842.707904957 2127063.9407521603 2136122.529427176 2135073.981934303 2133095.902998091 2125663.7989773825 1830137.7378796837 2107463.5317393593 2090085.85248604 2007414.967844603 2100960.4107753155 1887317.9629756706 0.0 8324502.920570046 1935781.1492205164 4293011.8031451255 97564.67623254439 -9999.0 -9999.0 -9999.0 -9999.0 -9999.0 -9999.0 -9999.0 -9999.0 -9999.0 -9999.0 -9999.0 -9999.0
-9999.0 -9999.0 -9999.0 -9999.0 -9999.0 -9999.0 -9999.0 -9999.0 -9999.0 -9999.0 -9999.0 -9999.0 -9999.0 -9999.0 -9999.0 -9999.0 -9999.0 -9999.0 -9999.0 -9999.0 -9999.0 -9999.0 -9999.0 617596.7248033128 2084929.7945402097 2125301.012370658 2107875.2853355324 2121863.769838168 2112088.0583454077 2121294.8447102015 2124273.044547493 2125187.3809660403 2124463.3110854565 2123036.31205073 2124923.1218855353 2125129.24396833 2124153.529018443 2120930.91207492 2116474.7590817907 2093344.161765188 2113700.038736488 2082609.957915075 1963709.227232655 1767208.817559942 2076086.8176311823 1219923.1668544356 2055245.473112305 1691138.8895874764 337122.3868126882 -9999.0 -9999.0 -9999.0 -9999.0 -9999.0 -9999.0 -9999.0 -9999.0 -9999.0 -9999.0 -9999.0 -9999.0 -9999.0
