critload/trunk/input/1999/n_man_eff.asc
ncols 720
nrows 360
xllcorner -180.0
yllcorner -90.0
cellsize 0.5
NODATA_value -9999.0
[rows 54 to 80 of 360, columns 372 to 433 of 720]
0.0 6661035.885331828 12917918.489596607 0.0 0.0 0.0 0.0 0.0 0.0 0.0 0.0 0.0 0.0 0.0 0.0 0.0 0.0 0.0 0.0 0.0 0.0 0.0 9507791.273367357 8670996.996776816 0.0 -9999.0 -9999.0 -9999.0 -9999.0 -9999.0 3551004.2237642477 6383300.920152649 6762098.44909219 6421651.9504126115 5969196.207229516 6333704.130939791 5159832.054782631 0.0 0.0 4445952.430617334 4130820.5877116104 0.0 0.0 3612147.608555676 4221946.974812401 4140410.9536969312 5192513.547319527 3997561.185397435 5023622.035212823 4866999.629624453 4889770.634922756 0.0 0.0 0.0 0.0 0.0 0.0 0.0 0.0 0.0 0.0 0.0
13604220.175338967 0.0 0.0 0.0 0.0 0.0 0.0 0.0 0.0 0.0 0.0 0.0 0.0 0.0 0.0 0.0 10123281.699322732 9995066.548044141 0.0 0.0 0.0 0.0 8711365.522320714 737256.1419678663 -9999.0 -9999.0 -9999.0 -9999.0 -9999.0 -9999.0 2289824.2765648174 6521501.833962598 6705585.435340025 6574254.732455502 0.0 5264079.35552892 0.0 5152622.364329498 0.0 4303856.365810912 0.0 5093621.864110675 4843530.716337309 4666307.177011478 0.0 3817700.155059335 3613240.5409431444 0.0 5317867.298207841 5213910.796245728 0.0 0.0 0.0 0.0 0.0 0.0 0.0 0.0 0.0 0.0 0.0 0.0
0.0 0.0 0.0 0.0 0.0 0.0 0.0 0.0 0.0 0.0 18594101.280702434 0.0 10181257.32400729 0.0 10163053.588388648 0.0 0.0 0.0 0.0 0.0 0.0 9049770.096212221 5609035.148622249 -9999.0 -9999.0 -9999.0 -9999.0 -9999.0 -9999.0 -9999.0 342554.1522398428 5545609.363618057 5539577.684977075 6021918.391238501 5850383.341242208 4156313.754122935 5645619.5532092 0.0 4650370.831558205 4000418.3444446404 4531297.762860317 3758349.026271101 5001668.2027369505 4692887.121437626 4703773.416181473 3271140.0156291486 3614459.584465419 4572660.276603083 0.0 0.0 0.0 0.0 0.0 0.0 0.0 0.0 0.0 0.0 0.0 0.0 0.0 0.0
0.0 0.0 0.0 0.0 0.0 0.0 0.0 0.0 0.0 19026531.695270266 19301489.142088518 0.0 0.0 0.0 10381427.555300217 10367920.273548309 10228539.086404063 0.0 0.0 0.0 8080690.920680907 9751211.418106884 3280328.93281397 -9999.0 -9999.0 -9999.0 -9999.0 -9999.0 -9999.0 -9999.0 429248.42395595106 6161982.806101226 5897931.385738344 6690428.98811246 6272752.497403156 5414421.045127684 4756537.190630674 5442605.64918638 5068974.532764367 4832368.378415162 5004150.990234019 4714577.720013839 5131499.322488 3881498.4915894354 2653591.3710660143 4738790.13619588 0.0 0.0 0.0 -9999.0 -9999.0 0.0 0.0 0.0 0.0 0.0 0.0 0.0 0.0 0.0 0.0 0.0
0.0 0.0 0.0 0.0 0.0 0.0 0.0 0.0 0.0 17634652.97257393 18002263.431965236 19779570.471013263 20615389.730253562 10354244.878031543 10521569.094760014 0.0 10319487.274531942 8457435.373814702 0.0 8993490.044491153 10328124.652107617 9515643.007993627 6418195.794648985 1904484.9241095362 0.0 -9999.0 -9999.0 -9999.0 -9999.0 -9999.0 1765457.3354488148 6396115.989744958 6366946.94282009 7104302.077473706 7161552.440892794 6252530.914636036 5920543.5667821355 6440704.93839233 6618364.780002735 6354166.483290466 6294689.1222645445 6146586.828784477 6172394.421084848 5793380.628399681 0.0 0.0 0.0 7487476.155820088 0.0 0.0 -9999.0 -9999.0 -9999.0 0.0 0.0 0.0 0.0 0.0 0.0 0.0 0.0 0.0
14462410.498806577 0.0 0.0 0.0 0.0 0.0 0.0 0.0 17162466.411783308 20296312.408350162 19558917.705126062 19908114.170501612 19627089.34479161 0.0 0.0 10103980.87579456 0.0 0.0 9039421.277998254 8693082.728992706 8578953.419211289 10204544.344240138 5646265.959700882 7906076.207908325 6904438.931024038 2601352.535146495 -9999.0 2120532.015271165 1497570.7426756353 -9999.0 -9999.0 1212272.6335535506 2361177.9385056365 5259521.5605981015 6339941.572810907 5973115.523149291 5737541.433715795 3811574.59025618 2879108.6083240006 2634078.3138050092 1115228.6112813961 487745.9525609879 -9999.0 -9999.0 -9999.0 0.0 0.0 5446476.109723548 0.0 0.0 457686.4658922671 0.0 0.0 0.0 0.0 0.0 0.0 0.0 0.0 0.0 0.0 0.0
0.0 0.0 0.0 0.0 0.0 0.0 0.0 20784009.88545105 17642947.371225838 13841941.141569883 18982734.337296996 20018834.836103946 8558443.343431093 8319266.850081086 9571573.230058407 8459205.87694869 0.0 9862511.315968718 9038429.149212971 7758180.5532684475 6845151.0531258 6570735.251516719 6178266.992821852 7143530.659538103 7561497.8653643895 5619592.259376415 -9999.0 -9999.0 -9999.0 -9999.0 -9999.0 -9999.0 -9999.0 245880.18877617933 929948.5749907241 514997.34222673986 -9999.0 0.0 -9999.0 809614.6809875668 667031.265088042 154461.11093518106 -9999.0 -9999.0 0.0 0.0 0.0 0.0 559078.6333783648 0.0 7232919.436975753 0.0 0.0 0.0 0.0 0.0 0.0 0.0 0.0 0.0 0.0 0.0
16743076.689374462 0.0 0.0 0.0 19397038.767729945 20664823.0336897 0.0 19670689.144208837 15476746.70703909 7624107.9100374365 17936210.826448873 17354874.118538424 0.0 7939324.358491211 4151578.9346796265 2408789.8356366926 8065947.261614096 6317103.640649851 6532045.871085504 4823802.851404797 6913167.481315756 7083009.799957891 6421072.714079143 6383425.354630263 5539876.076968398 1223270.9271999064 -9999.0 -9999.0 -9999.0 -9999.0 -9999.0 -9999.0 -9999.0 223174.14638301512 1172040.40289 2214649.7735302635 3439999.926897221 4866417.2870158935 4236765.841844045 5420871.995985807 6432352.778254998 5569633.97201309 3608151.5345845427 3280200.4781657546 0.0 0.0 0.0 0.0 0.0 0.0 0.0 0.0 0.0 0.0 0.0 0.0 0.0 0.0 0.0 0.0 0.0 0.0
20800454.07211422 20796693.86518094 20886420.114585377 20224761.629432485 20773305.24100709 20871499.648431696 0.0 1258879.5357188126 -9999.0 -9999.0 4198686.906886972 0.0 4628123.4700239 720625.2250955456 1628432.2933165955 2758008.1315789004 5798528.99372435 5796395.200818971 5924600.322566188 6908330.977961292 6478466.738034553 6818341.153409332 4172385.768329148 1812131.9498787285 -9999.0 -9999.0 -9999.0 -9999.0 -9999.0 -9999.0 -9999.0 -9999.0 670000.609600599 3076038.9654318653 909884.3773916739 3879278.2833302794 5873667.797456436 5062633.326361592 6114161.189428861 5990569.361779722 5919713.881203511 5809990.377621953 1042640.5017856635 3594634.9352561776 0.0 0.0 0.0 0.0 0.0 0.0 0.0 0.0 0.0 0.0 0.0 0.0 0.0 0.0 0.0 0.0 0.0 7843825.2234595185
7297092.274428669 15138608.480244435 19496211.764491 18360535.11079457 13059520.726882737 3414148.4685766604 -9999.0 -9999.0 -9999.0 -9999.0 0.0 7955804.709572774 10506592.510144757 4743055.038239899 4739087.710544854 6388719.552077139 4442167.655825708 3586649.987316327 4660687.992077239 5786143.381010267 6953905.657947401 5312676.318435966 -9999.0 -9999.0 -9999.0 -9999.0 -9999.0 -9999.0 -9999.0 -9999.0 -9999.0 0.0 2806331.962800112 1989208.6440520387 347829.5687352393 1086837.7586907665 2495031.152065794 4210017.735695172 6944028.490485821 6532912.67160304 5593454.228677891 6681556.980811365 4313246.913350567 0.0 8337130.512150486 0.0 0.0 0.0 0.0 0.0 0.0 0.0 0.0 0.0 0.0 0.0 0.0 0.0 0.0 0.0 0.0 0.0
-9999.0 -9999.0 -9999.0 -9999.0 -9999.0 -9999.0 -9999.0 751828.9249763499 4743759.821018976 -9999.0 -9999.0 2845024.724510403 8240192.725194623 0.0 11272945.5492924 0.0 7873294.228619903 9910385.02953837 8492898.399437949 9362569.776301375 8763090.69014485 3181658.745908903 -9999.0 -9999.0 1970014.8427365343 4937395.399513868 732105.2232530867 -9999.0 -9999.0 -9999.0 -9999.0 773077.1950202817 2396787.6644968446 880709.0260991323 -9999.0 -9999.0 0.0 7623942.970833549 6642181.403093414 6618054.218354762 4235248.315332709 6424625.0064034015 6289622.798700979 5298815.178034047 3772754.158144224 6647345.865941748 0.0 0.0 0.0 0.0 0.0 0.0 0.0 0.0 0.0 0.0 0.0 0.0 0.0 0.0 0.0 4734479.402966713
-9999.0 -9999.0 -9999.0 -9999.0 -9999.0 5441710.752647124 4865786.885587925 8860645.016062269 10432663.535892354 2332877.5806887313 353953.34911288426 292435.5131265918 4169969.402661576 7677778.643452922 0.0 0.0 9578013.203836638 0.0 0.0 9393329.576166 9995984.457007984 1874343.3903410456 544077.0402511521 -9999.0 4089538.5041979454 2384218.714865551 -9999.0 -9999.0 -9999.0 -9999.0 1023361.7408798374 7038873.405153892 6324821.814911092 6441280.548527941 2088469.2583758563 -9999.0 2553515.980947799 6166867.265362294 6127684.824303269 6728622.935307955 6219763.100469477 7228306.688266553 6187321.838371444 1144647.4431783112 3209883.8723948747 4915632.996027904 0.0 0.0 0.0 0.0 0.0 0.0 0.0 0.0 0.0 0.0 8623635.473889994 7968955.1131474245 6802104.898299552 1307815.5319230468 6257362.6329273535 6785131.6138178995
-9999.0 -9999.0 -9999.0 -9999.0 6162223.660156159 7789630.4748035455 10301264.14136787 11975867.278065518 9275690.066129612 -9999.0 -9999.0 -9999.0 206310.51519848465 3443088.549394723 8187004.54700033 9523974.696985701 9786610.032495806 7900855.081388709 11215566.587973721 11219530.477885509 5759537.0451891 3132879.97771008 -9999.0 -9999.0 354348.82057203393 -9999.0 -9999.0 -9999.0 -9999.0 -9999.0 6296375.480921238 7377458.7425386505 7802652.768564801 7494190.950992447 7777599.431993528 7327240.04225036 7389131.420725063 6852698.718811975 6842955.320120936 7483657.068926696 6274481.631269789 6864894.277444507 6466284.211529468 7882511.996617044 6783086.014076296 7092745.138567008 0.0 0.0 6384786.515240216 0.0 0.0 0.0 0.0 0.0 1649390.153650779 1742893.412660803 7844295.92288628 0.0 0.0 0.0 0.0 0.0
-9999.0 -9999.0 -9999.0 -9999.0 8826767.209626608 10642295.594434723 14113574.137619615 12789662.445450615 8493975.560850779 7643480.588103301 -9999.0 -9999.0 3652186.041044864 3104562.407060176 7878513.034865087 9275704.585132832 6174057.1243249895 6752638.657107734 6529948.300333699 6850294.684803598 1467031.2597441843 361976.0253680619 -9999.0 -9999.0 -9999.0 -9999.0 -9999.0 -9999.0 -9999.0 -9999.0 7516217.439620034 0.0 0.0 4111387.213502699 0.0 3219347.1062095608 3363483.90196293 3494568.514444813 8266070.238570266 6849839.7274965 7686099.39225718 7377218.11744212 6315455.712249141 6408992.160575196 0.0 8649476.735085744 0.0 1601850.981632539 6146007.66819342 7037085.206665179 0.0 0.0 0.0 0.0 0.0 0.0 5540618.505330822 6074414.890913754 4533313.075659469 3559407.772603246 7088156.316583912 0.0
-9999.0 -9999.0 -9999.0 -9999.0 11235978.066581737 10792134.706633668 12301590.562692024 10287002.900845395 4784755.95536457 1327706.7894302213 6892834.621881124 9236574.897151995 10208923.802032022 1466605.386010585 4315064.635319324 5508791.147931701 2837950.9910118016 -9999.0 -9999.0 -9999.0 -9999.0 -9999.0 -9999.0 -9999.0 -9999.0 -9999.0 -9999.0 -9999.0 -9999.0 -9999.0 3044792.2248271503 0.0 5027508.315366906 4254781.23505136 0.0 3718727.3413978806 0.0 0.0 4627663.306997702 5448766.16819566 0.0 7105970.150884841 0.0 11227381.378216289 10381145.178008562 0.0 0.0 0.0 0.0 0.0 0.0 0.0 9447691.544514094 1657052.4675798623 0.0 6261607.3372504935 3055333.796377281 4789463.332094259 0.0 0.0 0.0 0.0
-9999.0 -9999.0 -9999.0 -9999.0 1298242.3931479359 10320442.169951394 10711765.852922304 7081207.798711909 9763534.188226834 7813009.483771694 4107583.9492118713 9726884.231294887 6164391.003051163 214894.90737459008 1090488.5179336155 671365.3242190072 469731.843329718 4959491.803129651 1615525.6382991227 -9999.0 -9999.0 -9999.0 -9999.0 -9999.0 -9999.0 -9999.0 -9999.0 -9999.0 -9999.0 0.0 2503429.344426002 3703541.3858174514 4735819.7540551685 4166934.215186783 3671708.6754776016 0.0 0.0 4124334.1465891353 4522935.677695742 0.0 4638336.116975112 10039567.33481127 0.0 8762343.324398711 0.0 2054429.398909026 11186005.323493479 11168468.258454101 10392413.803280367 11427177.074544488 5616033.174591865 0.0 7485479.160862903 0.0 0.0 1240341.5804138975 6430141.951356027 6220681.906574062 7157288.292749148 1471684.6091546514 0.0 0.0
-9999.0 -9999.0 -9999.0 -9999.0 405612.9585530857 7848085.196433161 17903282.634790305 7561674.24964051 1079491.8083916705 1722680.1346124164 5603593.777630909 6250610.046050185 2256842.9968527174 0.0 1864418.3142980866 727493.3338926783 -9999.0 -9999.0 -9999.0 -9999.0 -9999.0 1190427.1973065312 3171567.9018011866 0.0 4514010.381368505 0.0 -9999.0 278770.5437792051 2918596.1924467334 2965249.624261195 3851554.227642902 3250976.1634251745 3403716.5605988586 3198129.847097881 3510928.8309651064 4272296.034010547 4300117.390546763 4943606.959696953 4655661.179020432 4973407.793109883 0.0 0.0 0.0 0.0 0.0 0.0 0.0 0.0 10666536.68330428 11130565.449844005 5072695.273979427 5127754.934024047 4781438.365178416 1275652.6060727597 5433486.341685446 8166017.646488501 0.0 0.0 0.0 4703906.668308453 1081627.1123310819 5654388.371228239
-9999.0 -9999.0 -9999.0 -9999.0 -9999.0 4086838.973336377 14429466.428938063 14799383.635217458 8952667.337046703 5858477.605110325 1403012.693981596 3151961.649382206 4923417.668510514 8534041.439471979 11428110.733972674 4547526.639950234 0.0 0.0 1755915.9159766298 2430879.2436074372 5433723.195353614 0.0 0.0 0.0 6246307.047793477 3332834.655089614 2612873.677457969 4927397.728624351 5724011.330668649 4605272.236798987 3910052.0028204 4333316.1144124195 4632338.815705411 0.0 0.0 0.0 0.0 0.0 4381670.4081299035 0.0 0.0 0.0 0.0 0.0 0.0 0.0 0.0 9724240.023352094 9432191.302729335 9335533.611071412 12195552.43525461 3438905.7523802333 2857486.732988106 4728410.924009232 0.0 1223182.4529110016 5791503.585629284 5402805.121081687 2093925.2982451872 1570560.229897949 4339959.2061769795 4329853.550202454
-9999.0 -9999.0 3142872.637030703 7521321.562819799 3565224.9936059904 10889880.796840455 12586562.677401993 10929208.114288105 9585080.43030579 9491242.833584916 8290450.3245986225 10936200.98590804 11915919.962918773 12016738.190533059 10412514.834272403 11686452.598044064 10841563.28602878 8911125.463764062 0.0 0.0 0.0 0.0 0.0 0.0 0.0 7089170.304695514 3731167.7536157826 0.0 0.0 0.0 0.0 0.0 0.0 0.0 0.0 8081098.243675078 0.0 8626310.08660775 0.0 0.0 0.0 0.0 8552451.994179552 7630837.734229084 0.0 0.0 0.0 0.0 10325381.514946379 10498793.735961162 0.0 10729170.907381652 11973593.921726385 5828104.692355661 4491506.637749264 5202883.417111391 6997815.328718566 6043117.452226558 6848907.416514566 5051215.809004922 3009883.30177817 1357713.8737762289
36680062.5696175 35410838.811507955 12992230.701307915 16940791.907348756 16013663.86155482 13337145.184957411 12594400.801253336 12041163.934356777 12838452.850771204 11719001.332974408 14112459.424998708 12253465.2736744 10499562.91103549 13381903.949115373 14305577.403093072 8854011.533006577 12789914.509925762 6442034.22949411 0.0 0.0 0.0 9032585.313509855 6078551.7222783705 6911065.308208269 8000397.71802399 8484906.976656295 3405031.47649047 4714317.791745073 5720346.600688037 0.0 8407599.730112711 9429519.487291655 0.0 0.0 0.0 0.0 8674275.182817709 8324922.428439505 0.0 0.0 7567904.731637618 7437857.939388787 7698164.520361233 0.0 0.0 0.0 0.0 7077318.102024593 12139707.385127855 0.0 0.0 9442910.181549873 8909425.66687612 4823416.947378771 5769450.736712756 3816079.469244495 0.0 6298287.7529739505 5379732.690896142 1638659.264125948 1797465.194652194 1655006.075910061
43235841.06989991 42913429.01006901 12105269.740503503 10969085.784770738 11347440.11277599 11074581.89681944 10662670.30220647 15037651.13231655 11553339.262184996 9836273.165834932 11592295.236306036 10074808.389632829 19336576.728224114 12740354.304143418 17165449.801343042 14098200.955007644 11503887.848775445 9239443.691448038 0.0 9105761.9595555 10220282.71290579 7577860.01751539 3810652.5643465887 4157680.24016385 4350673.603392376 5263225.233911765 8897211.428855075 6283829.639236898 9341382.922359401 4838822.952455297 8976760.026318476 9319798.228810584 8444438.037650855 8857353.513694085 6944084.568225504 0.0 0.0 8895215.37561334 0.0 0.0 0.0 0.0 0.0 9136783.1318891 0.0 0.0 0.0 0.0 11210760.096823258 9630393.635352079 0.0 2766133.4813481276 3010678.167586781 2695580.472101839 2299773.3395805033 4474804.98842738 0.0 3366048.322646209 2132445.007976992 1518155.3924979328 1376444.97183567 1399663.170400643
42841632.45313739 41887423.0127533 10917566.683457438 12569567.529484563 10654680.290023547 8599490.216421993 9771011.678263636 7850099.100651843 9157560.551478516 10870639.64320402 8754025.901647288 12122666.970523288 15694059.229662342 16112859.187570717 16661814.136388723 8486290.034808246 12563455.466282586 10546119.266235454 0.0 9391097.093760615 8310865.999638636 6962444.4910174785 2923194.60099576 7184525.069052979 7723823.037624841 5832388.864555005 6375057.855443355 7271275.632112008 7994567.262705563 0.0 8143106.018712935 7836298.437094714 0.0 8123451.624861367 7493090.626171489 8337528.707220488 9015545.584333027 0.0 8501283.571010705 9730384.47747756 9594344.310814805 10651870.247398173 11368875.465516802 12438267.448946431 0.0 11357308.44266816 12374916.58854137 0.0 9004408.024999049 11132239.205771238 9238148.504846696 4522604.81086516 3724031.4754866543 4197628.823729788 5288647.694939251 8569341.573481577 3585768.1756577115 1670259.406230631 3051668.6800300246 1603076.6158900417 1347853.2543233447 1388339.1202357356
9955195.804833477 10278604.784411483 9278491.624100635 8334673.150888976 9016122.770208627 11565737.364405934 12315703.869673159 11174003.637135888 9021730.00012313 10560171.213468794 9683570.347387996 13049077.370131236 12314439.211607976 16430418.49648148 11797297.71997556 11455631.50386792 6305105.951395195 8930446.239318796 0.0 8998354.868483515 7632804.466136196 7660327.662344 7675023.705964732 8281567.929108642 6429718.199003009 8194463.470196757 8298392.085702914 6889433.189105881 7217793.239633498 4813454.618976119 8638923.074231304 9732667.34105604 2654185.328306856 7463820.278994204 8044321.616367452 11135228.768677348 11846494.405780103 6242899.63131925 6705232.27165456 8304690.720942395 9572033.925535679 6091806.086557563 0.0 0.0 0.0 0.0 0.0 0.0 0.0 6962361.218611821 4676496.602294604 4798806.846224186 5527521.100769693 6873022.342460082 6635289.267697543 4883564.590033568 4014895.593746732 1821352.9700642347 1634850.3793076659 1516491.559008044 1678976.8568543834 1344654.3302092592
8664285.28078314 5039919.235418243 12048291.618823 19500503.315208916 24299708.00702804 17494973.845022403 9324910.54346019 11143567.431961736 8816764.518485015 8067866.064597682 10447558.91189882 10794366.309101857 10320991.757530019 16090755.368033627 11329479.925833173 17479418.278367348 17330199.738555975 14926511.385190016 6050435.125583159 6069994.079968569 6756724.966132273 1667983.9195030443 7183511.14410093 9694107.825988885 10099288.221322672 9578516.1178396 9865348.150681175 7203367.884809592 7510981.836987265 0.0 6210019.551056429 11244787.3225279 11875690.634231 9661098.563842393 8752591.103466751 9617870.058421692 5180730.7107558 4429746.198843226 6298663.35545896 7362038.385346177 6127694.473964702 6965782.914494739 0.0 0.0 0.0 5827318.362408182 7016257.258101934 6998495.930143981 7914752.3267034395 8855145.567013731 4957186.912030215 4810823.803396563 5131209.855248824 5031152.176663782 4278165.571422903 3636675.556944854 3464727.5620247363 2011113.3896104398 1465544.586445216 1360454.3330061666 1356161.7563625227 1359788.731775293
12398366.664556202 8323437.426336769 14583848.820008261 21110639.274492707 20824919.298227303 12552990.212118076 14670264.035339829 15464681.083927734 14667002.184369007 8673125.440326104 12175190.399424449 15976739.888119528 14056515.396331552 16325470.393777307 16009207.39985913 18459281.326476574 11769893.204132022 13007424.452080416 0.0 0.0 5735387.184204491 3527292.545791636 3570549.7229184555 6711185.433026242 9574209.084522204 8653349.539625175 7974748.788693166 8749449.7406644 6229949.43683632 7979359.095862521 6618101.556598537 9286485.795760207 7446489.8780048 0.0 5077869.070156486 4866493.715070696 2822549.6634987528 2411990.967615941 2360251.975655263 4131658.6026156996 4672010.169643254 2057472.0519052378 4340995.746597364 3426782.099885394 3936747.32994816 3165548.144623938 4260677.994762532 5230848.961822899 6940624.76409118 5693945.233795226 3890439.8251768993 2932163.6533612614 3346449.451028277 3017720.2172257467 2928417.7736657653 2515258.803749048 2622692.6117251134 4471591.080699943 3608078.68850705 1564659.8560794087 1422194.5049729743 1921915.0949582278
20366476.97369813 18565906.40674572 11033118.43015351 15871864.732410505 13469744.921762394 10662741.349371526 19166310.382156864 16021689.3596286 10390370.91355679 13336866.231231408 14323598.840473866 20651533.96273843 17762065.20594971 0.0 0.0 5969852.39191201 4833917.795849511 4291163.751770488 3435398.9649606426 5359711.975564881 7824204.466751256 0.0 0.0 3709149.738539459 6667022.859290168 7353883.358324965 8859666.548665807 5666218.176127164 4123711.780435649 4707777.193183962 5560265.545667694 10676681.591462228 7162804.61138388 6933860.489744243 8740680.373769863 4656898.380226068 5059368.250610511 4809960.823966656 3050691.9766113 3204223.717560276 2089333.2340131935 3916409.1446358645 2764147.9641554067 3487450.799886045 2763773.5241214884 2566662.4421522655 2962932.9543210994 3379372.131416668 3235334.870014056 3970492.7002578247 2884740.054243683 2947433.041791089 2262496.5654193102 3203837.420684403 3332268.916611561 2874957.466352717 3257818.2969028605 4629234.02597398 3494895.1186754997 3431600.104618149 3407414.240096468 4757305.04870418
23182358.94139788 18041378.459418695 16731147.904039463 12519881.507343052 7280293.568771555 13420419.958970472 16762016.021804243 9330005.748548135 8864079.993682 14751751.162658053 15611361.596579846 16515173.771760147 21643926.622577615 0.0 9849476.111186357 0.0 10587256.550680427 3820710.4592859526 6141543.905230844 6012242.770643714 5993877.72413136 8515993.253047252 6143441.11154679 6556726.565078532 6506642.5648557255 6735830.315077711 0.0 8061420.356359366 0.0 5088659.329164339 0.0 6133824.855809577 0.0 5862704.167912897 4087773.612846373 4569227.810985615 3380021.904214137 4250969.422348271 3310587.4382794136 2040376.522356544 1858915.5650966514 1828582.2669549077 2225043.295093131 2080236.3450684086 2057943.7716153937 2267306.108361241 2298627.93901752 2504862.995472621 3115480.6688253065 2793897.210930179 3268968.665159942 3265935.1585887647 2669358.276346531 3659862.3468734 3087934.2446366954 3403107.731999462 2363320.1932234494 3708263.5648476244 3625022.2543311873 3618355.955817024 916087.5413638254 4621032.5784686515
