critload/trunk/input/1999/n_man_eff.asc
ncols 720
nrows 360
xllcorner -180.0
yllcorner -90.0
cellsize 0.5
NODATA_value -9999.0
[rows 112 to 139 of 360, columns 448 to 511 of 720]
2978223.56903 2300783.02805 168208.102363 447849.984514 774626.194277 901413.884988 841739.102133 913023.545967 877968.876011 2837457.09498 10087425.3877 848936.211004 880726.295269 474287.234168 482047.709307 318329.086677 239637.735985 215244.946696 179005.316166 35822.1261321 143079.574407 321841.654037 143148.93336 286262.913665 179109.7774 248386.079705 330433.976233 143496.58139 162784.216565 342011.23983 471230.165948 430615.855253 592468.836688 149884.753781 0.0 355034.678028 676741.501271 1629214.76137 2591629.23798 1355476.97386 1414559.77433 1315545.62397 1815493.12798 1318298.57411 1622333.68398 1583272.96656 1792607.94026 1957033.82699 4696778.50647 4150444.46602 4271194.44348 1719378.70737 13459200.3039 12045108.5789 11295867.3795 24415876.8629 23087834.5069 15077307.4435 22263346.5769 13157790.7322 2203163.38589 4761420.73684 3550044.01494 13959942.8207
3717563.31216 2121233.49306 57294.0117987 125820.012428 485972.746809 6814567.389 846075.051123 823444.913568 880088.032294 799459.199427 801130.549843 807501.922723 837209.03871 328486.428973 284830.666127 315068.935411 215509.103155 177037.78415 71852.0804174 107847.131388 108018.751466 179836.728261 107915.827488 71886.5857986 35926.0402086 35926.0402086 179768.123085 214457.632651 107218.335371 270010.809354 375286.628133 455441.79044 500624.286826 370291.393049 0.0 925543.460338 2374423.15363 1724026.37619 304248.624867 823910.820971 1507360.15476 1586519.74765 2054402.47866 868692.146132 1830435.69049 1962080.99723 2080070.1417 3090718.76659 7631474.6345 5561009.93004 5073910.85947 3751030.86652 3582298.91516 2020636.07395 5631322.7798 8197501.76604 14985090.6833 13983324.3243 13660641.5764 14367281.1835 3648145.64022 881080.537332 1468321.98161 2065960.42575
2802719.47125 2970527.74819 2306946.46086 65600.2114545 225498.701575 446310.285988 6514853.36516 739814.268222 862135.719673 6091009.84534 687732.95075 6499427.97523 7971407.5414 1574639.9302 252972.172637 7883558.84807 166607.259858 108439.121818 108599.358646 181066.957211 144764.973642 144731.172296 36199.871669 72365.5861479 36301.2757067 72501.1473756 72602.5514134 36233.7227566 72365.7889413 153029.820987 218757.09825 378818.438753 214482.273222 252679.804979 0.0 1221883.87899 2302488.36216 1086215.98514 467898.210093 530688.955282 1821478.84529 1700858.0666 1351564.6296 1401643.4001 1094862.58502 1715545.86222 3590847.016 6174379.05844 3406526.19392 2180552.99398 1954422.37614 12648578.1686 1265957.93432 10051042.3714 3480603.50431 10049634.3818 10207389.541 18185755.5436 19331291.2014 16394225.3101 16796068.3224 6313821.8189 2513307.18071 1032060.99727
3882154.15815 2215319.25218 48836.2665157 1764514.64387 44340.8115899 61087.9952702 2785520.67641 10122664.3309 12859828.9846 11629451.5263 712982.271294 6889357.0573 6599340.7662 8190710.42841 6157475.82924 195170.893707 162646.245241 72889.25591 72770.4638275 166006.148963 116565.755342 72970.8154319 182076.559104 141044.595723 72703.2633269 182343.813192 72803.7679887 36368.4804656 73004.0657939 72794.5651656 123663.281455 152014.981384 218745.697071 318296.15881 775692.015963 1592826.05952 1598013.70678 1196811.17386 1343499.747 599771.473245 1567147.43338 4902187.28376 1605106.79798 1620361.74726 2285226.68066 1614979.07291 2413098.95285 2601795.18407 589714.665904 332107.050493 51876.0136153 420478.87502 2643580.84238 3722681.555 8622339.6968 4244432.96065 14663359.0226 13675287.793 13808507.0493 13791293.7292 12881613.4604 14030939.9455 6988750.69282 7119736.30838
231708.992272 3591797.95327 189142.540075 131614.948724 3365490.5521 84051.6198638 2577137.9505 4003273.44976 10014825.2464 13602079.5438 778597.504021 2300114.4545 6982858.53018 7420021.92569 7948363.07549 541494.363402 218656.143631 73399.9708495 71470.8784044 356608.652822 373668.545449 65399.8709102 130551.496847 293271.427983 256394.31801 293336.677513 36699.9854249 36535.2335171 73103.5681713 36568.334654 109935.502817 109521.598194 187542.700757 181600.424066 181216.985169 600269.44543 0.0 285792.539321 110973.500525 56198.2840852 2011708.62991 4370580.14934 1787986.71507 4604423.85462 1032393.81206 1413968.47426 1191981.87016 796882.889231 2159552.72493 262193.492519 0.0 0.0 1637937.1486 8832842.54269 8282469.96662 0.0 10654973.7894 13973110.0016 14085922.1714 14109055.2524 12274812.553 6877298.96049 7151125.41807 5673823.1527
46801.4639171 113983.377844 225665.924592 162139.789901 2498848.83166 280804.964295 4480989.26109 6281994.52273 9821600.13069 8664402.14938 9306973.50803 7856804.36383 6992798.11349 7746260.46134 7861974.0787 713073.906569 305076.994808 209462.261665 188189.501896 284342.358235 251216.848468 191765.2004 69939.9316672 257422.21945 220754.830094 339069.015322 110555.51067 73465.4690878 36732.734544 36732.734544 36765.3803537 110426.288105 73595.861013 220526.894846 488053.343146 1672224.97947 797357.910605 111550.709901 105375.69043 166798.824443 2128662.91728 0.0 410744.390898 1548517.82754 1583069.0867 610514.55552 218760.346682 1310789.15401 0.0 0.0 824983.148441 0.0 453148.324798 7429854.07138 2017698.30151 252489.312673 12360580.988 13818879.4342 13253102.9918 14133684.6893 12897989.8203 7188563.98971 7037996.46246 6984373.20911
47090.5422211 47090.5422211 75642.590459 131472.835677 168761.2942 305548.313033 333380.022707 322445.49604 285023.545425 8983861.11728 8715469.61597 7908777.02837 7658813.3177 7876988.34293 7939014.47622 7886853.91029 7618307.31974 6161740.99935 412763.239838 207703.272587 110910.588625 146427.031335 85006.0932981 134088.61592 181331.041495 280289.418218 295043.739175 74143.2675734 36959.6213914 36991.7162171 74079.2730627 185278.354674 74047.1782372 296285.502494 443311.883365 706145.104915 0.0 0.0 104001.171925 567816.356526 752468.457646 0.0 0.0 0.0 500118.911804 2043216.51527 951515.060093 865344.273162 709039.227477 253369.295723 253587.922374 427350.648565 439739.388174 4383683.31218 1770070.98786 9660715.36056 14285912.7413 14354574.0635 14290208.067 14385555.3632 14130153.8832 7320483.26276 7338824.89233 6862832.56849
47414.9551884 47495.0188171 47294.0577931 47334.4430514 94789.0766098 142003.070774 189417.577455 620936.428574 616202.83493 6196270.06398 237148.450271 5803267.18639 6811523.01466 714573.325473 667957.418847 8063740.82527 7995073.36497 7852964.53904 444195.272525 457275.207214 132929.956419 67912.6787796 318741.320194 195384.167657 99927.587473 225849.731353 382353.620901 185928.108024 0.0 37277.0800815 185881.578987 111389.756557 37277.0800815 185660.159893 103485.687532 292833.964964 247902.155528 119552.299384 254854.613708 0.0 0.0 0.0 0.0 220942.95469 176731.996638 837493.167829 378314.313541 442511.546171 0.0 1263705.56433 1221388.11001 715607.32538 0.0 10121874.1278 5189781.77253 14510393.1392 13594534.6465 14461696.172 14073696.9465 14991674.1576 7673839.92946 7392793.96703 5764431.63703 7356524.61505
47732.9135347 47732.9135347 47732.9135347 95465.8270689 143041.167895 190852.804408 1349512.45824 1349835.07516 1887125.54341 48704.2431069 -9999.0 -9999.0 222461.267908 6120843.92593 7780335.1515 7590310.79689 6099617.04796 7853078.11325 7417742.08261 387884.115809 314310.699367 74896.6962834 94017.5989197 320712.006852 585364.169802 390995.462616 470564.305029 145724.511904 37463.7948289 0.0 37308.4249564 37401.9085973 74865.7034264 137854.308749 52200.6935644 0.0 0.0 0.0 0.0 0.0 0.0 0.0 0.0 0.0 1089146.43805 863569.243766 0.0 828783.810318 331862.365963 0.0 428173.693715 441440.63375 2545283.38077 14531678.3947 14460132.6351 14545428.3514 14940700.7147 12409121.7524 11931708.4029 2774934.94429 11661405.8465 7597499.64105 7073986.34208 6619385.65741
161168.826666 575295.582125 143629.357441 191284.445013 287686.577291 4077069.26547 2713874.96319 722020.001745 420174.883441 -9999.0 -9999.0 -9999.0 -9999.0 4251626.47755 8997164.49417 8450803.50603 7671665.44173 7265864.12212 488392.345805 420027.601169 373054.069074 369858.133185 300968.018171 163994.95703 481223.693007 493006.592859 508291.429325 364497.664988 189518.869413 37525.4323521 37494.6384612 37525.4323521 112698.868068 94939.7350497 37647.6513459 0.0 0.0 0.0 0.0 0.0 0.0 0.0 0.0 0.0 0.0 713560.020708 0.0 1948980.58229 1303515.08375 0.0 0.0 0.0 4371500.42693 14681450.0594 14269701.2035 9894477.01536 1883090.98275 2376033.64012 2160177.16399 1111438.53196 2360094.7698 2239490.92951 6188761.58429 4918498.51846
233890.658536 206894.38464 152988.107945 153002.514563 197840.666069 242807.989535 242851.198452 3638818.14486 791711.561872 -9999.0 -9999.0 -9999.0 -9999.0 101138.623386 6784019.71864 534146.895842 493518.826738 479499.756018 452800.192551 6840376.05877 6632823.64826 443740.459113 403951.151266 376473.69863 414881.3624 405227.710251 563443.543721 364436.932409 406607.350346 215782.269589 188903.271618 37738.5254647 51462.0384112 149635.518771 189053.426272 844015.130012 0.0 0.0 0.0 0.0 0.0 0.0 0.0 0.0 439374.361346 0.0 1333395.71248 875137.721865 1285941.52192 792419.143423 0.0 1522774.65276 12631188.907 10112228.0265 963508.752871 0.0 879343.843609 735889.917078 0.0 1139552.09699 0.0 359364.273141 454458.803262 4806688.87792
244003.491828 234971.634278 171733.905813 216900.657993 207762.730841 244031.757308 243982.251477 225925.561504 189748.366631 46888.0263034 -9999.0 -9999.0 -9999.0 -9999.0 60186.9747561 468005.30482 522467.880819 6687902.36101 327343.116209 454664.215124 383210.288199 4349591.60387 495770.405005 408241.716044 345532.413807 244387.794726 354092.703548 273837.826937 407924.661631 302582.932258 303935.556 190004.260352 166421.876104 340964.939584 168405.056276 113724.322234 75983.8889999 903250.247529 0.0 0.0 0.0 0.0 0.0 0.0 346292.207351 0.0 450070.956175 2605716.82634 7792386.51379 7940287.07013 9016688.23385 15296511.4024 4538579.35721 942816.351555 0.0 0.0 419084.376228 380393.428807 753840.676975 463075.237049 60690.7601776 942323.111284 1842118.48044 1369168.39254
265706.332435 245158.25603 236028.621775 181501.04681 199711.660743 226975.478303 1755074.77679 3180322.06279 303543.917778 157403.287459 0.0 -9999.0 -9999.0 -9999.0 0.0 143953.963401 3691157.3833 539637.17746 494972.371901 491454.78342 566063.043574 455900.19286 438969.300964 340659.726076 334713.318836 207275.323253 368151.492876 454890.784265 382424.395167 294897.733109 222369.508101 266282.54169 228334.17545 190327.182967 228772.146615 76334.9485261 114429.853588 75633.5686856 0.0 0.0 0.0 0.0 0.0 0.0 267332.089617 0.0 0.0 4098333.07323 10330778.0824 16502278.5322 6763704.79504 1562587.42856 0.0 0.0 400203.46185 1262034.0529 813587.566224 62152.3269399 60424.4537532 93097.3762042 1040520.107 2479140.36538 5601272.39414 1687330.69131
386992.262159 246266.339765 246122.829545 173220.131596 173274.701207 259151.070056 730070.964488 1241697.95884 510760.243156 165225.364477 133799.334145 16094.3207746 -9999.0 -9999.0 -9999.0 -9999.0 -9999.0 392910.720955 5955897.93428 555486.204475 4742495.11146 418091.640109 301321.741098 229132.458703 4747484.2464 279126.336509 486706.577759 382013.104283 226032.160743 114747.568638 68875.3343696 105954.995683 131516.437498 143604.169728 229695.898294 210470.72652 249455.981156 153388.632894 912588.256475 0.0 0.0 0.0 0.0 890037.632959 339986.035262 0.0 0.0 8976408.68888 17620205.9116 4098829.27802 933132.863451 0.0 847294.366824 699130.208987 430212.639541 418912.506835 1248581.58711 0.0 0.0 4048070.21974 4154718.76238 905040.404678 2177331.9877 5918284.16031
308750.893186 247322.258181 247322.150635 247329.056369 210758.264712 183276.371042 204886.782131 110020.882756 189812.26227 135836.900942 134836.625324 193935.191769 0.0 -9999.0 -9999.0 -9999.0 -9999.0 -9999.0 8706.50296755 247572.568796 282313.41063 317232.551071 208464.417253 454553.752247 222446.6573 -9999.0 289237.227845 384335.911806 423423.284686 230861.279472 230888.912857 307907.573547 308048.963945 384815.176169 269497.323649 345812.716066 192168.361489 153785.383557 1360561.72865 428691.897005 739439.825159 0.0 0.0 0.0 0.0 0.0 454116.852086 9373305.55878 13291095.8896 1252071.51769 0.0 0.0 0.0 2569746.3902 1265474.668 915939.456885 845275.889933 1219553.61821 3405267.63367 6661309.6692 4250953.8974 2490196.4885 5034832.30177 5140912.95824
614635.671565 1414491.66225 239177.689525 248433.211938 292357.772035 262546.977584 220858.188829 183954.769901 165529.760119 123038.135674 103264.868398 91987.3662295 64751.2452717 426021.539849 735293.454248 -9999.0 -9999.0 -9999.0 -9999.0 -9999.0 -9999.0 -9999.0 -9999.0 -9999.0 52086.6664971 -9999.0 98159.9755688 115710.428713 154234.232831 38579.472647 115654.760184 154206.346911 230417.274267 308552.02011 193312.024708 193340.411871 822116.086886 341708.980201 696487.193127 0.0 0.0 0.0 446967.888499 458015.344432 1751294.5438 0.0 0.0 3608563.26706 14559869.2941 4011985.23344 1255026.03051 0.0 0.0 1719200.75893 2121094.55163 433282.828613 432167.300705 3486649.23977 6376264.02752 17814050.3539 4448886.88103 9430276.30352 9151422.15188 12068900.0471
1799417.36743 1200812.0706 950100.324343 249465.878526 249485.482902 249478.828716 249504.703574 249485.411812 110902.565583 132180.670046 139386.186296 138589.271652 74472.0816876 717869.556304 1841675.70243 601643.371203 -9999.0 -9999.0 -9999.0 -9999.0 -9999.0 -9999.0 -9999.0 914656.179843 1926606.88358 -9999.0 65709.4606469 109957.034244 103280.849925 78018.9780741 38826.5698983 38717.5898288 77489.8495277 42735.9556642 209011.821526 2306862.30054 460192.191907 0.0 893923.937048 0.0 0.0 0.0 0.0 0.0 900737.043765 904059.036513 0.0 0.0 4897086.76087 12089850.9416 3604749.91458 768221.663549 0.0 867595.19208 2116468.08103 868834.308881 3620938.79307 5063329.24648 5915355.99978 3219887.4138 4373616.1611 6434056.34798 12862887.0215 9788617.84972
1731960.34893 1796583.74019 870004.045372 271216.423416 241174.659852 258759.189899 367242.492728 250487.018545 204129.564456 64949.6606611 37089.6650445 55605.7627122 17705.8354637 1542787.43055 479272.245702 588804.892338 -9999.0 -9999.0 -9999.0 -9999.0 -9999.0 -9999.0 419293.360905 1711480.10961 2362467.20775 -9999.0 -9999.0 -9999.0 -9999.0 0.0 76897.1053909 73052.6155308 158933.842895 141717.051603 74644.593418 463047.383668 0.0 0.0 0.0 0.0 0.0 0.0 0.0 0.0 0.0 2230530.91703 1293126.22218 0.0 5020236.41913 13932185.0009 5135222.46066 3965079.61945 0.0 462050.477121 2074696.14685 2241994.52836 5748025.86581 12738076.1302 7754583.48816 3429502.60523 4958235.38245 6425085.12101 4093859.23823 9416074.04602
486723.612397 3542589.91386 525342.141654 740182.301954 430070.597927 193242.040278 107472.354389 251483.209696 251570.736713 74488.7210261 35804.7691724 0.0 18648.7448222 65277.6315508 965071.764008 0.0 -9999.0 -9999.0 -9999.0 -9999.0 -9999.0 594852.525716 390353.529652 1254136.96792 1338241.62642 0.0 -9999.0 -9999.0 -9999.0 -9999.0 -9999.0 -9999.0 -9999.0 -9999.0 -9999.0 -9999.0 -9999.0 -9999.0 -9999.0 -9999.0 -9999.0 -9999.0 -9999.0 -9999.0 -9999.0 462267.143111 1237418.82033 6544774.86171 20518281.17 16081909.6812 5915856.11462 347290.232123 0.0 13411580.697 3095818.86088 12026012.4163 9076783.93758 2081530.17512 637249.487245 4199573.16048 5627767.35968 4510928.24876 5753286.99372 4705443.90638
102882.498833 140333.889655 342814.044243 837064.466903 1161857.1107 344748.259262 1272261.30194 948905.564263 243118.262714 199443.121895 131605.118759 0.0 18673.5323712 0.0 0.0 2937815.47341 0.0 603225.080793 465981.08228 536402.515668 520180.662466 421801.10923 913976.06959 936833.681124 738993.265187 950125.201787 0.0 -9999.0 -9999.0 -9999.0 -9999.0 -9999.0 -9999.0 -9999.0 -9999.0 -9999.0 -9999.0 -9999.0 -9999.0 -9999.0 -9999.0 -9999.0 -9999.0 -9999.0 -9999.0 -9999.0 0.0 5271042.15468 3824620.53984 1386631.94427 672696.27326 0.0 1502737.54296 5702807.06197 4390747.98585 18309703.4482 14702590.0798 1602594.22002 641163.262466 1263596.07836 2235103.31829 5398771.52379 6967794.41037 7385870.45715
103348.849631 103366.971146 275565.829685 732358.445087 259630.551186 348071.643764 866551.287155 56295.0474225 253541.319971 79527.2599976 606496.300941 0.0 0.0 0.0 0.0 3699734.73977 763466.896797 0.0 0.0 443988.128264 0.0 0.0 421338.869351 169856.160433 457426.039232 740013.500559 851274.919273 800657.104672 369039.329387 26693.1011535 -9999.0 -9999.0 -9999.0 -9999.0 -9999.0 -9999.0 -9999.0 -9999.0 -9999.0 -9999.0 -9999.0 -9999.0 -9999.0 -9999.0 -9999.0 -9999.0 0.0 80548.764188 152645.144894 1296186.62622 1736118.575 1312310.2258 432737.540449 3830700.0043 3413888.6754 22219672.1471 10344989.4065 6545764.95011 4364641.49175 4565073.83076 6921588.85893 6545356.44794 7839660.5641 7852583.97505
150816.973118 103693.013497 150817.043296 216826.687182 382815.676069 1300554.49432 297093.632644 0.0 245065.131149 75370.277168 232435.824652 0.0 0.0 0.0 0.0 0.0 422408.075212 0.0 0.0 477882.674318 0.0 0.0 423207.289899 148549.80853 148456.326896 307863.254725 611457.971259 755517.307777 748400.668816 602331.992094 0.0 -9999.0 -9999.0 -9999.0 -9999.0 -9999.0 -9999.0 -9999.0 -9999.0 -9999.0 -9999.0 -9999.0 -9999.0 -9999.0 -9999.0 -9999.0 -9999.0 -9999.0 0.0 2984426.94475 3643749.58294 3487823.90565 6013050.75233 4142744.75873 4238878.06068 20567768.3411 16272488.8353 11084865.8156 6350493.11024 7082283.91083 6739318.71865 6350906.10799 7789459.55855 7625375.31888
160872.647491 151364.563132 217518.307899 56743.5947864 94620.7651013 834947.869246 9473.58394086 37877.1338587 236494.35008 9467.86212478 9456.33373167 18889.4921942 0.0 0.0 0.0 0.0 0.0 0.0 2551881.18314 5087301.11286 3420268.19959 1273510.78318 1232669.93246 0.0 0.0 149012.888448 309298.459724 462498.287784 449979.697616 447794.145136 382184.262455 113621.239267 -9999.0 -9999.0 -9999.0 -9999.0 -9999.0 -9999.0 -9999.0 -9999.0 -9999.0 -9999.0 -9999.0 -9999.0 -9999.0 -9999.0 -9999.0 -9999.0 -9999.0 0.0 4813159.48668 1974817.49707 3702633.44292 16874004.0415 13598078.0526 11752369.2919 10932542.467 7503551.01895 13614669.0786 8271189.81885 6176640.1114 6143960.9638 7889181.2782 7121749.17419
189869.005994 170944.142075 151878.266105 76015.3850471 386547.683508 4053318.29719 44455.2258169 66428.6352861 180366.871302 28466.290297 0.0 0.0 0.0 0.0 0.0 0.0 0.0 0.0 0.0 0.0 0.0 0.0 850804.75 0.0 0.0 0.0 0.0 149915.135046 141694.515005 162158.52651 321944.151882 0.0 -9999.0 -9999.0 -9999.0 -9999.0 -9999.0 -9999.0 -9999.0 -9999.0 -9999.0 -9999.0 -9999.0 -9999.0 -9999.0 -9999.0 -9999.0 -9999.0 -9999.0 0.0 3463565.00225 4273623.23903 11976473.8369 6267179.6403 3330775.33403 10269342.6893 2879057.35056 6202599.31837 7571214.22566 6689395.9165 7049292.96627 7438140.51562 6877196.15583 6698931.87154
85751.1244099 95242.1973489 85712.1909056 133410.885901 1023820.70284 616634.204667 38069.1901984 123859.103199 47576.7605238 0.0 0.0 0.0 0.0 0.0 0.0 0.0 0.0 0.0 0.0 0.0 0.0 0.0 0.0 28600.2289161 0.0 0.0 0.0 0.0 0.0 0.0 150527.863229 0.0 -9999.0 -9999.0 -9999.0 -9999.0 -9999.0 -9999.0 -9999.0 -9999.0 -9999.0 -9999.0 -9999.0 -9999.0 -9999.0 -9999.0 -9999.0 -9999.0 -9999.0 -9999.0 2430726.75173 4896604.69259 6443081.66837 6184990.70244 6449887.56233 7339750.77415 2422236.05223 4897152.8697 7479617.48795 4405013.15783 2610798.31366 4735185.67049 6851853.78094 6873836.78851
181638.94276 85975.8510614 105127.749314 173381.521372 1008920.79555 47785.4336439 19141.183747 85997.5808382 0.0 0.0 0.0 0.0 0.0 0.0 0.0 0.0 0.0 0.0 0.0 0.0 0.0 0.0 47828.7738033 19130.4318731 0.0 0.0 0.0 0.0 0.0 0.0 0.0 -9999.0 -9999.0 -9999.0 -9999.0 -9999.0 -9999.0 -9999.0 -9999.0 -9999.0 -9999.0 -9999.0 -9999.0 -9999.0 -9999.0 -9999.0 -9999.0 -9999.0 -9999.0 -9999.0 -9999.0 1109280.49993 6373745.84746 2616694.27436 6316573.41839 5437302.4624 1673682.11157 4395897.44315 7647450.69038 4838775.38579 5785654.25068 5996558.58567 5332938.18425 4251168.79424
105439.089752 780979.711848 1675934.29639 722478.72856 28772.9333404 9605.04991148 0.0 0.0 0.0 0.0 0.0 0.0 0.0 0.0 0.0 0.0 0.0 0.0 0.0 0.0 0.0 0.0 1815925.39324 302249.921622 151124.960811 0.0 0.0 0.0 173741.588311 220600.98301 -9999.0 -9999.0 -9999.0 -9999.0 -9999.0 -9999.0 -9999.0 -9999.0 -9999.0 -9999.0 -9999.0 -9999.0 -9999.0 -9999.0 -9999.0 -9999.0 -9999.0 -9999.0 -9999.0 -9999.0 -9999.0 -9999.0 810731.343532 3138535.93254 2668062.17179 0.0 -9999.0 2224739.22156 5572993.15172 820246.080893 4680554.16864 5132669.58863 7271419.54277 5195277.19871
170089.364308 3591476.9939 2198697.47383 1156602.16785 57697.8548135 9610.27045351 0.0 0.0 0.0 0.0 0.0 0.0 0.0 0.0 0.0 0.0 0.0 0.0 0.0 0.0 0.0 0.0 151706.600347 0.0 0.0 0.0 0.0 0.0 0.0 213624.162928 -9999.0 -9999.0 -9999.0 -9999.0 -9999.0 -9999.0 -9999.0 -9999.0 -9999.0 -9999.0 -9999.0 -9999.0 -9999.0 -9999.0 -9999.0 -9999.0 -9999.0 -9999.0 -9999.0 -9999.0 -9999.0 -9999.0 -9999.0 -9999.0 -9999.0 -9999.0 -9999.0 3098704.10036 1803330.44352 5722747.54398 6932114.83264 5681158.8558 4249274.46425 5366276.59234
