critload/trunk/input/1999/n_man_eff.asc
ncols 720
nrows 360
xllcorner -180.0
yllcorner -90.0
cellsize 0.5
NODATA_value -9999.0
[rows 189 to 215 of 360, columns 248 to 309 of 720]
0.0 0.0 0.0 0.0 0.0 0.0 9720114.941078465 10078040.150034487 10078040.150034487 10078040.150034487 0.0 0.0 8071534.131597939 7326668.919388727 8515751.300385702 7726258.058117025 7899534.024480453 8058184.032349325 8464934.658268789 8177849.85502104 8366974.829226699 8393287.249657845 8291202.427112576 8238273.7579579875 7932834.325620972 8276239.83113921 7380329.912746242 7517441.597867509 7029286.671447636 8253729.179018441 8632889.662698593 9617050.390114246 8756772.9571833 7674201.329609165 9026965.062771065 9493785.512614604 8892044.163750354 3766087.0620238995 0.0 -9999.0 -9999.0 -9999.0 -9999.0 -9999.0 -9999.0 -9999.0 -9999.0 -9999.0 -9999.0 -9999.0 -9999.0 -9999.0 -9999.0 -9999.0 -9999.0 -9999.0 -9999.0 -9999.0 -9999.0 -9999.0 -9999.0 -9999.0
0.0 0.0 0.0 10066895.604445096 0.0 10070349.10091169 9783057.627900844 0.0 0.0 0.0 8889773.881321438 7706680.184731069 8366372.4426088035 7301069.263041632 7605577.219379389 7721056.69599563 9620135.230531123 8591133.52662234 7728754.866513102 9117718.356544103 9208190.737470638 8983262.539895795 8408797.398523932 7784448.202654856 9548887.89675303 7828958.378497358 8460976.768895304 6160681.828986156 7584760.956398033 9300339.41106177 9467916.106046338 9135900.857465152 7711133.885881209 8638467.658746477 8812371.091817964 8571776.72436756 7997343.355544891 9443441.260047881 8169121.221652632 7730382.776758735 7370913.801086878 1553378.6599904431 -9999.0 -9999.0 -9999.0 -9999.0 -9999.0 -9999.0 -9999.0 -9999.0 -9999.0 -9999.0 -9999.0 -9999.0 -9999.0 -9999.0 -9999.0 -9999.0 -9999.0 -9999.0 -9999.0 -9999.0
0.0 0.0 0.0 0.0 0.0 0.0 0.0 0.0 0.0 9040879.07324065 0.0 8456495.561653994 8765852.863225834 8556342.370000584 8654486.835165896 8906796.243441295 9821845.539581053 8254632.643548705 8954519.005557427 8993605.137755146 8935271.619381227 9208289.740183923 8233250.108564616 7546294.417012508 8431724.736083653 8880540.854990512 6792472.51929722 8057220.599357107 8900836.974624041 9434034.628751265 9594037.332034808 9712971.067304278 9680948.49269951 9391156.909808977 9568137.833968725 9488593.546466403 9824194.239221547 9868524.901674869 9363816.721697943 9716069.435706675 9608936.201070838 5592355.394252346 -9999.0 -9999.0 -9999.0 -9999.0 -9999.0 -9999.0 -9999.0 -9999.0 -9999.0 -9999.0 -9999.0 -9999.0 -9999.0 -9999.0 -9999.0 -9999.0 -9999.0 -9999.0 -9999.0 -9999.0
10052664.854756758 0.0 0.0 0.0 0.0 0.0 9598515.20125917 8401482.663138993 9147264.080794511 9012147.734213367 10052664.854756758 9244280.40065027 8815763.88813078 9510433.252406515 9315738.106504137 8870552.14988297 9873546.430159086 9061261.207019713 9718201.832134785 7902255.504180891 8421176.650074849 8984521.851506734 9621817.513970796 9942982.787607992 9902725.547428511 9046510.359969757 9874093.468369612 8114531.7763955 7966890.393942894 10052255.004926354 9731045.703834921 9988722.038948186 8538748.656743547 7307235.7425854495 7984309.9611631725 9574961.900550295 8889583.924237821 9534417.867268551 9625522.557674492 9470127.032777438 9175139.536545819 8304400.92756963 0.0 -9999.0 -9999.0 -9999.0 -9999.0 -9999.0 -9999.0 -9999.0 -9999.0 -9999.0 -9999.0 -9999.0 -9999.0 -9999.0 -9999.0 -9999.0 -9999.0 -9999.0 -9999.0 -9999.0
0.0 8076483.3112625955 0.0 10042675.55152941 0.0 0.0 0.0 9118217.67468187 8784646.063879514 8207182.089922458 9385126.206653863 8596640.573722785 9682466.416715462 8387885.816436186 8235821.139843135 8490073.440383384 9870586.034300497 7838863.00165079 8007409.987806795 8352449.804679057 6572167.5900659 7585180.558836695 8734761.95577819 8685481.196783 8408875.527871268 9931959.16551924 10008093.340135938 8205822.638062514 7982075.962396716 8212878.63924465 9629411.240463316 9407091.446321547 7930570.275469606 9594878.192404974 8242413.255851752 9743723.063127115 9807747.144399934 9714668.51261951 9586036.280213334 9944031.715078676 9436842.394522619 9487358.044251023 0.0 -9999.0 -9999.0 -9999.0 -9999.0 -9999.0 -9999.0 -9999.0 -9999.0 -9999.0 -9999.0 -9999.0 -9999.0 -9999.0 -9999.0 -9999.0 -9999.0 -9999.0 -9999.0 -9999.0
0.0 8502940.327669905 10031918.416386321 0.0 0.0 0.0 0.0 0.0 10031918.416386321 9288143.29310492 8723473.978492988 7807538.701797908 8750064.0732668 8803720.722633457 8864368.2617135 9105243.099043895 9033980.529450523 7467285.066859246 8184860.314140614 7227040.786873558 7946060.938397614 8023578.243639132 9032593.248685922 8224923.088581387 7906216.615291315 8093265.646308583 9281457.327437503 8931766.978918165 9870182.09621093 8437451.531389114 8421449.390592262 8391284.689016486 8389749.216039987 9527306.91620353 9672190.41093598 9607641.927986704 9226914.573745834 9831097.161320277 9745371.311560448 9964894.020907491 7461001.359533647 7500514.437577239 3160066.9345876444 -9999.0 -9999.0 -9999.0 -9999.0 -9999.0 -9999.0 -9999.0 -9999.0 -9999.0 -9999.0 -9999.0 -9999.0 -9999.0 -9999.0 -9999.0 -9999.0 -9999.0 -9999.0 -9999.0
0.0 9706551.095602484 0.0 0.0 0.0 0.0 0.0 0.0 9899137.161059285 10020399.739324877 8433606.479446886 8611037.453035042 8784959.093303908 8215256.346286432 8582684.566027507 9744216.582814293 9810758.885519562 9348011.719882963 8718205.054392576 8239942.4557240065 7770380.312650291 8566656.006950554 9344524.066345267 6672507.312335156 8441656.263199938 7899140.593916726 9989329.941282658 9970981.776055206 9465553.543932565 9649139.145368183 8413560.734512653 8708817.75504309 8381078.869025895 7404220.399275344 9442596.940716082 8721010.471533893 9315888.29309424 10021898.979949707 10018815.14385826 9937089.26712777 8030404.2846357 9239781.6948853 2799052.740252523 -9999.0 -9999.0 -9999.0 -9999.0 -9999.0 -9999.0 -9999.0 -9999.0 -9999.0 -9999.0 -9999.0 -9999.0 -9999.0 -9999.0 -9999.0 -9999.0 -9999.0 -9999.0 -9999.0
0.0 8293290.440633471 0.0 0.0 0.0 0.0 0.0 9947824.887827545 10008119.370603485 8749062.890597317 8302192.365792172 8273348.328164634 8711936.403301092 8950888.986042928 9372893.57376451 9723668.755223084 9889940.189414237 9968198.366025807 8064983.277356229 7039709.469481676 7220042.276967148 6464418.752336331 6119354.26579875 7595758.834211862 7605664.082257621 9749192.99118254 9835277.029111432 9826677.618322048 9925808.17453918 9763440.984928204 9947017.352570213 9786030.103757555 9674954.879526485 9801285.441097822 9812705.288425552 9900164.408799177 9879756.243099643 9829030.73998155 9540098.059052069 9596141.275746167 7947538.805797996 9102718.1918893 495096.13956720685 -9999.0 -9999.0 -9999.0 -9999.0 -9999.0 -9999.0 -9999.0 -9999.0 -9999.0 -9999.0 -9999.0 -9999.0 -9999.0 -9999.0 -9999.0 -9999.0 -9999.0 -9999.0 -9999.0
0.0 0.0 9764566.635511987 0.0 0.0 0.0 0.0 9736664.724436838 9662373.768459687 9361141.580377277 7506241.752849524 8971739.402963642 8385295.04964177 8896283.940397056 8220196.368208362 9653628.225568073 9775936.425896786 9837827.770098358 8723146.187279347 6790127.689753574 6323829.037296421 5246755.9347765995 5745774.855683103 8027431.597975817 9043454.137928374 8991226.202203559 8693365.54409076 9995073.416351924 9995073.416351924 9973633.180210399 9831961.991182351 9771165.636792494 9357031.448256856 9456504.356253896 7864739.752958849 9663153.298920305 9347913.026884407 9639828.663149372 9744453.148406219 9445917.383635307 9465810.224228453 7648536.018866438 -9999.0 -9999.0 -9999.0 -9999.0 -9999.0 -9999.0 -9999.0 -9999.0 -9999.0 -9999.0 -9999.0 -9999.0 -9999.0 -9999.0 -9999.0 -9999.0 -9999.0 -9999.0 -9999.0 -9999.0
0.0 7924828.328326807 8559074.52905975 0.0 0.0 0.0 0.0 0.0 0.0 9381925.76192175 8354684.9197452245 8211152.503303491 9099535.380538514 9840261.073127266 8886659.056022845 8478118.486251839 9808576.777317867 9771125.962169686 8917674.261774886 8247671.817487228 6995104.978423701 5842118.477565474 7107594.1929839915 8490049.336247236 9557383.902035175 9377721.192995498 8370567.562763763 9808499.758443212 9864690.512692645 9108808.559341546 7699529.691001907 9588763.358454604 9943458.458489053 9895540.403767874 9978005.2042493 9115065.11742143 9732958.165578045 9510767.403389065 9494057.401317233 9456806.339027861 9291035.551148456 2582531.698446482 -9999.0 -9999.0 -9999.0 -9999.0 -9999.0 -9999.0 -9999.0 -9999.0 -9999.0 -9999.0 -9999.0 -9999.0 -9999.0 -9999.0 -9999.0 -9999.0 -9999.0 -9999.0 -9999.0 -9999.0
7903583.67574422 7670693.291569625 8355446.845063432 8868833.674962183 0.0 9965685.41174549 0.0 9118016.316156762 9455332.415495688 7823727.082384575 8947295.180934101 8260149.253462873 9347489.453851676 9803079.503463384 9795892.809857441 9358805.93436249 9805905.092946567 9823553.447814967 8586736.562638294 8284957.995073573 9291891.570357367 7183694.060000047 6636952.192431208 7840302.233699189 8876268.513590759 9480261.411709039 9558047.226863705 7381437.6581326565 7575736.432952809 8526594.096970422 8536926.275630381 9661883.6683967 9950047.981509035 9953481.222608224 9945989.149717107 9402132.171800643 8717485.57364379 9516825.37933656 7831329.937588326 9236346.08934357 3084024.910931086 -9999.0 -9999.0 -9999.0 -9999.0 -9999.0 -9999.0 -9999.0 -9999.0 -9999.0 -9999.0 -9999.0 -9999.0 -9999.0 -9999.0 -9999.0 -9999.0 -9999.0 -9999.0 -9999.0 -9999.0 -9999.0
7670766.425861064 7988939.136853726 8168872.961242647 8512704.97652978 8220919.073804696 0.0 8712513.263146115 8771094.009026114 8626481.292932611 8457259.718379663 8979209.12766883 8217563.260756471 8623471.816736115 9769703.65990444 8652361.753331807 9300095.165442785 9729286.367351472 9799638.256908704 8940001.695620537 8954997.462488538 8806225.78434414 7426922.442014541 7711380.450858874 7387216.325487914 9948598.243412485 9872780.979137994 9445737.060455324 8451332.78721737 9834612.886527224 9822921.470177503 9303083.476693954 9504008.293473762 9852607.52651022 9693591.494258085 9871834.257249277 9249841.561086724 9824147.849257175 9677021.976662144 8665360.580272099 5073033.027812067 -9999.0 -9999.0 -9999.0 -9999.0 -9999.0 -9999.0 -9999.0 -9999.0 -9999.0 -9999.0 -9999.0 -9999.0 -9999.0 -9999.0 -9999.0 -9999.0 -9999.0 -9999.0 -9999.0 -9999.0 -9999.0 -9999.0
8219368.3582377825 8169226.527491243 8273248.279870927 7969600.519644549 9671031.831312263 0.0 8677347.576431662 8202088.169094253 8022992.575318478 8668822.859290948 8943905.52013822 8527209.459197 8623399.455843445 9724832.266457701 9574498.134432029 8599349.666158777 9259773.751952205 9734077.270928407 9935297.094027823 8851698.282100055 8558493.12181861 8809554.732673552 8168063.490298354 7390106.240755076 9819017.181162193 9845980.057101896 9524380.381018206 9169198.018065104 9274305.631153671 9386944.277985884 9653168.952943455 9544464.782902204 9849278.969877217 9843930.690159682 9259819.154757738 9383167.742283206 8292734.205577892 7459181.097536635 3480711.9941093544 -9999.0 -9999.0 -9999.0 -9999.0 -9999.0 -9999.0 -9999.0 -9999.0 -9999.0 -9999.0 -9999.0 -9999.0 -9999.0 -9999.0 -9999.0 -9999.0 -9999.0 -9999.0 -9999.0 -9999.0 -9999.0 -9999.0 -9999.0
8514069.074143356 7673022.0150662605 6981783.425636691 8064614.993869045 0.0 0.0 8659129.731235145 8303241.445616498 8084180.508205874 9019965.369865876 7896333.167369885 8679407.805306152 9049957.318370087 9716252.624023916 9686068.742632037 9748954.64543729 9694685.807353392 9714097.821350347 8839914.023020279 8415595.307657788 8984124.958392397 8498996.676917255 9446546.5846616 9112486.356428199 9763386.900957746 9580232.210575717 9484016.14539576 8832959.825666426 9290805.96765353 9251925.46472035 9345023.142620305 9714097.74789762 9818351.88821669 9083846.87537117 9691170.827256968 9690157.24888713 8254722.368005224 4825667.993490876 -9999.0 -9999.0 -9999.0 -9999.0 -9999.0 -9999.0 -9999.0 -9999.0 -9999.0 -9999.0 -9999.0 -9999.0 -9999.0 -9999.0 -9999.0 -9999.0 -9999.0 -9999.0 -9999.0 -9999.0 -9999.0 -9999.0 -9999.0 -9999.0
6511010.159120839 6987651.332884766 7134645.93370107 9091508.34449917 0.0 0.0 7903750.233926355 7027757.179431094 8094678.110436391 9701509.03437982 8250122.856219957 8747461.635596 8345164.649021041 9653723.759353938 9791968.569275487 9732248.480630158 9734345.706204507 9693941.00347985 9781231.565257797 9196944.715757571 8549560.219543658 9758886.09654127 9181391.022405451 8917588.439538408 7722050.187490192 9767777.393422222 9703434.712966518 9697196.512989286 9579119.974236121 7606296.381230787 9124271.893820636 9720484.653323712 9786282.131171769 8663544.904004281 9478756.158663556 9599180.387594992 8749997.418368751 0.0 -9999.0 -9999.0 -9999.0 -9999.0 -9999.0 -9999.0 -9999.0 -9999.0 -9999.0 -9999.0 -9999.0 -9999.0 -9999.0 -9999.0 -9999.0 -9999.0 -9999.0 -9999.0 -9999.0 -9999.0 -9999.0 -9999.0 -9999.0 -9999.0
6298730.465579713 6861854.129334301 8092485.128619896 8958093.649070404 0.0 8943330.0890398 8273687.556620658 7638244.663505147 7907540.735546926 9273695.192260902 8358682.971819757 8383520.182468701 9647596.02511044 9714250.876310678 8742383.617604017 9690211.471637681 9606383.44716059 9619695.485662598 9765688.147208378 8937403.147436894 8127225.871420501 9161746.929819986 8266219.9361660965 8917693.245828204 9478074.981811715 7972095.504746051 8898677.441940226 7013003.33123592 9614960.188039415 8720301.4768909 9034888.44367661 9585622.605861329 9725023.384576889 9649953.313382465 9229407.889098022 7335435.113153472 3966221.945580362 -9999.0 -9999.0 -9999.0 -9999.0 -9999.0 -9999.0 -9999.0 -9999.0 -9999.0 -9999.0 -9999.0 -9999.0 -9999.0 -9999.0 -9999.0 -9999.0 -9999.0 -9999.0 -9999.0 -9999.0 -9999.0 -9999.0 -9999.0 -9999.0 -9999.0
9133431.6546513 5196490.691473936 2540322.1482648025 9232557.840359218 2344712.612547843 2338948.225573257 6705932.158306342 7135869.5179300355 8598142.831559865 9693769.68299632 8881229.101100814 9554554.022495328 9582176.42277692 9689627.925504228 9643600.764740739 9126944.809555093 9615878.530182438 9715013.562770823 9598332.776173182 8437501.52139045 8386680.9355641 9086065.951482685 8532074.536553431 7898689.0304373 9515401.499604756 9548783.60037423 7536382.693755184 7093712.836155617 9196210.948635144 9130059.971922351 9354195.826649657 8863574.932577245 9024247.850259198 9299223.049247082 5724387.742617661 5468846.3234997 -9999.0 -9999.0 -9999.0 -9999.0 -9999.0 -9999.0 -9999.0 -9999.0 -9999.0 -9999.0 -9999.0 -9999.0 -9999.0 -9999.0 -9999.0 -9999.0 -9999.0 -9999.0 -9999.0 -9999.0 -9999.0 -9999.0 -9999.0 -9999.0 -9999.0 -9999.0
6017647.689072935 5942018.771887541 5902929.790410876 2870904.751906467 2739050.889729406 8361375.634973199 7543092.877937892 9072003.292214213 9611795.427825464 9714996.657149637 9540497.196141075 9549748.945421182 9561586.527371444 9685060.679456042 9641772.517772844 9591825.916065412 9726881.346823994 9561549.08336341 9619277.069585055 9645813.727457533 8438911.952165151 8956241.372494057 8788962.685914213 9516146.312371505 9530965.228267418 9687304.409892023 6491342.462983441 6656345.4160059355 6856247.518674408 8306583.4902915405 9339887.293169243 7744435.292907512 7524389.138634619 8922024.848228611 2401826.619680902 -9999.0 -9999.0 -9999.0 -9999.0 -9999.0 -9999.0 -9999.0 -9999.0 -9999.0 -9999.0 -9999.0 -9999.0 -9999.0 -9999.0 -9999.0 -9999.0 -9999.0 -9999.0 -9999.0 -9999.0 -9999.0 -9999.0 -9999.0 -9999.0 -9999.0 -9999.0 -9999.0
5610772.150965364 7015020.701365018 4361712.332206493 8111876.043212525 9535204.455588678 9142056.3448594 9239359.024820443 8776762.422508582 9494077.502473218 9396669.448541755 9582073.25954858 9512218.7616151 9571294.335383553 9579328.493837144 9659511.578637015 5462564.896714856 8629024.204266567 8891501.51638538 8347000.709330395 9716163.931514401 8675381.99044619 8383991.334877225 8983047.309642103 9433913.445705947 9475466.20708949 9473867.17740279 9520307.773952538 9238229.899483347 7804524.076414341 7930014.787040889 9180505.814298725 8191603.0753452405 9180832.39478297 8027785.817320316 864973.5389528117 -9999.0 -9999.0 -9999.0 -9999.0 -9999.0 -9999.0 -9999.0 -9999.0 -9999.0 -9999.0 -9999.0 -9999.0 -9999.0 -9999.0 -9999.0 -9999.0 -9999.0 -9999.0 -9999.0 -9999.0 -9999.0 -9999.0 -9999.0 -9999.0 -9999.0 -9999.0 -9999.0
8910755.382252118 9443972.104263054 9439256.891813928 9397995.264643867 9420377.526411217 9429878.272123393 9444854.521536069 9436258.214527838 9569756.10375823 9505945.607241834 9492200.442047065 9483599.45115182 9567073.074880816 9575778.862792388 9590212.69085317 8383303.62487239 8869700.458414081 8858711.540741738 8450188.514360081 8946545.322903287 9013555.787599033 8552567.684567321 9674917.683274388 9573827.69517167 9461050.51526522 9435849.067066288 9303571.259823414 8844846.104303442 8771344.62049212 8516549.436486727 8442350.432850312 8544964.116382243 9193809.268518146 7799185.328796989 375699.1384023677 -9999.0 -9999.0 -9999.0 -9999.0 -9999.0 -9999.0 -9999.0 -9999.0 -9999.0 -9999.0 -9999.0 -9999.0 -9999.0 -9999.0 -9999.0 -9999.0 -9999.0 -9999.0 -9999.0 -9999.0 -9999.0 -9999.0 -9999.0 -9999.0 -9999.0 -9999.0 -9999.0
9472660.25475165 9265071.977592183 9166596.261536067 9115216.75930875 9155706.819163948 9458677.518918222 9358801.540479848 9374182.273197364 9433085.57418586 9520112.394917632 9428769.409989264 9441166.066722386 8299155.434258049 9411863.466454366 9576388.461476821 9607156.641657036 8506356.898977695 9303722.403198252 9065729.430702943 9090820.995209226 8064607.095658903 9647750.05076225 8515528.727729708 9519604.847126074 9383875.14097854 9453574.066273628 8866115.801430598 9160387.48837803 9248237.798078269 9333998.37283356 9298570.867289944 7666161.620363285 9461103.08500439 8034339.054051068 -9999.0 -9999.0 -9999.0 -9999.0 -9999.0 -9999.0 -9999.0 -9999.0 -9999.0 -9999.0 -9999.0 -9999.0 -9999.0 -9999.0 -9999.0 -9999.0 -9999.0 -9999.0 -9999.0 -9999.0 -9999.0 -9999.0 -9999.0 -9999.0 -9999.0 -9999.0 -9999.0 -9999.0
9413072.397660147 9232670.040940829 9089175.38485679 9020365.399693783 9039116.217316976 9223996.117273353 9482470.325982576 9408952.845502788 9485980.255928798 9469021.485336576 9379026.651822653 9513040.801617984 9235066.53749588 9277653.485211143 8505829.501354447 8856391.77329945 8543579.653364815 9588959.355023824 9582612.044279575 9163180.990571545 9559962.34604563 8952129.008958986 9080006.767494334 9450806.886554193 9405019.990168136 9273962.96321452 9308193.403424313 9555150.016222803 9553525.701463021 9379912.12618994 7409880.478418388 8347585.465887813 8361002.756962969 8440920.727086976 160485.24719548936 -9999.0 -9999.0 -9999.0 -9999.0 -9999.0 -9999.0 -9999.0 -9999.0 -9999.0 -9999.0 -9999.0 -9999.0 -9999.0 -9999.0 -9999.0 -9999.0 -9999.0 -9999.0 -9999.0 -9999.0 -9999.0 -9999.0 -9999.0 -9999.0 -9999.0 -9999.0 -9999.0
9440506.48277321 9128787.724246113 9373743.182696983 9393246.120187126 9321913.242202409 9395616.081998019 9415372.304513333 9274422.99767859 9220003.276639372 9316625.36889257 9466354.957186986 8116751.154565474 9272666.682297256 9460245.436841674 8230588.762573251 9343890.596718786 8819727.266044317 8564460.055658197 9543092.147681389 9255619.234913426 9330868.03854473 9609478.230391366 9597611.053022537 9468570.329258312 9323864.550074633 9275727.811614087 9408701.493842067 9517656.064535141 9529348.444962125 8178720.928424591 8379550.97339547 8509734.531120123 7703439.077773692 7299943.797596828 1490070.093173427 -9999.0 -9999.0 -9999.0 -9999.0 -9999.0 -9999.0 -9999.0 -9999.0 -9999.0 -9999.0 -9999.0 -9999.0 -9999.0 -9999.0 -9999.0 -9999.0 -9999.0 -9999.0 -9999.0 -9999.0 -9999.0 -9999.0 -9999.0 -9999.0 -9999.0 -9999.0 -9999.0
9340013.134888176 9230823.486928059 9227853.659715407 9435858.031510148 9352800.82109753 9405647.410909235 9225194.592648488 9338688.132134458 9391644.156259034 9412214.36829641 9343473.769555118 9267321.994647812 9106876.042757532 9222870.501249742 9202052.979459954 8032585.060273439 9126786.891017942 9344290.892132036 9503286.883532498 9438758.37470595 9572245.540343165 9622319.307466054 9577331.844146285 9537533.938621938 9355927.323122958 9518112.114046013 9613471.074527485 9314608.085828546 9425161.903868409 9278693.361551234 9373796.744105501 8150192.072285893 8826654.254871475 7857971.309472364 412855.3173660632 -9999.0 -9999.0 -9999.0 -9999.0 -9999.0 -9999.0 -9999.0 -9999.0 -9999.0 -9999.0 -9999.0 -9999.0 -9999.0 -9999.0 -9999.0 -9999.0 -9999.0 -9999.0 -9999.0 -9999.0 -9999.0 -9999.0 -9999.0 -9999.0 -9999.0 -9999.0 -9999.0
9513269.440281577 9387155.664600436 9186039.477475662 9289852.870556688 9203450.053366324 9408527.750019163 9264373.314151192 9320983.106131114 9351546.380261576 9219775.124499572 9349190.87686677 9275471.136300264 9131711.845638772 8593248.377072748 9041483.11708305 9096510.494352732 9306750.240480522 9379303.806897812 9516762.463976845 9519450.004800094 9559724.216099348 9567037.981664207 9492789.12721242 9587886.98396508 9280067.618997416 9557786.946903536 8567133.524498321 9322545.291518463 9305363.933372581 9395007.658762729 9287240.533333102 9288794.09276695 7634593.962944045 7060912.700319771 -9999.0 -9999.0 -9999.0 -9999.0 -9999.0 -9999.0 -9999.0 -9999.0 -9999.0 -9999.0 -9999.0 -9999.0 -9999.0 -9999.0 -9999.0 -9999.0 -9999.0 -9999.0 -9999.0 -9999.0 -9999.0 -9999.0 -9999.0 -9999.0 -9999.0 -9999.0 -9999.0 -9999.0
8672108.56205716 9365883.560590163 9047397.675620615 9173315.895927751 9364702.747644607 9297158.219602475 9193978.308729284 9212761.64187519 9158906.90897221 9024840.105228089 9056158.063495636 9156331.499869328 9202360.899625087 9245025.617181811 9163836.530693706 9235816.504738629 9179403.676163232 9302090.141206501 8721250.689601783 9548900.959705086 9236666.7664048 9608835.824138312 9445309.009067265 9522995.515737286 9473940.722131262 9561646.790383654 9427555.60321719 9480455.241421655 9368713.418332484 9280038.331218725 9312486.395723293 7392312.030019895 8032320.767100448 4461541.4528258275 -9999.0 -9999.0 -9999.0 -9999.0 -9999.0 -9999.0 -9999.0 -9999.0 -9999.0 -9999.0 -9999.0 -9999.0 -9999.0 -9999.0 -9999.0 -9999.0 -9999.0 -9999.0 -9999.0 -9999.0 -9999.0 -9999.0 -9999.0 -9999.0 -9999.0 -9999.0 -9999.0 -9999.0
8466077.452291459 9485961.0431945 9046666.431830583 9271643.596234156 9278002.465539575 9180200.403811608 9172651.938513119 9026805.22552235 9047101.406685414 8990128.497459376 8980503.74277985 9069561.896819362 8973822.007152526 9090356.676868882 9145233.533097444 8346435.911034465 8129040.430639262 9139328.77933712 9451519.412348358 9509913.798088644 9516606.876515262 9519816.134403896 8909226.927784204 9544958.832830872 9549461.096900333 9497975.653180243 9502206.021685205 9411673.736169755 9291584.73424266 9324610.59752486 9257564.821362223 9289446.69882855 8128927.494255479 4179650.4836786166 -9999.0 -9999.0 -9999.0 -9999.0 -9999.0 -9999.0 -9999.0 -9999.0 -9999.0 -9999.0 -9999.0 -9999.0 -9999.0 -9999.0 -9999.0 -9999.0 -9999.0 -9999.0 -9999.0 -9999.0 -9999.0 -9999.0 -9999.0 -9999.0 -9999.0 -9999.0 -9999.0 -9999.0
