critload/trunk/input/1999/n_man_eff.asc
ncols 720
nrows 360
xllcorner -180.0
yllcorner -90.0
cellsize 0.5
NODATA_value -9999.0
[rows 224 to 251 of 360, columns 192 to 255 of 720]
-9999.0 -9999.0 -9999.0 -9999.0 -9999.0 -9999.0 -9999.0 -9999.0 -9999.0 -9999.0 -9999.0 -9999.0 -9999.0 -9999.0 -9999.0 -9999.0 -9999.0 -9999.0 -9999.0 -9999.0 -9999.0 -9999.0 -9999.0 -9999.0 -9999.0 -9999.0 -9999.0 0.0 0.0 234461.629349 439865.602465 702684.250488 313685.169151 313545.691791 313359.110369 713905.264533 707548.803374 713307.615927 694190.613926 75150.093705 117399.450533 225621.974807 951298.791553 2524047.71208 2786598.14043 3040664.04301 2700466.68471 2673757.77735 2330027.74077 2486682.09373 2692047.43689 3285643.46201 3758276.17222 4286777.58065 4992022.60395 4710494.43727 7836650.79767 8351581.24341 8709338.21785 8483311.5189 7944948.71841 7530105.9369 6988816.80827 7704021.95285
-9999.0 -9999.0 -9999.0 -9999.0 -9999.0 -9999.0 -9999.0 -9999.0 -9999.0 -9999.0 -9999.0 -9999.0 -9999.0 -9999.0 -9999.0 -9999.0 -9999.0 -9999.0 -9999.0 -9999.0 -9999.0 -9999.0 -9999.0 -9999.0 -9999.0 -9999.0 -9999.0 0.0 0.0 467156.652346 817646.18043 1046396.2582 234017.871343 156281.358901 355134.222707 473584.491681 589596.891014 473223.48755 0.0 210068.316103 628301.836763 221575.518463 354906.395514 1113894.76792 2859259.40567 673224.201216 2502442.34207 2337229.23212 2497720.63217 2130842.64024 2689346.62719 2816223.50985 2770792.56006 3433317.05469 4778610.12789 2390249.06902 5889279.08847 8191487.65809 7921487.99341 8437378.41582 6897395.42492 7413304.08 5472167.49147 4912650.86551
-9999.0 -9999.0 -9999.0 -9999.0 -9999.0 -9999.0 -9999.0 -9999.0 -9999.0 -9999.0 -9999.0 -9999.0 -9999.0 -9999.0 -9999.0 -9999.0 -9999.0 -9999.0 -9999.0 -9999.0 -9999.0 -9999.0 -9999.0 -9999.0 -9999.0 -9999.0 0.0 0.0 0.0 931502.164661 1048240.56291 232966.249158 233111.453999 116447.121704 354038.968051 472052.999457 472226.410594 824107.367955 117854.012927 766127.342501 640134.480057 463792.716271 469344.711402 117605.942785 919911.476707 2348222.32315 2180954.4004 1844311.51532 2214746.08379 2486995.9632 2322046.8399 2645518.88696 2766430.1178 4976634.60945 3663120.91407 2348236.59942 4748090.85893 7957385.63816 7764415.01509 6983617.68842 7196665.68076 8689840.33489 5382635.2239 5824168.78687
-9999.0 -9999.0 -9999.0 -9999.0 -9999.0 -9999.0 -9999.0 -9999.0 -9999.0 -9999.0 -9999.0 -9999.0 -9999.0 -9999.0 -9999.0 -9999.0 -9999.0 -9999.0 -9999.0 -9999.0 -9999.0 -9999.0 -9999.0 -9999.0 -9999.0 -9999.0 -9999.0 0.0 0.0 811452.064834 464471.083314 347649.139936 115858.207889 0.0 352325.62175 235209.907723 587083.159041 698218.166973 557663.223937 807409.388449 576632.753401 466677.586597 585721.8528 1762928.41795 1640043.98025 1292510.71853 2672067.15273 2335455.75128 2362536.71745 1908784.64162 2294370.96298 2791375.06468 1981211.08469 3495206.01774 1655939.23488 1710934.50799 1683320.06815 7435028.6287 6988619.93592 4739889.17205 6342056.22463 5554606.4398 4670926.35606 4180733.82947
-9999.0 -9999.0 -9999.0 -9999.0 -9999.0 -9999.0 -9999.0 -9999.0 -9999.0 -9999.0 -9999.0 -9999.0 -9999.0 -9999.0 -9999.0 -9999.0 -9999.0 -9999.0 -9999.0 -9999.0 -9999.0 -9999.0 -9999.0 -9999.0 -9999.0 -9999.0 0.0 0.0 0.0 231115.557294 115708.578681 115708.578681 0.0 0.0 117188.848139 234223.954909 114565.627504 1353669.04539 1253999.08232 466923.278986 501312.286871 349276.264635 350154.905163 936963.336762 1401373.0159 1514311.4198 1287698.19814 1287529.77539 1856040.03965 1793458.09308 1968517.62358 2283553.80814 2151955.06892 3360612.28812 2144539.73703 1352869.35762 790239.961885 951362.575522 4274253.02564 5876205.18927 5034606.38505 4821367.86287 2102225.544 1774725.30491
-9999.0 -9999.0 -9999.0 -9999.0 -9999.0 -9999.0 -9999.0 -9999.0 -9999.0 -9999.0 -9999.0 -9999.0 -9999.0 -9999.0 -9999.0 -9999.0 -9999.0 -9999.0 -9999.0 -9999.0 -9999.0 -9999.0 -9999.0 -9999.0 -9999.0 -9999.0 0.0 0.0 0.0 115100.188638 0.0 0.0 0.0 0.0 0.0 114848.82188 376223.312968 1253590.38977 243636.084976 367443.606353 448113.171165 694645.139 697641.372903 1513497.88147 1281041.75882 1281840.92016 1254746.55393 1391111.59181 1153431.18466 1608158.57297 3498086.57942 2084285.34251 3115642.23691 3931141.41772 4074717.25998 3756405.70409 1958398.6958 1699684.57655 4348795.86313 5368354.93823 4794759.59898 2193118.99064 6790966.85105 7197868.44278
-9999.0 -9999.0 -9999.0 -9999.0 -9999.0 -9999.0 -9999.0 -9999.0 -9999.0 -9999.0 -9999.0 -9999.0 -9999.0 -9999.0 -9999.0 -9999.0 -9999.0 -9999.0 -9999.0 -9999.0 -9999.0 -9999.0 -9999.0 -9999.0 -9999.0 -9999.0 0.0 0.0 0.0 229030.677875 0.0 232191.784946 348048.040548 116016.112397 231871.923032 230782.992775 390063.758297 834412.109074 588380.611652 799588.267079 355771.501274 579557.061773 1614909.49675 1157488.93937 1159292.88968 813148.073745 812618.94547 1378510.91007 1368457.21603 1379830.38302 1690756.53706 5257432.74914 6145769.66917 6243805.69284 4563106.31819 2193324.94169 6059214.24016 2293814.19911 3999104.06229 5484219.59551 2112095.79399 2197061.93124 6164071.81673 6684232.25272
-9999.0 -9999.0 -9999.0 -9999.0 -9999.0 -9999.0 -9999.0 -9999.0 -9999.0 -9999.0 -9999.0 -9999.0 -9999.0 -9999.0 -9999.0 -9999.0 -9999.0 -9999.0 -9999.0 -9999.0 -9999.0 -9999.0 -9999.0 -9999.0 -9999.0 -9999.0 0.0 0.0 0.0 342234.580015 0.0 578063.794686 462287.712785 346837.767953 115855.502582 231306.930633 211584.534237 239466.746506 633923.539425 631546.402498 1405233.84002 595146.564436 91649.7086115 463260.795817 692233.077118 807678.879602 1193483.76993 905896.317398 797698.95746 1203351.43101 1340514.78505 1377288.61412 4661186.41908 5918765.98273 4843001.68423 5319712.57161 2226687.02959 2256149.51115 4693841.31341 812927.625866 5443615.68328 4260086.50121 2593246.55865 5877999.06261
-9999.0 -9999.0 -9999.0 -9999.0 -9999.0 -9999.0 -9999.0 -9999.0 -9999.0 -9999.0 -9999.0 -9999.0 -9999.0 -9999.0 -9999.0 -9999.0 -9999.0 -9999.0 -9999.0 -9999.0 -9999.0 -9999.0 -9999.0 -9999.0 -9999.0 -9999.0 0.0 0.0 0.0 113755.630997 0.0 230735.982535 460400.008367 345857.371506 0.0 574680.428898 556082.330813 772343.426968 694735.758771 811043.641313 1589946.71586 504957.218835 22910.8143529 0.0 799732.398466 992001.83849 1188085.21627 1073940.39874 1502615.85453 4384334.10807 4767831.77615 5841580.90915 3206585.83908 4599597.29785 3970971.08945 4570405.2985 1181544.30815 991322.446032 1589672.24427 223233.232622 1708376.68014 6018173.29731 6702384.44499 5803958.30043
-9999.0 -9999.0 -9999.0 -9999.0 -9999.0 -9999.0 -9999.0 -9999.0 -9999.0 -9999.0 -9999.0 -9999.0 -9999.0 -9999.0 -9999.0 -9999.0 -9999.0 -9999.0 -9999.0 -9999.0 -9999.0 -9999.0 -9999.0 -9999.0 -9999.0 -9999.0 0.0 0.0 0.0 0.0 0.0 0.0 343858.984713 114451.418882 572257.094409 783295.08032 458480.757017 1215383.79977 2778078.39245 499233.657106 834132.884943 356324.382368 388099.454115 347390.806792 754189.512076 1660121.50293 4767378.61623 4844405.15133 1743149.45541 1359436.13999 4572377.47514 3618138.96524 2254024.19945 4119461.12012 5236374.41771 4599068.57274 1817518.05021 5085517.84563 1171872.26944 703763.357858 1287447.79123 6497049.15514 2674104.82106 2073371.68148
-9999.0 -9999.0 -9999.0 -9999.0 -9999.0 -9999.0 -9999.0 -9999.0 -9999.0 -9999.0 -9999.0 -9999.0 -9999.0 -9999.0 -9999.0 -9999.0 -9999.0 -9999.0 -9999.0 -9999.0 -9999.0 -9999.0 -9999.0 -9999.0 -9999.0 -9999.0 218580.367247 598434.608593 0.0 0.0 0.0 228135.830915 570199.978742 798196.196287 685001.647516 684405.849797 843508.548071 4137497.27671 1149998.88666 556436.541475 453714.486248 577153.785907 576023.979797 319148.471582 834112.87788 1388153.20693 5017120.25069 1524730.23052 1324352.39232 1016284.03908 110115.059518 4171675.91878 3730639.25094 3229825.99237 4062358.03034 4090327.78774 4343704.69139 1517338.3655 4181026.22746 4259128.6635 5634790.23734 7191261.63671 4377963.36976 2464776.9043
-9999.0 -9999.0 -9999.0 -9999.0 -9999.0 -9999.0 -9999.0 -9999.0 -9999.0 -9999.0 -9999.0 -9999.0 -9999.0 -9999.0 -9999.0 -9999.0 -9999.0 -9999.0 -9999.0 -9999.0 -9999.0 -9999.0 -9999.0 -9999.0 -9999.0 0.0 0.0 0.0 336181.807782 0.0 0.0 567895.152269 454031.515441 903414.305721 563954.524356 885116.592889 641620.928111 1355865.50614 780681.216022 3552767.8153 1088275.70599 930651.750293 585949.669899 453362.929009 727836.683126 1458075.13387 1421038.70258 1434800.25126 1321645.30946 1668225.56097 5742129.3547 2804754.19778 6708928.42733 1335764.50112 190485.674187 6108685.20055 4705323.24087 5801355.66656 6237802.7974 5744770.24503 4365576.81361 4610764.63149 4449419.17073 4834328.11871
-9999.0 -9999.0 -9999.0 -9999.0 -9999.0 -9999.0 -9999.0 -9999.0 -9999.0 -9999.0 -9999.0 -9999.0 -9999.0 -9999.0 -9999.0 -9999.0 -9999.0 -9999.0 -9999.0 -9999.0 -9999.0 -9999.0 -9999.0 -9999.0 -9999.0 0.0 0.0 1338992.86706 223303.586431 0.0 0.0 113242.504002 444912.598754 452999.634755 113154.275282 663107.142156 1010091.3956 843433.426589 594605.298229 927016.259828 800048.727319 1110368.69151 645708.152057 425384.947141 1555010.03416 6746199.06292 1312744.62341 5982805.07628 3040703.55934 2857241.0279 3291895.6176 3268485.09775 6435139.65751 0.0 5360161.93575 3261674.71479 6368038.01371 6543550.73419 7522894.04382 4812165.93732 4070467.46263 1615254.35207 2200754.98175 4664495.99781
-9999.0 -9999.0 -9999.0 -9999.0 -9999.0 -9999.0 -9999.0 -9999.0 -9999.0 -9999.0 -9999.0 -9999.0 -9999.0 -9999.0 -9999.0 -9999.0 -9999.0 -9999.0 -9999.0 -9999.0 -9999.0 -9999.0 -9999.0 -9999.0 -9999.0 1216886.72139 1643260.04267 1105289.46012 0.0 0.0 0.0 0.0 0.0 0.0 79414.1099376 652229.066694 1006530.44089 1002120.1718 325985.856098 382271.531028 548048.244425 877623.559969 1126818.95882 776177.760001 4426620.5972 5614035.55051 2798226.74473 2687000.04538 3055338.25966 6161487.13503 3404380.05627 5831655.6008 5194032.22981 2999999.7324 3024247.89551 3218462.81707 6436504.28697 6455794.5526 6345541.04483 2439743.09591 4041306.24692 1956412.07078 7929920.74536 6329484.00511
-9999.0 -9999.0 -9999.0 -9999.0 -9999.0 -9999.0 -9999.0 -9999.0 -9999.0 -9999.0 -9999.0 -9999.0 -9999.0 -9999.0 -9999.0 -9999.0 -9999.0 -9999.0 -9999.0 -9999.0 -9999.0 -9999.0 -9999.0 -9999.0 -9999.0 1281199.5039 1215661.91239 221415.878479 112077.8461 0.0 0.0 216731.167623 218427.217137 106540.830569 362538.515268 0.0 671803.929321 1005338.80283 455705.91624 214687.471502 349737.520893 456003.328973 552119.712042 560695.147709 3516787.16005 1289836.42863 4373426.11451 2759609.95107 6526867.96763 2908291.55795 3098801.29427 3191172.8082 3262982.66552 3194767.67255 6122786.52394 6630508.70748 6547293.05426 6532835.23308 7125304.67591 6822525.93089 8140000.16187 6303730.87627 5198350.84148 3134462.50389
-9999.0 -9999.0 -9999.0 -9999.0 -9999.0 -9999.0 -9999.0 -9999.0 -9999.0 -9999.0 -9999.0 -9999.0 -9999.0 -9999.0 -9999.0 -9999.0 -9999.0 -9999.0 -9999.0 -9999.0 -9999.0 -9999.0 -9999.0 -9999.0 -9999.0 1059480.25789 1321010.97346 0.0 0.0 0.0 110072.406984 222774.792356 0.0 82676.6113785 0.0 0.0 223072.668398 669037.223599 1147179.01966 1831558.22463 925905.993426 1222937.20727 550811.603277 345351.579797 3673457.88463 1413631.4377 2892080.24149 2951358.58078 6661726.68175 6068430.98976 2954041.30076 3500793.67775 3306668.57046 3249067.36555 6526540.39805 6493562.08919 6772293.29966 6786039.38323 6603910.77036 6400737.17284 6964422.29599 6262726.17323 6009410.93539 6728421.86938
-9999.0 -9999.0 -9999.0 -9999.0 -9999.0 -9999.0 -9999.0 -9999.0 -9999.0 -9999.0 -9999.0 -9999.0 -9999.0 -9999.0 -9999.0 -9999.0 -9999.0 -9999.0 -9999.0 -9999.0 -9999.0 -9999.0 -9999.0 -9999.0 444532.072059 1339370.77575 1313316.34405 0.0 0.0 107874.764149 208259.44704 332179.22722 110967.177375 0.0 110369.00797 106240.263991 0.0 1328557.25887 4775266.34224 4868405.59017 4664964.52214 4966683.81224 1479305.53377 660638.929627 3794643.37489 4782347.88306 5615192.29368 5804410.29086 5650182.61324 6794987.35778 3321918.95308 3343121.05818 3072968.79146 5825596.14118 6248020.65884 6151540.72009 6208231.98313 6561018.11518 6928676.83288 7764096.03567 7224910.43026 7604701.78347 7195792.7099 6308779.93884
-9999.0 -9999.0 -9999.0 -9999.0 -9999.0 -9999.0 -9999.0 -9999.0 -9999.0 -9999.0 -9999.0 -9999.0 -9999.0 -9999.0 -9999.0 -9999.0 -9999.0 -9999.0 -9999.0 -9999.0 -9999.0 -9999.0 -9999.0 -9999.0 2406381.58729 1592310.33438 1170268.07396 110399.207126 220511.582488 110207.940313 108558.487924 109913.703862 110589.424277 106740.847982 110130.984058 0.0 661100.632037 5165441.33721 5029886.47661 3914860.99631 5516128.58424 3851846.51978 815977.431656 2575214.29275 3140695.82491 3811680.40921 4747039.54352 5624127.76544 5407609.38454 2801795.2501 2976756.20543 3274346.97263 5711471.26983 7004032.96795 6445682.37612 6148587.02493 6689875.1375 6274154.67908 6754421.06077 7034774.42294 7013341.22737 6538328.39359 4908994.08524 5813375.36162
-9999.0 -9999.0 -9999.0 -9999.0 -9999.0 -9999.0 -9999.0 -9999.0 -9999.0 -9999.0 -9999.0 -9999.0 -9999.0 -9999.0 -9999.0 -9999.0 -9999.0 -9999.0 -9999.0 -9999.0 -9999.0 -9999.0 -9999.0 -9999.0 528785.584834 1557867.44507 757906.650154 0.0 109531.398422 107324.927412 187963.135792 522489.093695 0.0 109531.398423 108322.16408 0.0 987516.471351 1831527.14872 2619142.65766 5189120.10976 4757842.58214 4342790.51332 2835466.72301 2634395.43139 2943584.18787 3514343.79551 4763899.45319 5783339.8267 5821850.05137 3034624.16347 6418876.69382 6251093.53381 6003066.13994 6878544.01424 7027673.19599 6573831.02057 6342494.43637 6228687.1478 6444008.05369 7177646.44104 6550917.22446 5371575.89351 5556080.90714 7116317.89065
-9999.0 -9999.0 -9999.0 -9999.0 -9999.0 -9999.0 -9999.0 -9999.0 -9999.0 -9999.0 -9999.0 -9999.0 -9999.0 -9999.0 -9999.0 -9999.0 -9999.0 -9999.0 -9999.0 -9999.0 -9999.0 -9999.0 -9999.0 -9999.0 439960.923451 1543010.31409 942917.629427 0.0 109433.745556 106928.885602 447048.338609 1083937.85232 654819.176135 764118.051431 217884.961111 108887.692722 1087393.77687 4748124.19923 1927213.28686 4565965.56546 4955043.69114 2441761.22739 2724012.33687 2131022.26383 2976826.14748 3425726.55085 5375208.80021 4008161.86091 4284642.11094 4406505.93369 5150902.87242 6683796.85544 6459489.33973 7038285.44708 6699967.03838 7028123.32868 6406533.87653 6455679.00913 7019579.97067 7354428.10007 6229613.9598 6905868.61357 7036919.57097 5429951.55
-9999.0 -9999.0 -9999.0 -9999.0 -9999.0 -9999.0 -9999.0 -9999.0 -9999.0 -9999.0 -9999.0 -9999.0 -9999.0 -9999.0 -9999.0 -9999.0 -9999.0 -9999.0 -9999.0 -9999.0 -9999.0 -9999.0 -9999.0 -9999.0 0.0 1550088.91576 1265472.96483 0.0 108545.148965 433069.231161 411710.42674 616138.634445 650969.674799 1084786.32291 867961.121876 976947.334575 1059403.16803 1762817.45402 1737593.20511 5081719.50582 3289256.2206 5191714.02651 5924290.63282 2309185.80689 3048029.08161 3917637.37432 4194754.26417 3466582.10566 2805434.46501 4063253.21602 3939256.86194 5627563.62617 16905248.2604 6464199.40587 7019341.04373 7146960.65458 6506821.60562 6135638.12755 6343784.51062 6162658.39606 6170035.84884 7902754.15816 5623761.55161 3975888.14847
-9999.0 -9999.0 -9999.0 -9999.0 -9999.0 -9999.0 -9999.0 -9999.0 -9999.0 -9999.0 -9999.0 -9999.0 -9999.0 -9999.0 -9999.0 -9999.0 -9999.0 -9999.0 -9999.0 -9999.0 -9999.0 -9999.0 -9999.0 -9999.0 138866.945871 5554079.86118 1439604.11968 210100.053635 0.0 322689.784152 1043609.85547 817958.869961 648158.689281 971736.46625 862655.567122 1013524.08422 934012.750574 1224919.45248 3187951.0806 5575637.36752 5832496.30128 4794960.71661 3915714.07911 4878942.85138 2228129.25918 2811551.08401 3586243.90899 5364124.24395 2725359.37005 3427429.96927 3532697.00354 4376336.95644 18575753.6667 6854897.87089 6362704.99535 4833604.66205 5763631.23799 6797497.46669 7002418.00812 6449991.59668 16351866.4584 4536770.66762 2028352.37353 0.0
-9999.0 -9999.0 -9999.0 -9999.0 -9999.0 -9999.0 -9999.0 -9999.0 -9999.0 -9999.0 -9999.0 -9999.0 -9999.0 -9999.0 -9999.0 -9999.0 -9999.0 -9999.0 -9999.0 -9999.0 -9999.0 -9999.0 -9999.0 -9999.0 1053343.24452 5489843.48236 4867764.51747 310366.86749 0.0 575704.059222 1037884.92206 940597.283323 742138.743525 857952.838267 1285737.01733 1465916.83627 1155704.04698 1803338.83387 5426479.28547 5863534.5117 5456826.59213 5095693.28858 2305724.93892 4652929.43485 2419549.06461 2729750.39161 3001005.54689 5023974.29841 2592103.89908 3683063.59211 3624844.46164 9994442.7673 15191733.4802 5218424.34507 6785211.04136 6990475.17155 7048108.08121 6941305.6059 6739871.98806 5542409.36164 14299855.6768 4907422.41565 1042509.9569 -9999.0
-9999.0 -9999.0 -9999.0 -9999.0 -9999.0 -9999.0 -9999.0 -9999.0 -9999.0 -9999.0 -9999.0 -9999.0 -9999.0 -9999.0 -9999.0 -9999.0 -9999.0 -9999.0 -9999.0 -9999.0 -9999.0 -9999.0 -9999.0 -9999.0 1284797.27174 5665928.06043 5441641.7877 841206.26221 320551.348169 643542.594632 533734.128077 427159.276015 426433.251653 640999.361599 1386596.07904 1336341.26895 1392559.56537 4073227.72931 6549325.04104 6344858.81013 4918678.80943 5086288.71976 4869692.90111 4401566.13028 2557935.34493 2668954.46386 2636407.38406 2856503.84411 3861287.32338 5701624.8399 5869168.05753 10692725.9101 14569850.8192 5566204.12294 6003799.992 5960143.51926 6414474.94917 6684612.40016 6019876.35717 18369508.0205 17579837.3149 2116031.26833 -9999.0 -9999.0
-9999.0 -9999.0 -9999.0 -9999.0 -9999.0 -9999.0 -9999.0 -9999.0 -9999.0 -9999.0 -9999.0 -9999.0 -9999.0 -9999.0 -9999.0 -9999.0 -9999.0 -9999.0 -9999.0 -9999.0 -9999.0 -9999.0 -9999.0 -9999.0 5596998.76845 5888272.63123 5368991.0929 313930.523969 318254.93701 529778.164316 425180.068386 425179.760334 530318.571021 424233.306788 1166848.92488 1294539.3087 1247603.84899 1055536.42735 3865619.37425 4226384.56547 5418301.92488 4992952.05002 4349829.57901 3634242.70279 4037640.58833 2644931.35058 2329789.08614 2556036.4982 2544180.98384 2970590.44675 2793341.23267 4647928.38869 10700390.4632 12947678.5111 13145918.0991 12307978.6612 16357360.9191 5669720.91322 6022254.58041 5429073.15318 8096343.42763 -9999.0 -9999.0 -9999.0
-9999.0 -9999.0 -9999.0 -9999.0 -9999.0 -9999.0 -9999.0 -9999.0 -9999.0 -9999.0 -9999.0 -9999.0 -9999.0 -9999.0 -9999.0 -9999.0 -9999.0 -9999.0 -9999.0 -9999.0 -9999.0 -9999.0 -9999.0 270012.638916 5270383.7992 5753208.71653 928412.49849 316208.632136 421372.051548 526820.877858 392647.638557 632691.248044 809958.088012 528841.957908 739485.614956 951084.042988 1045554.48716 1147632.36747 4935801.55647 4960972.49515 4215139.83776 5715330.12406 4486072.89623 2991573.2837 2534353.12817 2922756.41508 2338641.361 2180687.57554 2216831.12472 2590868.95579 2530475.83377 1676188.727 713732.776412 -9999.0 5157843.50306 9389447.44717 7732956.14477 9826548.56912 4338281.18148 5241471.99014 -9999.0 -9999.0 -9999.0 -9999.0
-9999.0 -9999.0 -9999.0 -9999.0 -9999.0 -9999.0 -9999.0 -9999.0 -9999.0 -9999.0 -9999.0 -9999.0 -9999.0 -9999.0 -9999.0 -9999.0 -9999.0 -9999.0 -9999.0 -9999.0 -9999.0 -9999.0 -9999.0 804833.805716 5451204.12995 5842069.71328 1219312.02191 418976.546683 725889.656541 541755.308145 510213.136162 314202.884985 463378.774607 315387.269702 420086.568333 732920.727326 930526.625946 1061434.50283 1511693.53453 5807231.26582 4790676.10262 5498039.3442 3941022.56103 3843576.71684 4453767.51144 2735332.52828 3001116.04084 2582744.67951 2286497.92943 2184533.2124 1985578.59925 2537633.34161 2320632.6426 1193748.39642 -9999.0 -9999.0 -9999.0 -9999.0 -9999.0 -9999.0 -9999.0 -9999.0 -9999.0 -9999.0
-9999.0 -9999.0 -9999.0 -9999.0 -9999.0 -9999.0 -9999.0 -9999.0 -9999.0 -9999.0 -9999.0 -9999.0 -9999.0 -9999.0 -9999.0 -9999.0 -9999.0 -9999.0 -9999.0 -9999.0 -9999.0 -9999.0 841288.749324 1366108.08988 6952317.62131 971828.168647 1228245.24347 520773.724941 416530.549035 485906.382601 416182.244935 312136.612393 312900.333341 416072.635038 417273.780132 624639.732872 935680.385459 1129592.49437 1376394.88861 4945987.55237 5450866.68856 5812855.95701 4465729.48558 4439803.93568 4700897.95388 2767766.84289 2668513.85956 4493837.93159 2323858.97973 2169497.72947 1858976.52152 1966594.93199 1890124.79128 1002483.9821 -9999.0 -9999.0 -9999.0 -9999.0 -9999.0 -9999.0 -9999.0 -9999.0 -9999.0 -9999.0
