critload/trunk/input/1999/n_up_grass_int.asc
ncols 720
nrows 360
xllcorner -180.0
yllcorner -90.0
cellsize 0.5
NODATA_value -9999.0
[rows 60 to 89 of 360, columns 408 to 475 of 720]
-9999.0 -9999.0 -9999.0 0.0 0.0 0.0 -9999.0 -9999.0 0.0 0.0 0.0 0.0 340654.58701477735 0.0 2701335.137718766 0.0 0.0 0.0 0.0 0.0 0.0 0.0 0.0 0.0 0.0 0.0 0.0 0.0 0.0 0.0 0.0 0.0 3150286.2168160006 0.0 0.0 0.0 0.0 0.0 0.0 0.0 0.0 0.0 0.0 0.0 0.0 0.0 -9999.0 0.0 0.0 0.0 0.0 0.0 -9999.0 0.0 -9999.0 0.0 0.0 0.0 0.0 0.0 0.0 0.0 0.0 0.0 0.0 0.0 0.0 0.0
0.0 0.0 0.0 0.0 0.0 0.0 0.0 0.0 0.0 0.0 0.0 0.0 0.0 0.0 0.0 0.0 0.0 0.0 0.0 0.0 0.0 0.0 0.0 0.0 0.0 0.0 3291939.529676326 0.0 0.0 0.0 579928.8985172783 0.0 0.0 0.0 0.0 0.0 0.0 0.0 0.0 0.0 0.0 0.0 0.0 0.0 0.0 0.0 0.0 0.0 0.0 0.0 0.0 0.0 0.0 0.0 0.0 0.0 0.0 0.0 0.0 0.0 0.0 0.0 0.0 0.0 0.0 0.0 0.0 -9999.0
0.0 0.0 0.0 0.0 0.0 0.0 0.0 1308066.7520562017 0.0 0.0 0.0 0.0 0.0 0.0 0.0 0.0 0.0 0.0 0.0 0.0 0.0 0.0 0.0 0.0 0.0 2975216.5443065832 0.0 0.0 0.0 0.0 0.0 3344586.215477692 0.0 0.0 0.0 0.0 0.0 0.0 0.0 0.0 0.0 0.0 0.0 0.0 0.0 0.0 0.0 0.0 0.0 0.0 0.0 0.0 0.0 0.0 0.0 0.0 0.0 0.0 0.0 0.0 0.0 0.0 0.0 0.0 0.0 0.0 0.0 0.0
0.0 0.0 0.0 0.0 0.0 0.0 0.0 0.0 3034848.729284041 0.0 0.0 0.0 0.0 0.0 0.0 0.0 0.0 0.0 0.0 0.0 0.0 0.0 0.0 0.0 0.0 0.0 2038675.991897893 2579911.910364185 0.0 0.0 0.0 0.0 0.0 0.0 3503285.1086442303 3259203.5424185395 3288019.8515487653 0.0 0.0 0.0 0.0 0.0 0.0 0.0 0.0 0.0 0.0 0.0 0.0 0.0 0.0 0.0 0.0 0.0 0.0 0.0 0.0 0.0 0.0 0.0 0.0 0.0 0.0 0.0 0.0 0.0 0.0 0.0
-9999.0 0.0 0.0 0.0 0.0 0.0 0.0 2539484.163716747 1920143.1343732795 2393702.3774692346 0.0 0.0 0.0 0.0 0.0 0.0 0.0 0.0 -9999.0 0.0 0.0 0.0 0.0 0.0 0.0 1692693.6418188876 2116838.6322464487 2129198.8289896254 692779.6024365304 0.0 0.0 617580.0575588444 3228871.836067821 0.0 0.0 0.0 0.0 706207.1067363551 0.0 3374396.863996211 0.0 0.0 0.0 0.0 0.0 0.0 0.0 0.0 0.0 0.0 0.0 0.0 0.0 0.0 0.0 0.0 0.0 0.0 0.0 0.0 2400318.4600622 2283931.198604703 638083.4682280223 0.0 2488798.6977296006 0.0 0.0 0.0
0.0 0.0 0.0 0.0 0.0 0.0 0.0 318518.80054492183 1187425.3883577525 1700711.9580827877 0.0 0.0 0.0 0.0 0.0 0.0 0.0 0.0 0.0 0.0 3551577.8762243427 3348879.4888220406 2715559.808038859 718456.4036907642 2672163.4460901804 2523437.0679753297 2303601.0207288577 1544223.5541464395 2962240.5513337515 2619691.2738036467 2783236.166163333 2624358.7662610984 0.0 3151424.228620217 0.0 0.0 0.0 0.0 0.0 499577.24055737857 0.0 0.0 0.0 0.0 0.0 516753.97984281555 0.0 130218.64308742437 283437.25205925334 57433.176677543364 138024.6447833826 358832.84118025395 0.0 0.0 0.0 0.0 0.0 0.0 0.0 0.0 2391007.297841266 2184271.2294338765 1644181.187362121 0.0 0.0 2351071.4202165916 2371103.458562525 0.0
0.0 0.0 0.0 0.0 0.0 0.0 0.0 0.0 2585965.679713429 3318382.817204352 0.0 0.0 2244395.9393000314 0.0 0.0 0.0 0.0 0.0 750634.4867428206 669925.9529192921 3640789.3290237603 0.0 0.0 0.0 0.0 0.0 0.0 690770.2114481872 2801097.856500883 0.0 2474042.873529175 594206.1383861908 2106572.823005391 698898.9602711886 0.0 0.0 3238057.593661866 3423117.6884202934 2679310.66471646 1908979.5390026786 3191611.8957745326 0.0 2969438.240277879 0.0 0.0 0.0 0.0 2340919.1874088575 1486022.0550716964 433379.1710582864 325710.76599744626 374631.8744668058 653043.7514463337 0.0 0.0 0.0 0.0 0.0 1618254.5712020008 1093836.8138956223 2555349.9873500485 0.0 2094115.3852601033 0.0 0.0 0.0 0.0 0.0
852772.102369363 922953.9923392622 0.0 0.0 0.0 0.0 0.0 0.0 0.0 2488666.022554886 0.0 742895.0241525649 2755029.2551328526 3408393.529343996 0.0 0.0 0.0 0.0 0.0 0.0 2515319.698061697 3224649.4516850524 1927463.7117036297 1446327.2307520653 3022475.161269939 0.0 0.0 0.0 0.0 0.0 3042864.36940078 1253338.158045748 1035331.2047200562 2347480.6237341217 3501852.137779199 3527418.456065181 3430591.722042926 0.0 3082232.4663729644 2009902.9945421012 671028.128103302 3270352.0980106504 2188865.7231293833 2651964.7365851533 1797504.8599724066 0.0 1738131.3491799915 2656313.7194536263 0.0 1552989.95662422 441420.2585521957 123047.30102380617 261486.09728656767 256407.25172033263 1883719.3414580252 0.0 1002062.1610580254 611004.1733925258 768426.6398688627 510831.1975421881 2258074.324786149 330676.03722969844 483533.4911695789 473111.3557047805 0.0 0.0 0.0 0.0
0.0 0.0 2424227.940263137 2789102.7094268664 0.0 0.0 0.0 3998102.5915964865 3337711.0097052497 0.0 0.0 0.0 0.0 0.0 0.0 0.0 3809265.164668948 587216.5662544778 0.0 2166654.4355268683 931329.216582278 1797600.3778991783 0.0 0.0 0.0 0.0 0.0 0.0 0.0 0.0 0.0 0.0 3435930.328375505 3398445.117822121 0.0 3048636.558611228 3335474.1460363506 3159326.8339376883 1961839.8912851969 1298621.976245524 83662.68732024981 63349.056118573106 170064.71440495527 219090.71454360822 1154387.9531781476 243156.83360849833 22429.50610248327 233930.1150864458 524096.0143727283 1321230.398943592 815401.3375135595 12229.120306712697 45360.210473911626 1358453.4994665312 1199795.9405405878 528712.6617433879 593474.6979793956 14734.325543858235 1209828.906709699 1426156.306384982 692108.2499868289 882840.0190479995 316960.6928201489 90964.59562967852 0.0 0.0 0.0 0.0
0.0 1612285.844128583 2187438.460657097 0.0 2280178.856962369 2347586.9000058826 0.0 1756587.3862059212 0.0 594456.5140032747 3463339.127166801 4137198.2957291384 4111966.5835679886 5178413.160929526 3152244.9064059267 0.0 2773889.5668181283 0.0 0.0 704888.7966458099 2603300.6825948814 2363346.313414508 2607289.6110778144 774563.6541993994 0.0 0.0 0.0 3081651.6940265656 1518871.1773142975 2296135.106659957 0.0 0.0 0.0 3340836.630649084 0.0 0.0 0.0 0.0 634782.8437117101 862875.9023215107 194308.67765916506 17683.422425574143 307021.39727736975 19437.823081983108 534690.8436198807 0.0 604719.2274472937 426898.58152182266 46541.09160434089 36831.496582727574 246737.01710684097 87952.25738262525 104959.3190794904 262099.70078084504 427050.10539265594 440743.4950609512 342742.96997077775 310547.9693910097 801097.2149029226 510791.2427870528 142220.9985259586 28685.32435067777 67283.15866381103 513995.865686147 0.0 0.0 0.0 0.0
1975040.270107892 3183755.0902045444 2203245.9225113206 1503351.26267449 0.0 0.0 0.0 0.0 0.0 0.0 0.0 0.0 3496367.3172994475 4229177.493506501 3128039.172819472 3091152.214124173 2909568.5375905847 730853.2399596194 3476694.596768688 3133066.6851143343 0.0 0.0 0.0 2164778.682126593 703548.2635406628 2685873.3291037823 2778281.7362516155 1751418.5912788843 1737606.5080419346 560486.6084131469 304807.51800063875 2382497.0575926392 3446626.260964263 2220134.690816351 2813089.865327087 2334250.8439822313 1184862.7633631376 1744210.5226074497 0.0 783689.8576550335 0.0 295209.49369664915 104937.65235110704 164064.14841000267 379175.3231112789 0.0 0.0 169913.4005091533 85556.87299592659 489585.5779280368 1588763.9759570782 215601.2023567638 829950.9766427306 919363.7889770813 704622.4902179103 210878.32067457857 1088776.5598194622 342605.8448056965 241534.67362412895 464785.2400878566 814232.2881217011 51905.708661859084 362825.79275485815 1042112.9961069574 1754423.6294441265 0.0 0.0 0.0
0.0 0.0 1643334.1989485524 0.0 0.0 0.0 0.0 0.0 0.0 0.0 0.0 2790485.8475921075 3596823.3971152874 2247920.183664874 6328913.597873363 1210773.774541684 1039097.4956111241 2314871.7277855566 0.0 753472.6979562062 2964925.1803495726 2189470.2371415608 425988.90754592785 176710.30456994005 2091439.886799057 2340979.9284216072 1301967.4223836053 1536185.5379415983 402465.7414041879 5396.528406521135 10540.771233438123 69871.2994175711 1036864.9666308096 1017166.1911689206 1511921.974055275 340493.27444082167 1243454.4576541276 2595873.4652807405 172.92585335726525 456672.64736896235 457060.73295377893 153003.30046093435 278495.2660620858 362718.6027849341 752032.3429195809 417385.89871329244 218058.99157761814 186351.00575658222 426423.41658935364 449067.9589603931 716592.0360288143 1528991.880314193 408414.44022853853 2442.058436064054 296827.6388513309 2013.8735081315083 101213.8890323796 46211.562827535214 288370.96979018854 0.0 698191.4487611387 102092.88569400871 40657.08651402298 336254.3239363597 332479.8099735446 0.0 -9999.0 0.0
0.0 1274251.9501301888 0.0 0.0 0.0 0.0 1388477.1614754589 1338595.6294789019 0.0 0.0 0.0 0.0 3773287.2555805775 2570642.7783359084 0.0 2902796.7781018973 4102988.235794891 2766542.6539382874 1976178.8837524608 2860323.307837983 3207049.483471977 3373903.7997288215 3117211.4232203807 1879542.1801751226 1200433.8948147965 41811.96137214356 105020.13223475541 192518.5272286678 58743.03854930535 39145.26729032412 7933.489703287304 125983.52675240644 696020.4998401826 41115.3733257941 29426.749133699475 247276.9756743499 0.0 717089.6354198741 16785.34576488242 266643.94297905144 562638.1269370728 364879.3851652405 209808.3658243666 0.0 0.0 0.0 0.0 558737.0759928202 747779.9412473269 1101004.0777213743 232985.47687396573 312465.4867092657 155437.84047738655 57581.16018268194 373913.3704124386 389790.83755044325 127296.64202112056 0.0 15994.005084765156 22958.284465987326 32201.261675253456 521088.8991357774 35082.59949062716 305613.5649373395 1119942.4672392004 0.0 0.0 0.0
1496468.5231515951 1129574.0753525072 0.0 0.0 837544.5114923631 734690.8532308341 783369.7761444165 0.0 0.0 0.0 0.0 509207.54674602963 4185951.9367448376 0.0 0.0 1808250.22304699 1700014.2919081997 2204487.4481139053 3331154.9405039675 1803819.466789285 0.0 2727623.4810685925 1867819.1375337057 191592.09247851124 321168.0172866346 214642.01877286116 21745.172298588102 14059.348853298836 17995.492361871173 6511.408321359125 3719.319680079727 108063.79361161396 383792.7354552651 21979.222794302088 431143.3215996708 1178149.125797884 249861.78822448925 222812.38175489067 315449.8277986635 222668.5587697904 189053.83490540856 383256.0876966914 1016259.7542788746 1419395.8991743624 1143434.710937837 1069771.2125812403 368842.4259644529 735637.8824567671 626477.1509332214 515918.38795513613 0.0 2021548.9397011867 1144307.7771734972 287260.47011281736 245839.99001147834 181450.53094122815 0.0 1430.8052620553235 1438.6731057489799 1369.0586402728095 1543.2325468318459 123090.6274497956 60551.7173726838 27739.21257302241 0.0 0.0 0.0 0.0
0.0 1261926.4607352638 0.0 0.0 0.0 0.0 0.0 1569269.0440051488 0.0 0.0 0.0 0.0 4878607.73698448 2933689.2297700793 0.0 817630.6742197683 1013408.9328562123 908877.4797594628 642134.9013941642 2420444.590685948 0.0 1374772.5036962824 534978.8957783201 129208.3736358612 64162.72494952253 55828.914167665425 51467.054688160824 175517.73865145448 23971.72446357643 39727.16847457106 109885.43431180288 1542389.7787829218 532931.0869029844 184845.07338514482 426291.66912072204 1928576.9866110662 25754.991641916356 391562.50315142976 169220.89184980738 219068.22331157373 164433.48904876466 340871.7289966418 324948.34395453625 250731.00877311308 473244.98749372596 507257.78164537216 1028366.8472426565 507645.04018157534 64876.28903228314 46555.843578871165 29811.06441137933 10869.369042670507 24909.69611671637 64134.7698824315 86826.72239585733 48926.73001983716 380333.6657734765 100215.05317741599 0.06553506408038837 353.66647610284224 32780.03743828852 35901.10142981287 1462.5618044531955 191727.2450355869 139104.70029976463 0.0 0.0 0.0
2027419.78444051 0.0 1169357.025520015 2317737.978947139 2275234.03335388 2840258.5187684763 3725560.0069424985 4148533.105004248 0.0 3852891.8035411276 4540341.839830345 0.0 1531564.0880327486 3651177.665859674 1910197.0994724794 1672612.6834106813 1242880.065071928 1523522.912357975 2636306.0355730643 3603441.056250461 1206990.6286477472 196301.11540044664 1133944.9207439034 166375.0509516185 18255.0481509819 39243.95891804766 81683.61047317149 79113.7187694291 148124.34421015647 179531.4770847302 962832.1809833179 340677.4666202862 13502.353929795438 13870.58288519626 94873.84135014277 8508.379612698192 212521.04223716786 59412.87985287966 230577.38649107146 143975.78616838696 217929.5734474659 59802.29562813533 68397.09573900714 249441.41442190603 524226.14240016765 392573.3526940854 719166.2823862568 533033.7945270131 205114.28844741217 0.0 0.0 0.0 0.0 0.0 0.0 9949.31603377688 18829.804772223164 5249.1411526537095 162766.3935987128 281581.54733687855 98101.58962609326 266784.1792648504 59813.963932530874 23085.18341090127 58738.74126651005 183959.07967760623 0.0 0.0
4715439.693299058 2979392.071948173 2348665.664154619 3429208.121181423 3922205.471805553 2359667.540467673 0.0 0.0 0.0 0.0 0.0 0.0 0.0 3487259.429102359 1881273.6365142122 2456804.4078026325 2060360.4003871672 2865812.877300495 3151541.9831220945 1409221.1836951782 1666665.1986299641 261369.1069932031 168517.02811396058 115012.32098997032 242511.08890586765 7072.734897720783 157445.67279445555 6952.360217024321 6610.817176968045 7559.828757797827 1723503.7536132985 311230.5061065888 102767.02120638554 74380.97578309933 32540.184606167317 104655.33818065768 383364.520752333 231087.14794034944 477250.63472160295 9644.973215369617 37291.05816405551 131854.70021781148 47113.026328472886 301457.3550157723 551600.6192473542 658177.9042850587 712546.4789143811 0.0 0.0 0.0 0.0 0.0 0.0 0.0 0.0 0.0 0.0 0.0 0.0 0.0 0.0 0.0 0.0 0.0 0.0 0.0 0.0 0.0
2410743.8253503013 1687478.787729013 2463735.9935047436 3315550.4749343502 2678794.9621930984 2333525.4319460564 0.0 0.0 0.0 1927323.6391038129 2240862.111701947 3101208.4085143753 2830577.098983759 3774952.453762259 2537549.3889899105 2572237.8609542246 2711411.4918858027 2711831.8018648853 1735723.3032591394 1329401.6142127374 1215586.680336862 315170.5794367425 55521.21461715794 6723.164683996464 6732.201760005724 7627.455154660869 156914.18929144405 444823.02708057436 24688.41696196154 15425.542675571001 617556.573685582 167261.28589287063 1530920.4836058607 102432.67429416468 179088.51287825964 708477.7000587452 855389.6088001392 127648.89206097789 181090.88546287667 25471.282938969704 21616.116977803136 205848.86903923974 190776.42569423615 584933.1762478553 370644.3453322188 0.0 0.0 0.0 0.0 0.0 0.0 0.0 0.0 0.0 0.0 0.0 0.0 0.0 0.0 0.0 0.0 0.0 0.0 0.0 0.0 0.0 0.0 0.0
756111.4563829134 290498.70895363024 373829.37684810656 1429402.281243767 1892441.8613548435 166076.3584553781 1145265.7971992383 852843.5397916649 1117256.8223372202 787906.8928721624 1401698.939961833 1785852.1728936555 4208405.950996385 2972851.247364742 1450553.6687739925 905580.2277094556 1118363.09466005 789520.5389074873 846450.2244987468 490329.32490811695 502813.33760167897 1462074.8550959087 811428.7422289236 108999.17397616233 37905.361226855755 373407.3033344739 36211.76069790253 135526.3906774251 47928.84158283526 154777.4951402384 158231.2635642228 998864.9429023713 1337700.824653204 191073.3637045708 44889.334735749064 415967.9986729494 241115.43004677613 293044.85693999956 42033.95549674728 123765.21320267837 186069.94453619415 718168.0639942539 206925.99181564918 1004403.6449577622 0.0 0.0 0.0 0.0 3106062.759421762 0.0 0.0 0.0 0.0 0.0 0.0 0.0 0.0 0.0 0.0 0.0 0.0 0.0 0.0 0.0 0.0 0.0 0.0 592620.528304486
2606853.0444249418 2178918.3604973173 790306.6504044344 956917.8349482231 144394.02199236982 1191592.9327800642 479199.89264359965 914138.3714948905 431131.0332821018 457398.0290620752 577747.1911949645 1009466.0993951383 1240039.109040393 2017708.9951604477 990378.1431704276 988929.2315530302 388848.5172893677 900102.4770448114 990742.0308377965 689878.5892443605 895585.001182975 1672640.391597193 838236.3851172298 1042318.6011630081 1082077.8119257647 2266421.7741544014 2394186.1594384774 199549.31682216696 379636.33523239417 6217.857886286482 56988.7020417274 221998.15799766255 676872.5988918807 282268.40879559045 5569.629243994944 156088.56817083235 413815.9090584293 76669.66444619485 375457.03671826597 664366.6079023851 689384.1144337762 767125.2833253826 1675659.6415833498 2300381.7540911622 0.0 0.0 0.0 0.0 0.0 0.0 0.0 0.0 0.0 0.0 0.0 0.0 0.0 0.0 0.0 0.0 0.0 0.0 0.0 0.0 0.0 0.0 0.0 0.0
1054254.210980764 1982559.274997187 1254655.5282627444 227269.13834184583 45728.096218638806 19443.768672399005 307988.20276832156 203109.6986899627 147856.40831647694 312849.05590300955 275479.8012537593 472894.54122343217 1097732.2660929575 747052.9091971895 1035814.5532888486 1188384.0855895034 788509.4749327899 1416878.2878530142 1095128.743110055 1247177.4586339714 463012.44817925984 1277520.074770314 1320893.3138971627 1276636.0835219377 245911.67345598844 2201789.9969928423 276483.3150447068 1111995.685085993 0.0 0.0 0.0 446775.8242426467 234940.54493565534 450976.7092840789 1148960.9594818 559622.9497502418 764299.0986316098 1594217.5594738435 1976632.340175671 1068461.197079944 605966.1486505873 2052348.8583416215 0.0 0.0 0.0 0.0 0.0 0.0 0.0 0.0 0.0 0.0 0.0 0.0 0.0 0.0 0.0 0.0 0.0 0.0 0.0 0.0 0.0 0.0 0.0 0.0 0.0 0.0
2861774.474767968 1944298.0536464818 586038.6403031874 756063.0229799097 325496.35158637055 2715101.8492526757 700209.2547814577 279252.1549037349 977721.1373042072 351067.11030483845 124940.71297037552 233068.36122000683 460387.958656738 624434.8613835541 759348.4845050087 1713339.443693252 1909071.513474256 956106.1376841357 0.0 1891297.175102545 1429881.4069582804 1583750.1483781664 693262.9596045997 978835.8542696259 1319230.557980816 663146.8812991017 4570672.900402471 0.0 0.0 0.0 0.0 3433448.07272583 647835.7440585224 14991.702626606524 0.0 12335.051101789308 77200.08569278415 384452.2201178817 2094727.8701589918 3029425.7466018284 2695397.2558839265 2878823.1582960854 2962764.2676977534 0.0 0.0 0.0 0.0 0.0 0.0 0.0 0.0 0.0 0.0 0.0 0.0 0.0 0.0 0.0 0.0 0.0 0.0 0.0 0.0 0.0 0.0 0.0 0.0 0.0
0.0 3588225.701358859 910957.2436432233 655774.4008124521 364724.69185063225 0.0 3525123.3894021777 369457.0910756697 464199.9704636489 915174.0929780691 2139595.489610903 782703.0641925576 648592.3189331159 491524.4347626479 124390.71662798696 299905.6331258765 1610464.0288197652 819318.429658999 4388024.970867814 886570.1812600243 0.0 1315246.9540841926 2330444.586868628 2255714.342519089 1999784.7327042515 4935879.990786413 567316.9990949711 1143356.6804597748 0.0 3179528.104497782 2492091.2485682443 1649067.0448019379 689082.3321886555 245165.48899446218 333292.52098498895 552358.5818026634 631658.2659980976 1528845.1138226187 2212002.415327791 3103238.8222768675 2168717.6526674507 0.0 2981475.2863683524 0.0 0.0 1206817.362181118 0.0 0.0 0.0 0.0 0.0 0.0 0.0 0.0 0.0 0.0 0.0 0.0 0.0 0.0 0.0 0.0 0.0 0.0 0.0 0.0 0.0 0.0
0.0 0.0 3033853.827742951 2838861.9550654856 2341836.05252498 2902609.649241381 3221824.72123574 1665112.2984747242 540749.3938013163 1226047.0527256145 1575279.7625893157 951931.801149198 499606.13093200966 516433.6951883429 330550.62779178016 331926.0008182497 77590.69398894544 8263.460811096451 1954886.8906081 0.0 0.0 2139238.0104069803 1678942.100201384 2679159.797175863 2079374.8934782178 2688355.033417654 959939.5305082502 1453390.402387052 0.0 0.0 0.0 955959.0615081177 275470.8758215755 196919.19686419785 100726.24641957255 494383.2983023615 824819.3628702614 1919932.435474124 2543413.891865555 0.0 0.0 0.0 0.0 0.0 0.0 0.0 0.0 0.0 0.0 0.0 0.0 0.0 0.0 0.0 0.0 0.0 0.0 0.0 0.0 0.0 0.0 0.0 0.0 0.0 0.0 0.0 0.0 0.0
0.0 -9999.0 0.0 0.0 2290683.6217220225 1745198.579598957 1778307.8372576695 301854.9387110228 154304.15501507788 1330702.932634047 636968.6358413902 759109.5996007186 60830.976849543775 13157.063266356481 377351.2178209471 7516.819049495204 0.0 32099.54667772411 1743531.376654419 1713832.1657951765 315158.505508865 2883035.0800134456 982124.1688325857 1643149.1227879154 1508608.2917113805 1657174.2508719694 2502477.0762121514 2904570.8595784185 1762667.9788818543 1067225.3163863858 198319.72749784894 260777.9013406938 308725.9555696763 372251.6327447147 224359.8336191176 414310.82216701476 0.0 1946475.6075204196 3817287.8785933633 0.0 0.0 0.0 0.0 0.0 0.0 0.0 0.0 0.0 0.0 0.0 0.0 0.0 0.0 0.0 0.0 0.0 0.0 0.0 0.0 0.0 0.0 0.0 0.0 0.0 0.0 0.0 0.0 0.0
0.0 0.0 0.0 -9999.0 3091773.4092174643 2067523.7842667836 3010973.8753725006 1110550.6876149948 2348119.6144124335 1746218.6950016313 1610160.7091807183 153539.3140114215 1.255202506965739 1.3194002225112618 1297811.0342758086 348971.99765290454 98518.23636300187 32998.16584321727 145194.66239605148 1384043.9598237856 620015.9067162368 586730.4703384328 2155700.082566434 42589.9051760536 7954.769933193641 4402.391904641976 2079611.722303899 1599532.8716971083 1007683.1910465698 100885.94430913533 368002.9839343995 418595.95230529696 151506.79582111715 43254.87195407336 10173.446429647818 130944.59847205173 2060234.7935804173 1300580.202693175 2628249.1079939036 0.0 0.0 0.0 0.0 0.0 0.0 0.0 0.0 0.0 0.0 0.0 0.0 0.0 0.0 0.0 0.0 0.0 0.0 0.0 0.0 0.0 0.0 0.0 0.0 0.0 0.0 0.0 0.0 0.0
177551.93316385857 0.0 0.0 0.0 0.0 3182408.082314258 6469262.999836745 3358836.8425195357 2587649.664109552 753402.4841756432 2875573.5598763786 2635927.378736007 2343784.301364637 2596505.7471404946 60531.98512993189 2119068.345863496 435522.5734878794 1114468.0658856395 3861031.301442418 0.0 3091922.802273864 601487.3834824401 1250944.334460207 2252546.378978379 2041244.7086310508 1783591.0303101635 37660.066858588434 78501.20049865807 76827.17282388257 377443.3809015558 105940.32960757455 91297.49340151965 70791.9748192514 75885.12206718759 91712.33115066477 159143.16133430382 1145820.7851914412 1548355.1619197365 3641084.336727014 0.0 0.0 0.0 0.0 0.0 0.0 0.0 0.0 0.0 0.0 0.0 0.0 0.0 0.0 -9999.0 -9999.0 -9999.0 -9999.0 -9999.0 0.0 0.0 0.0 0.0 0.0 0.0 0.0 0.0 0.0 0.0
2773627.3583486145 0.0 0.0 0.0 0.0 5040667.768760313 3073456.4564577336 3044198.8230159455 2202208.4969496634 3605930.174557727 2253731.1892663473 2579217.88424956 1313218.611917692 169187.98639783633 -9999.0 24865.92746140092 591773.8977476701 1834118.5850826567 365194.21219020954 1686400.2107266057 1063913.00139771 2583644.9506777795 2033.1623157878737 96.3048950682143 -9999.0 -9999.0 -9999.0 6582.513211900422 409696.64552835125 561599.4452881026 53158.370273258006 75370.23776293067 59708.325746386 53295.4978347873 60721.567247345105 330451.7334591583 1141603.6079601983 1681198.0913070843 4054369.274081191 0.0 0.0 0.0 0.0 0.0 0.0 0.0 0.0 0.0 0.0 0.0 -9999.0 -9999.0 -9999.0 -9999.0 -9999.0 -9999.0 -9999.0 -9999.0 0.0 0.0 0.0 0.0 0.0 0.0 0.0 0.0 0.0 0.0
0.0 11191509.05452856 0.0 2828645.76546493 0.0 0.0 1903932.127302679 2687767.8925201814 3509311.5652450616 843047.9963584995 610695.4820412787 494593.8247454385 19100.957338718217 -9999.0 -9999.0 -9999.0 -9999.0 0.0 2847955.088086377 3906624.600001836 2899137.3861222058 1978169.4756916815 -9999.0 -9999.0 -9999.0 -9999.0 -9999.0 0.0 1384432.6083461167 329068.363189011 102743.8258901987 55119.310075866306 146381.45554763664 125701.56609975072 12954.728312940222 13442.758466045345 183061.47703412033 537195.5687419762 3305769.051608212 0.0 0.0 0.0 0.0 0.0 0.0 0.0 0.0 0.0 0.0 -9999.0 -9999.0 -9999.0 -9999.0 -9999.0 -9999.0 -9999.0 -9999.0 -9999.0 0.0 0.0 0.0 0.0 0.0 0.0 0.0 0.0 0.0 0.0
0.0 0.0 0.0 0.0 6850623.810094313 6588060.070209884 2642249.1796945115 2560508.527963234 1852619.8324704405 6240116.282146493 5484902.396786155 0.0 -9999.0 -9999.0 -9999.0 -9999.0 -9999.0 0.0 3285995.231757144 3813543.2563507785 2859870.792147503 1948245.7332049406 1277481.663936402 2336728.5857325275 0.0 495854.41030883364 423832.60262211337 91757.43691848672 18029.430518837275 29584.047630472833 74703.05574709257 206970.12710714008 172790.33102935928 128376.30673384773 144764.4455367121 223795.3973130234 40850.18390429565 179102.85821635267 1128260.4804894638 3215947.2423964133 0.0 0.0 0.0 4528503.556456429 0.0 0.0 0.0 -9999.0 -9999.0 -9999.0 -9999.0 -9999.0 -9999.0 -9999.0 -9999.0 -9999.0 0.0 0.0 0.0 0.0 -9999.0 0.0 0.0 0.0 0.0 0.0 0.0 0.0
