critload/trunk/input/1999/n_up_ag.asc
ncols 720
nrows 360
xllcorner -180.0
yllcorner -90.0
cellsize 0.5
NODATA_value -9999.0
[rows 210 to 239 of 360, columns 603 to 669 of 720]
-9999.0 -9999.0 -9999.0 -9999.0 -9999.0 -9999.0 21972.1 0.0 0.0 0.0 0.0 0.0 0.0 0.0 0.0 0.0 0.0 406425.0 135513.0 0.0 1170300.0 270873.0 526335.0 526419.0 0.0 0.0 0.0 0.0 0.0 0.0 -9999.0 -9999.0 -9999.0 -9999.0 -9999.0 -9999.0 -9999.0 -9999.0 -9999.0 -9999.0 201242.0 218601.0 218612.0 1214870.0 1533950.0 1521390.0 1394650.0 263553.0 -9999.0 -9999.0 -9999.0 -9999.0 -9999.0 -9999.0 -9999.0 -9999.0 -9999.0 -9999.0 -9999.0 -9999.0 -9999.0 -9999.0 -9999.0 -9999.0 -9999.0 -9999.0 -9999.0
-9999.0 -9999.0 -9999.0 -9999.0 -9999.0 189287.0 0.0 0.0 0.0 0.0 0.0 0.0 1601610.0 1505010.0 1366740.0 1167100.0 1304040.0 405780.0 1100450.0 1096300.0 3493300.0 1225260.0 1156790.0 1279800.0 0.0 0.0 0.0 0.0 0.0 0.0 0.0 0.0 -9999.0 -9999.0 -9999.0 -9999.0 -9999.0 -9999.0 -9999.0 0.0 1065570.0 674459.0 404731.0 242347.0 1530760.0 1644280.0 1621680.0 564270.0 -9999.0 -9999.0 -9999.0 -9999.0 -9999.0 -9999.0 -9999.0 -9999.0 -9999.0 -9999.0 -9999.0 -9999.0 -9999.0 -9999.0 -9999.0 -9999.0 -9999.0 -9999.0 -9999.0
-9999.0 -9999.0 93424.4 -9999.0 396012.0 442506.0 0.0 0.0 0.0 0.0 0.0 1302780.0 1302750.0 1237850.0 854801.0 1309390.0 1585670.0 0.0 1170890.0 1576820.0 1508510.0 1157330.0 1156600.0 1147640.0 1215140.0 1138060.0 1272070.0 1259850.0 3460760.0 0.0 0.0 0.0 0.0 -9999.0 -9999.0 217150.0 403425.0 -9999.0 -9999.0 0.0 266247.0 806395.0 873891.0 415872.0 1500350.0 1483490.0 1550300.0 475803.0 -9999.0 -9999.0 -9999.0 -9999.0 -9999.0 -9999.0 -9999.0 -9999.0 -9999.0 -9999.0 -9999.0 -9999.0 -9999.0 -9999.0 -9999.0 -9999.0 -9999.0 -9999.0 -9999.0
-9999.0 -9999.0 688354.0 238480.0 709286.0 1120950.0 1117080.0 0.0 0.0 0.0 1221120.0 1503990.0 1298860.0 1509040.0 1164900.0 1305600.0 1512600.0 0.0 1030910.0 1640910.0 1231070.0 1153680.0 1158630.0 1278190.0 1143980.0 1134280.0 1202000.0 1124750.0 1323200.0 1440430.0 0.0 0.0 0.0 0.0 0.0 1162460.0 -9999.0 -9999.0 -9999.0 268574.0 655372.0 402065.0 0.0 134388.0 1225190.0 1223180.0 1220110.0 3568750.0 334756.0 -9999.0 -9999.0 -9999.0 -9999.0 -9999.0 -9999.0 -9999.0 -9999.0 -9999.0 -9999.0 -9999.0 -9999.0 -9999.0 -9999.0 -9999.0 -9999.0 -9999.0 -9999.0
-9999.0 654648.0 1085990.0 865558.0 902446.0 3427220.0 1184390.0 1136650.0 1204400.0 1419040.0 1351000.0 1224890.0 1225500.0 1294670.0 1296880.0 1367130.0 1368340.0 1158800.0 1635630.0 1761360.0 1355400.0 1345590.0 1277640.0 1537460.0 1336520.0 1328660.0 1261880.0 1122520.0 1388290.0 1313510.0 1313420.0 1240200.0 0.0 0.0 0.0 91927.8 -9999.0 -9999.0 0.0 1233670.0 668648.0 677299.0 0.0 0.0 685608.0 1108850.0 1322290.0 3938400.0 747237.0 0.0 -9999.0 -9999.0 -9999.0 -9999.0 -9999.0 -9999.0 -9999.0 -9999.0 -9999.0 -9999.0 -9999.0 -9999.0 -9999.0 -9999.0 -9999.0 -9999.0 -9999.0
-9999.0 702526.0 1082650.0 1228630.0 1168220.0 1247850.0 1313000.0 1400000.0 1601260.0 1616520.0 1413800.0 1493050.0 1561370.0 1496720.0 1564350.0 3438060.0 3454570.0 1495040.0 1563000.0 1757140.0 1825140.0 1542930.0 1744040.0 1789730.0 1668050.0 1656390.0 1590070.0 1580510.0 1712230.0 1438870.0 1243370.0 1236230.0 1235960.0 1165800.0 1489200.0 1615420.0 1200640.0 861257.0 1223970.0 1295890.0 1230580.0 1429230.0 1168230.0 0.0 0.0 1233070.0 1365430.0 1604420.0 403428.0 684602.0 -9999.0 -9999.0 -9999.0 -9999.0 -9999.0 -9999.0 -9999.0 -9999.0 -9999.0 -9999.0 -9999.0 -9999.0 -9999.0 -9999.0 -9999.0 -9999.0 -9999.0
73163.2 894631.0 1399570.0 1547680.0 1676670.0 1301820.0 1366950.0 1379290.0 1510540.0 1522130.0 1521590.0 1597280.0 1530770.0 1600180.0 1467190.0 1403190.0 1202560.0 1332940.0 1464580.0 1456860.0 1788500.0 1779230.0 1713600.0 1638020.0 1640020.0 1831430.0 1896890.0 1826650.0 1696080.0 1756650.0 3414070.0 1430290.0 1494780.0 1171530.0 1494810.0 1560080.0 1559830.0 1298890.0 1233870.0 1108070.0 1173320.0 1176420.0 1181840.0 1314670.0 133129.0 132189.0 1589040.0 1787980.0 740852.0 135724.0 -9999.0 -9999.0 -9999.0 -9999.0 -9999.0 -9999.0 -9999.0 -9999.0 -9999.0 -9999.0 -9999.0 -9999.0 -9999.0 -9999.0 -9999.0 -9999.0 -9999.0
792792.0 1522530.0 1777320.0 1800200.0 1800360.0 1754170.0 1558990.0 1638260.0 1571250.0 1715600.0 1649390.0 1592750.0 1459340.0 1463170.0 1530230.0 1332290.0 1265960.0 1461380.0 1528280.0 1585230.0 1717000.0 1840060.0 1774070.0 1700540.0 1635480.0 1631200.0 1825940.0 1821100.0 1755070.0 1816640.0 1622340.0 1553670.0 1424300.0 906854.0 1621260.0 1687180.0 1620490.0 1295340.0 1554370.0 1493110.0 1364350.0 1237200.0 1171930.0 1179250.0 1248050.0 1447650.0 265787.0 1638590.0 850871.0 1056410.0 -9999.0 -9999.0 -9999.0 -9999.0 -9999.0 -9999.0 -9999.0 -9999.0 -9999.0 -9999.0 -9999.0 -9999.0 -9999.0 -9999.0 -9999.0 -9999.0 -9999.0
1590110.0 1760560.0 1698330.0 1778100.0 1714970.0 1792310.0 1792350.0 1801310.0 1736630.0 1680960.0 1616160.0 1753430.0 1688390.0 1561400.0 1562750.0 1565490.0 1435060.0 1559800.0 1234830.0 1489510.0 1684360.0 1551350.0 1809530.0 1741410.0 1676860.0 1610750.0 1416840.0 1608480.0 1801840.0 1802070.0 1801740.0 1804870.0 1804800.0 1809690.0 1736950.0 1490810.0 1682740.0 1684440.0 1684700.0 1690310.0 1494900.0 1828780.0 1435630.0 3414100.0 1316590.0 1526930.0 1526620.0 131818.0 1394150.0 1065060.0 1002750.0 447870.0 -9999.0 -9999.0 -9999.0 -9999.0 -9999.0 -9999.0 -9999.0 -9999.0 -9999.0 -9999.0 -9999.0 -9999.0 -9999.0 -9999.0 -9999.0
1671380.0 1755250.0 1566830.0 1709220.0 1708800.0 1658840.0 1659110.0 1732130.0 1796120.0 1804870.0 1740180.0 1813250.0 1489330.0 1817660.0 1622720.0 1625640.0 1494890.0 1489660.0 1489870.0 1678550.0 1743390.0 1803420.0 1803650.0 1800700.0 1735470.0 1795950.0 1797470.0 1731420.0 1800030.0 1667730.0 1796710.0 1799570.0 1799130.0 1675660.0 1546960.0 1162380.0 1485110.0 1679400.0 1744050.0 1750030.0 1749830.0 1891810.0 1626890.0 1443410.0 1508630.0 1654410.0 1389670.0 3401480.0 1188410.0 1440360.0 1451820.0 4698300.0 797900.0 130708.0 -9999.0 -9999.0 -9999.0 -9999.0 -9999.0 -9999.0 -9999.0 -9999.0 -9999.0 -9999.0 -9999.0 -9999.0 -9999.0
1713630.0 1725680.0 1664680.0 1611700.0 1673710.0 1745180.0 1745050.0 1752830.0 1502650.0 1698040.0 1760530.0 819862.0 1260330.0 1772460.0 1709310.0 1458380.0 1521650.0 1711860.0 1775740.0 1773250.0 1773080.0 1583360.0 1710380.0 1773490.0 1772770.0 1771420.0 1707040.0 1771450.0 1707930.0 1709200.0 1771240.0 1776620.0 1908400.0 1721610.0 1594910.0 1599280.0 1279720.0 1538860.0 1667230.0 1738270.0 1803100.0 1810720.0 1745940.0 1697860.0 1439820.0 1322630.0 1454510.0 1395760.0 1260210.0 1570030.0 304321.0 1393400.0 1507890.0 1841180.0 591029.0 -9999.0 -9999.0 -9999.0 -9999.0 -9999.0 -9999.0 -9999.0 -9999.0 -9999.0 -9999.0 -9999.0 -9999.0
1708180.0 1720550.0 1720380.0 1729520.0 1730340.0 1677120.0 1677810.0 1622830.0 1560480.0 1754800.0 1754450.0 1760800.0 1760830.0 1767170.0 1577770.0 1643250.0 1706450.0 1769890.0 1770030.0 1765610.0 1766820.0 1766960.0 1703870.0 1767030.0 1766860.0 1765270.0 1702480.0 1767210.0 1766930.0 1766820.0 1765780.0 1770430.0 1771040.0 1780100.0 1716230.0 1718750.0 1452170.0 1342300.0 1660760.0 1797260.0 1797080.0 1804760.0 1804660.0 1758050.0 1627410.0 1514590.0 1447380.0 1255740.0 1389010.0 1450200.0 390830.0 273836.0 1572700.0 1285310.0 1228610.0 -9999.0 -9999.0 -9999.0 -9999.0 -9999.0 -9999.0 -9999.0 -9999.0 -9999.0 -9999.0 -9999.0 -9999.0
1686200.0 1691660.0 1691660.0 1697770.0 1697940.0 1703640.0 1583150.0 1588200.0 1648960.0 1715140.0 1654430.0 1721050.0 1719770.0 1665750.0 1665710.0 1733030.0 1733240.0 1736790.0 1736260.0 1736720.0 1736370.0 1737810.0 1737670.0 1614270.0 1551910.0 1614060.0 1675970.0 1675580.0 1737980.0 1677000.0 1738100.0 1682640.0 1682920.0 1752590.0 1751690.0 1696730.0 1635410.0 1704170.0 1452290.0 1777310.0 1777310.0 1786330.0 1786580.0 1808110.0 2201850.0 1634620.0 1569400.0 1452820.0 1320680.0 1394230.0 1464580.0 793818.0 1264600.0 1377380.0 1468130.0 2142780.0 -9999.0 -9999.0 -9999.0 -9999.0 -9999.0 -9999.0 -9999.0 -9999.0 -9999.0 -9999.0 -9999.0
1681380.0 1684620.0 1686070.0 1692410.0 1692020.0 1697860.0 1637100.0 1582680.0 1704780.0 1709540.0 1709300.0 1531570.0 1714940.0 1721140.0 1721170.0 1727470.0 1727580.0 1668630.0 1730770.0 1730730.0 1730910.0 1670470.0 1608600.0 1606760.0 1422030.0 1422810.0 1669650.0 1608210.0 1670220.0 1733600.0 1731960.0 1676150.0 1738290.0 1559730.0 1621980.0 1753840.0 1692680.0 1698670.0 1636070.0 1770820.0 1771250.0 1780750.0 1780500.0 1802050.0 1802020.0 1694610.0 1956160.0 1579620.0 1502420.0 1388870.0 1389450.0 1340320.0 1253950.0 1500370.0 1575460.0 388910.0 -9999.0 -9999.0 -9999.0 -9999.0 -9999.0 -9999.0 -9999.0 -9999.0 -9999.0 -9999.0 -9999.0
1658840.0 1480280.0 177806.0 711345.0 1541780.0 1662910.0 1662950.0 1607450.0 1607730.0 1672260.0 1552250.0 1498140.0 1678400.0 1626130.0 1083800.0 1510790.0 1692280.0 1637530.0 1636960.0 1640130.0 1517970.0 1521260.0 1582420.0 1462330.0 1461530.0 1278670.0 1643950.0 1706050.0 1705470.0 1707150.0 1707120.0 1651130.0 1529440.0 1413080.0 1351990.0 1668750.0 1667780.0 1740070.0 1738940.0 1749640.0 1749310.0 1761510.0 1698940.0 1784560.0 1784740.0 1747650.0 1813200.0 1839700.0 1447340.0 1466900.0 1534310.0 1430490.0 3409200.0 1473640.0 1716470.0 1336410.0 574854.0 625388.0 95019.6 -9999.0 -9999.0 -9999.0 -9999.0 -9999.0 -9999.0 -9999.0 -9999.0
1179630.0 707259.0 763943.0 1593310.0 1476570.0 1597930.0 1656950.0 1661500.0 1661710.0 1666450.0 1666300.0 1672380.0 1672380.0 1559350.0 1258920.0 1685960.0 1686210.0 1692180.0 1632460.0 1695540.0 1574350.0 1455560.0 1455450.0 1456570.0 1396480.0 1395270.0 1516740.0 1639070.0 1699640.0 1701250.0 1701210.0 1645100.0 1584930.0 1468760.0 1224310.0 1416390.0 1354360.0 1547480.0 1670620.0 1743370.0 1618740.0 1692470.0 1692550.0 1587550.0 1714850.0 1676950.0 1612670.0 1769920.0 1442910.0 1329080.0 1462630.0 1535610.0 3449500.0 1558120.0 1556740.0 1590880.0 1748490.0 1326950.0 214353.0 -9999.0 -9999.0 -9999.0 -9999.0 -9999.0 -9999.0 -9999.0 -9999.0
1630840.0 1629350.0 1397380.0 1571540.0 1629350.0 1632690.0 1632870.0 1637190.0 1578450.0 1641720.0 1642230.0 1648330.0 1648220.0 1654240.0 1654310.0 1661780.0 1661600.0 1668050.0 1668130.0 1611590.0 1551900.0 1433350.0 1314140.0 1315450.0 1254210.0 1313470.0 1373100.0 1554050.0 1673670.0 1675530.0 1675750.0 1680130.0 1620030.0 1628880.0 1386360.0 1454500.0 1272790.0 1464480.0 1709820.0 1602060.0 1601100.0 1739460.0 1739590.0 1704100.0 1704300.0 1735180.0 1671440.0 1643070.0 1445710.0 1469400.0 1669660.0 1554560.0 1421040.0 3398960.0 1572210.0 1600830.0 1565700.0 1841220.0 794064.0 -9999.0 -9999.0 -9999.0 -9999.0 -9999.0 -9999.0 -9999.0 -9999.0
1624730.0 1623480.0 1506600.0 1623510.0 1565370.0 1626210.0 1626550.0 1630760.0 1631180.0 1402110.0 0.0 0.0 0.0 0.0 0.0 1596370.0 1655530.0 1661260.0 1661490.0 1659310.0 1482670.0 1487060.0 1129390.0 1012700.0 1470880.0 1486790.0 1427660.0 1667100.0 1667810.0 1669520.0 1669290.0 1673610.0 1673540.0 1682950.0 1322260.0 1329290.0 1328370.0 1642320.0 1338110.0 122912.0 1657950.0 1733900.0 1733430.0 1760670.0 1697410.0 1729880.0 1474020.0 1636740.0 1634610.0 1663830.0 1730790.0 1613380.0 1379660.0 3506440.0 1616750.0 1257370.0 1678910.0 1712120.0 1388680.0 778657.0 -9999.0 -9999.0 -9999.0 -9999.0 -9999.0 -9999.0 -9999.0
1608080.0 1606410.0 1606490.0 1605170.0 1605020.0 1608230.0 1608380.0 1611290.0 1611400.0 1154270.0 0.0 0.0 0.0 0.0 0.0 1633470.0 1633700.0 1638690.0 1638420.0 1582320.0 1399240.0 1231280.0 1290040.0 1467370.0 1585310.0 1584080.0 1525690.0 1350360.0 1585050.0 1646040.0 1528420.0 1534690.0 1593450.0 711862.0 1186490.0 1193250.0 1371900.0 1623900.0 1021990.0 1580300.0 1703430.0 1661930.0 1723690.0 1628540.0 1691360.0 1536920.0 1473200.0 1639770.0 1770840.0 1539900.0 1605110.0 1693850.0 1557550.0 1701230.0 1671500.0 1430270.0 1849480.0 2025900.0 3469630.0 1033360.0 834844.0 -9999.0 -9999.0 -9999.0 -9999.0 -9999.0 -9999.0
1601350.0 1600080.0 1599850.0 1598650.0 1598760.0 1601550.0 686360.0 0.0 0.0 115047.0 0.0 0.0 0.0 0.0 0.0 1452980.0 1569320.0 1631930.0 1573250.0 1576900.0 1576620.0 1577760.0 1577170.0 1520350.0 1462910.0 1519440.0 1636650.0 1285610.0 1169300.0 1405950.0 1406070.0 1293540.0 1352050.0 354557.0 1298650.0 1188070.0 1308320.0 1438200.0 1497480.0 1634980.0 1575760.0 1717840.0 1655320.0 1622760.0 1497020.0 1403260.0 1467660.0 1503020.0 1633260.0 1598680.0 1667100.0 1619890.0 1012990.0 1218550.0 1545820.0 1753740.0 1890180.0 1824410.0 1543590.0 1506610.0 554721.0 2951260.0 -9999.0 0.0 -9999.0 -9999.0 -9999.0
1586490.0 1583720.0 1583560.0 1583280.0 1583090.0 1583450.0 904372.0 339344.0 226229.0 0.0 0.0 0.0 0.0 0.0 0.0 1549230.0 1549620.0 1611460.0 1439050.0 1499570.0 1556380.0 1500800.0 1558420.0 1558300.0 1384700.0 1269040.0 1557080.0 1328010.0 1096700.0 1156070.0 1271640.0 1159840.0 1160080.0 292463.0 1167290.0 1351150.0 1409430.0 1364910.0 1307110.0 1441600.0 1501650.0 1521630.0 1582280.0 1613120.0 1552180.0 1272680.0 1272590.0 1504820.0 1505320.0 1739230.0 1539010.0 1695800.0 1627360.0 1294750.0 1568520.0 1428740.0 1651420.0 1621390.0 1532990.0 1417300.0 3192110.0 1294290.0 1007630.0 0.0 -9999.0 -9999.0 -9999.0
1580060.0 1576910.0 1576910.0 1575380.0 1576590.0 1577030.0 1577070.0 1579860.0 1355070.0 0.0 0.0 0.0 0.0 0.0 0.0 1543790.0 1543390.0 1433280.0 1547470.0 1550830.0 1608150.0 1494090.0 1551950.0 1608800.0 1550500.0 1492990.0 1263330.0 1264950.0 1150050.0 1151320.0 1150720.0 1097810.0 1097490.0 0.0 1105720.0 1228340.0 1345870.0 1181050.0 1241030.0 1434480.0 1614390.0 1271930.0 1575380.0 1730640.0 1731460.0 1646480.0 1583460.0 1303030.0 1563820.0 1599190.0 1332330.0 1621610.0 1622220.0 1576520.0 1704740.0 1653370.0 1910100.0 1706360.0 1539910.0 3436740.0 1672780.0 267913.0 879882.0 32838.6 -9999.0 -9999.0 -9999.0
1564070.0 1450450.0 1507800.0 1561420.0 1562660.0 1562380.0 1562540.0 1565440.0 1453270.0 335450.0 335450.0 0.0 0.0 0.0 0.0 1354890.0 1355320.0 1413910.0 1527790.0 1472610.0 1359980.0 1247350.0 1532170.0 1590630.0 1589550.0 1589430.0 1589350.0 625047.0 0.0 0.0 0.0 0.0 0.0 0.0 1094600.0 1392200.0 1333470.0 1288270.0 1288780.0 1304350.0 1363410.0 1382390.0 1684180.0 1599770.0 1721850.0 1707790.0 1707830.0 1369270.0 1304880.0 1603340.0 1271040.0 1496120.0 1569600.0 1645340.0 1846990.0 1648010.0 1799620.0 1642060.0 1089150.0 1488340.0 2024650.0 1113390.0 880456.0 155990.0 -9999.0 -9999.0 -9999.0
1558400.0 1501700.0 1557410.0 1443370.0 1555890.0 1555810.0 1555760.0 1558770.0 1558970.0 1561400.0 1561480.0 1004580.0 1004830.0 1008640.0 1008640.0 1517840.0 1574720.0 1521810.0 1520990.0 1580810.0 1579320.0 1580920.0 1581090.0 1582820.0 1582530.0 1584450.0 1584040.0 1583390.0 1017140.0 453519.0 0.0 0.0 0.0 171908.0 1376280.0 1270160.0 1327930.0 1284100.0 1167280.0 1534600.0 1416530.0 1496890.0 1616010.0 1652720.0 1654200.0 1700150.0 1700190.0 1493080.0 1428420.0 1331400.0 1197980.0 1285760.0 1361990.0 1505710.0 1682990.0 1755940.0 2006330.0 1704480.0 4223330.0 3194470.0 3225210.0 798636.0 740839.0 471319.0 -9999.0 -9999.0 -9999.0
1545960.0 1542720.0 1488310.0 1539240.0 1539860.0 1539900.0 1540020.0 1541370.0 1541370.0 1542720.0 1543180.0 1547640.0 1547330.0 1552250.0 1552330.0 1556670.0 1555950.0 1559140.0 1558980.0 1506370.0 55844.5 1565250.0 1563890.0 1565190.0 1565440.0 1511030.0 1454890.0 1345680.0 1456790.0 1348630.0 956471.0 0.0 0.0 0.0 1307680.0 1146520.0 1375680.0 0.0 0.0 1347140.0 1523430.0 1485550.0 1605010.0 1642540.0 1703730.0 1689670.0 1627390.0 1615970.0 1486550.0 1328860.0 1328510.0 1289940.0 1291260.0 1544440.0 1567610.0 1513900.0 1755350.0 2069590.0 1589160.0 2297780.0 3654570.0 1044510.0 1159350.0 402532.0 -9999.0 -9999.0 -9999.0
1482840.0 1534620.0 1536030.0 1532500.0 1533050.0 985760.0 1533260.0 1534260.0 1534520.0 1535650.0 1535770.0 1540610.0 1540650.0 1545010.0 1545180.0 1549660.0 1549160.0 1552510.0 1552640.0 1333020.0 0.0 667769.0 1558130.0 1559550.0 1559930.0 1392540.0 1392280.0 1451320.0 1395930.0 1399640.0 0.0 1294330.0 1462490.0 1360170.0 1301590.0 1198280.0 1425910.0 1207470.0 0.0 1225220.0 1166410.0 1479170.0 1597560.0 1696640.0 1575980.0 1557700.0 1619730.0 1543680.0 1611300.0 1654140.0 1653730.0 1555830.0 1430030.0 1497930.0 1576790.0 1720390.0 2243770.0 1978400.0 1522730.0 3869920.0 3412610.0 2145350.0 2073960.0 1573580.0 -9999.0 -9999.0 -9999.0
1472650.0 1467230.0 1523040.0 1519050.0 1519900.0 1082690.0 1518150.0 1518610.0 0.0 0.0 1520110.0 1523380.0 1523550.0 1526470.0 1526390.0 328597.0 328597.0 329538.0 329538.0 1539360.0 1538760.0 1542020.0 1542110.0 331717.0 331717.0 997026.0 1438750.0 1222310.0 1166830.0 0.0 0.0 -9999.0 337470.0 1075310.0 1131560.0 1253400.0 1140020.0 1379110.0 688547.0 1336170.0 1278370.0 1591430.0 1591940.0 1509020.0 1568750.0 1548650.0 1549180.0 1598740.0 1602530.0 1712580.0 1515450.0 1691270.0 1702550.0 1977070.0 2276980.0 1966760.0 4186730.0 2428550.0 1898640.0 1805350.0 1864890.0 1824580.0 957697.0 816223.0 495698.0 -9999.0 -9999.0
1519950.0 1460980.0 1461910.0 1511840.0 1512850.0 1403060.0 1511910.0 1511440.0 1294300.0 1295550.0 1512810.0 1516230.0 1516230.0 1519000.0 1519220.0 0.0 978050.0 980850.0 980850.0 1532040.0 1532220.0 1534730.0 1533380.0 0.0 329112.0 990137.0 1267150.0 0.0 1106060.0 0.0 0.0 558426.0 614593.0 1183370.0 1238060.0 737065.0 0.0 1143460.0 1085830.0 1272280.0 1561470.0 1349140.0 1172600.0 1501490.0 1621510.0 1419030.0 1233170.0 1209510.0 1528280.0 1508900.0 1376760.0 1426900.0 1461900.0 1577730.0 2231400.0 3826570.0 3462530.0 4120570.0 2344260.0 1683460.0 1363140.0 264396.0 745798.0 1708550.0 829067.0 -9999.0 -9999.0
1457910.0 1451540.0 1292040.0 1449370.0 1502350.0 1447800.0 1501740.0 1392570.0 1498970.0 1499190.0 1498970.0 644087.0 0.0 0.0 0.0 0.0 1505670.0 1511540.0 1458150.0 1463340.0 1517300.0 1521730.0 1522170.0 54489.7 655341.0 1483400.0 1482130.0 0.0 0.0 0.0 0.0 0.0 0.0 1131230.0 1244960.0 1252640.0 1024850.0 1146830.0 1089650.0 1217160.0 1043280.0 1296220.0 1413190.0 1506960.0 1627580.0 1485770.0 1300390.0 1148230.0 1277000.0 1315270.0 1253580.0 1462950.0 1427400.0 3401480.0 3459390.0 3453360.0 3807000.0 1390600.0 1709040.0 1456190.0 3235180.0 354972.0 465235.0 1185110.0 -9999.0 -9999.0 -9999.0
1235920.0 1391570.0 1177880.0 1174040.0 1334090.0 1333450.0 1279470.0 1117530.0 1490930.0 1491820.0 1491330.0 1065850.0 0.0 0.0 0.0 0.0 1497090.0 1504320.0 1504410.0 1508960.0 1508960.0 1515970.0 1514270.0 1522280.0 1521150.0 1530100.0 1474930.0 1319670.0 1101040.0 1163090.0 1107670.0 1118000.0 1229280.0 1182350.0 1125620.0 1302160.0 1189670.0 1083150.0 1084380.0 1154790.0 1212930.0 1288930.0 1464400.0 1619110.0 1620410.0 1603760.0 1540660.0 1459640.0 1208440.0 1307160.0 1655470.0 1445220.0 3502240.0 3633550.0 3028570.0 2947390.0 3138990.0 2425100.0 3524460.0 2844160.0 4094980.0 129333.0 552415.0 581992.0 -9999.0 -9999.0 -9999.0
