critload/trunk/input/1999/n_up_ag.asc
ncols 720
nrows 360
xllcorner -180.0
yllcorner -90.0
cellsize 0.5
NODATA_value -9999.0
[rows 90 to 119 of 360, columns 402 to 468 of 720]
12847400.0 2446720.0 881798.0 10055100.0 7571520.0 13219700.0 10658800.0 6951030.0 7224220.0 9286610.0 10625200.0 12320000.0 9418090.0 9862050.0 8518110.0 6032700.0 163112.0 466046.0 -9999.0 -9999.0 -9999.0 -9999.0 -9999.0 -9999.0 3898.3 4348430.0 967310.0 311992.0 132974.0 -9999.0 -9999.0 -9999.0 391074.0 891666.0 1165810.0 1424660.0 1667510.0 2072470.0 1513430.0 2304260.0 2333430.0 2027920.0 1591370.0 1679850.0 2109200.0 2390360.0 4313700.0 1956070.0 1652630.0 1227770.0 943083.0 3660060.0 0.0 -9999.0 -9999.0 -9999.0 -9999.0 -9999.0 119203.0 186326.0 252975.0 759996.0 705655.0 528834.0 590200.0 696338.0 651700.0
10353400.0 1641660.0 12894100.0 11119800.0 8492060.0 10315900.0 10485200.0 10655400.0 10021900.0 9460040.0 8549880.0 10736000.0 9074460.0 8304940.0 8314960.0 2590740.0 -9999.0 -9999.0 -9999.0 -9999.0 -9999.0 -9999.0 -9999.0 -9999.0 -9999.0 40429.8 0.0 -9999.0 -9999.0 -9999.0 -9999.0 -9999.0 -9999.0 -9999.0 24060.2 148503.0 97874.0 566399.0 222072.0 955074.0 1736280.0 1867040.0 2134570.0 1829510.0 2044280.0 2323320.0 2063930.0 3433180.0 4948800.0 1455950.0 3937690.0 3057070.0 0.0 -9999.0 -9999.0 -9999.0 -9999.0 -9999.0 202375.0 620355.0 913560.0 913405.0 820025.0 535274.0 596541.0 911836.0 830622.0
11021800.0 3804920.0 10804600.0 5926460.0 7669350.0 6517260.0 10005400.0 9868360.0 9369920.0 10168000.0 7592360.0 4058790.0 6271020.0 5498900.0 5574850.0 1934580.0 -9999.0 -9999.0 -9999.0 -9999.0 -9999.0 -9999.0 -9999.0 -9999.0 -9999.0 -9999.0 -9999.0 -9999.0 -9999.0 -9999.0 -9999.0 -9999.0 -9999.0 -9999.0 -9999.0 -9999.0 0.0 106346.0 223186.0 272696.0 505095.0 713209.0 810509.0 1072050.0 1922650.0 2383870.0 2283460.0 2530760.0 4113670.0 2030170.0 1834910.0 3051910.0 3000230.0 0.0 -9999.0 -9999.0 -9999.0 -9999.0 -9999.0 -9999.0 758137.0 869451.0 913662.0 878412.0 829625.0 794624.0 851090.0
3331800.0 8880310.0 3210360.0 2536810.0 1987850.0 4444470.0 5133720.0 5370210.0 5846680.0 4673300.0 4080000.0 5384620.0 4472700.0 5044840.0 1420730.0 175765.0 -9999.0 -9999.0 -9999.0 -9999.0 -9999.0 -9999.0 -9999.0 -9999.0 -9999.0 -9999.0 -9999.0 -9999.0 -9999.0 -9999.0 -9999.0 -9999.0 -9999.0 -9999.0 -9999.0 -9999.0 -9999.0 69659.4 371736.0 545389.0 493454.0 439718.0 446201.0 344267.0 302470.0 1118700.0 1767300.0 2128510.0 2100540.0 2652600.0 2162890.0 2512940.0 4070580.0 -9999.0 -9999.0 -9999.0 -9999.0 -9999.0 -9999.0 -9999.0 218758.0 656028.0 921501.0 843542.0 871262.0 801793.0 583669.0
11219800.0 3203470.0 1203580.0 1651770.0 4641370.0 1556750.0 725024.0 1061290.0 1579700.0 962007.0 2178000.0 2580320.0 4232640.0 1222940.0 -9999.0 -9999.0 -9999.0 -9999.0 -9999.0 -9999.0 -9999.0 -9999.0 -9999.0 -9999.0 -9999.0 -9999.0 -9999.0 -9999.0 -9999.0 -9999.0 -9999.0 -9999.0 -9999.0 -9999.0 -9999.0 -9999.0 -9999.0 -9999.0 -9999.0 -9999.0 841370.0 1448420.0 620320.0 496916.0 55517.1 380264.0 317049.0 376365.0 308168.0 232940.0 479943.0 803426.0 2982500.0 1251300.0 -9999.0 -9999.0 -9999.0 -9999.0 -9999.0 -9999.0 -9999.0 84878.4 244702.0 455938.0 792949.0 550605.0 407176.0
11781700.0 5300700.0 1268400.0 1827580.0 1850260.0 796615.0 6208120.0 6797210.0 5582980.0 7249660.0 5749540.0 4895650.0 3625040.0 106027.0 -9999.0 -9999.0 -9999.0 -9999.0 -9999.0 -9999.0 -9999.0 -9999.0 -9999.0 -9999.0 -9999.0 -9999.0 -9999.0 -9999.0 225439.0 -9999.0 -9999.0 -9999.0 -9999.0 -9999.0 -9999.0 -9999.0 -9999.0 -9999.0 -9999.0 -9999.0 -9999.0 1533250.0 1985190.0 1305110.0 526306.0 931224.0 900397.0 612753.0 707939.0 373133.0 387418.0 446442.0 810176.0 2759010.0 1181780.0 -9999.0 -9999.0 -9999.0 -9999.0 -9999.0 -9999.0 -9999.0 26452.7 599819.0 312055.0 390183.0 385092.0
1283940.0 5312380.0 5381630.0 3620960.0 1091850.0 944335.0 281684.0 251858.0 4547700.0 5427090.0 6834160.0 7339480.0 7464990.0 5624960.0 949447.0 -9999.0 -9999.0 -9999.0 -9999.0 -9999.0 -9999.0 -9999.0 1684930.0 3434260.0 1809500.0 4187580.0 2725740.0 3506490.0 3876230.0 2672550.0 595089.0 -9999.0 -9999.0 -9999.0 -9999.0 -9999.0 -9999.0 -9999.0 -9999.0 -9999.0 -9999.0 751415.0 582619.0 765962.0 593601.0 776868.0 1893160.0 7456900.0 6864120.0 7719290.0 1533800.0 747328.0 408447.0 664584.0 3887280.0 1900010.0 -9999.0 -9999.0 -9999.0 -9999.0 -9999.0 -9999.0 -9999.0 253609.0 -9999.0 0.0 308458.0
4107250.0 4377060.0 4223760.0 6196340.0 8532840.0 6554920.0 7228330.0 6756950.0 7194350.0 7726240.0 9515120.0 7666650.0 7541010.0 8141690.0 5869720.0 4305980.0 2675310.0 1894720.0 2761090.0 1199740.0 1578080.0 5294560.0 5068430.0 3875740.0 2806520.0 5360570.0 5031890.0 2824880.0 5729040.0 4981420.0 4862470.0 5140350.0 1642050.0 670280.0 -9999.0 -9999.0 669242.0 -9999.0 -9999.0 449622.0 3228260.0 1141490.0 2481770.0 6569060.0 1020290.0 8826070.0 967350.0 6583990.0 8172130.0 2411760.0 1133000.0 2165570.0 1074960.0 485174.0 831037.0 4505310.0 1753580.0 -9999.0 -9999.0 -9999.0 -9999.0 -9999.0 -9999.0 39980.2 -9999.0 -9999.0 0.0
7131280.0 7917160.0 11192300.0 11183700.0 9758380.0 7539570.0 3506740.0 4094410.0 1045040.0 3279260.0 5821710.0 6630610.0 4700160.0 750490.0 -9999.0 546379.0 3653120.0 5292230.0 7172710.0 6238920.0 4956810.0 2685620.0 4643380.0 5351670.0 5740530.0 2896400.0 2892450.0 3897200.0 4491950.0 4887140.0 2639530.0 3081260.0 6282150.0 4229720.0 3221510.0 2189610.0 2143150.0 3431870.0 3244330.0 2007840.0 1815660.0 1633670.0 4219380.0 6487320.0 7025840.0 6975720.0 4760920.0 1056360.0 927939.0 6225050.0 6758410.0 3907680.0 4096820.0 4266330.0 1221200.0 1080460.0 794010.0 359764.0 67680.0 -9999.0 -9999.0 -9999.0 -9999.0 122282.0 358987.0 79830.1 0.0
9098490.0 6541040.0 7477080.0 3333050.0 5244480.0 4377380.0 706630.0 -9999.0 -9999.0 1843260.0 2379760.0 3731350.0 5586080.0 5493000.0 6005830.0 4964420.0 3797990.0 4304280.0 5570240.0 4572980.0 4527310.0 2195050.0 4032160.0 4176110.0 2941970.0 5947940.0 5772190.0 5021720.0 2545870.0 3255370.0 2937950.0 1939020.0 1341120.0 1704290.0 2010710.0 1357160.0 2015360.0 2814170.0 2945250.0 1705030.0 4179880.0 3548480.0 2794530.0 3696120.0 3893920.0 4049650.0 5464530.0 4207670.0 917122.0 1255860.0 672208.0 1227440.0 2969060.0 2892400.0 2677440.0 8246660.0 9406230.0 520796.0 399932.0 -9999.0 -9999.0 -9999.0 -9999.0 518819.0 961723.0 800926.0 592807.0
5195590.0 9131680.0 8975240.0 6041160.0 198333.0 781522.0 -9999.0 -9999.0 2438770.0 -9999.0 4901460.0 3661740.0 4353160.0 4816030.0 5959200.0 4199190.0 4462960.0 5616590.0 4644840.0 5573760.0 4029640.0 4658140.0 6259160.0 6292160.0 6070020.0 7021560.0 5531210.0 5755310.0 6028440.0 3997630.0 2613890.0 5438340.0 4956680.0 2363410.0 1907800.0 1694570.0 2146470.0 2232170.0 2847420.0 2727740.0 2968010.0 3026680.0 1923140.0 3286960.0 4526360.0 4296050.0 3951440.0 6381010.0 1245220.0 1241540.0 759042.0 875900.0 6460880.0 2830480.0 3382630.0 4679950.0 1313170.0 -9999.0 -9999.0 -9999.0 -9999.0 -9999.0 -9999.0 -9999.0 11402.6 121697.0 588840.0
5454380.0 6994250.0 9913150.0 7462730.0 1452860.0 127942.0 -9999.0 -9999.0 -9999.0 74131.8 5139860.0 3126600.0 4184120.0 3362770.0 2890110.0 2767160.0 5030350.0 6309810.0 5573290.0 3394650.0 8009620.0 5450830.0 7351120.0 6640320.0 7264780.0 7340330.0 7428100.0 8259420.0 7895250.0 4626750.0 5708630.0 6906300.0 4973360.0 4724680.0 2981130.0 2894730.0 2050090.0 1724340.0 2040530.0 2041550.0 3854260.0 4771100.0 5545420.0 6846780.0 3338810.0 3356560.0 4748960.0 6327850.0 11358300.0 10990200.0 949403.0 1320120.0 4192940.0 4899040.0 1961960.0 4335900.0 3168050.0 -9999.0 -9999.0 -9999.0 -9999.0 -9999.0 -9999.0 -9999.0 0.0 0.0 40162.8
6010890.0 4678920.0 6785000.0 7085690.0 5495300.0 4275270.0 1265950.0 366739.0 -9999.0 767420.0 510561.0 2360060.0 4247710.0 6161970.0 4767000.0 3495440.0 6998570.0 5198740.0 5700750.0 6232810.0 3934580.0 6791830.0 6996810.0 6888190.0 3025910.0 5644270.0 7529890.0 7419300.0 5252760.0 6022430.0 5680950.0 5177780.0 5096960.0 4958950.0 5886370.0 5556680.0 6214090.0 5506260.0 4144100.0 2965570.0 2515020.0 5033500.0 5137660.0 2507610.0 2409960.0 4054940.0 4688920.0 3022450.0 6173090.0 5999760.0 4874910.0 4532340.0 2301510.0 2812040.0 1732890.0 1066900.0 0.0 -9999.0 -9999.0 -9999.0 -9999.0 -9999.0 -9999.0 -9999.0 -9999.0 0.0 0.0
3864290.0 6245670.0 5726570.0 5651650.0 8907090.0 8668200.0 3518210.0 585237.0 -9999.0 1062450.0 3476550.0 1500340.0 3790880.0 2991060.0 3113000.0 3419420.0 5239950.0 5704690.0 4534170.0 3716140.0 4571550.0 5197100.0 5765550.0 7003490.0 6036080.0 5499540.0 6450270.0 6506260.0 4436560.0 4938900.0 2964240.0 4445210.0 6001560.0 4776730.0 4973770.0 4027100.0 4678960.0 6781380.0 7600050.0 6428960.0 5818170.0 2671230.0 1931620.0 1739260.0 3461140.0 2974010.0 3264470.0 6287060.0 2446210.0 5740090.0 5663120.0 3396740.0 6189160.0 4989640.0 6634860.0 3191850.0 -9999.0 -9999.0 -9999.0 -9999.0 -9999.0 -9999.0 -9999.0 -9999.0 -9999.0 0.0 42221.8
5333390.0 8647450.0 7584460.0 9727840.0 4349460.0 3258140.0 1423410.0 1620400.0 640899.0 -9999.0 900286.0 1408670.0 2743260.0 4467620.0 3349140.0 3562830.0 4584210.0 3832900.0 3072350.0 2697270.0 2223920.0 4260520.0 3422280.0 6876520.0 5446100.0 4568600.0 6206280.0 4833620.0 1969230.0 1817430.0 1942400.0 2493740.0 4213020.0 5669770.0 6446780.0 6573760.0 8070510.0 7271950.0 8336570.0 8357180.0 7183380.0 4258280.0 3647660.0 1920710.0 1726090.0 2120760.0 3423460.0 5560740.0 2596940.0 3675090.0 6125210.0 3627560.0 4357140.0 5912720.0 2982120.0 4830440.0 808601.0 -9999.0 -9999.0 -9999.0 -9999.0 -9999.0 -9999.0 -9999.0 -9999.0 0.0 134579.0
-9999.0 6816420.0 5772970.0 6340270.0 2434870.0 -9999.0 -9999.0 61668.6 2062740.0 757755.0 -9999.0 214881.0 1403480.0 1552420.0 2093750.0 1418970.0 2545120.0 5278440.0 4337660.0 2681790.0 1282000.0 1970820.0 3022240.0 4564720.0 5804410.0 6168650.0 1962520.0 1997030.0 5713610.0 8292320.0 6074100.0 4147580.0 6870120.0 7099980.0 7997970.0 6795880.0 7211520.0 7489140.0 7764160.0 6896270.0 6858840.0 8291990.0 7069470.0 5066950.0 2634020.0 2916950.0 2239770.0 1966870.0 4030090.0 3339300.0 6878600.0 4282340.0 3641840.0 6465660.0 3010610.0 2611580.0 5119540.0 5064790.0 2793840.0 -9999.0 -9999.0 -9999.0 -9999.0 -9999.0 -9999.0 34578.0 2806580.0
-9999.0 2544240.0 2976230.0 6390410.0 1035180.0 -9999.0 583169.0 585840.0 804731.0 126955.0 251698.0 0.0 947376.0 666901.0 2375360.0 2015890.0 1865780.0 3256510.0 2201910.0 2823110.0 2672250.0 1694080.0 2051690.0 2756250.0 2557020.0 2834720.0 2739480.0 3545110.0 5986080.0 4377780.0 3108690.0 5843970.0 8230230.0 8714490.0 3335540.0 5889270.0 6389660.0 4836020.0 6138640.0 4371140.0 5171150.0 5913650.0 3123700.0 2283930.0 4339540.0 1014570.0 214241.0 1191310.0 4630120.0 6444080.0 7002990.0 5591230.0 5562020.0 3027590.0 3591390.0 3115190.0 2857530.0 3304050.0 4764980.0 1954900.0 589440.0 395884.0 0.0 963418.0 1963730.0 1374890.0 3157510.0
-9999.0 -9999.0 224595.0 761532.0 712381.0 -9999.0 -9999.0 -9999.0 281072.0 -9999.0 -9999.0 -9999.0 -9999.0 3243240.0 2508420.0 -9999.0 1271540.0 999064.0 1734110.0 0.0 -9999.0 -9999.0 1961760.0 2311010.0 1868090.0 1576370.0 788371.0 -9999.0 -9999.0 801453.0 7583550.0 4371820.0 4053380.0 4998970.0 3794100.0 1913750.0 2150570.0 5018590.0 6148060.0 5440150.0 4191080.0 992166.0 1602960.0 1409640.0 2264840.0 1626090.0 2726950.0 1039980.0 2048450.0 1872760.0 2793640.0 3181540.0 2913920.0 4657390.0 6515040.0 4259660.0 6913130.0 4526120.0 6735610.0 2486790.0 4613160.0 4714340.0 2262450.0 1540310.0 1184360.0 2080780.0 1435620.0
-9999.0 -9999.0 -9999.0 -9999.0 -9999.0 834062.0 545487.0 -9999.0 -9999.0 -9999.0 -9999.0 -9999.0 936133.0 706897.0 -9999.0 -9999.0 -9999.0 -9999.0 -9999.0 -9999.0 -9999.0 -9999.0 -9999.0 -9999.0 -9999.0 -9999.0 0.0 -9999.0 -9999.0 2062630.0 6513090.0 4477160.0 6029720.0 3467790.0 2968210.0 3279970.0 5496600.0 5291220.0 4399790.0 6228200.0 1333940.0 535147.0 602228.0 814366.0 1112920.0 1067280.0 3003960.0 4105470.0 1142140.0 4828610.0 1671970.0 5590430.0 3557590.0 4719700.0 4073710.0 5404300.0 3705240.0 4148520.0 2985000.0 3860920.0 3136920.0 2669900.0 2669520.0 2204550.0 1858260.0 1228810.0 828639.0
-9999.0 -9999.0 -9999.0 -9999.0 -9999.0 4637700.0 4971990.0 8016160.0 8866030.0 5216860.0 2570670.0 -9999.0 317115.0 -9999.0 -9999.0 -9999.0 -9999.0 -9999.0 -9999.0 -9999.0 -9999.0 -9999.0 0.0 1185800.0 3153360.0 2102950.0 273431.0 -9999.0 -9999.0 1033750.0 7292970.0 4348680.0 2451950.0 2867300.0 2310640.0 1681560.0 1335850.0 753535.0 6074230.0 1206060.0 882070.0 241422.0 399771.0 478810.0 1092330.0 3258100.0 2523160.0 3630900.0 2513620.0 1890150.0 2337580.0 3174810.0 4688150.0 4963610.0 5354770.0 7533560.0 4157270.0 3314530.0 2949790.0 2215250.0 2157200.0 4791500.0 1618630.0 1094250.0 308692.0 260312.0 312481.0
-9999.0 -9999.0 -9999.0 -9999.0 -9999.0 -9999.0 -9999.0 860606.0 -9999.0 -9999.0 -9999.0 -9999.0 -9999.0 -9999.0 -9999.0 -9999.0 -9999.0 -9999.0 -9999.0 -9999.0 -9999.0 -9999.0 734678.0 1437470.0 1189270.0 733478.0 -9999.0 -9999.0 -9999.0 736109.0 4780970.0 6639910.0 3258200.0 1829420.0 1848240.0 1303260.0 1193370.0 1524420.0 1400460.0 4868210.0 921901.0 307464.0 231643.0 309248.0 693269.0 1290890.0 904157.0 1197480.0 1310280.0 5348690.0 3764900.0 3005550.0 6292640.0 4758010.0 7349630.0 3365050.0 4224970.0 2773140.0 2994140.0 2639780.0 1177220.0 357774.0 335577.0 268489.0 450516.0 257262.0 186020.0
-9999.0 -9999.0 -9999.0 -9999.0 -9999.0 -9999.0 -9999.0 -9999.0 -9999.0 -9999.0 -9999.0 -9999.0 -9999.0 -9999.0 -9999.0 -9999.0 -9999.0 -9999.0 -9999.0 -9999.0 -9999.0 -9999.0 -9999.0 -9999.0 -9999.0 -9999.0 -9999.0 -9999.0 -9999.0 768908.0 1767750.0 2106080.0 1447560.0 1076720.0 965835.0 1862250.0 1731590.0 1199330.0 1586930.0 1142960.0 841956.0 683380.0 524338.0 155712.0 397289.0 1001230.0 2061660.0 1146580.0 2518220.0 4687970.0 2428200.0 2945690.0 3126380.0 4039050.0 4623000.0 4357920.0 3395270.0 6931010.0 2523660.0 1159060.0 1173030.0 317933.0 271253.0 202888.0 388628.0 64525.7 187136.0
-9999.0 -9999.0 -9999.0 -9999.0 -9999.0 -9999.0 -9999.0 -9999.0 -9999.0 -9999.0 -9999.0 -9999.0 -9999.0 -9999.0 -9999.0 -9999.0 -9999.0 -9999.0 -9999.0 -9999.0 -9999.0 -9999.0 -9999.0 -9999.0 -9999.0 -9999.0 -9999.0 -9999.0 563547.0 5159460.0 2596610.0 2557930.0 1298080.0 1709510.0 1636770.0 1898030.0 1695650.0 960995.0 293396.0 220440.0 148269.0 148556.0 375686.0 742544.0 302853.0 551052.0 2443360.0 1861090.0 1202660.0 1349060.0 2524670.0 3240790.0 2295510.0 2915860.0 3732040.0 4938360.0 6933990.0 3630990.0 2878810.0 1173750.0 1261680.0 1145610.0 1009380.0 403732.0 321353.0 64308.5 248055.0
-9999.0 -9999.0 -9999.0 -9999.0 -9999.0 -9999.0 -9999.0 -9999.0 -9999.0 -9999.0 -9999.0 -9999.0 -9999.0 -9999.0 -9999.0 -9999.0 -9999.0 -9999.0 -9999.0 -9999.0 -9999.0 -9999.0 -9999.0 -9999.0 -9999.0 -9999.0 -9999.0 -9999.0 3495880.0 5692970.0 3663240.0 1561760.0 1101540.0 1100550.0 1577890.0 893846.0 372601.0 297811.0 147691.0 147832.0 149197.0 223333.0 302777.0 226529.0 659274.0 1062750.0 2901690.0 1696790.0 729184.0 540298.0 1483730.0 5209350.0 2781820.0 2899290.0 3005910.0 2240500.0 2872460.0 3340550.0 2925370.0 913865.0 1079530.0 687153.0 649550.0 350566.0 128990.0 193609.0 187270.0
1649430.0 4983220.0 1785230.0 1106440.0 113736.0 -9999.0 -9999.0 -9999.0 -9999.0 -9999.0 -9999.0 -9999.0 -9999.0 -9999.0 -9999.0 -9999.0 -9999.0 -9999.0 -9999.0 -9999.0 -9999.0 -9999.0 -9999.0 -9999.0 -9999.0 -9999.0 -9999.0 846230.0 3128940.0 2833020.0 6054450.0 6014090.0 1700680.0 820957.0 261928.0 196415.0 213002.0 284091.0 211844.0 70461.2 142816.0 142950.0 145492.0 290846.0 298540.0 281258.0 2204180.0 2450190.0 1910520.0 666224.0 1199170.0 1521060.0 4910590.0 2348140.0 2669480.0 4691240.0 1991200.0 4936290.0 5745260.0 2518400.0 1701480.0 4630380.0 903321.0 203713.0 195988.0 326769.0 252576.0
1839160.0 1482000.0 4593660.0 2156720.0 1279660.0 695434.0 -9999.0 -9999.0 -9999.0 -9999.0 -9999.0 -9999.0 -9999.0 -9999.0 -9999.0 -9999.0 -9999.0 -9999.0 -9999.0 -9999.0 -9999.0 -9999.0 -9999.0 -9999.0 -9999.0 -9999.0 -9999.0 2673980.0 6590090.0 5895880.0 1173120.0 855690.0 343755.0 344577.0 132119.0 198119.0 632429.0 715453.0 354272.0 212172.0 143612.0 215452.0 219186.0 146237.0 305222.0 304663.0 2994850.0 1752330.0 879717.0 1490170.0 824958.0 1157630.0 2436230.0 6682750.0 7195570.0 6684260.0 2149810.0 5204340.0 4883500.0 5553590.0 4200760.0 2258750.0 1189780.0 612818.0 131328.0 409412.0 604265.0
2215860.0 824175.0 918973.0 175217.0 213963.0 339255.0 526723.0 790676.0 811272.0 2750230.0 0.0 -9999.0 -9999.0 -9999.0 -9999.0 -9999.0 -9999.0 -9999.0 -9999.0 -9999.0 4585130.0 -9999.0 -9999.0 -9999.0 -9999.0 -9999.0 -9999.0 5611860.0 3323720.0 5966440.0 517533.0 286414.0 328929.0 790178.0 683822.0 195251.0 0.0 0.0 91976.5 892626.0 208718.0 138832.0 212041.0 283210.0 146989.0 220219.0 814611.0 2765000.0 978984.0 682694.0 2673630.0 1202740.0 2207730.0 3167720.0 5638870.0 6676290.0 3036410.0 3392820.0 5141630.0 5268350.0 5444450.0 1448160.0 427513.0 141149.0 145376.0 730560.0 1269460.0
262058.0 0.0 0.0 0.0 0.0 0.0 0.0 0.0 0.0 0.0 0.0 0.0 160244.0 0.0 449971.0 0.0 -9999.0 7228720.0 22051300.0 28057000.0 23861300.0 16001300.0 15017900.0 6426620.0 9827560.0 14159100.0 7117220.0 4330910.0 2170900.0 1437830.0 215259.0 282725.0 928563.0 467857.0 1033960.0 1181490.0 795731.0 46848.8 0.0 0.0 188568.0 840142.0 213496.0 142268.0 147714.0 221472.0 77989.5 379837.0 1117610.0 614022.0 1958300.0 988809.0 3741600.0 4589250.0 4894030.0 4733520.0 6356260.0 5244550.0 5185010.0 5616590.0 5678890.0 2151470.0 1528780.0 954653.0 572992.0 602087.0 491290.0
0.0 0.0 0.0 0.0 0.0 41493.8 0.0 0.0 0.0 0.0 0.0 0.0 0.0 0.0 0.0 21760.1 514577.0 3661500.0 14593900.0 32764300.0 35210000.0 32978500.0 6089260.0 339857.0 0.0 0.0 350043.0 237069.0 468042.0 424075.0 202647.0 337316.0 254038.0 0.0 0.0 843504.0 1078710.0 269688.0 0.0 582802.0 772754.0 908800.0 835500.0 417931.0 71236.5 71545.4 74330.9 74330.9 152319.0 229926.0 448061.0 831432.0 996424.0 807266.0 2138550.0 5108870.0 4857120.0 5444040.0 4682850.0 5465950.0 5505670.0 5655190.0 5201310.0 4232480.0 1003020.0 492865.0 202644.0
0.0 0.0 0.0 0.0 0.0 41529.4 0.0 0.0 0.0 0.0 0.0 0.0 0.0 0.0 0.0 0.0 0.0 0.0 0.0 8977150.0 28454100.0 5702500.0 1872470.0 649448.0 0.0 0.0 0.0 0.0 141902.0 221453.0 135408.0 203227.0 254616.0 0.0 0.0 0.0 0.0 90205.8 270327.0 315120.0 548726.0 914816.0 840039.0 793304.0 682720.0 358827.0 74843.0 74969.4 77053.4 77119.2 157838.0 236457.0 321742.0 1155590.0 1280110.0 4327450.0 653070.0 3361170.0 4722320.0 2032320.0 2446190.0 5749120.0 5490640.0 5474790.0 2144570.0 1361290.0 860926.0
