critload/trunk/input/1999/n_up_ag.asc
ncols 720
nrows 360
xllcorner -180.0
yllcorner -90.0
cellsize 0.5
NODATA_value -9999.0
[rows 210 to 239 of 360, columns 402 to 468 of 720]
0.0 0.0 411020.0 758647.0 1814610.0 1454330.0 296340.0 81813.1 0.0 0.0 81338.3 825874.0 1456400.0 2288240.0 1639770.0 1725480.0 354014.0 0.0 318010.0 63454.2 206065.0 472874.0 757159.0 1083840.0 1718220.0 1559200.0 1800470.0 3443880.0 2310520.0 2431680.0 1637570.0 1673600.0 1628130.0 1177050.0 1031910.0 935965.0 1787710.0 1846770.0 992782.0 483023.0 -9999.0 -9999.0 -9999.0 -9999.0 -9999.0 -9999.0 -9999.0 -9999.0 -9999.0 -9999.0 -9999.0 837147.0 1862640.0 2879570.0 3011980.0 2887380.0 1158080.0 810459.0 1273010.0 -9999.0 -9999.0 -9999.0 -9999.0 -9999.0 -9999.0 -9999.0 -9999.0
0.0 54104.4 680136.0 339698.0 575485.0 85908.0 0.0 0.0 224272.0 0.0 1187070.0 1756680.0 249154.0 2130590.0 1954020.0 1097180.0 94243.0 0.0 674390.0 1416560.0 1089630.0 1102260.0 803526.0 843161.0 1556640.0 1527610.0 1250680.0 3448050.0 2626420.0 2583060.0 1664370.0 1168450.0 1622610.0 1043560.0 872808.0 1756370.0 2061130.0 1932560.0 786842.0 -9999.0 -9999.0 -9999.0 -9999.0 -9999.0 -9999.0 -9999.0 -9999.0 -9999.0 106127.0 690457.0 1402390.0 3457320.0 2987560.0 2862030.0 2593010.0 3020470.0 1243670.0 506225.0 523358.0 -9999.0 -9999.0 -9999.0 -9999.0 -9999.0 -9999.0 -9999.0 -9999.0
0.0 0.0 0.0 0.0 326698.0 0.0 318110.0 426601.0 217143.0 0.0 572993.0 2295730.0 2980140.0 2078800.0 1415580.0 1487400.0 423309.0 1062660.0 1609920.0 2365290.0 2710150.0 1149230.0 1232780.0 1365190.0 1323160.0 1691790.0 1120500.0 3331450.0 3339800.0 1643690.0 648270.0 288703.0 1525470.0 1316700.0 1040400.0 1063390.0 1541570.0 1362230.0 121686.0 -9999.0 -9999.0 -9999.0 -9999.0 -9999.0 -9999.0 -9999.0 188103.0 1269720.0 2062260.0 2273120.0 2593870.0 2572860.0 2853430.0 3085340.0 2889680.0 2087000.0 850104.0 877371.0 -9999.0 -9999.0 -9999.0 -9999.0 -9999.0 -9999.0 -9999.0 -9999.0 -9999.0
0.0 0.0 0.0 0.0 64633.4 320732.0 84348.7 430982.0 1240460.0 85055.9 1711670.0 2169230.0 1370080.0 934043.0 704433.0 0.0 2136300.0 2761830.0 2729140.0 2127760.0 1979580.0 2479690.0 2687270.0 1481110.0 1530060.0 1692730.0 1411180.0 1596570.0 1527460.0 991585.0 349178.0 1062910.0 894612.0 474281.0 640246.0 826786.0 1200180.0 168195.0 -9999.0 -9999.0 -9999.0 -9999.0 -9999.0 -9999.0 -9999.0 -9999.0 607580.0 2331550.0 2724320.0 2547800.0 2721560.0 3244650.0 3294400.0 2946020.0 2967150.0 1004820.0 924077.0 708551.0 -9999.0 -9999.0 -9999.0 -9999.0 -9999.0 -9999.0 -9999.0 -9999.0 -9999.0
0.0 0.0 0.0 1662590.0 0.0 0.0 607928.0 1261430.0 1430350.0 1291290.0 1512430.0 1389310.0 994779.0 866516.0 1341180.0 2306680.0 1935930.0 2100460.0 1504780.0 1389780.0 1080510.0 1981140.0 2478950.0 2748750.0 1494190.0 1314160.0 1590050.0 1720050.0 1460440.0 1872600.0 624980.0 449944.0 448126.0 536837.0 663047.0 203089.0 -9999.0 -9999.0 -9999.0 -9999.0 -9999.0 -9999.0 -9999.0 -9999.0 -9999.0 -9999.0 1865230.0 2568030.0 2860150.0 2559440.0 3083860.0 3548560.0 2817390.0 3019780.0 3160540.0 1235070.0 2145520.0 109292.0 -9999.0 -9999.0 -9999.0 -9999.0 -9999.0 -9999.0 -9999.0 -9999.0 -9999.0
1367910.0 1864730.0 1676100.0 1340710.0 975263.0 0.0 928518.0 991180.0 1398010.0 1048310.0 521063.0 794196.0 2090530.0 1929450.0 1803250.0 2527940.0 1916840.0 1563430.0 1673670.0 1795120.0 2043190.0 2171440.0 2925600.0 1381840.0 690021.0 1599370.0 1332120.0 1351490.0 1490850.0 1317890.0 1016070.0 1239890.0 769011.0 74249.3 -9999.0 -9999.0 -9999.0 -9999.0 -9999.0 -9999.0 -9999.0 -9999.0 -9999.0 -9999.0 -9999.0 -9999.0 2104110.0 2947560.0 2959780.0 3078670.0 3052770.0 3176050.0 3123080.0 2902040.0 3319800.0 1329160.0 1901810.0 -9999.0 -9999.0 -9999.0 -9999.0 -9999.0 -9999.0 -9999.0 -9999.0 -9999.0 -9999.0
1047050.0 923916.0 750937.0 751821.0 1025890.0 912408.0 818733.0 109364.0 259493.0 1185910.0 1617620.0 1615730.0 1210410.0 1602460.0 2046340.0 1796810.0 1539470.0 939266.0 1778680.0 2218020.0 2758730.0 2323930.0 820797.0 855502.0 388687.0 1424240.0 1194830.0 1231280.0 617499.0 1253870.0 1767080.0 1098160.0 -9999.0 -9999.0 -9999.0 -9999.0 -9999.0 -9999.0 -9999.0 -9999.0 -9999.0 -9999.0 -9999.0 -9999.0 -9999.0 -9999.0 2085840.0 2835460.0 2744420.0 2575140.0 2773820.0 2951810.0 3007140.0 2907040.0 1840980.0 1017300.0 1246090.0 -9999.0 -9999.0 -9999.0 -9999.0 -9999.0 -9999.0 -9999.0 -9999.0 -9999.0 -9999.0
886896.0 955548.0 545745.0 682820.0 750750.0 682388.0 0.0 542743.0 176135.0 611649.0 0.0 697386.0 546736.0 1454800.0 1760060.0 1920400.0 1671670.0 417533.0 1110080.0 1794440.0 3174390.0 3027580.0 1632490.0 964499.0 1262500.0 1208570.0 1091100.0 678423.0 152859.0 388629.0 707058.0 -9999.0 -9999.0 -9999.0 -9999.0 -9999.0 -9999.0 -9999.0 -9999.0 -9999.0 -9999.0 -9999.0 -9999.0 -9999.0 -9999.0 -9999.0 1173510.0 2206950.0 2831580.0 2557940.0 3359430.0 3886260.0 3977140.0 2921970.0 1656660.0 1657080.0 843702.0 -9999.0 -9999.0 -9999.0 -9999.0 -9999.0 -9999.0 -9999.0 -9999.0 -9999.0 -9999.0
1003260.0 935310.0 802838.0 267705.0 468476.0 535717.0 401753.0 402222.0 335792.0 268560.0 543688.0 409326.0 556613.0 545098.0 1374890.0 1235210.0 1530170.0 1404490.0 1643730.0 2187390.0 2474320.0 3620020.0 2130160.0 2079690.0 1271200.0 1025640.0 1428480.0 436250.0 708276.0 235195.0 -9999.0 -9999.0 -9999.0 -9999.0 -9999.0 -9999.0 -9999.0 -9999.0 -9999.0 -9999.0 -9999.0 -9999.0 -9999.0 -9999.0 -9999.0 -9999.0 582953.0 2070350.0 2961860.0 2527010.0 3209260.0 2934030.0 3056520.0 3297210.0 1098320.0 1777790.0 197679.0 -9999.0 -9999.0 -9999.0 -9999.0 -9999.0 -9999.0 -9999.0 -9999.0 -9999.0 -9999.0
999277.0 1132350.0 1134390.0 734206.0 777574.0 801056.0 467158.0 667932.0 602658.0 668962.0 736363.0 1511080.0 1519470.0 1644480.0 1232560.0 1234190.0 1647180.0 1779710.0 2063370.0 2823600.0 2866630.0 2079200.0 3006380.0 1151210.0 494644.0 552311.0 829450.0 1001150.0 381468.0 -9999.0 -9999.0 -9999.0 -9999.0 -9999.0 -9999.0 -9999.0 -9999.0 -9999.0 -9999.0 -9999.0 -9999.0 -9999.0 -9999.0 -9999.0 -9999.0 -9999.0 308571.0 2049870.0 2818220.0 3023160.0 3231810.0 3080320.0 3401510.0 2762840.0 1498040.0 1133210.0 -9999.0 -9999.0 -9999.0 -9999.0 -9999.0 -9999.0 -9999.0 -9999.0 -9999.0 -9999.0 -9999.0
1174490.0 1174140.0 1312260.0 1246360.0 1117210.0 1184210.0 1122280.0 330506.0 1064910.0 799310.0 1009390.0 471554.0 1011340.0 1512140.0 1492620.0 1723700.0 2432000.0 2466830.0 2573340.0 2265520.0 2402820.0 3073590.0 3474720.0 768498.0 688446.0 1237040.0 775973.0 629783.0 -9999.0 -9999.0 -9999.0 -9999.0 -9999.0 -9999.0 -9999.0 -9999.0 -9999.0 -9999.0 -9999.0 -9999.0 -9999.0 -9999.0 -9999.0 -9999.0 -9999.0 -9999.0 737778.0 2043020.0 2887630.0 3251790.0 2905430.0 2772150.0 3020720.0 1602030.0 1388500.0 1092570.0 -9999.0 -9999.0 -9999.0 -9999.0 -9999.0 -9999.0 -9999.0 -9999.0 -9999.0 -9999.0 -9999.0
1040890.0 1300420.0 1047360.0 1177400.0 1312300.0 1377610.0 1251510.0 789267.0 331266.0 397952.0 735248.0 867278.0 1255220.0 3224990.0 1900570.0 2051300.0 2643260.0 2172790.0 2247790.0 2229410.0 2428610.0 1638270.0 2826400.0 1484400.0 1216520.0 1376270.0 1618860.0 1264380.0 82003.6 -9999.0 -9999.0 -9999.0 -9999.0 -9999.0 -9999.0 -9999.0 -9999.0 -9999.0 -9999.0 -9999.0 -9999.0 -9999.0 -9999.0 -9999.0 -9999.0 218204.0 1428270.0 2350090.0 3418510.0 3103130.0 3166590.0 2975500.0 2845050.0 1126850.0 1304480.0 192252.0 -9999.0 -9999.0 -9999.0 -9999.0 -9999.0 -9999.0 -9999.0 -9999.0 -9999.0 -9999.0 -9999.0
1142050.0 1269600.0 1218700.0 1090970.0 1295190.0 1295100.0 1110140.0 979489.0 1191680.0 1060430.0 944534.0 1185660.0 1217880.0 1286460.0 2241400.0 2269500.0 1854040.0 1723710.0 1869820.0 2824660.0 2379210.0 2627110.0 883600.0 1455970.0 1147130.0 1266190.0 1150480.0 1167570.0 259522.0 -9999.0 -9999.0 -9999.0 -9999.0 -9999.0 -9999.0 -9999.0 -9999.0 -9999.0 -9999.0 -9999.0 -9999.0 -9999.0 -9999.0 -9999.0 -9999.0 1704810.0 2592310.0 2929240.0 3045180.0 3148120.0 3254630.0 3083960.0 2892380.0 1486700.0 1841100.0 -9999.0 -9999.0 -9999.0 -9999.0 -9999.0 -9999.0 -9999.0 -9999.0 -9999.0 -9999.0 -9999.0 -9999.0
1202180.0 1007750.0 958947.0 1022380.0 1226800.0 1161760.0 1237250.0 1238120.0 1454090.0 1427090.0 1412230.0 1209970.0 1158030.0 1476980.0 1206740.0 1235140.0 2031220.0 2033560.0 2023660.0 2082150.0 1959240.0 1475180.0 0.0 349910.0 835718.0 888227.0 1253380.0 1094960.0 676050.0 -9999.0 -9999.0 -9999.0 -9999.0 -9999.0 -9999.0 -9999.0 -9999.0 -9999.0 -9999.0 -9999.0 -9999.0 -9999.0 -9999.0 -9999.0 712960.0 2678990.0 2202690.0 2690850.0 2830380.0 3121260.0 3377580.0 3537960.0 2807120.0 2333770.0 1434590.0 -9999.0 -9999.0 -9999.0 -9999.0 -9999.0 -9999.0 -9999.0 -9999.0 -9999.0 -9999.0 -9999.0 -9999.0
864486.0 987627.0 1001490.0 1002120.0 1144190.0 1207110.0 1291360.0 1291050.0 1318310.0 1423980.0 1419220.0 1220840.0 1558890.0 1529610.0 1439520.0 1518850.0 2201890.0 2181450.0 2468230.0 2606080.0 1977240.0 1444940.0 1556560.0 349652.0 0.0 1441760.0 1333200.0 1189910.0 935929.0 90119.9 -9999.0 -9999.0 -9999.0 -9999.0 -9999.0 -9999.0 -9999.0 -9999.0 -9999.0 -9999.0 -9999.0 -9999.0 -9999.0 -9999.0 1348050.0 2914970.0 2272150.0 2757820.0 2788850.0 3250830.0 3249320.0 2694040.0 1925030.0 3006340.0 203822.0 -9999.0 -9999.0 -9999.0 -9999.0 -9999.0 -9999.0 -9999.0 -9999.0 -9999.0 -9999.0 -9999.0 -9999.0
1107900.0 1169410.0 1185870.0 1061190.0 1013710.0 1140470.0 1158320.0 1222450.0 1379850.0 1379660.0 1414310.0 1454340.0 1347140.0 1338870.0 3012330.0 2958860.0 2677900.0 2150750.0 4482300.0 5077900.0 1811500.0 776671.0 1503330.0 0.0 84675.8 1446080.0 1299330.0 1082500.0 415259.0 110776.0 -9999.0 -9999.0 -9999.0 -9999.0 -9999.0 -9999.0 -9999.0 -9999.0 -9999.0 -9999.0 -9999.0 -9999.0 -9999.0 -9999.0 793834.0 2230970.0 2272770.0 2748290.0 2978950.0 3281990.0 3292320.0 3110510.0 2240320.0 2295290.0 -9999.0 -9999.0 -9999.0 -9999.0 -9999.0 -9999.0 -9999.0 -9999.0 -9999.0 -9999.0 -9999.0 -9999.0 -9999.0
909111.0 1090390.0 1047640.0 862537.0 882594.0 1197050.0 1289120.0 1288920.0 1495290.0 1416410.0 1432900.0 1327590.0 1531370.0 3064440.0 3694520.0 2285520.0 2978660.0 6759660.0 7896670.0 7605820.0 942729.0 110246.0 927736.0 285786.0 1294200.0 1396830.0 1411270.0 973712.0 643261.0 0.0 -9999.0 -9999.0 -9999.0 -9999.0 -9999.0 -9999.0 -9999.0 -9999.0 -9999.0 -9999.0 -9999.0 -9999.0 -9999.0 -9999.0 -9999.0 1750930.0 2619990.0 2815440.0 2728360.0 3135030.0 2873280.0 2270910.0 1825580.0 1532610.0 -9999.0 -9999.0 -9999.0 -9999.0 -9999.0 -9999.0 -9999.0 -9999.0 -9999.0 -9999.0 -9999.0 -9999.0 -9999.0
1085830.0 1086140.0 982550.0 983062.0 1130230.0 1192640.0 1220520.0 1284230.0 1459440.0 1354450.0 1224800.0 1324380.0 2166200.0 2017530.0 2002800.0 2363880.0 3210160.0 2259760.0 3968350.0 2906890.0 1549970.0 464676.0 366173.0 559824.0 1341560.0 1345450.0 1477440.0 1366500.0 1484210.0 0.0 -9999.0 -9999.0 -9999.0 -9999.0 -9999.0 -9999.0 -9999.0 -9999.0 -9999.0 -9999.0 -9999.0 -9999.0 -9999.0 -9999.0 -9999.0 1927820.0 2812710.0 2796470.0 3063160.0 3050080.0 2848200.0 2384290.0 1602390.0 610942.0 -9999.0 -9999.0 -9999.0 -9999.0 -9999.0 -9999.0 -9999.0 -9999.0 -9999.0 -9999.0 -9999.0 -9999.0 -9999.0
1134020.0 1128110.0 1036540.0 976543.0 1068570.0 1068190.0 1099960.0 1164310.0 1557930.0 1493820.0 1298640.0 1217150.0 2858000.0 1852970.0 2107300.0 3033890.0 3203650.0 2394700.0 1844960.0 1165660.0 1297540.0 2221900.0 1720770.0 1613240.0 1474450.0 1497220.0 1241990.0 1174820.0 990700.0 -9999.0 -9999.0 -9999.0 -9999.0 -9999.0 -9999.0 -9999.0 -9999.0 -9999.0 -9999.0 -9999.0 -9999.0 -9999.0 -9999.0 -9999.0 -9999.0 1523700.0 2540850.0 3686800.0 3229920.0 2808780.0 2560780.0 2596890.0 1256060.0 -9999.0 -9999.0 -9999.0 -9999.0 -9999.0 -9999.0 -9999.0 -9999.0 -9999.0 -9999.0 -9999.0 -9999.0 -9999.0 -9999.0
595145.0 1129720.0 1155140.0 1154730.0 937712.0 1125750.0 1223260.0 1223780.0 1331540.0 1557130.0 2872750.0 2383050.0 2178750.0 2331570.0 2265540.0 6885210.0 3141310.0 4072920.0 1895780.0 878708.0 2743960.0 1927000.0 518695.0 1757080.0 1651250.0 1655040.0 1523160.0 922999.0 115365.0 -9999.0 -9999.0 -9999.0 -9999.0 -9999.0 -9999.0 -9999.0 -9999.0 -9999.0 -9999.0 -9999.0 -9999.0 -9999.0 -9999.0 -9999.0 -9999.0 346332.0 2411820.0 2847830.0 3261960.0 3068360.0 2315460.0 1248060.0 531197.0 -9999.0 -9999.0 -9999.0 -9999.0 -9999.0 -9999.0 -9999.0 -9999.0 -9999.0 -9999.0 -9999.0 -9999.0 -9999.0 -9999.0
0.0 117473.0 1148520.0 1143290.0 1453860.0 1417830.0 1417300.0 1568820.0 1382770.0 2376040.0 2734570.0 2885080.0 3013090.0 3592090.0 3671220.0 2698710.0 3042980.0 2724050.0 397928.0 0.0 2235670.0 1958470.0 1220330.0 1734830.0 860472.0 501875.0 -9999.0 -9999.0 -9999.0 -9999.0 -9999.0 -9999.0 -9999.0 -9999.0 -9999.0 -9999.0 -9999.0 -9999.0 -9999.0 -9999.0 -9999.0 -9999.0 -9999.0 -9999.0 -9999.0 -9999.0 868784.0 2103980.0 3038070.0 2678230.0 1581340.0 784583.0 -9999.0 -9999.0 -9999.0 -9999.0 -9999.0 -9999.0 -9999.0 -9999.0 -9999.0 -9999.0 -9999.0 -9999.0 -9999.0 -9999.0 -9999.0
58490.4 1112920.0 1144300.0 1461210.0 2301620.0 2120910.0 1891400.0 1657510.0 2405580.0 2972590.0 2505450.0 2859310.0 3587650.0 3619020.0 3096300.0 3469140.0 3036760.0 2383700.0 353804.0 1121990.0 837817.0 2573260.0 1791190.0 1080440.0 -9999.0 -9999.0 -9999.0 -9999.0 -9999.0 -9999.0 -9999.0 -9999.0 -9999.0 -9999.0 -9999.0 -9999.0 -9999.0 -9999.0 -9999.0 -9999.0 -9999.0 -9999.0 -9999.0 -9999.0 -9999.0 -9999.0 -9999.0 -9999.0 509568.0 170856.0 -9999.0 -9999.0 -9999.0 -9999.0 -9999.0 -9999.0 -9999.0 -9999.0 -9999.0 -9999.0 -9999.0 -9999.0 -9999.0 -9999.0 -9999.0 -9999.0 -9999.0
1102410.0 1102700.0 1322200.0 2242780.0 2223300.0 1945470.0 1824060.0 1966180.0 3130350.0 2629660.0 3848600.0 4305810.0 3882360.0 3804190.0 3691440.0 9228740.0 4887760.0 8969770.0 9016160.0 1456810.0 5294710.0 6052500.0 1764180.0 795816.0 -9999.0 -9999.0 -9999.0 -9999.0 -9999.0 -9999.0 -9999.0 -9999.0 -9999.0 -9999.0 -9999.0 -9999.0 -9999.0 -9999.0 -9999.0 -9999.0 -9999.0 -9999.0 -9999.0 -9999.0 -9999.0 -9999.0 -9999.0 -9999.0 -9999.0 -9999.0 -9999.0 -9999.0 -9999.0 -9999.0 -9999.0 -9999.0 -9999.0 -9999.0 -9999.0 -9999.0 -9999.0 -9999.0 -9999.0 -9999.0 -9999.0 -9999.0 -9999.0
1381770.0 1455740.0 2285720.0 2191260.0 2144950.0 2005820.0 2002630.0 2099500.0 1926470.0 2184230.0 4537570.0 3939710.0 4131730.0 4853010.0 8792270.0 9178430.0 6791310.0 4323910.0 6132150.0 1436810.0 6323310.0 5303440.0 1087330.0 664097.0 -9999.0 -9999.0 -9999.0 -9999.0 -9999.0 -9999.0 -9999.0 -9999.0 -9999.0 -9999.0 -9999.0 -9999.0 -9999.0 -9999.0 -9999.0 -9999.0 -9999.0 -9999.0 -9999.0 -9999.0 -9999.0 -9999.0 -9999.0 -9999.0 -9999.0 -9999.0 -9999.0 -9999.0 -9999.0 -9999.0 -9999.0 -9999.0 -9999.0 -9999.0 -9999.0 -9999.0 -9999.0 -9999.0 -9999.0 -9999.0 -9999.0 -9999.0 -9999.0
2295290.0 2295240.0 2314910.0 2042450.0 2116080.0 2139520.0 2235760.0 2167200.0 1906770.0 2010950.0 2289260.0 4580360.0 9160420.0 7646310.0 8693740.0 4713580.0 5719980.0 4014520.0 2074270.0 1518450.0 1214150.0 4798460.0 1767110.0 969946.0 -9999.0 -9999.0 -9999.0 -9999.0 -9999.0 -9999.0 -9999.0 -9999.0 -9999.0 -9999.0 -9999.0 -9999.0 -9999.0 -9999.0 -9999.0 -9999.0 -9999.0 -9999.0 -9999.0 -9999.0 -9999.0 -9999.0 -9999.0 -9999.0 -9999.0 -9999.0 -9999.0 -9999.0 -9999.0 -9999.0 -9999.0 -9999.0 -9999.0 -9999.0 -9999.0 -9999.0 -9999.0 -9999.0 -9999.0 -9999.0 -9999.0 -9999.0 -9999.0
2284940.0 2352170.0 2304520.0 2100190.0 2126040.0 2194230.0 2216630.0 2441660.0 1987860.0 2936140.0 2216770.0 4138590.0 6222080.0 9061340.0 3208060.0 8407860.0 8884060.0 1654390.0 2540970.0 1834680.0 475324.0 1896960.0 1856690.0 369083.0 -9999.0 -9999.0 -9999.0 -9999.0 -9999.0 -9999.0 -9999.0 -9999.0 -9999.0 -9999.0 -9999.0 -9999.0 -9999.0 -9999.0 -9999.0 -9999.0 -9999.0 -9999.0 -9999.0 -9999.0 -9999.0 -9999.0 -9999.0 -9999.0 -9999.0 -9999.0 -9999.0 -9999.0 -9999.0 -9999.0 -9999.0 -9999.0 -9999.0 -9999.0 -9999.0 -9999.0 -9999.0 -9999.0 -9999.0 -9999.0 -9999.0 -9999.0 -9999.0
2424020.0 2369150.0 2222220.0 2087600.0 2111770.0 2115180.0 2261840.0 2296150.0 3262350.0 3217680.0 2252510.0 4292200.0 4050740.0 9677510.0 5307440.0 6899750.0 7396570.0 1381480.0 2379640.0 2547280.0 343163.0 2407500.0 2732340.0 32892.0 -9999.0 -9999.0 -9999.0 -9999.0 -9999.0 -9999.0 -9999.0 -9999.0 -9999.0 -9999.0 -9999.0 -9999.0 -9999.0 -9999.0 -9999.0 -9999.0 -9999.0 -9999.0 -9999.0 -9999.0 -9999.0 -9999.0 -9999.0 -9999.0 -9999.0 -9999.0 -9999.0 -9999.0 -9999.0 -9999.0 -9999.0 -9999.0 -9999.0 -9999.0 -9999.0 -9999.0 -9999.0 -9999.0 -9999.0 -9999.0 -9999.0 -9999.0 -9999.0
2460590.0 2460500.0 2331460.0 2010980.0 2032490.0 2101950.0 2130060.0 2284740.0 2164700.0 3194690.0 2678430.0 3275010.0 4098700.0 4901160.0 3607440.0 4477050.0 2653180.0 3069520.0 1361820.0 1609020.0 2310250.0 2927450.0 879099.0 -9999.0 -9999.0 -9999.0 -9999.0 -9999.0 -9999.0 -9999.0 -9999.0 -9999.0 -9999.0 -9999.0 -9999.0 -9999.0 -9999.0 -9999.0 -9999.0 -9999.0 -9999.0 -9999.0 -9999.0 -9999.0 -9999.0 -9999.0 -9999.0 -9999.0 -9999.0 -9999.0 -9999.0 -9999.0 -9999.0 -9999.0 -9999.0 -9999.0 -9999.0 -9999.0 -9999.0 -9999.0 -9999.0 -9999.0 -9999.0 -9999.0 -9999.0 -9999.0 -9999.0
2308110.0 2243590.0 2365290.0 2066770.0 2138700.0 2202570.0 2116190.0 2143980.0 2722600.0 2950060.0 2165020.0 3000580.0 4217670.0 2975470.0 4109970.0 4882320.0 4175610.0 2694780.0 1274990.0 1517210.0 6068280.0 595540.0 -9999.0 -9999.0 -9999.0 -9999.0 -9999.0 -9999.0 -9999.0 -9999.0 -9999.0 -9999.0 -9999.0 -9999.0 -9999.0 -9999.0 -9999.0 -9999.0 -9999.0 -9999.0 -9999.0 -9999.0 -9999.0 -9999.0 -9999.0 -9999.0 -9999.0 -9999.0 -9999.0 -9999.0 -9999.0 -9999.0 -9999.0 -9999.0 -9999.0 -9999.0 -9999.0 -9999.0 -9999.0 -9999.0 -9999.0 -9999.0 -9999.0 -9999.0 -9999.0 -9999.0 -9999.0
2232020.0 2232280.0 2250030.0 2332440.0 2290530.0 2205830.0 2352020.0 2215630.0 2231610.0 2221080.0 2295600.0 3022300.0 4389910.0 4610360.0 4758210.0 4731300.0 1991270.0 1585340.0 1182780.0 1700110.0 707544.0 -9999.0 -9999.0 -9999.0 -9999.0 -9999.0 -9999.0 -9999.0 -9999.0 -9999.0 -9999.0 -9999.0 -9999.0 -9999.0 -9999.0 -9999.0 -9999.0 -9999.0 -9999.0 -9999.0 -9999.0 -9999.0 -9999.0 -9999.0 -9999.0 -9999.0 -9999.0 -9999.0 -9999.0 -9999.0 -9999.0 -9999.0 -9999.0 -9999.0 -9999.0 -9999.0 -9999.0 -9999.0 -9999.0 -9999.0 -9999.0 -9999.0 -9999.0 -9999.0 -9999.0 -9999.0 -9999.0
