critload/trunk/input/1999/n_up_ag.asc
ncols 720
nrows 360
xllcorner -180.0
yllcorner -90.0
cellsize 0.5
NODATA_value -9999.0
[rows 60 to 89 of 360, columns 335 to 401 of 720]
-9999.0 -9999.0 -9999.0 -9999.0 -9999.0 -9999.0 -9999.0 -9999.0 -9999.0 -9999.0 -9999.0 -9999.0 -9999.0 -9999.0 -9999.0 -9999.0 -9999.0 -9999.0 -9999.0 -9999.0 -9999.0 -9999.0 81026.9 -9999.0 -9999.0 -9999.0 -9999.0 -9999.0 -9999.0 -9999.0 -9999.0 -9999.0 -9999.0 -9999.0 -9999.0 719524.0 649959.0 0.0 0.0 0.0 0.0 0.0 0.0 0.0 458609.0 1852990.0 4466080.0 9012590.0 695451.0 349575.0 519007.0 439682.0 571826.0 0.0 540969.0 399979.0 524886.0 2438260.0 2775240.0 3028870.0 4781940.0 1223900.0 1484250.0 -9999.0 -9999.0 -9999.0 -9999.0
-9999.0 -9999.0 -9999.0 -9999.0 -9999.0 -9999.0 -9999.0 -9999.0 -9999.0 -9999.0 -9999.0 -9999.0 -9999.0 -9999.0 -9999.0 -9999.0 -9999.0 -9999.0 2663510.0 605208.0 -9999.0 -9999.0 -9999.0 -9999.0 -9999.0 -9999.0 -9999.0 -9999.0 -9999.0 -9999.0 -9999.0 -9999.0 -9999.0 -9999.0 -9999.0 2089110.0 713901.0 1149240.0 0.0 0.0 0.0 848541.0 848541.0 0.0 2238710.0 7084130.0 5945860.0 6829610.0 719992.0 0.0 1001690.0 1360330.0 1392140.0 2110750.0 904465.0 3689310.0 1234000.0 1769560.0 2204540.0 1475280.0 2413540.0 4475510.0 434041.0 -9999.0 -9999.0 -9999.0 -9999.0
-9999.0 -9999.0 -9999.0 -9999.0 -9999.0 -9999.0 -9999.0 -9999.0 -9999.0 -9999.0 -9999.0 -9999.0 -9999.0 -9999.0 101070.0 1819630.0 527263.0 1124830.0 3693660.0 1254410.0 -9999.0 -9999.0 -9999.0 -9999.0 -9999.0 -9999.0 -9999.0 -9999.0 -9999.0 -9999.0 -9999.0 -9999.0 -9999.0 -9999.0 -9999.0 -9999.0 4370110.0 627691.0 702801.0 853104.0 1328000.0 760266.0 1441190.0 0.0 349135.0 -9999.0 -9999.0 341807.0 0.0 851688.0 267969.0 1105750.0 1507720.0 1171590.0 818108.0 1005780.0 544149.0 728636.0 2349850.0 1409070.0 579992.0 -9999.0 -9999.0 -9999.0 -9999.0 -9999.0 -9999.0
-9999.0 -9999.0 -9999.0 -9999.0 -9999.0 -9999.0 -9999.0 -9999.0 -9999.0 -9999.0 1084140.0 6655830.0 4009090.0 -9999.0 3630500.0 7300080.0 6122080.0 9109560.0 1875880.0 -9999.0 -9999.0 -9999.0 -9999.0 -9999.0 -9999.0 -9999.0 -9999.0 -9999.0 -9999.0 -9999.0 -9999.0 -9999.0 -9999.0 -9999.0 -9999.0 -9999.0 0.0 711584.0 987613.0 1086080.0 1915610.0 1404440.0 2393490.0 -9999.0 -9999.0 -9999.0 -9999.0 0.0 551418.0 2299100.0 3088440.0 4146290.0 3086800.0 723030.0 1073590.0 2693970.0 2180020.0 1003770.0 488334.0 -9999.0 -9999.0 -9999.0 -9999.0 -9999.0 -9999.0 -9999.0 -9999.0
-9999.0 -9999.0 -9999.0 -9999.0 -9999.0 -9999.0 -9999.0 -9999.0 -9999.0 -9999.0 0.0 2878060.0 0.0 0.0 11229900.0 9945260.0 6820870.0 2316570.0 3464360.0 4197340.0 5886430.0 2030380.0 -9999.0 -9999.0 -9999.0 -9999.0 -9999.0 -9999.0 -9999.0 -9999.0 -9999.0 -9999.0 -9999.0 -9999.0 -9999.0 -9999.0 -9999.0 -9999.0 -9999.0 -9999.0 -9999.0 -9999.0 -9999.0 -9999.0 581721.0 5156970.0 -9999.0 -9999.0 576980.0 377724.0 0.0 62793.2 0.0 1917070.0 761986.0 370348.0 1449890.0 1129190.0 1362390.0 -9999.0 -9999.0 1727980.0 2029260.0 403576.0 -9999.0 -9999.0 -9999.0
-9999.0 -9999.0 -9999.0 -9999.0 -9999.0 -9999.0 -9999.0 -9999.0 -9999.0 -9999.0 956772.0 116029.0 0.0 3923880.0 11255800.0 9924450.0 8210590.0 10036500.0 11384500.0 6893980.0 15101400.0 1599960.0 -9999.0 -9999.0 -9999.0 -9999.0 -9999.0 -9999.0 -9999.0 -9999.0 -9999.0 -9999.0 -9999.0 -9999.0 -9999.0 -9999.0 -9999.0 -9999.0 -9999.0 -9999.0 -9999.0 -9999.0 5127200.0 4937660.0 11245600.0 13002400.0 1698270.0 446354.0 143549.0 2227210.0 741026.0 0.0 0.0 629443.0 0.0 0.0 391685.0 1539190.0 1537940.0 501954.0 -9999.0 2041060.0 1428200.0 -9999.0 -9999.0 -9999.0 -9999.0
-9999.0 -9999.0 -9999.0 -9999.0 -9999.0 -9999.0 -9999.0 -9999.0 -9999.0 0.0 -9999.0 387125.0 0.0 0.0 6943710.0 12172600.0 10989700.0 3925720.0 5798400.0 8500690.0 3118550.0 -9999.0 -9999.0 -9999.0 -9999.0 -9999.0 -9999.0 -9999.0 -9999.0 -9999.0 -9999.0 -9999.0 -9999.0 -9999.0 -9999.0 -9999.0 -9999.0 -9999.0 -9999.0 -9999.0 -9999.0 7307720.0 8743790.0 10002400.0 10169500.0 9599640.0 -9999.0 -9999.0 -9999.0 477981.0 3125650.0 1894500.0 945136.0 340610.0 1607900.0 331042.0 1274090.0 2642030.0 2402950.0 -9999.0 -9999.0 257486.0 -9999.0 -9999.0 -9999.0 -9999.0 -9999.0
-9999.0 -9999.0 -9999.0 -9999.0 -9999.0 -9999.0 -9999.0 -9999.0 -9999.0 -9999.0 -9999.0 -9999.0 220366.0 4628380.0 874566.0 1299900.0 1973350.0 6550040.0 11099800.0 5238720.0 -9999.0 -9999.0 -9999.0 -9999.0 -9999.0 -9999.0 -9999.0 -9999.0 -9999.0 -9999.0 -9999.0 -9999.0 -9999.0 -9999.0 -9999.0 -9999.0 -9999.0 -9999.0 -9999.0 -9999.0 -9999.0 6531270.0 8743400.0 7879170.0 13986500.0 11926700.0 7413070.0 -9999.0 -9999.0 4380900.0 5208300.0 4495730.0 5202880.0 3811290.0 4402250.0 2448070.0 2243660.0 1370180.0 274675.0 -9999.0 -9999.0 -9999.0 -9999.0 -9999.0 -9999.0 -9999.0 -9999.0
-9999.0 -9999.0 -9999.0 -9999.0 -9999.0 -9999.0 -9999.0 -9999.0 -9999.0 -9999.0 -9999.0 -9999.0 4681240.0 5685780.0 979191.0 2407260.0 14267900.0 6779080.0 6832470.0 7817610.0 11123800.0 3620200.0 -9999.0 -9999.0 -9999.0 -9999.0 -9999.0 -9999.0 -9999.0 -9999.0 -9999.0 -9999.0 -9999.0 -9999.0 -9999.0 -9999.0 -9999.0 -9999.0 -9999.0 -9999.0 -9999.0 7599380.0 7767430.0 10372800.0 13284700.0 6409070.0 1351910.0 8803170.0 12572100.0 13406800.0 2399170.0 8186110.0 6939420.0 4198740.0 -9999.0 -9999.0 -9999.0 -9999.0 -9999.0 -9999.0 -9999.0 -9999.0 -9999.0 -9999.0 -9999.0 -9999.0 -9999.0
-9999.0 -9999.0 -9999.0 -9999.0 -9999.0 -9999.0 -9999.0 -9999.0 2085150.0 4461500.0 6586780.0 7238240.0 5017980.0 0.0 1091260.0 9712220.0 671594.0 2011180.0 0.0 3770110.0 1235100.0 11270000.0 76173.1 -9999.0 -9999.0 -9999.0 -9999.0 -9999.0 -9999.0 -9999.0 -9999.0 -9999.0 -9999.0 -9999.0 -9999.0 -9999.0 -9999.0 -9999.0 -9999.0 -9999.0 -9999.0 836906.0 8184780.0 12789500.0 8231600.0 14343600.0 8945820.0 6372660.0 13271700.0 7397380.0 269153.0 2527640.0 1530250.0 986493.0 3597800.0 1465510.0 -9999.0 -9999.0 -9999.0 -9999.0 -9999.0 -9999.0 -9999.0 -9999.0 -9999.0 -9999.0 0.0
-9999.0 -9999.0 -9999.0 -9999.0 -9999.0 -9999.0 -9999.0 1478100.0 9291150.0 6767210.0 2076050.0 14913100.0 12395600.0 8673400.0 1934290.0 8607960.0 230884.0 6049640.0 15845600.0 16963000.0 2686990.0 12159800.0 7457660.0 1292310.0 -9999.0 -9999.0 -9999.0 -9999.0 -9999.0 -9999.0 -9999.0 -9999.0 -9999.0 -9999.0 -9999.0 -9999.0 -9999.0 -9999.0 -9999.0 -9999.0 -9999.0 552177.0 8807290.0 18200600.0 12520000.0 883168.0 2251430.0 7426710.0 8099030.0 3086300.0 0.0 1169440.0 1238690.0 -9999.0 -9999.0 -9999.0 -9999.0 -9999.0 1194840.0 3493070.0 1801930.0 3990390.0 0.0 -9999.0 338212.0 5002940.0 5126470.0
-9999.0 -9999.0 -9999.0 -9999.0 723636.0 7019110.0 8491840.0 9168280.0 13827100.0 13410500.0 1442110.0 9059900.0 16253100.0 11210200.0 -9999.0 0.0 0.0 450688.0 3694830.0 2347840.0 716042.0 8191300.0 14502600.0 13213600.0 5500220.0 -9999.0 -9999.0 -9999.0 -9999.0 -9999.0 -9999.0 -9999.0 -9999.0 -9999.0 -9999.0 -9999.0 -9999.0 -9999.0 -9999.0 -9999.0 -9999.0 -9999.0 4681200.0 22500600.0 19188800.0 13951100.0 7138390.0 2307140.0 5977480.0 7580840.0 8368690.0 8042780.0 3499680.0 0.0 286684.0 1621050.0 2682800.0 4005490.0 2522090.0 2744170.0 1909950.0 5199560.0 6493770.0 5162280.0 6038660.0 5564160.0 6760470.0
-9999.0 -9999.0 -9999.0 -9999.0 961466.0 7886280.0 13466100.0 18347100.0 20108100.0 17681400.0 15617300.0 18488800.0 9042790.0 -9999.0 -9999.0 -9999.0 -9999.0 -9999.0 823787.0 16752100.0 6446050.0 16848400.0 15131500.0 15202400.0 11720800.0 731114.0 -9999.0 -9999.0 -9999.0 -9999.0 -9999.0 -9999.0 -9999.0 -9999.0 -9999.0 -9999.0 -9999.0 -9999.0 -9999.0 6436810.0 11261200.0 1372480.0 16436000.0 23527900.0 18660400.0 14614900.0 9421310.0 9833740.0 9338020.0 9992800.0 9868660.0 9915460.0 8880260.0 2438540.0 9529770.0 3488480.0 2755480.0 2180930.0 2287120.0 2452720.0 2883540.0 2742600.0 8679590.0 5979340.0 3321600.0 1749750.0 1846970.0
-9999.0 -9999.0 -9999.0 -9999.0 557223.0 4106100.0 8974270.0 19187300.0 20860500.0 19843000.0 19177500.0 18411900.0 10643300.0 -9999.0 -9999.0 1506420.0 11572100.0 3164690.0 6193660.0 16776900.0 17660400.0 16924100.0 15020900.0 13880200.0 14338300.0 9396690.0 -9999.0 -9999.0 -9999.0 -9999.0 -9999.0 -9999.0 -9999.0 -9999.0 1172800.0 737188.0 22782400.0 24907300.0 14645100.0 19562000.0 21699400.0 21555100.0 21608500.0 15635400.0 13689900.0 13411000.0 11797800.0 15306900.0 14324600.0 9180440.0 6589660.0 7018630.0 6389890.0 7919330.0 9060970.0 3697930.0 1800260.0 2337980.0 5338690.0 5519360.0 6403870.0 8098690.0 8018210.0 4454460.0 5128320.0 5679770.0 3037750.0
-9999.0 -9999.0 -9999.0 -9999.0 -9999.0 3031860.0 15338600.0 19931100.0 18898800.0 20097900.0 19255900.0 16248800.0 12391600.0 -9999.0 -9999.0 2334320.0 5944360.0 3606910.0 4685660.0 17927000.0 17046500.0 17645400.0 15652200.0 14209100.0 15388600.0 12555400.0 11627900.0 12401900.0 4606270.0 -9999.0 -9999.0 -9999.0 -9999.0 -9999.0 14590500.0 0.0 17264500.0 24632600.0 10351200.0 10350300.0 10512300.0 12466500.0 11010300.0 12212200.0 10002100.0 6961360.0 7211200.0 10561200.0 13893500.0 12481300.0 12377500.0 14098200.0 9272980.0 14693700.0 8647500.0 2518140.0 6189640.0 9020140.0 7950630.0 4545950.0 5119020.0 4955100.0 8103480.0 8063790.0 9603150.0 8346610.0 2388790.0
-9999.0 -9999.0 -9999.0 -9999.0 3626780.0 11760200.0 16915000.0 18997900.0 18654600.0 16112300.0 14030200.0 10478700.0 3325620.0 -9999.0 -9999.0 4144180.0 10123700.0 17542000.0 22229700.0 17133200.0 16571100.0 14501800.0 16070800.0 17429200.0 16190200.0 15335800.0 13223000.0 14991700.0 4296060.0 -9999.0 -9999.0 -9999.0 -9999.0 2662810.0 24470700.0 16290600.0 12533300.0 20503800.0 16084000.0 12964200.0 11823400.0 14430800.0 18369100.0 17661400.0 15696500.0 19458600.0 20030200.0 18384400.0 16932200.0 8994530.0 3550560.0 4994630.0 992797.0 12214400.0 6065970.0 1656420.0 5562140.0 8628120.0 8886790.0 4059620.0 6399770.0 8477800.0 9589620.0 7779670.0 9063230.0 5931730.0 933423.0
-9999.0 -9999.0 -9999.0 -9999.0 3302130.0 7312490.0 14974300.0 14477200.0 7616250.0 2067930.0 -9999.0 -9999.0 -9999.0 -9999.0 5091140.0 15792600.0 16581400.0 17090200.0 16536600.0 18133700.0 19591000.0 18367800.0 18423100.0 18719200.0 11878800.0 15208900.0 13260100.0 3813760.0 -9999.0 -9999.0 -9999.0 -9999.0 4062450.0 12880000.0 22285600.0 25312300.0 18619500.0 24072800.0 16203400.0 12058900.0 18872200.0 23395400.0 16838000.0 10818100.0 7970970.0 8294940.0 7835230.0 13526300.0 20820800.0 12769900.0 11961100.0 4983370.0 7574320.0 141192.0 6475260.0 2816040.0 8363300.0 9105820.0 5697650.0 7714790.0 8504360.0 5552200.0 7929640.0 8333750.0 7991650.0 5926420.0 5570190.0
-9999.0 -9999.0 -9999.0 -9999.0 -9999.0 0.0 -9999.0 -9999.0 -9999.0 -9999.0 -9999.0 -9999.0 -9999.0 -9999.0 -9999.0 -9999.0 4415700.0 11829400.0 10493200.0 17587100.0 19056500.0 17298600.0 19085900.0 20051200.0 15524100.0 18392200.0 15833300.0 7780630.0 -9999.0 -9999.0 5995430.0 6359390.0 6536950.0 9174480.0 8663250.0 8127040.0 12832100.0 22119200.0 12699100.0 14285500.0 13788300.0 7273210.0 7334220.0 10696500.0 5682970.0 7054300.0 9416840.0 8470120.0 3188860.0 4060950.0 3846390.0 12853600.0 6409280.0 14091800.0 19270300.0 5673290.0 5987690.0 10163700.0 6924040.0 9562960.0 8326140.0 9655680.0 10872300.0 11643800.0 7327640.0 5816190.0 2916810.0
-9999.0 -9999.0 -9999.0 -9999.0 -9999.0 -9999.0 -9999.0 -9999.0 -9999.0 -9999.0 -9999.0 -9999.0 -9999.0 -9999.0 -9999.0 8974090.0 24969400.0 21090400.0 15029100.0 12495400.0 14118600.0 11620500.0 9237460.0 8212190.0 6144250.0 7803860.0 3550530.0 -9999.0 12359100.0 15871200.0 13954500.0 9865950.0 7610000.0 9022700.0 11866700.0 16734100.0 16084300.0 13210400.0 19832700.0 19500200.0 14814300.0 11730300.0 11997500.0 11387900.0 10026300.0 9085920.0 8225740.0 7874160.0 10589100.0 11073400.0 15441200.0 11330600.0 15461700.0 6894290.0 11556400.0 3625180.0 2948530.0 5100230.0 6168100.0 8327410.0 9012910.0 6538610.0 8047130.0 11283100.0 7347990.0 7330600.0 8040670.0
-9999.0 -9999.0 -9999.0 -9999.0 -9999.0 -9999.0 -9999.0 -9999.0 -9999.0 -9999.0 -9999.0 -9999.0 -9999.0 2053380.0 10158200.0 9372900.0 6127800.0 8593400.0 -9999.0 -9999.0 -9999.0 -9999.0 -9999.0 -9999.0 -9999.0 -9999.0 -9999.0 1765820.0 13687500.0 11467400.0 15010000.0 17535800.0 16807200.0 15098700.0 11269400.0 12300700.0 9650250.0 13267100.0 12239300.0 13358100.0 12828400.0 16761600.0 18967200.0 17325000.0 9191520.0 14769200.0 14010100.0 12232100.0 14227700.0 12573400.0 2144530.0 4934630.0 8017480.0 12057000.0 12688700.0 11366600.0 10838100.0 7981530.0 3000850.0 3380250.0 8480270.0 10944900.0 9442200.0 11385600.0 10326400.0 9116710.0 9497940.0
-9999.0 -9999.0 -9999.0 -9999.0 -9999.0 -9999.0 -9999.0 -9999.0 -9999.0 -9999.0 -9999.0 -9999.0 -9999.0 -9999.0 0.0 -9999.0 -9999.0 -9999.0 -9999.0 -9999.0 -9999.0 5558520.0 3372110.0 -9999.0 -9999.0 7535720.0 15043700.0 14601900.0 13570200.0 11953500.0 16161800.0 16410200.0 14148000.0 17201500.0 16581100.0 13759700.0 10756900.0 10929800.0 13870600.0 14300500.0 13777900.0 22492800.0 14314700.0 10509600.0 13455600.0 19300100.0 19210500.0 10227300.0 12687200.0 8425000.0 4452930.0 9593780.0 4750400.0 10474600.0 7352200.0 9024380.0 9708470.0 8899260.0 10795200.0 10536600.0 10751400.0 11070000.0 6400880.0 3630630.0 6065360.0 3233270.0 5697660.0
-9999.0 -9999.0 -9999.0 -9999.0 -9999.0 -9999.0 -9999.0 -9999.0 -9999.0 -9999.0 -9999.0 -9999.0 -9999.0 -9999.0 -9999.0 -9999.0 -9999.0 -9999.0 -9999.0 -9999.0 1443840.0 8230270.0 18534300.0 14260500.0 12073600.0 19609200.0 19151500.0 18581800.0 18251600.0 17681000.0 20128000.0 16749800.0 14673000.0 15725300.0 9905270.0 16834500.0 16887000.0 21689200.0 18657900.0 23455900.0 8446910.0 18321100.0 18262000.0 10667600.0 10061300.0 12681300.0 13022500.0 11681800.0 8668280.0 12927100.0 6429460.0 1992960.0 9841640.0 10964600.0 7181890.0 5197600.0 7169520.0 8341400.0 11287300.0 12863000.0 12510000.0 1588360.0 1800850.0 1291440.0 2796720.0 2839500.0 1533220.0
-9999.0 -9999.0 -9999.0 -9999.0 -9999.0 -9999.0 -9999.0 -9999.0 -9999.0 -9999.0 -9999.0 -9999.0 -9999.0 -9999.0 -9999.0 2206910.0 7178070.0 9602120.0 15576900.0 5390340.0 5895820.0 7886890.0 19504700.0 17613600.0 16514300.0 16327000.0 10426100.0 12698100.0 20358600.0 10168800.0 16653700.0 14385700.0 13930500.0 12975400.0 13397100.0 14984400.0 18060100.0 21163000.0 22237000.0 15593400.0 18494500.0 12482000.0 13600300.0 13504700.0 10869500.0 21834700.0 16924200.0 14133700.0 16823200.0 17337800.0 14492100.0 11814200.0 7306220.0 3809760.0 2346310.0 9583110.0 9127350.0 13510600.0 15164400.0 11540900.0 7505510.0 6372590.0 2673090.0 1498520.0 575873.0 872824.0 1801940.0
-9999.0 -9999.0 -9999.0 -9999.0 -9999.0 -9999.0 -9999.0 -9999.0 -9999.0 -9999.0 -9999.0 -9999.0 -9999.0 -9999.0 -9999.0 5540320.0 17569800.0 19893300.0 18379300.0 20290900.0 17301700.0 20426100.0 21084900.0 17117400.0 13885200.0 14182800.0 11315000.0 10553800.0 13794100.0 13832000.0 16572700.0 14591100.0 13452100.0 13911400.0 9836810.0 15919000.0 21017600.0 21884800.0 13399900.0 4489450.0 20205600.0 5851930.0 16976200.0 14445900.0 22186400.0 24614100.0 15846500.0 12796700.0 12248600.0 19717100.0 20894600.0 13012600.0 12499900.0 13798400.0 9613590.0 7401310.0 10921200.0 9788630.0 16178700.0 9388130.0 10664300.0 9927640.0 6930660.0 8102660.0 7034200.0 3861980.0 6337400.0
-9999.0 -9999.0 -9999.0 -9999.0 -9999.0 -9999.0 -9999.0 -9999.0 -9999.0 -9999.0 -9999.0 -9999.0 -9999.0 -9999.0 -9999.0 -9999.0 5854580.0 8716150.0 15961500.0 20083600.0 19421500.0 17722500.0 17642100.0 17550900.0 15543700.0 12506300.0 9079000.0 15835900.0 15312900.0 13732300.0 13500400.0 10274800.0 12198200.0 14261700.0 10392000.0 16209000.0 20430200.0 17047200.0 9540000.0 15866200.0 12697900.0 11991300.0 18974900.0 15860500.0 24956500.0 19864500.0 19446800.0 8931840.0 7943610.0 9862170.0 8670040.0 6506760.0 3822300.0 3975360.0 2677220.0 1790520.0 1341470.0 9148430.0 11275700.0 9074820.0 10461200.0 10719800.0 7458940.0 9614700.0 7771780.0 8293670.0 10384700.0
-9999.0 -9999.0 -9999.0 -9999.0 -9999.0 -9999.0 -9999.0 -9999.0 -9999.0 -9999.0 -9999.0 -9999.0 -9999.0 -9999.0 -9999.0 -9999.0 -9999.0 -9999.0 -9999.0 -9999.0 9982000.0 20621500.0 21111900.0 20411100.0 19764200.0 15711400.0 15893200.0 12978000.0 10094500.0 11392700.0 16822100.0 16542500.0 15729900.0 13032700.0 15039000.0 13996800.0 13152000.0 13884400.0 13157700.0 9995060.0 12961100.0 12785200.0 8511240.0 8560760.0 5505740.0 0.0 3685180.0 455359.0 0.0 6002310.0 2193460.0 0.0 0.0 0.0 3040620.0 4612680.0 6877020.0 11489700.0 8668780.0 8492880.0 7632890.0 8064910.0 9577980.0 7526780.0 9063030.0 9979350.0 8202120.0
-9999.0 -9999.0 -9999.0 -9999.0 -9999.0 -9999.0 -9999.0 -9999.0 -9999.0 -9999.0 -9999.0 -9999.0 -9999.0 -9999.0 -9999.0 -9999.0 -9999.0 -9999.0 -9999.0 -9999.0 2331490.0 15932800.0 18625000.0 17328100.0 15912600.0 14902100.0 12181600.0 11756900.0 15432200.0 15132700.0 17128500.0 19887600.0 19125600.0 17879600.0 17497700.0 12792500.0 9376660.0 12277800.0 11474300.0 9378900.0 5654350.0 5766540.0 8892710.0 6879180.0 7260880.0 0.0 10564600.0 6965840.0 6602360.0 11008600.0 4037510.0 904097.0 3838000.0 4653580.0 4890340.0 6268390.0 12119900.0 9420910.0 6658070.0 3752150.0 3931930.0 8351050.0 10100800.0 5852910.0 7067120.0 9839630.0 7815290.0
-9999.0 -9999.0 -9999.0 -9999.0 -9999.0 -9999.0 -9999.0 -9999.0 -9999.0 -9999.0 -9999.0 -9999.0 -9999.0 -9999.0 -9999.0 -9999.0 -9999.0 -9999.0 -9999.0 -9999.0 -9999.0 1690860.0 9234770.0 16746700.0 13964100.0 10058700.0 14060600.0 16578100.0 16659700.0 19235100.0 19927800.0 19888000.0 17224800.0 17775000.0 13041600.0 11525000.0 5656510.0 8773870.0 5725920.0 6706890.0 10542100.0 10428300.0 1354020.0 6373870.0 6917800.0 6185820.0 10763700.0 4594120.0 6764080.0 6640350.0 9634330.0 9425790.0 181562.0 1136050.0 1248270.0 1871190.0 9908500.0 5972320.0 6872830.0 7788310.0 5770590.0 8435730.0 9416950.0 7515120.0 5319600.0 10421500.0 9445870.0
-9999.0 -9999.0 -9999.0 -9999.0 -9999.0 -9999.0 -9999.0 -9999.0 -9999.0 -9999.0 -9999.0 -9999.0 -9999.0 -9999.0 -9999.0 -9999.0 -9999.0 -9999.0 -9999.0 -9999.0 -9999.0 -9999.0 6910270.0 17982000.0 13417500.0 13733600.0 14727400.0 16212300.0 6691350.0 8860780.0 10937800.0 15912500.0 4755190.0 19305400.0 13457400.0 17164900.0 7661990.0 3206650.0 3517610.0 12632400.0 11689500.0 8854800.0 5805590.0 3433060.0 5123010.0 4132780.0 6230740.0 8834500.0 13377400.0 17561900.0 16476400.0 10930700.0 6810400.0 539584.0 610191.0 2244350.0 5005620.0 6312380.0 5820180.0 5350610.0 6425080.0 8284260.0 7590930.0 9735830.0 9303530.0 9152480.0 7733400.0
-9999.0 -9999.0 -9999.0 -9999.0 -9999.0 -9999.0 -9999.0 -9999.0 -9999.0 -9999.0 -9999.0 -9999.0 -9999.0 -9999.0 -9999.0 -9999.0 -9999.0 -9999.0 -9999.0 -9999.0 -9999.0 -9999.0 3064850.0 11611800.0 11990400.0 11843600.0 10672200.0 14993700.0 10529600.0 8382270.0 13965700.0 10430600.0 8120220.0 12169900.0 10263600.0 9737570.0 2758110.0 6741950.0 9270140.0 8201930.0 13708500.0 20135700.0 7531470.0 6551310.0 7463500.0 7521410.0 6685660.0 20342600.0 18614500.0 9285530.0 113803.0 -9999.0 5592900.0 2320110.0 755216.0 527313.0 4319570.0 2573600.0 5178520.0 5655900.0 5915770.0 7292900.0 7999210.0 10871000.0 11672200.0 10557500.0 8910100.0
