critload/trunk/input/1999/nallo.asc
ncols 720
nrows 360
xllcorner -180
yllcorner -90
cellsize 0.5
NODATA_value -9999
[rows 90 to 119 of 360, columns 408 to 475 of 720]
0.0 0.0 0.0 17730.6999652 130403.773293 128773.658304 204791.017225 1118907.43032 0.0 0.0 0.0 0.0 -9999 -9999 -9999 -9999 -9999 -9999 2.09558570965 107.733741404 0.0 17.2792814724 616.337814203 -9999 -9999 -9999 598.93627287 108.894916199 565.838890559 404.253154837 0.0 209528.723937 45185.1395109 45955.0082531 51442.8100136 17384.3783928 49.2229361756 79.3351892997 60.4443762417 8944.04996763 36743.1603687 111731.819286 152848.867271 145248.801968 830836.048759 0.0 0.0 0.0 0.0 0.0 0.0 0.0 0.0 0.0 0.0 224.330179778 2215.42609208 1767.24029126 5987.20227991 4042.05415001 118.728286128 719.260314485 7328.55905964 2150.94580206 25.099857158 4515.05400817 480.121206025 8.4036326455
0.0 0.0 20240.4225518 0.0 0.0 0.0 0.0 0.0 28399.5145452 8537.07367754 -9999 -9999 -9999 -9999 -9999 -9999 -9999 -9999 -9999 0.548056428995 22.5543366235 -9999 -9999 -9999 -9999 -9999 -9999 -9999 27.4202301977 117.018216273 75.1305058345 13207.207797 17946.6708024 16056.4575398 15680.7063472 93560.7388251 316.04654132 7556.22441155 8025.92603803 101163.654695 1195.20883714 13322.0351826 21926.1620479 70964.5394894 374528.096461 293496.572242 0.0 0.0 0.0 0.0 0.0 0.0 0.0 0.0 0.0 0.318269404995 8.55156932824 1344.57164861 1835.52754573 0.0 23.7380739969 41.2415260639 731.043941403 287.061839106 9.35587857918 363.997613579 4324.38443785 1800.18621473
0.0 0.0 0.0 0.0 0.0 27.2550898883 18.7178722985 8825.56339323 153.901413421 36029.1497996 -9999 -9999 -9999 -9999 -9999 -9999 -9999 -9999 -9999 -9999 -9999 -9999 -9999 -9999 -9999 -9999 -9999 -9999 -9999 -9999 23.993746889 80.4303545328 38.1504482038 5856.84998626 60.6535883591 4675.31775755 7286.21836716 3798.71176329 1119.12378927 20240.5631001 83445.6904272 204214.026191 118803.408618 71205.6022714 286568.718353 114512.289408 0.0 0.0 0.0 0.0 0.0 0.0 0.0 0.0 0.0 5.65896032023 3.80090043725 0.304912053231 3.90701592277 35.0042721528 0.0 0.060100326012 1.79517210659 378.514513952 844.409371299 12189.7337794 14233.2864932 4035.10489074
0.0 337.380616704 0.0 0.0 0.0 0.0 9782.98334361 21351.3228011 960.0529746 0.572404090903 -9999 -9999 -9999 -9999 -9999 -9999 -9999 -9999 -9999 -9999 -9999 -9999 -9999 -9999 -9999 -9999 -9999 -9999 -9999 -9999 -9999 939.320601937 4184.2847051 80.0640205835 5684.96649949 40.0327990972 3068.36800271 0.251588396325 26.1898958675 2134.99358691 71621.0799728 198.082050262 9204.09717681 91505.7567383 11012.0094084 0.0 746149.243591 0.0 0.0 0.0 0.0 0.0 0.0 0.0 0.0 0.0 0.0 1.3301286594 0.134746925453 0.680152730954 0.0 0.964069012112 0.357408157651 58.1552155557 86.391179923 280.38872285 0.0 0.0
0.0 0.0 0.0 0.0 0.0 0.0 0.0 24412.775913 -9999 -9999 -9999 -9999 -9999 -9999 -9999 -9999 -9999 -9999 -9999 -9999 -9999 -9999 -9999 -9999 -9999 -9999 -9999 -9999 -9999 -9999 -9999 -9999 -9999 -9999 9126.01495975 6311.12344964 0.0 2367.99947858 808.336235249 9.02557558314 21.3511565522 1324.57431326 22.8229093896 3917.5731167 6192.53681299 0.0 11100.6074042 0.0 0.0 0.0 0.0 0.0 0.0 0.0 0.0 0.0 0.0 0.0 0.0 0.0 0.412593059521 0.0 0.0 33.3502700949 114.970710433 113.936576789 1.3645081636 0.881353128195
0.0 0.0 137660.664097 0.0 0.0 0.0 23767.6784063 57505.325941 -9999 -9999 -9999 -9999 -9999 -9999 -9999 -9999 -9999 -9999 -9999 -9999 -9999 -9999 295.372944625 -9999 -9999 -9999 -9999 -9999 -9999 -9999 -9999 -9999 -9999 -9999 -9999 511861.105695 285064.533976 0.0 5.05506352509 3889.7212006 77.9732317757 44.7664814304 0.0 6001.15784956 6201.29735435 6929.12274848 8368.21763008 8854.78868678 0.0 0.0 0.0 0.0 0.0 0.0 0.0 0.0 0.0 41.0861762087 433.936431775 461.54785476 34.5840765598 0.0 2.15140019386 293.558378067 5501.84494295 10570.5052574 6465.2123424 0.0
0.0 21.0494543196 0.0 0.0 0.0 0.0 0.0 151.95378335 23252.5883027 -9999 -9999 -9999 -9999 -9999 -9999 -9999 33590.9840593 109.423824103 4851.37117716 68.7814807192 3895.40609763 5689.70728913 18349.1511705 92795.537718 28142.6760594 -9999 -9999 -9999 -9999 -9999 -9999 -9999 -9999 -9999 -9999 4360.52539217 39.2114048297 34.4306518659 19224.3520223 0.0 0.0 0.0 0.0 1673.33609942 57543.2021702 50.6847584518 7773.45623773 35.4129127573 142629.91076 0.0 0.0 0.0 0.0 0.0 0.0 0.0 0.0 5319.85857379 0.0 12635.4703283 0.0 0.0 1.74456778642 398.903288532 11.7879798961 36.2698011342 0.0 0.0
0.0 260.901007952 13445.2074713 7882.29651757 0.0 0.0 146424.882649 620.459240583 2395.36896319 19578.5763856 0.0 736.347008149 2015.10021502 91249.7487405 0.0 0.0 34766.4660117 26766.349731 231.867974332 103.515294556 82930.2172554 317071.732961 0.0 0.0 208.384019847 178885.656854 2846.41347653 117.279482246 -9999 -9999 102.441030232 0.0 -9999 394.224523125 19.497668137 177.577024974 1561.66792521 916.237425576 0.0 48.6250605204 4765.58168931 18720.9089463 10149.8811942 29047.6365594 140014.115186 0.0 58.7575509548 8344.43910438 15.7010777995 14513.6267253 0.0 0.0 0.0 0.0 0.0 0.0 0.0 0.0 0.0 0.0 7513.9242189 0.0 0.0 0.0 0.0 0.0 0.0 4298.15909417
16000.8937478 11581.6878092 36185.3177872 254.776650857 301204.935997 178.573974556 7007.7361432 581.276099633 -9999 364.095541381 88.5750247954 655.523690779 325579.334602 0.0 0.0 0.0 7830.51555235 7275.34189334 226.147212454 12483.0544229 278525.348484 512060.713552 2227.30750215 0.0 223101.056647 0.0 20.4286499157 922.712984094 16.816601698 4231.18860561 5451.21084225 82.9598050423 101.468553809 7.2449458575 4581.58023823 21170.0502491 5667.67242314 33829.0823255 0.0 0.0 0.0 442.584521562 10675.1442821 0.0 20.6049048461 0.0 0.0 4230.28898303 123.676476037 146.057662405 20567.3231681 0.0 0.0 0.0 0.0 0.0 0.0 0.0 0.0 5797.76716767 6659.36205447 3351.42442732 0.0 0.0 0.0 0.0 0.0 0.0
2480.71477612 -9999 -9999 3100.7891866 4213.87350972 260.339595338 6704.7250089 0.0 455687.562657 0.0 0.0 53836.4928533 617795.58642 332087.008578 0.0 0.0 0.0 0.0 0.0 121843.329215 147482.324736 24658.69289 182218.206792 0.0 69614.2455124 0.0 0.0 46068.9876351 0.0 28577.8687798 13497.6403363 17728.6306221 37387.3207504 0.0 0.0 5786.68258185 44723.8052695 7138.62576686 6341.71259014 63768.1418484 0.0 0.0 0.0 0.0 6376.23117652 20299.4605601 32322.3137141 862910.656546 1034382.10631 31948.7520312 127726.088042 0.0 0.0 0.0 0.0 0.0 0.0 0.0 0.0 0.0 0.0 0.0 0.0 0.0 104.055158622 0.0 0.0 0.0
-9999 -9999 6709.77734875 -9999 86387.1207553 0.0 0.0 186270.912197 177518.195181 223509.490123 396871.060608 42482.8708556 0.0 85262.8183527 186379.7582 481056.445107 98278.6222279 21613.6854589 0.0 8031.31382522 23005.0488353 23881.0369334 0.0 41120.1524412 17073.7517264 87569.7526143 115040.862322 32664.8122357 43.6812655977 13105.8410432 12858.4649278 14781.0774269 0.0 0.0 3312.10537901 22749.0647534 86.6849806168 27843.8855841 11256.1148314 53.9669937876 7436.1794025 189027.796694 0.0 28.5934461496 170.606899337 33.7906728979 19128.0872849 530162.950206 176696.796811 556530.770502 0.0 0.0 0.0 0.0 0.0 0.0 0.0 0.0 0.0 4426.28423152 16.1803537509 6.88107391529 50024.1581479 27483.3146933 162251.29273 0.0 0.0 0.0
-9999 -9999 -9999 25.5902450586 8056.13680799 23156.0354678 44729.4599609 0.0 0.0 51.1893212757 12388.735538 0.0 123701.009604 0.0 122080.523253 125676.917705 41.4584769641 246.609984105 0.0 0.0 0.0 0.0 4242.1990024 90061.8237162 20644.0068324 11301.4627085 0.0 6365.38917658 188288.161352 0.0 44859.3146672 7174.4536833 0.0 64.9388575527 114.132361407 21550.3116549 50567.5430841 7486.76202071 0.0 36755.3698461 0.0 18514.5945136 0.0 49.8522555455 0.0 307138.459042 28138.4129062 8861.19679934 1442.38416222 129905.437233 0.0 0.0 0.0 0.0 0.0 0.0 0.0 0.0 0.0 0.0 48722.4244181 21197.3779231 6599.22908413 2315.42034237 22845.2203918 63137.3033359 64672.8899937 1377.18650979
1288.80757817 2615.17847782 -9999 3.42869907437 85.9126544008 81538.6764513 0.0 360806.463624 0.0 255464.928199 23060.9227141 20248.1037954 41546.7717952 0.0 0.0 59475.2852571 2840.73464698 12274.7599705 0.0 0.0 25129.8336812 23839.6272217 139649.645817 14147.4213908 44121.3525035 3.35556571263 0.0 0.0 0.0 0.0 0.0 0.0 38448.2657702 179090.363173 123399.297291 33898.030532 0.0 0.0 0.0 0.0 63.4756468964 568.520082789 17696.1529453 92543.3529895 0.0 482.611463617 224.624138012 3397.31885737 23.5674911232 0.0 0.0 0.0 0.0 0.0 0.0 0.0 0.0 0.0 0.0 0.0 28815.2990678 5314.28165401 9842.68359187 55.9660221635 1199.77645968 15282.4323396 0.0 51823.8964149
4150.06372317 1381.77741475 -9999 8.35640566184 1748.96317575 482.475012803 104520.205895 50618.8748868 10676.5691914 36668.5445376 0.0 133248.802309 69956.8042694 0.0 18361.0357211 0.0 1244.40268205 6072.19940067 2820.7621294 0.0 0.0 850.04625334 0.0 139846.203151 93003.1095485 3604.2537763 99667.2610641 0.0 0.0 0.0 0.0 0.0 0.0 85246.7717267 33531.5680634 11421.2164956 665.544788142 3805.3078991 0.0 0.0 39.3773078538 2802.7705037 0.0 0.0 25235.7361006 60017.7410524 10212.9790426 5.62570578244 40751.0624422 0.0 0.0 0.0 0.0 0.0 0.0 0.0 0.0 0.0 0.0 0.0 29747.2856152 3857.32335629 17665.7204851 11150.4956951 12833.2099619 3556.90181579 35.0735126097 785.965150022
2284.30998851 2394.38400035 2229.54179851 -9999 821.358406588 1103.12013933 0.0 0.0 472981.313879 0.0 39096.4702982 0.0 0.0 224674.782216 148226.575822 272435.71758 0.0 222418.552759 0.0 0.0 18615.0641037 7152.28334489 14695.4012736 0.0 0.0 0.0 0.0 2217.32036851 0.0 0.0 0.0 0.0 24298.4823262 206874.505405 0.0 0.0 0.0 3818.25089756 1642.62703805 1834.12993284 1732.51705877 5801.7720238 0.0 0.0 4.09293630518 0.0 1139.44058098 13.8712826838 0.0 1.27954263856 0.0 0.0 0.0 0.0 0.0 0.0 0.0 0.0 0.0 0.0 18166.162829 10505.9505111 95552.4621905 16412.8128793 45521.6334692 32855.2994904 66978.454254 4.41781726443
289.830974679 285.238022967 2278.53409263 558.811825138 -9999 92.7385465162 3218.02912604 23789.5248385 291.821935262 14357.1133471 32303.4746156 0.0 0.0 0.0 37027.6095427 66598.5371373 211151.299804 62632.2134133 0.0 0.0 0.0 0.0 0.0 341164.407203 0.0 512183.79136 0.0 0.0 0.0 0.0 6.15224691399 8090.54481283 0.0198178084118 196.458871006 493.375653098 0.0 222141.318216 70472.8988397 29463.6975392 24216.8775476 1504.15603386 18.3868163752 0.0 0.0 1514.75040983 76.0288976442 517.214668942 100827.058404 0.0 0.0 8.15951498897 0.0 0.0 0.0 0.0 0.0 0.0 0.0 0.0 0.0 0.0 0.0 9554.85494559 132.154692811 3.04554817834 864.313019946 1709.02449505 8282.85375418
524.8997958 68.2837395853 16.3179136337 1418.14897907 175.364426352 925.659843988 1683.42455733 3.53623453293 1347.88556205 0.0 21364.1325217 159537.198505 5656.43895833 85148.4195912 103883.983476 12742.365791 52.2222238339 21501.5363296 344305.527148 20883.7392559 7279.55795157 69941.6105515 0.0 240811.452669 21585.6006529 0.0 0.0 0.0 145752.683806 0.0 24569.1833906 17173.9270079 23572.9713021 95131.4245294 105469.732066 52517.0694642 0.0 0.0 22615.8935335 73164.4201898 286818.480286 4511.81263791 4072.99009891 0.0 95698.0537014 10590.5369914 0.0 3366.48134206 2530.65125091 0.0 0.0 1950.79110112 210.678274581 0.0 0.0 0.0 0.0 0.0 0.0 1448.52310909 216.320950403 13.949088615 2.12758236082 216.337254255 91360.6092702 62238.1247391 68506.1186561 8665.69048571
-9999 -9999 949.209504468 -9999 -9999 -9999 0.0 75.5216276136 1530.39713741 -9999 25932.707725 7723.48772905 7361.78150209 4.70342994441 -9999 -9999 64.7857839366 337.733863141 373.067479837 91172.6274941 60.2197243087 -9999 -9999 4693.01526115 0.0 81515.551868 45533.3295847 29472.8287313 0.0 0.0 39183.1485557 101.503726762 236.015225732 91119.2349553 149.385372152 374.638425834 55775.8762316 5651.71565007 94961.5709799 201184.574008 1143.76933982 0.0 0.0 9373.03689671 0.0 0.0 0.0 41005.9481096 16400.2236018 0.0 97.8799938089 87.7063999788 2699.00236252 2.24325313451 1.2500391426 1.33168834724 317.081246629 66.3271514676 0.0 2.26841040084 276.526997005 618.895961454 37.9535135112 11.7097824794 31727.287749 146931.801471 105188.728162 35943.9191364
180.573430556 -9999 -9999 -9999 -9999 -9999 1172.05509234 233.042947804 -9999 -9999 -9999 -9999 -9999 -9999 -9999 -9999 -9999 -9999 -9999 -9999 1153.72748101 -9999 -9999 4571.05149499 222253.30474 198.031442064 101898.80694 0.0 0.0 0.0 290788.650523 152099.666027 23119.9169751 123613.018693 6138.13500327 0.0 102860.823751 128212.137404 80390.4685612 94600.7877123 101567.595796 0.0 0.0 27076.4360436 113.174305906 0.0 10.0278566532 58511.4635914 6660.24248617 0.0830677468202 82.0697284839 5873.3237963 65244.9932428 46342.5477008 0.0 0.0 366.3799086 546.289035951 16.7607246895 4.32158303655 701.609102165 0.0 15.2663425849 34.9330813769 8053.937986 36.2533832244 13.5568486159 39.3689524868
8615.49180434 13139.3817209 4027.99392303 4623.94975696 1713.54529535 2.70612235643 240.760264252 -9999 -9999 -9999 -9999 -9999 -9999 -9999 -9999 -9999 1.35877338129 112.721248955 79.3652507426 1694.00002382 396.059573408 -9999 -9999 11.9840517601 214723.067256 152174.98401 16.2766723314 0.0 4691.3358874 245.166383798 62.0589068807 0.0 285160.785608 1019.08019722 41433.6060085 8374.69207653 14592.7247974 40056.0428792 451274.26546 61534.916834 20648.8780921 43806.3921824 64.2786973539 0.0 101525.885307 0.0 6322.49389082 11476.582494 62.2811758631 17389.0774616 25538.1648778 1179.14784199 3096.1192401 7546.20666522 81008.1589662 35278.903145 11470.0612137 32.8207642064 0.0 0.0 0.0 0.0 59.1817881234 16516.0984519 73283.6855905 0.0 610.98358277 327.823528458
-9999 4.49475911438 14.947180119 -9999 -9999 -9999 -9999 -9999 -9999 -9999 -9999 -9999 -9999 -9999 -9999 -9999 9.97460187957 370.946534448 4907.51035992 0.0 -9999 -9999 -9999 3044.38722128 21831.6171232 0.0 61.3545690099 6897.25984407 1378.7230577 306.916509475 5363.47223611 10749.5509459 0.0 752316.203607 36991.3941069 31.2105288963 72.6582037072 6376.97578311 37879.5018667 174591.107126 26215.4995121 146719.775169 111167.551311 90594.8486468 17355.0979987 26622.4422848 27906.0378158 5906.43726945 23993.0056057 103.154177589 48396.8112016 20110.7036565 0.0 135727.246016 62214.5426174 117243.841902 2.58752919624 0.0 0.0 0.0 0.0 5031.45851404 5365.1448437 3153.89064438 0.0 16317.580203 19.4442009192 0.0
-9999 -9999 -9999 -9999 -9999 -9999 -9999 -9999 -9999 -9999 -9999 -9999 -9999 -9999 -9999 -9999 -9999 -9999 -9999 -9999 -9999 -9999 -9999 65.7047718066 17953.8152349 5250.54360979 15405.7197098 1611.13867939 4793.68902878 0.0 442.856155546 381.424287728 5351.35243742 10.8103580195 33999.7945631 9627.71958154 39047.182415 30.5974166434 97279.5039705 0.0 167737.541755 0.0 0.0 34.5620283032 62.4862589093 0.0 140606.305183 115749.661613 79351.2496801 25904.4524546 7398.194847 0.0 21.4891975021 0.0 5098.61333405 0.0 1593.63733074 683.162545158 9011.390911 4123.70281983 0.0 0.0 1060.21631317 20588.0171787 5481.22994257 0.0 8967.46468686 1895.98884006
-9999 -9999 -9999 -9999 -9999 -9999 -9999 -9999 -9999 -9999 -9999 -9999 -9999 -9999 -9999 -9999 -9999 -9999 -9999 -9999 -9999 -9999 47.7084747807 0.0 334.638066164 0.0 0.902187001565 32.403631453 7.08026012772 170.128513128 0.0 0.0 0.0 0.0 7.25525073044 5.74780583869 2995.98637045 44665.4735178 0.0 4378.19901934 840962.71286 346533.636622 11271.0969197 20675.4958124 44.5396320527 195510.187191 187376.988392 16761.8724568 19636.0240104 40647.3921205 29055.1283308 17.7837832011 28946.4713783 7355.15666752 97.7080350412 111.191338269 1045.87985033 0.0 0.0 0.0 0.0 0.0 0.0 7421.45875487 0.0 0.0 95.628546733 610.107101489
-9999 -9999 -9999 -9999 -9999 -9999 -9999 -9999 -9999 -9999 -9999 -9999 -9999 -9999 -9999 -9999 -9999 -9999 -9999 -9999 -9999 -9999 18826.9085022 36653.3626899 23634.280279 4151.65329322 0.0 0.0 0.0 0.0 0.0 0.0 3.45925736472 0.0 0.0 0.0 2.74700115559 1544.65269561 149249.307695 568488.834792 577164.541567 373725.141479 27061.0414287 29753.5629375 21821.8664094 7405.2481656 127115.34637 140947.168673 5374.87822014 57902.9089693 20918.8220212 7693.45846821 7950.03931241 83.36952867 113683.452161 299.232452707 2.17065144645 0.0 0.0 0.0 0.0 0.0 0.0 3478.14126112 0.0 5254.49612851 0.0 0.0
-9999 -9999 -9999 -9999 -9999 -9999 -9999 -9999 -9999 -9999 -9999 -9999 -9999 -9999 -9999 -9999 -9999 -9999 -9999 -9999 -9999 6.34537644992 35.9151716603 0.0 21929.3629347 161.091730112 0.0 0.0 0.0 0.0 0.0 0.0 0.0 0.0 0.0 0.0 0.0 752.885984056 0.0 0.0 642312.262398 859473.855314 431137.301903 160378.154891 206158.668233 2291.82666657 14286.6046711 160437.64699 5276.78833406 0.0 20815.7719036 11715.2171971 0.0 0.0 16819.2343476 109734.549558 6960.73714757 0.0 0.0 11546.2051476 12024.7380337 0.0 0.0 265.385503222 334.127542467 0.0 0.0 8025.06585201
-9999 -9999 -9999 -9999 -9999 -9999 -9999 -9999 -9999 -9999 -9999 -9999 -9999 -9999 -9999 -9999 -9999 -9999 -9999 -9999 -9999 36.8585638121 52.9191537452 45256.7447345 6555.54626191 2.75916457989 0.0 0.0 0.0 0.0 0.0 0.0 0.0 0.0 0.0 0.0 0.0 0.0 1649.87875983 0.0 1181642.80988 824.284383776 0.0 2640.59108479 1627.93335621 376274.507718 12928.8039131 16066.1123303 232434.136423 437351.475606 318781.755454 0.0 10332.4071357 57447.1742607 46546.7854648 17582.3924432 1794.28889962 0.0 0.0 0.0 2457.0108387 8588.30694273 0.0 97.7720661388 0.0 325.77955214 48.8617937013 17886.4479217
890.986276898 270.086783694 951.588869399 5.10978317148 645.556959369 -9999 -9999 -9999 -9999 -9999 -9999 -9999 -9999 0.0 827.465463779 -9999 -9999 -9999 -9999 -9999 -9999 342.151013236 40422.8097144 258941.557623 14.7371305301 5989.54478727 2333.21042449 0.0 0.0 0.0 0.0 0.0 0.0 0.0 0.0 0.0 0.0 0.0 0.0 0.0 697.346683981 714294.587917 297.409214813 6155.25095657 23030.6858198 9876.76468808 968933.774266 0.0 77093.3815214 879043.673439 11864.6246488 8059.24516443 107551.353648 54611.3706815 5637.34101267 6274.31784179 22086.0280343 24418.978886 6969.69136296 27.5860554033 460.736929985 0.0 50715.9143958 0.828685210348 1.70756492669 154.592127232 4540.45485755 5872.83868991
8604.98403125 7994.19984282 3667.7493931 1474.53129041 2958.49736038 1761.53438757 1230.59406144 1682.89505065 1103.69848134 93.7390556025 -9999 390.666227908 0.0 937.265818823 1352244.07306 807.005574975 0.0 513.476204558 16828.1785885 2582.56799131 2593.32289031 905.17524638 0.0 7204.80473274 139.777203998 0.428316573538 893.941072908 0.0 0.0 0.0 0.0 0.0 0.0 0.0 0.0 0.0 0.0 0.0 0.0 0.0 0.0 0.0 640000.58373 167110.650328 18387.5757563 13631.3863449 1289588.3642 0.0 7458.84286747 574801.022317 126655.640966 73872.8434463 67.5233061313 67701.941258 84176.8416838 19896.1465603 138.607741472 11075.6719523 83468.3012102 5680.9032696 2.71480560836 4104.90122224 13169.0179124 1663.46708809 96.4690868112 144.862993262 18601.0647474 1532.4985854
4207.9104467 5954.02494258 155.026075173 71.7532775107 2484.62213284 2736.8214405 386.233234114 4163.96778605 2603.89627904 992.004049623 970.397120439 104.753584348 0.0 0.0 0.0 0.0815635398863 0.0 0.0 1303.17059388 0.0 0.0 0.0717046064679 0.0 562.910480635 14.8838777926 0.0 0.0 0.0 0.0 0.0 0.0 0.0 0.0 0.0 2.47139326176 0.0 0.0 0.0 0.0 0.0 0.0 0.0 0.0 0.0 107130.525046 0.0 0.0 0.0 208533.62937 73080.7101711 319214.943544 87610.4790287 25187.1501268 2970.41252941 8936.05133106 5977.87140185 14703.117066 117137.413223 32060.5310894 69193.863098 12332.1440579 130.606528856 3866.88504879 11694.8035372 1395.04883397 688.951124282 182.49220014 21594.7866246
855.30709273 1838.44229961 3265.52301632 3292.51617584 4378.32034034 18899.6445843 8855.03128638 13687.2180436 9101.7879064 7680.72615505 3145.7696963 1948.57436709 0.0 0.0 0.0 1.87275561399 0.0 0.0 0.0 0.0 0.0 0.0 0.0 0.0 0.0 0.0 0.0 0.0 0.0 0.0 0.0 0.0 0.0 0.0 0.0 0.0 0.0 0.0 0.0 0.0 0.0 0.0 0.0 0.0 1128.53707398 0.0 2537.64769818 40666.487202 311199.122183 19019.0514341 4651.45531158 25892.7121569 5457.19369826 15724.6636082 48699.2693272 3354.34665297 0.0 31636.4307677 206328.863402 57.3775637101 478379.880213 17655.5575268 6301.47139483 654.055667605 14450.2646217 1515.18738415 347.194914917 0.0
