critload/trunk/input/1999/nallo.asc
ncols 720
nrows 360
xllcorner -180
yllcorner -90
cellsize 0.5
NODATA_value -9999
[rows 150 to 179 of 360, columns 408 to 475 of 720]
8650.12868104 9950.56738228 5315.44844227 99.6150790738 1402.5696664 18814.5657057 16133.5567244 9044.40696543 29901.5622919 20855.9202733 66069.3047568 14905.513116 76448.482774 3331.97893762 21166.8425959 49149.4741313 0.0 58986.0453752 1090485.5982 30885.2937094 7576.82325676 43.1766589192 1160.97107977 0.0 28199.9435167 1.52543211082 5141.46830685 52661.3615244 32022.2101606 1282.95695294 1793.62846794 72.9006862454 6020.29334974 0.0 0.0 -9999 -9999 0.0 27449.5477803 12984.3067267 141.087911086 32446.0000356 4037.70711074 10447.6082943 0.0 3813.93837491 0.0 0.0 1.25353503219 3.33175962717 41.2013478326 0.0 0.460426055281 -9999 -9999 -9999 -9999 -9999 -9999 -9999 -9999 -9999 -9999 -9999 -9999 -9999 -9999 -9999
428.510926549 6176.5126796 586.764322274 35508.0319856 57149.4918889 23455.177196 186301.093443 7753.94585438 63900.9721736 32769.2700158 6412.23124459 122967.526652 13483.6430627 1220.6128067 6422.73390512 17141.3788816 0.0 266.054709136 81036.1284977 1316328.14164 25153.1034639 26383.7585496 575.010728674 285080.983501 62960.3226306 39817.1350718 126611.375893 236130.070958 0.0 22884.4544196 803.171983617 10862.2626531 51030.4023476 42.0528992211 0.0 0.0 -9999 0.0 80674.3635963 4469.67298103 222.798154197 13216.3793214 12430.5779008 10102.442546 2482.19912572 721.631268709 190.663093651 155.106691865 0.0 1.57648394888 -9999 -9999 -9999 -9999 -9999 -9999 -9999 -9999 -9999 -9999 -9999 -9999 -9999 -9999 -9999 -9999 -9999 -9999
0.0 16069.9805839 27187.1388955 3114.53245922 42492.4157353 60426.7292643 104089.589669 1948.78089593 14414.8057217 41.9943373577 1361.54422853 17915.3981066 3444.98386538 10116.6837381 6435.47784056 9490.58587356 1268758.39509 787241.065376 593.171583045 0.0 926329.53665 17585.3101983 79.9584323567 732.087813771 419734.03519 27378.3037809 12.6612988003 118175.423558 2990.2096374 87519.8384375 13500.5430539 32.4753097803 17364.8471421 27395.8666796 18.7313279198 0.0 0.0 0.0 3952.49895855 719.556021443 100.829371951 3891.29186233 16066.1139534 8232.7849446 0.0 193.473598166 0.0 126.807001448 -9999 -9999 -9999 -9999 -9999 -9999 -9999 -9999 -9999 -9999 -9999 -9999 -9999 -9999 -9999 -9999 -9999 -9999 -9999 -9999
0.0 95.4417698256 18470.83983 131968.909875 12203.0386865 120510.89159 0.0 2405.02581101 0.0 0.0 0.0 615.204626589 13605.0793604 12299.2850069 0.0 0.0 71780.7076965 1961919.05039 12544.6902996 0.0 848836.9131 263549.618343 298233.573238 749.953606753 13033.1045992 8980.91649362 2472.52087032 1387.71535872 4.30287511401 141118.086401 921.652007707 111.240716717 3427.47211811 10795.2267637 27087.9484793 3.36838542047 0.0 0.0 7864.58378363 994.486781832 204.213921766 3939.92853146 14385.3156076 0.0 0.0 98.8688740402 -9999 -9999 -9999 -9999 -9999 -9999 -9999 -9999 -9999 -9999 -9999 -9999 -9999 -9999 -9999 -9999 -9999 -9999 -9999 -9999 -9999 -9999
44.1004531925 245.698194522 11381.8771307 133147.121633 49978.0306134 0.0 0.0 5248.3420086 199.128921526 0.0 0.0 0.0 55225.3024469 75098.1455272 64495.8956079 217221.760365 0.0 2615974.71588 2.33676565246 10621.7752652 805547.701524 391595.559414 529612.890904 89846.8499525 28542.7761596 6349.43396604 69.3264676655 63.1292965512 304386.381502 69527.2517444 30327.3760944 2424.72371128 15274.1951372 5499.93419565 10109.635652 8156.03829756 3336.52932388 6476.0047743 0.0 0.0 1436.33252456 1.05876765383 12225.3424886 -9999 -9999 -9999 -9999 -9999 -9999 -9999 -9999 -9999 -9999 -9999 -9999 -9999 -9999 -9999 0.0 0.0 0.0 -9999 -9999 -9999 -9999 -9999 -9999 -9999
24968.7787154 10253.4869399 17489.6779785 0.0 0.0 0.0 0.0 322.565980985 0.0 0.0 0.0 0.0 13296.2080137 0.0 245.162005546 0.0 47.2345243322 1659672.7678 17563.2152071 51042.6649566 460395.369987 97793.213501 214062.772029 4446.27345059 14682.5438441 244.025473093 0.0 0.0 2444.86316632 15880.6124176 4661.45304255 8701.45949975 14525.6759919 6254.03090205 0.0 17093.9477808 12072.7890383 3576.48098798 0.0 -9999 -9999 -9999 -9999 -9999 -9999 -9999 -9999 -9999 -9999 -9999 -9999 -9999 -9999 -9999 -9999 -9999 0.0 -9999 0.0 2.09510575112 0.0 -9999 -9999 -9999 -9999 -9999 -9999 -9999
18114.6441503 10048.4123266 17097.5780665 79422.3702621 0.0 0.0 0.0 3060.04836687 7814.43518063 0.0 0.0 11242.2537297 61.8418941226 0.0 3.47623885625 2.49021662461 167657.20379 6283940.00997 46922.5682119 245.648501289 0.0 0.0 63539.9498412 52103.1295293 13621.6676848 0.0 0.0 0.0 25.0827454928 566.546271003 56.2985736127 2301.57827398 81299.9345283 1083567.3934 473077.939119 0.0 0.0 4404.30514403 1241.93201057 -9999 -9999 -9999 -9999 -9999 -9999 -9999 -9999 -9999 -9999 -9999 -9999 -9999 0.0 0.0 0.0 -9999 -9999 -9999 -9999 -9999 -9999 -9999 -9999 -9999 -9999 -9999 -9999 -9999
204071.89553 26581.1005195 13926.4274529 200784.61422 102785.983092 0.0 0.0 0.0 82.4801761447 0.0 0.0 68325.9021058 0.0 27.7437578678 0.0 134.48527224 62155.8039869 5882825.0281 15483.8474836 233.014973166 0.0 0.0 0.0 20387.4539853 11095.7204715 413.364746571 473.583041336 0.0 0.0 0.0 20.7468656199 0.0 105.314217135 1330016.56123 130724.95485 0.0 26866.8190439 31.8338827574 12195.5577168 3388.74541417 -9999 -9999 -9999 -9999 -9999 -9999 0.0 0.0 0.0 0.0 0.0 0.0 0.0 0.0 0.0 -9999 -9999 -9999 -9999 -9999 -9999 -9999 -9999 -9999 -9999 -9999 -9999 -9999
19412.4530656 53376.3007713 4827.57345423 10646.2158162 184731.044517 24645.119696 0.0 38428.3206969 0.0 303.79589888 379.737993438 1826.35163061 0.0 90.5837790879 193.325704856 3292.75065598 4738861.3878 5534151.06157 15304.3045763 231.456283455 99.9460227087 18053.2567704 837293.079081 643.832021118 30305.5720356 136.881014977 3618.8113806 67.3078791273 0.0 1883.61223039 186.279560563 76370.3269524 261793.37882 6006.40356186 718784.822688 556110.030336 307456.175658 17111.5572795 10358.2337714 640.96421386 3097.021594 -9999 3111.18274475 0.0 237.166603314 1056.81774288 1.65187893459 0.0 0.0 0.0 0.0 0.0 0.0 0.0 0.0 -9999 -9999 -9999 -9999 -9999 -9999 -9999 -9999 -9999 -9999 -9999 -9999 -9999
0.0 0.0 563910.655971 669859.724974 502173.860327 74167.6907242 1052.91628052 304.106366977 13576.7006324 6415.60891822 3403.9774867 27286.3834184 19579.2533991 243.194627391 22696.9531234 65725.2143207 3369150.10335 586047.673546 36625.4541018 15975.9551275 0.0 211.480555628 97637.7734681 0.0 159554.349222 414.687944248 0.0 69.7103911793 0.0 65540.0072299 5894.86163538 35.6940356098 38914.7824234 881173.655348 302848.023769 497298.372847 138307.665658 2363.36669065 4217.76207559 7162.48563986 7447.12499063 2086.81488298 170.644146405 1776.11464476 785.003873082 0.987635297736 0.0 1156.8226152 298.147799248 18.8774203391 1473.05781521 1033.38065176 371.591677196 330.013165076 464.116904799 -9999 -9999 -9999 -9999 -9999 -9999 -9999 -9999 -9999 -9999 -9999 -9999 -9999
70868.0560458 318123.367353 52613.7580856 86.9185255478 0.0 422956.732283 300284.585867 178804.07224 351354.472222 11625.6029383 129034.654866 23199.7884915 716301.627017 128390.720247 403634.543189 6308494.69117 7473434.81314 1495191.11104 305966.479942 51971.0017039 781.222337734 34609.3126668 343.986880066 7179.93122619 22053.8351034 16639.8718321 0.0 0.0 62873.4337625 0.0 3210.55474981 18.4491354024 16495.5766421 29978.2528782 15633.3184673 18324.416726 11724.3561531 10730.9309826 145.938536615 11414.6573981 17923.1986598 2.36121271482 233.428473448 7083.8835055 865.119223403 67.164877237 23.2853532015 4171.61408935 58544.9036959 0.0 0.0 21.0454139538 322.861059217 551.272941013 -9999 -9999 -9999 -9999 -9999 -9999 -9999 -9999 -9999 -9999 -9999 -9999 -9999 -9999
86988.8498164 0.0 1115.47400516 853.42656353 17505.1487512 423762.196329 186673.132157 719.308843668 164396.812521 636395.20168 6464620.06877 7078371.46716 0.0 0.0 7166699.93781 6950013.36834 7092123.24177 3389621.86308 659582.461718 103700.929013 25760.845251 216912.905601 34064.5132246 554.126147924 18763.7326336 24205.0652924 0.0 8087.15793845 5513.22125522 0.0 172.260780957 5966.47750993 88565.2446954 101.349932729 59.4103503347 5.99201062549 66.4601519314 0.0 108.724896178 14896.1415288 12544.0501726 4212.72022443 14428.3185517 19752.1972445 24798.3454279 6820.92840176 124854.026875 1721.60129802 27.9337474554 0.0 0.0 10425.5129877 2122.41700565 3179.43689696 -9999 -9999 -9999 -9999 -9999 -9999 -9999 -9999 -9999 -9999 -9999 -9999 -9999 -9999
724.833645211 664.791254439 88915.2161595 397726.415318 781652.278964 445866.855095 605087.978185 545253.614695 1141289.91111 1079110.28878 4002581.49332 5945731.55781 3903034.04548 2071258.63947 734745.981187 173909.399744 1904276.21915 8071169.57761 3570185.72138 673670.460059 66064.5005731 113.144196172 44471.6867736 205.389733233 9380.89769777 23132.3847203 23974.3247738 130.872173843 486.929959181 0.0 2792.4289583 316082.896511 16119.6153198 24.468001716 51374.9339046 388.020501419 16978.7220325 0.0 0.0 1.32806715086 0.0 0.0 4567.8103634 29723.9522695 0.0 5095.08967008 22636.6498015 20887.4765289 17585.9400987 17133.270754 0.0 1701.14996281 1777.30163729 -9999 -9999 -9999 -9999 -9999 -9999 -9999 -9999 -9999 -9999 -9999 -9999 -9999 -9999 -9999
2340.12497822 79891.3021294 82147.669858 92712.1270133 145213.428058 408110.690478 0.0 248886.588066 862166.030266 30271.3035976 738824.289579 4592356.14027 3491125.16318 1823448.18037 271557.224082 27663.5693739 967422.862532 4820521.50993 7439617.9391 4212603.97266 167608.767801 8873.76037651 3708.25568446 15642.3388462 182.305035481 22644.8353657 16008.3496283 370185.078607 73.4290362252 144814.798327 0.0 74.9316908947 5285.94776109 4211.8019515 89737.4919035 0.0 4443.2376974 192.472020956 0.0 15607.2873502 0.0 0.0 0.0 9484.2109792 8182.04848072 6365.22033123 1926.27904501 0.0 0.0 0.0 12842.238676 8583.34354357 0.111186952935 -9999 -9999 -9999 -9999 -9999 -9999 -9999 -9999 -9999 -9999 -9999 -9999 -9999 -9999 -9999
79005.6106653 95067.3121492 663.538179895 191012.913194 308694.737097 118695.346738 123300.845156 77404.5618808 573384.244431 249802.426017 829233.146892 1823529.70778 448959.447389 2638729.26141 874146.567191 26356.7126566 1182592.28065 4639590.76957 8207588.66961 5867734.72899 0.0 0.0 1138.59208134 283.144123087 244.227374271 10854.8264997 16517.092315 1829.74183505 38742.3641091 0.0 9862.2124583 20780.8355376 10177.8780879 10492.4058881 2.00921294527 164250.972086 5307.28878648 3877.62344383 0.0 74079.6528773 0.0 0.0 0.0 0.00245715346026 0.0 0.0 1230.90778946 0.0 0.0 0.0 5.21509509051 68.7309028158 -9999 -9999 -9999 -9999 -9999 -9999 -9999 -9999 -9999 -9999 -9999 -9999 -9999 -9999 -9999 -9999
84157.7276606 178544.123666 2477.34529268 971.022508503 108334.677991 115449.000762 141868.61549 511428.60347 381134.013369 254945.305203 0.0 799345.349419 623216.602642 1887865.3348 466067.637057 82417.574392 935844.695568 0.0 3828573.80214 2760883.81209 317059.263531 42865.6351661 10564.1295248 176.63699265 9707.62874802 3349.57597438 0.0 124.402949364 0.0 41569.1702257 27196.5963142 21583.4230098 215117.144513 126.854699744 7233.57981278 35656.5989275 61528.9370688 90.4844738848 76.0075563305 79218.6864595 36055.4917143 0.0 0.0 0.0 0.00146214608308 0.0 4082.58731015 0.0 0.0 9997.45031053 1844.5382988 23.3172013752 -9999 -9999 -9999 -9999 -9999 -9999 -9999 -9999 -9999 -9999 -9999 -9999 -9999 -9999 -9999 -9999
622514.474907 433601.179323 226734.465925 287531.352929 1472.70836522 158135.088629 400535.744019 220053.283924 95671.6309124 510160.903051 578272.18416 736493.363829 560106.631632 520414.146793 1032519.63127 17634.4023447 59455.552019 371168.025946 285157.225389 0.0 80561.1364437 39834.6408048 3939.05608813 18.9474337631 8039.26316835 0.0 0.0 22175.0117335 0.0 9.0889584842 90.8059679859 68.3198837754 431.697504598 29435.9811734 29509.7662134 12737.1967327 32068.7018067 27129.8298121 19419.0657337 37381.7474328 88569.6730789 0.0 0.0 0.0 0.0 871.11780554 22062.4578774 16804.1300063 4960.31949533 35974.008594 6841.16700019 -9999 -9999 -9999 -9999 -9999 -9999 -9999 -9999 -9999 -9999 -9999 -9999 -9999 -9999 -9999 -9999 -9999
785058.645552 112418.008631 423039.313359 792013.672668 450408.736506 76358.2477293 152915.782615 127344.281876 120025.448421 79718.1677722 433232.955349 421056.422442 710112.525718 150526.016035 408805.297381 572198.352527 124070.235354 322790.054127 550233.688453 263531.312369 291.739442508 3484.8619601 22670.8197851 0.0 60588.9717225 2939.02542007 123.486876827 0.0 71915.0537771 0.0 0.0 15669.2987359 171501.610355 32245.8473248 66254.8214149 6186.4806083 19023.9421723 50427.0645674 81640.2517456 71765.4914264 151536.909251 0.0 0.0 0.0 0.0 1586.4884655 47.3758486145 56237.5491464 0.0 11168.1712876 3834.3783691 -9999 -9999 -9999 -9999 -9999 -9999 -9999 -9999 -9999 -9999 -9999 -9999 -9999 -9999 -9999 -9999 -9999
581947.192046 129399.851033 515747.843631 953993.769581 167678.639319 569740.938506 157414.437862 452421.709635 83980.5326578 307442.963666 412144.364935 434794.786845 463643.539317 65184.5918639 13511.107384 1814907.09896 42799.1513927 390211.834145 290646.383897 108098.920022 4059.69198132 159.718139611 86.4497783414 671815.637958 11687.9368621 14343.8311408 37306.0674601 56221.9093758 7.4454607635 3639.58302366 3283.4012153 0.0 9249.95065595 4079.23126047 9424.15598508 141143.019213 0.0 0.0 224543.1058 235654.991257 323001.578618 136584.501438 0.0 0.0 90.5104940836 1070.39808592 4920.8477642 28732.9579338 2497.87139707 210.055389995 -9999 -9999 -9999 -9999 -9999 -9999 -9999 -9999 -9999 -9999 -9999 -9999 -9999 -9999 -9999 -9999 -9999 -9999
515319.130602 461741.797594 568053.997174 1693849.67053 1818444.40205 516104.244954 110100.039669 108488.370625 936147.918803 100578.052793 378899.812639 386680.797653 115884.554489 0.0 6405.17982896 497722.736371 292850.8222 36595.3820252 140802.241591 6414.07311913 25851.0847413 208.100346382 11479.371375 634505.360127 1248395.62354 125104.033446 191961.460058 8632.54050611 30.2024474381 15018.5068026 2787.57139416 8.47261128216 0.0 49.5218786422 263836.846212 143963.27728 131.307202803 0.0 2879.01551603 98.347588232 9130.82082758 445992.81056 29415.1119551 0.0 14.8040424559 7770.81130692 23188.0536162 6370.86342726 9.04079826826 24.1555481077 -9999 -9999 -9999 -9999 -9999 -9999 -9999 -9999 -9999 -9999 -9999 -9999 -9999 -9999 -9999 -9999 -9999 -9999
964900.948447 4830795.30599 199262.163109 2699695.10798 161170.577866 310261.844124 584450.940635 2328.23802332 423499.714448 103144.056944 89262.263612 57034.7476084 120267.987019 97706.6633288 108.190398512 602709.691109 79498.5253778 49066.8664448 195768.611906 50.7542000059 0.0 0.0 18491.5990438 0.0 0.0 0.0 1516.91544534 2237.94504113 37.1513615379 46415.1439748 8942.83909493 0.0 0.0 3908.80172839 6310.6861868 229443.153373 65631.9409469 4548.6179248 74984.2473007 234.094949503 3.26235947212 12929.843514 194291.913288 0.0 0.0 242.342525505 5.51483958216 0.0 142.063827286 -9999 -9999 -9999 -9999 -9999 -9999 -9999 -9999 -9999 -9999 -9999 -9999 -9999 -9999 -9999 -9999 -9999 -9999 -9999
617007.406452 2880869.53202 192371.631201 1344115.15744 1894852.49369 823088.766256 226968.319451 210428.438506 952.045809883 468537.628934 450726.734497 78944.4876783 62765.571178 259309.462279 76615.9721086 0.0 461.977898733 22026.2889785 16766.3299839 15.7426055394 0.0 143155.263881 251331.594639 0.0 0.0 148352.437038 16187.601265 5781.08487151 92.7245598337 43879.0247791 88.2705544461 429.073581223 201.892260371 45913.7083023 340.601697687 430274.869954 2052823.1693 70018.5129794 72617.2844115 0.0145000371369 0.0 0.0337686523992 265879.194751 0.0 0.0 0.0 0.0 79.2106549703 -9999 -9999 -9999 -9999 -9999 -9999 -9999 -9999 -9999 -9999 -9999 -9999 -9999 -9999 -9999 -9999 -9999 -9999 -9999 -9999
1067.91217044 150548.123906 4389103.19604 3421912.65899 1120535.11916 1626311.80857 1968362.04044 1317158.69856 1044705.38479 999716.553489 885765.108749 497780.622009 65263.1717716 406.50615328 103.179124774 0.0 180569.667811 155.095937106 35.6934789711 689.180097112 0.0 128351.549599 2192.79348494 0.0 0.0 42666.0840564 655757.758042 28124.9417924 31606.5731881 12226.596226 52676.1942584 59421.4453053 64267.1631151 30125.2112419 617528.364517 125667.680013 1189165.18974 0.0 31084.9796037 0.0 0.0 5211.77983613 0.0 232305.23179 0.0 0.0 2310.24782123 -9999 -9999 -9999 -9999 -9999 -9999 -9999 -9999 -9999 -9999 -9999 -9999 -9999 -9999 -9999 -9999 -9999 -9999 -9999 -9999 -9999
124037.794023 980254.471835 812790.952499 800175.278571 1578851.81153 1179462.34357 328453.347386 227507.817685 102435.499696 65905.0068495 36418.4152579 723522.644347 550075.621516 88274.8124442 62549.3167031 0.0 0.0 0.0 0.0 0.0 0.0 2415.74280076 10247.3355439 0.0 0.0 269216.927767 0.0 81642.8769995 28748.4730654 182976.679104 44010.2482413 490.384007483 100777.187592 1018.60237383 0.0 0.0 587527.249055 98118.2019464 0.0 236.199719869 0.0 336.299421557 24671.9768489 444274.454766 0.0 1190.43549646 -9999 -9999 -9999 -9999 -9999 -9999 -9999 -9999 -9999 -9999 -9999 -9999 -9999 -9999 -9999 -9999 -9999 -9999 -9999 -9999 -9999 -9999
2676236.16581 871760.827577 538938.113089 692413.561015 263688.3072 83915.8534145 240621.144973 4694.09360207 178321.140169 96373.3558211 95983.0622502 465.204922661 47707.2676666 728.31106366 1013497.76017 11.4884096321 257.74684108 0.0 0.0 0.0 0.0 260.015164024 178125.962271 6995.8506621 0.0 0.0 257232.029805 312704.652574 35089.511202 62240.2675875 2052.35496645 71293.0222304 0.0 367271.384333 30563.3835514 2.51295505205 0.0 137.336767032 670.027367738 0.0 276.507080665 0.0 547831.798011 583751.770921 19546.7336989 5.67723439226 -9999 -9999 -9999 -9999 -9999 -9999 -9999 -9999 -9999 -9999 -9999 -9999 -9999 -9999 -9999 -9999 -9999 -9999 -9999 -9999 -9999 -9999
158138.413487 601029.457033 296879.312829 182066.731459 354.725001658 187922.050719 308184.135722 298779.65259 169560.780385 1525520.56531 148685.085109 70226.8141388 665.767959477 218.099957418 0.0 0.0 535025.55189 49530.8096543 0.0 245669.444842 52345.0243109 216.791652832 55852.0997163 558.640219114 334795.063665 48333.2032236 113397.979375 40881.1543577 16.7949304406 29515.5801649 94680.1609269 259739.115144 0.0 230173.451577 5580.29229642 8.32870134004 75095.6024318 48174.897753 17595.6631918 0.0 0.0 859404.136153 1077701.43122 0.0 8582.22168982 -9999 -9999 -9999 -9999 -9999 -9999 -9999 -9999 -9999 -9999 -9999 -9999 -9999 -9999 -9999 -9999 -9999 -9999 -9999 -9999 -9999 -9999 -9999
869539.922949 212834.517701 2199457.0987 2530674.46727 81559.4818911 1850246.72878 1893136.11275 203519.844814 119477.996559 1330857.48902 62028.2135287 79181.5967588 38459.5965869 0.0 0.0 2030.75012062 0.0 0.0 0.0 1148032.76077 589748.606113 28413.6720127 0.0 2613.57308294 404597.439123 46907.5526218 4720.86690812 80519.0521838 57816.9699221 144332.715392 62432.2937406 242075.070146 0.0 0.0 339394.975299 14684.492995 35718.5199287 64.0479536539 40413.8488425 5240.6107213 2034457.66316 602813.332756 1.02290098165 -9999 -9999 -9999 -9999 -9999 -9999 -9999 -9999 -9999 -9999 -9999 -9999 -9999 -9999 -9999 -9999 -9999 -9999 -9999 -9999 -9999 -9999 -9999 -9999 -9999
2697129.9783 2687532.81739 912886.190604 3930.19250858 0.0 0.0 0.0 61313.1179402 360877.328856 364401.798297 78440.2469047 158298.272538 0.0 0.0 771463.461887 2521495.47436 317388.147416 0.0 0.0 1505446.69643 416.343157253 1668.18560806 167.300686593 1231.64061629 55185.3214959 14.1962034912 2319.74166678 0.0 0.0 138073.067652 162053.134249 46029.8954834 160237.762501 158439.918468 116055.264567 2046.02402247 0.0953295148095 338636.107113 325615.955179 1576246.93416 1682.29239703 0.0 -9999 -9999 -9999 -9999 -9999 -9999 -9999 -9999 -9999 -9999 -9999 -9999 -9999 -9999 -9999 -9999 -9999 -9999 -9999 -9999 -9999 -9999 -9999 -9999 -9999 -9999
10384216.0566 5267460.05374 6818648.75561 1364359.98147 0.0 92727.7350561 334827.676666 940235.662125 12043.8800903 73461.2010362 54082.2892197 1059846.6509 734668.870889 120848.251744 356.142379382 1838.01714078 128366.643834 84758.230244 610301.278188 602951.857895 37253.6930956 56075.0152705 38437.9580807 722.840331527 0.0 7527.32808624 20926.2674282 10786.5310216 24656.5380979 0.0 1328.01819255 96635.7796181 20712.9049546 110857.154263 96790.0717233 303142.124198 55.0508894174 1261103.96676 1715461.49546 0.0 -9999 -9999 -9999 -9999 -9999 -9999 -9999 -9999 -9999 -9999 -9999 -9999 -9999 -9999 -9999 -9999 -9999 -9999 -9999 -9999 -9999 -9999 -9999 -9999 -9999 -9999 -9999 -9999
7190980.2565 982014.886047 6747776.69515 1270001.27231 286301.441743 212403.951497 197.596064919 0.0 41565.453582 45502.6270608 460.062439926 808.655886597 0.0 32019.3359323 91020.2373703 858102.260272 0.0 0.0 0.0 0.0 0.0 100704.254584 159.505047452 2218.68100221 12617.9471418 23328.5640104 143.048240185 25.9097121826 17.2575208492 0.0 87.8257427303 116020.458698 22513.9138426 62907.1033888 29026.6057071 54696.9851693 1525166.25223 1336843.62803 0.0 -9999 -9999 -9999 -9999 -9999 -9999 -9999 -9999 -9999 -9999 -9999 -9999 -9999 -9999 -9999 -9999 -9999 -9999 -9999 -9999 -9999 -9999 -9999 -9999 -9999 -9999 -9999 -9999 -9999
