critload/trunk/input/1999/nallo.asc
ncols 720
nrows 360
xllcorner -180
yllcorner -90
cellsize 0.5
NODATA_value -9999
[rows 30 to 59 of 360, columns 476 to 543 of 720]
0.0 0.492519825084 0.0 9.01703775843 0.0 0.0 -9999 -9999 -9999 -9999 -9999 -9999 -9999 -9999 -9999 -9999 -9999 -9999 -9999 -9999 -9999 -9999 -9999 -9999 -9999 -9999 -9999 -9999 -9999 -9999 -9999 -9999 -9999 -9999 -9999 -9999 -9999 -9999 -9999 -9999 -9999 -9999 0.0 -9999 -9999 -9999 -9999 -9999 -9999 -9999 -9999 -9999 -9999 -9999 0.0 0.0 0.0 0.0 0.0 0.0 0.0 0.0 0.0 0.0 0.0 0.0 0.0 0.0
0.0 0.0 0.0 -9999 -9999 -9999 -9999 -9999 -9999 -9999 -9999 -9999 -9999 -9999 -9999 -9999 -9999 -9999 -9999 -9999 -9999 -9999 -9999 -9999 -9999 -9999 -9999 -9999 -9999 -9999 -9999 -9999 -9999 -9999 -9999 -9999 -9999 -9999 -9999 -9999 -9999 -9999 -9999 -9999 -9999 -9999 -9999 -9999 0.0 0.0 0.0 -9999 -9999 0.0 0.0 0.0 0.0 0.0 0.0 0.0 0.0 0.0 0.0 0.0 0.0 3.04940354321 0.0 4.17692767571
0.0 -9999 -9999 -9999 -9999 -9999 -9999 -9999 -9999 -9999 -9999 -9999 -9999 -9999 -9999 -9999 -9999 -9999 -9999 -9999 -9999 -9999 -9999 -9999 -9999 -9999 -9999 -9999 -9999 -9999 -9999 -9999 -9999 -9999 -9999 -9999 -9999 -9999 -9999 -9999 -9999 -9999 -9999 -9999 -9999 0.0 0.0 0.0 0.0 0.0 0.0 0.0 0.0 0.0 0.0 0.0 0.0 0.0 0.0 0.0 0.0 0.0 0.0 0.0 0.0 0.0 0.0 0.0
-9999 -9999 -9999 -9999 -9999 -9999 -9999 -9999 -9999 -9999 -9999 -9999 -9999 -9999 -9999 -9999 -9999 -9999 -9999 -9999 -9999 -9999 -9999 0.0 3295.7251512 2018.61985507 2324.32544363 0.0 -9999 -9999 -9999 -9999 0.0 0.0 0.0 0.0 0.0 0.0 -9999 -9999 -9999 -9999 0.0 -9999 0.0 0.0 0.0 0.0 0.0 0.0 0.0 0.0 0.0 0.0 0.0 0.0 0.0 0.0 0.0 0.0 0.0 0.0 0.0 0.0 0.0 0.0 0.0 0.796599203077
-9999 -9999 -9999 -9999 -9999 -9999 -9999 -9999 -9999 -9999 -9999 -9999 -9999 -9999 -9999 -9999 -9999 -9999 -9999 -9999 -9999 0.0 102.700397996 1.76545529713 9647.926699 39501.9907519 0.0 23918.9757974 0.0 0.0 -9999 -9999 0.0 0.0 0.201150521151 -9999 -9999 -9999 -9999 0.0 -9999 725.037686495 530.902670017 0.0 0.0 0.0 0.0 0.0 0.0 0.0 0.0 0.0 0.0 0.0 0.0 0.0 0.0 0.0 0.0 0.0 0.0 0.0 0.0 16866.1174371 4385.20718325 0.850666145788 0.0 0.0
-9999 -9999 -9999 -9999 -9999 -9999 -9999 -9999 -9999 -9999 -9999 -9999 -9999 -9999 -9999 -9999 -9999 -9999 -9999 -9999 -9999 8565.21529585 7991.97597182 0.0 41067.5299677 54.3157845416 26.1453218865 18.04762387 40.253010143 149.833582747 -9999 -9999 -9999 0.0 6.85772586792 0.0 -9999 0.0 614.212305546 578.303696991 0.701907170121 2.55234968633 345.202214218 172.760470959 7.21758995823 6.12505360892 0.0 0.0 0.0 0.0 0.0 0.0 0.396342848338 0.0 0.0 0.0 0.0 0.0 0.0 0.488079362345 7292.36203908 19451.7491227 55405.1280882 198909.738988 0.0 0.0 5.28819227392 14377.9181402
-9999 -9999 -9999 -9999 -9999 -9999 -9999 -9999 -9999 -9999 -9999 -9999 -9999 -9999 -9999 -9999 -9999 -9999 -9999 -9999 11137.1368668 6478.96146264 46.931418348 9.90202760495 20.2847587943 14424.035715 15828.0797537 24757.1475682 10669.9293901 0.0 0.0 2.71778874256 9160.75843905 16695.1991562 2.06116648688 -9999 1028.69856792 11481.460992 0.195084267708 0.530383168534 0.0 4.00555687097 1.65539021743 1.4046391893 0.0 7.40717747838 3.0580243924 9.35234753331 0.0 0.0 0.0 0.0 238.500081177 0.0 0.0 7.28854577344 3214.48108206 0.0 0.0 0.0 0.0 0.0 0.0 0.0 0.0 7607.25925061 17.720469661 0.0
-9999 -9999 -9999 -9999 -9999 -9999 -9999 -9999 -9999 -9999 -9999 -9999 -9999 -9999 -9999 -9999 -9999 427.119028768 14.9754478465 62165.8916774 53385.0294926 26830.4567418 20974.2113067 15.2822241086 30.685765279 65.6248682655 24648.0382706 37377.9052421 26629.3168168 0.0 121.715313198 1075.15682203 2007.79843583 7.61667005467 19.0416222767 2460.87252352 1599.64569599 0.0 2.23504754323 0.49233752898 0.0 0.0 0.0 0.0 0.0 2.55202046346 0.0 0.0 0.0 6.1631254672 0.0 0.0 0.0 0.0 13.4885952746 0.0 0.0 0.917156013499 0.0 0.0 267.636141288 0.0 0.0 0.0 9.58703504504 0.0 0.0 0.0
-9999 -9999 -9999 -9999 -9999 -9999 -9999 -9999 -9999 -9999 -9999 -9999 -9999 -9999 -9999 -9999 0.0 221.847232504 19649.3541405 40949.694484 7578.07447774 62608.0772224 8026.86733323 5367.41039511 83.7296867647 111.616190013 68515.9169802 49796.3646968 14751.2093006 59319.2158153 -9999 0.0 1330.09697003 1043.20446805 9450.7233985 0.0 3046.6706934 25738.311366 1900.61754073 3355.56678704 0.0 0.0 0.0 0.0 1686.35433397 536.547071021 6615.07505031 913.201232197 0.0 15522.2884716 7488.49080886 0.0 0.0 0.0 0.0 0.0 0.0 0.0 29.7601222483 4208.86298285 40531.0727752 2127.96625033 0.0 0.0 0.0 0.0 0.0 0.0
-9999 404.839760512 365.987449044 632.634199511 1.07564697365 -9999 -9999 -9999 -9999 -9999 -9999 -9999 -9999 -9999 -9999 -9999 -9999 0.0 34254.4629799 34232.9438087 14897.5354882 87398.4656241 61113.8881567 59925.7477817 0.0 0.0 272.587292712 21469.3546598 208513.730867 19879.5516328 -9999 1.30189538347 59.8667743151 56.0286128962 75.4248619162 23742.4026217 53857.8322044 2950.25476978 26.1251816134 18374.4692519 3029.97951943 35942.1031641 0.0 0.0 0.0 0.0 0.0 0.0 17708.9320643 0.0 19396.1340009 0.0 0.0 0.599470995371 0.0 6.24560322099 0.0 0.0 0.0 0.0 0.0 0.0 0.0 0.0 0.0 0.0 0.0 0.0
-9999 0.0 15.3991163171 548.167052528 1403.16745351 19306.5335573 3266.45059746 961.3898646 14.7050550328 1637.17335868 55.839982821 16.8099840303 1.61830465888 -9999 -9999 -9999 -9999 4256.7443744 2103.92736147 307.635602337 39908.2796992 106612.977853 7024.27392813 181.599169258 0.0 0.0 0.0 15105.5803077 19799.1918135 19144.7363322 -9999 5733.56751328 34.1487324909 279.760588137 25528.9865399 1631.72555684 2334.38332011 47381.9361988 5093.53440018 13289.3416703 21031.3171215 85861.0240834 65459.8915404 1979.64883689 11.9597292091 14248.9001205 40209.4209216 21808.4881516 12.4346085693 552.09370178 0.0 0.0 0.0 0.0 0.0 0.0 322.060279676 0.395946822274 0.0 0.0 0.0 0.0 0.0 0.0 0.0 0.0 0.0 0.0
-9999 -9999 92.9484046415 -9999 0.0 6555.01273611 36575.2801442 1574.74686995 46.3219368263 52.4466621962 49.6021724131 7043.75372012 34256.8182956 0.0 446.08126899 0.0 105.943915314 -9999 367.564755915 -9999 56973.8259828 183.227710614 62035.6951336 69441.435901 0.0 156.707560379 51925.7677067 251921.288711 0.0 0.0 -9999 383.284840496 45.4605295188 36074.9157188 8019.4004057 78.7072254953 54404.3806907 6110.49857751 84655.6461269 56310.2048803 2029.07295677 86.2252428182 39119.727311 44531.5376423 102493.85714 26.5195843158 28.5675029468 1912.86579183 29.0372911555 1458.57272875 89806.5355107 0.0 237662.784059 19037.2949163 79612.5543687 0.0 0.0 21.7649718449 1158.78652568 16.3817551591 0.0 0.0 0.0 0.0 0.0 0.0 0.0 0.0
633.197725491 0.0 39272.2356682 154.002523706 10713.6694542 19360.6106324 100943.760337 5442.33620382 59.3957818734 5378.62137221 54.8524086435 4983.52686582 34919.7727319 83474.6247838 73553.3866985 104.419569044 6282.17318609 5413.48961216 3828.78408132 1203.84546975 -9999 142.588242204 68371.8057343 152428.686424 71314.7943122 68356.16355 12083.9648946 11430.1717799 0.0 0.0 839.785744657 -9999 0.0 11789.2760304 5297.38852621 24346.2963364 45627.6202419 4478.32509574 10381.8569831 630.787759937 33.9546712637 89.4638151062 34.2531108854 26.5343540622 38833.8160716 37669.9421501 44952.2646038 2366.60768374 6713.451574 19.8137707077 6472.83372675 0.0 9549.74509519 81449.6755583 7.56459944485 26945.9340456 0.0 31831.1667777 894.989975569 8.66173209739 6.99845314803 5.27175649823 0.0 0.0 0.0 0.0 0.0 0.0
1022.562883 88.9575019197 700.331722025 70185.4192254 3819.23540565 6913.02641324 4411.28119165 26116.3029895 48462.2162888 70150.2896134 50.13598248 118.678158966 38140.8340599 9584.30602954 35330.138391 1266.60350362 2.03571861615 4.91013211105 984.155192499 7824.3742553 58941.8524701 20200.5035227 68191.0523462 60120.788209 7434.45059185 0.0 0.0 32541.3532756 8210.79379914 139.650435191 51603.1821371 0.0 293.803521899 97.5357596657 173.460882416 496.010218426 187318.456834 99501.666026 8803.16900378 13266.9460441 2551.58841931 59712.5105086 65770.7939448 3539.057979 9331.4762318 10497.7645061 36058.6993942 52.6462554905 2362.44101366 10.7973412258 0.0 49477.1491371 7544.58605926 1987.80292261 28.9107541952 7.62716592386 0.0 0.0 0.0 0.0 0.0 0.0 0.0 0.0 0.0 0.0 0.0 0.0
49456.9527902 31752.6721455 162.706453364 41499.3067956 74532.207979 68174.1421912 4626.85541285 85.8550538695 81.9248637966 22358.9963133 802.193440738 45466.1998598 6017.32459325 7614.53956538 4893.91316961 7.34051796486 2.66729450694 579.885296936 49496.4817388 74990.7516868 197.287459949 10143.685574 9990.36305967 10820.7421762 313.926428628 183.238505571 90742.6130459 111962.023966 173.496395835 53918.927793 8491.84676643 -9999 -9999 2700.01474942 11775.7146476 152066.129269 61865.1589709 86344.3025843 94151.250974 246030.061936 1099.47685117 12796.6028579 456.275925134 53.3161219884 49.669697837 2990.19115771 48.1643871655 69.8664244097 24723.6279113 50.8017125099 88073.335399 138958.886123 35055.2334316 13116.0026736 42348.1755213 6182.16130693 0.0 5340.103973 0.0 0.0 0.0 0.0 0.0 0.0 0.0 0.0 0.0 0.0
189292.469754 41704.7775511 7592.1010102 43784.3968403 20475.2423574 26309.1133649 140.515122763 44114.5677048 18952.3844551 17021.6246231 54782.9219899 101958.530992 50346.7834883 31829.1206733 12692.2736713 471.707095421 0.968191137144 535.765290029 1094.17398291 18058.5543117 67041.5712769 76698.9229423 223498.169471 224483.221747 100813.943057 13529.2412726 71667.6780386 27458.9914392 15767.5974919 -9999 -9999 595.447650788 5002.96577986 14313.0740043 15546.7652444 40025.6974199 91350.6380153 122058.383419 250218.188896 1032156.30333 4494.17734156 24921.0422982 107670.759074 41239.69792 318398.242251 104555.179919 76913.2245272 87282.0340358 119087.713704 5318.79610748 0.0 0.0 28247.2212493 19569.896897 4964.91785079 42.0613773874 11982.5270936 0.0 0.0 0.0 0.0 0.0 0.0 0.0 0.0 0.0 0.0 0.0
1797.16274081 89.5389342997 109697.454731 38491.9409135 2930.37342368 6591.27832038 98859.9376096 11156.3126261 5615.65134396 68405.1738565 11348.4023576 15.6672454896 8.29993471503 19.1877042701 3679.46808118 7495.71149196 8150.12213317 0.0 0.0 0.0 126686.876021 0.0 0.0 87827.9149924 2855.55128394 9704.69191279 20109.0974478 2050.62889448 -9999 202.097128313 52466.6273425 5561.36730997 258.282132922 303.244510496 329.511162924 88110.9670859 91877.2895107 117922.770004 72572.8680296 286925.053976 51945.073882 7055.15988118 114.934477067 2775.62487296 56663.2093028 10900.8512826 134872.705691 450788.538665 135739.947963 172.10918383 38300.5474669 75330.8841134 503643.615171 178213.765591 0.0 0.0 0.0 0.0 13427.1871435 0.0 0.0 0.0 0.0 0.0 0.0 0.0 0.0 0.0
126134.548253 55739.1941768 5495.75627618 152681.833909 176713.331754 80998.8670919 12356.1987863 64883.4750082 12300.3962394 16.0168779821 28.0018969963 12787.4631079 54165.3551864 3.93627512005 0.0 183522.477709 196.517091302 96964.0296412 123242.908668 39878.6895303 52329.1306176 3824.74097005 119.08273514 43149.1355776 134.170953246 175.927929115 2991.04952421 34073.3741632 48780.1980094 37382.6342621 8978.29586605 14048.5036441 36809.9281333 139016.112999 2427.46622853 7750.42620617 8138.34054185 9533.33844999 19144.6459377 10273.8471012 211953.179152 5847.1088535 172.680491129 218.612125491 26978.6817804 60391.0754617 65183.4951021 47893.8949869 74598.1846074 7759.18265377 68613.0618198 70166.9115171 202884.378212 460311.265486 0.0 0.0 8610.27611548 110.481990219 0.0 0.0 0.0 0.0 0.0 0.0 0.0 0.0 0.0 0.0
8003.09242314 10209.9583764 112743.544402 58755.7946826 3256.82725017 79.7180910112 3455.0640304 12.6576564877 12.5098664197 1743.13521888 3110.03624452 56291.3861521 0.0 0.0 468297.172953 0.0 0.0 5098.25371866 102147.82488 34693.6955741 238.007449097 76101.6358497 12581.200619 38224.9948122 4000.67635172 3767.31057568 5737.73475615 63997.255553 553591.63558 113615.846271 60184.1252598 34917.4338059 64157.3634021 13215.0943697 136.101916993 129.626096081 216.687644259 15645.0178069 72798.5117458 105104.811444 287416.145027 148229.143058 57268.3994113 310.520673872 1046.59756822 16406.2810083 9747.83353104 56112.8551843 83813.0263183 59438.370955 44928.5261426 16098.2022778 4046.05982202 14313.4705734 3755.35874454 23029.2319951 63741.2721478 4350.03298362 128338.294241 0.0 0.0 0.0 0.0 0.0 0.0 0.0 0.0 7550.75854471
10243.2896525 9539.11640328 26573.9463408 21.8034355053 11.1849502925 1714.54259951 9.7416208191 15.4284102943 43728.6136897 16275.5512219 28448.8604171 54438.0375741 56.7605117814 70341.2930606 0.0 89095.3939465 78817.0381539 212833.243533 57941.177649 157.147644508 104.17707188 61659.903669 60770.4727468 69938.6719266 241.660854973 130.054130315 12939.5227743 59681.951588 16374.6880592 85760.3049147 101404.386379 102615.138729 1408.3614075 97785.1383232 13455.1282134 259.862178531 8871.37815834 14618.6254462 91377.6872132 207561.752532 158474.750963 731.959693851 46820.3432244 389.184694179 114510.83054 27121.5034944 227733.215186 248053.569077 56856.3957159 10593.6150754 74028.1809813 24923.2999569 5778.53735858 4071.61247487 3984.6559532 14684.4719732 19836.7001755 195525.882998 97621.1306434 0.0 0.0 0.0 0.0 0.0 0.0 0.0 0.0 1.00531958032
143.051244502 2807.56988658 25.8613386943 5.90631779067 1052.24994172 2616.64143467 2642.16454986 45755.6884356 6222.02524044 121.196075879 190.294723947 115383.252672 70884.9130894 104943.378224 826807.293446 0.0 0.0 0.0 106123.117457 74476.7731594 155.441069642 46971.691086 405.370681728 52134.4480308 19619.7451792 40660.2474431 137481.952648 3034.25305703 54622.7425922 59536.4739262 11278.024112 104795.36611 96405.5336508 33616.3011372 100842.561996 27829.8335187 158361.144659 34406.4263811 287443.026947 239442.432291 73789.200717 0.0 0.0 54336.1902691 173125.478463 199835.641933 427859.951541 11977.6931934 35119.0576494 7052.6543509 16731.1922598 34373.382783 29966.797939 12390.2342807 183.355064624 67.6752127645 15442.951013 173224.302337 8860.72414185 0.0 3030.21956046 0.0 3.16879899971 1.16883722276 0.0 0.0 0.0 10.1462966915
60558.7229409 4706.60707577 1143.70829082 26.8457834578 3862.34643883 59629.6444115 126150.627881 157277.098429 12862.7934189 12690.7503428 92.1533717899 10073.7254756 399.673729155 6934.85478917 138027.606481 178057.322951 0.0 0.0 5803.0964148 71366.0887423 61845.4094274 17961.3122491 16304.0845356 271.156137603 258.546709766 232.173132741 3656.77867846 4482.24847099 123986.847551 13326.9271507 123744.862081 4005.03577915 18234.5427693 162941.536759 73904.7336125 43993.0487387 98354.5279905 114926.878395 241.334900217 42423.1091369 569327.514007 0.0 0.0 0.0 0.0 0.0 0.0 445007.801285 25798.3862344 6045.04525327 76.7772899091 5090.36572532 104378.598685 202672.866018 30911.6128922 3107.77262824 23944.1147055 22480.3744622 26064.4377481 0.0 2571.54542372 56229.1277898 29.7279277259 0.0 0.0 0.0 0.0 0.0
37470.4339059 5137.65010985 14759.9729836 31.4738068895 4955.06626947 13291.8642672 135049.721197 79468.6232218 4214.06056681 96.8088024708 74.5694705194 73599.3322767 197942.480429 136300.207972 836308.22951 0.0 0.0 208148.485013 470526.776184 125089.92407 314203.607158 136125.616561 52269.432623 86941.1555456 213648.153848 28261.2041903 0.0 0.0 114871.439801 130360.531652 1894.0680068 133322.098883 49123.0648942 39563.0304009 223194.739293 23435.5751643 108119.992318 116970.053499 45963.1581936 330153.656958 234581.379411 18353.1526575 113915.900218 0.0 119768.104882 213713.741705 13910.5718533 3380.54534896 797720.534144 238457.863226 229492.303951 124674.95426 11152.403831 115251.937784 149919.759864 53.0804169748 101.156907077 192061.534765 0.0 136428.801275 3170.91593898 24.067706627 1839.02709704 0.0 0.0 0.0 0.0 75067.7728753
0.0 27979.2059634 13.9750568703 57.4288126748 19290.6811338 13979.4136024 128253.998638 211.854457276 14156.7554995 76602.3705729 7448.01269683 6867.72245469 0.0 0.0 269462.092216 0.0 90342.6679509 63819.374209 259.745783429 116818.988908 263.927419123 92056.2963423 27428.7139563 270.450523009 250.176495375 470.54035901 96674.6906269 24109.0592432 52204.9776801 110573.848318 169968.559975 201918.626987 99561.0602304 24356.9781122 480.399807126 487.995930225 921.279313269 14633.3164838 52435.6450611 468446.384262 145344.929349 155842.960657 178372.025992 105062.706069 9383.42708598 1058.65220093 710.441618338 6682.36208949 82764.6278557 34657.0815208 16435.7347732 2270.73233322 78995.7942987 48.6899050113 138116.844499 116722.321492 8225.37331381 13391.0014545 0.0 0.0 0.0 3833.95125785 116220.307025 21505.9703468 6464.04501605 12972.7617566 11055.0711416 68444.7866393
0.0 130045.881915 15.2893816742 26.384362232 11560.2860738 8718.81322274 7984.59624401 129429.49284 16362.5401474 15870.7915231 3733.03161746 19596.1339638 33468.7086534 6043.57239113 0.0 0.0 65.3056471397 4394.55980129 225.277394916 215.248998796 25234.5323642 382.406434964 840.756018135 19332.2936627 756.129688169 27783.4501997 128161.406995 110549.946483 123355.101457 264598.615883 107702.805256 26304.7347692 333950.479177 100442.882895 28472.0107064 552.497806805 91427.395759 26669.9939218 146181.910251 276711.569326 142688.424857 140733.143777 199738.515212 186.209106709 317.843046308 99020.5968093 2816.68718851 9904.05823824 70576.8852088 37.0462655497 12.0229624393 4051.83684403 105.382901037 8671.68270224 3797.71360586 2850.81426679 4415.96759658 35883.9740549 1435.67455131 456.970514201 0.0 0.0 0.0 105119.222329 110551.737708 18530.7482351 28.3950309793 548.958466452
99195.1081723 12806.7442817 9.07748592261 39.0478073229 15887.7593744 143853.673262 128784.341343 7724.72251195 5804.02264256 141.905761006 157.519359135 297.828653457 36777.3564938 98.5636451469 23370.0454721 0.0 0.0 0.0 0.0 20448.4402455 121133.466987 8178.88371351 21532.9807158 66995.3343476 124763.277815 70367.470656 38480.4328527 509334.098855 248530.006852 398998.147033 0.0 566355.289491 303658.411079 3352.92132137 255881.525358 779739.330598 241109.037236 303669.452445 375698.768589 280776.519495 258176.950144 58404.4988111 77569.9476858 98488.3865815 38081.6336509 29587.4367013 258155.937613 160043.434224 165952.038152 218534.852574 24502.4667298 84329.1110793 941.205571012 4024.51848627 4908.64093899 24579.0179527 210069.898852 8142.59472696 8935.76271519 56810.9495436 3938.81807527 0.0 0.0 4285.49678938 69.4382394939 15492.4285332 63727.8647898 0.0
29921.0489038 2462.52193025 4.38627143488 18515.1231463 24640.404873 46.425006834 9099.06506155 5061.8715962 5473.38306518 116.67478633 117.97959391 31695.0393469 28137.8331224 5901.67211832 5266.99480546 162.360102 327.612985291 0.0 0.0 0.0 176586.08379 359920.576559 17988.1736816 40844.1111074 5013.73082179 23626.2702383 25290.6245411 664.841407853 31934.7020458 0.0 0.0 240991.171205 608884.5203 567091.070086 0.0 349822.727516 331946.658242 248874.600363 220444.646495 667.261556627 1440.84508907 270205.708807 253321.063038 131947.26604 1528.96359181 29050.1079792 130567.527645 23420.9230085 130876.575231 25902.5784705 128006.061063 29634.010094 182640.776559 14307.27153 2734.61077359 18.8392844308 13.2042354368 2264.77147847 11733.713106 27621.1917913 3579.97042158 74.7131505098 0.0 0.0 0.0 0.0 0.0 2488.16782391
21257.0276153 2803.60256223 1.37135729168 2282.47658543 178164.388028 21973.7254741 36546.6674297 35474.3696973 166.733715099 1130.531332 6386.58853631 31112.4018551 3733.35843052 63795.7501551 71386.4914154 70528.5413998 18618.2371239 20802.8720719 21942.0684284 129908.902656 0.0 0.0 0.0 0.0 0.0 0.0 0.0 0.0 0.0 0.0 0.0 0.0 0.0 0.0 0.0 0.0 0.0 0.0 146876.405024 150862.51634 173198.685398 485479.532009 588900.634795 0.0 844812.91888 554211.70623 141189.132842 136272.046903 132826.168334 5304.33156362 4179.25933965 48154.1409317 24052.6351928 23533.4342276 36650.1218763 59.718818368 40.3293695115 56.0995805825 30.5887833211 2188.59129807 19168.2397511 24.2008643848 0.0 0.0 0.0 19321.5476245 0.0 1823.47972768
21235.5455942 18254.1751901 2.20078429243 4312.28207355 107298.674042 150628.239098 250.247389895 50219.7765304 339372.67407 44921.6249479 39773.1928639 0.0 0.0 0.0 0.0 168794.407084 326260.402188 8340.47817707 20730.543476 0.0 0.0 0.0 0.0 0.0 139887.967655 190489.715475 657682.187642 86752.3976599 19122.3195825 108805.808398 131158.56614 40853.4214003 7021.60328855 253.608257466 35481.0366075 82755.6769805 0.0 0.0 0.0 0.0 18943.4149815 170123.715528 176296.363962 56617.1269387 390.832278776 9429.16188548 9637.95764722 34194.0997072 6222.8010302 5415.60624324 39802.1087726 7617.02466841 4800.08080775 180.485395402 21126.1191234 92930.6916432 25208.5702563 51948.1869453 45656.5056077 99.3124707888 51.4521237164 3591.50611212 3586.43031492 0.0 0.0 0.0 0.0 0.0
0.0 129.747940508 4.26569018817 5084.14962927 94323.6978845 8058.48222868 17792.9862007 4842.69432661 7808.22589252 0.0 0.0 0.0 103150.89583 252763.309289 126063.299834 32638.6265788 257097.606934 57777.927939 443.456297413 22834.4433754 392666.17776 0.0 0.0 0.0 327.667575988 196.33871823 473513.472749 279655.432205 178818.062141 392.842256515 78339.0035645 33408.6894596 41792.2234282 39144.4023092 5871.38388131 38580.7467704 45190.519757 35657.6089326 170189.02416 88663.2333862 0.0 0.0 253469.240591 41772.4555594 6033.74939141 65428.5835478 58583.892998 5088.80828816 5733.14512859 61121.078704 108644.466613 54467.3974286 32380.7260842 47410.9354072 78367.2247934 22906.704519 3974.6077516 101.758102251 2549.57286257 13056.8081731 0.0 11.0573726768 66.1901909117 0.0 0.0 0.0 0.0 0.0
