critload/trunk/input/1999/nallo.asc
ncols 720
nrows 360
xllcorner -180
yllcorner -90
cellsize 0.5
NODATA_value -9999
[rows 30 to 59 of 360, columns 544 to 611 of 720]
0.0 0.0 0.0 0.0 0.0 0.0 0.0 0.0 0.0 0.0 0.0 0.0 0.0 0.0 0.0 0.0 0.0 0.0 0.0 0.0 0.0 0.0 0.0 0.0 0.0 0.0 0.0 0.0 0.0 0.0 0.0 0.0 490.993572658 28.8959410735 168.930827817 103.090051391 0.187672329411 73.0321491147 0.0 0.475248049721 0.0 0.0 -9999 -9999 -9999 -9999 -9999 -9999 -9999 -9999 -9999 -9999 -9999 -9999 -9999 -9999 -9999 -9999 -9999 -9999 -9999 -9999 -9999 -9999 -9999 -9999 -9999 -9999
0.0 0.0 1986.88301837 2.67784667518 3.52464222171 0.0 0.0 0.0 0.0 0.0 0.0 0.0 0.0 0.0 0.0 0.0 0.0 0.0 0.0 0.0 0.0 0.0 54459.8757733 20048.3986484 39465.6068604 1176.47443477 0.0 0.0 0.0 0.0 0.0 0.0 43827.8958644 42828.3643669 750.779955245 4.04669234636 0.0 -9999 0.0 0.0 0.0 0.0 0.0 -9999 -9999 -9999 -9999 0.0 -9999 -9999 -9999 -9999 -9999 -9999 -9999 -9999 -9999 -9999 -9999 -9999 -9999 -9999 -9999 -9999 -9999 -9999 -9999 -9999
0.0 0.0 0.0 0.0 0.0 0.0 0.0 0.0 0.0 0.0 0.0 0.0 136.823423518 7.32756608448 54.2819220369 0.0 0.0 0.0 52223.4963418 53889.5380087 13581.4198183 0.0 0.0 9.40241439866 5.02083407588 75618.2316403 41181.3475729 50857.2734508 0.0 0.0 0.0 0.0 1.73936565701 0.0 0.0 0.0 0.841055803705 0.0 1685.5286426 0.0 0.0 0.0 0.0 0.0 0.0 0.0 0.0 0.0 0.0 0.0 0.0 0.0 0.0 0.0 -9999 -9999 -9999 -9999 -9999 -9999 -9999 -9999 0.0 0.0 0.0 19507.414327 5189.77159553 19696.7700643
6980.01006549 36537.3176305 61514.56259 0.0 0.0 0.0 0.0 0.0 0.0 0.0 0.0 0.0 100597.647246 12134.5069511 12645.9370832 46.5651127167 4394.78232408 44133.9749917 0.0 31545.3864021 2.93749423659 1.88074103421 19538.0927896 316.001459323 16552.3491527 16980.8081327 9.93617069871 54.0508217865 0.0 3.55542643862 0.0 0.0 0.0 0.280808779853 2.20419050121 0.0 0.0 0.0 0.0 0.0 1439.21605979 0.0 4040.64260891 5694.28852872 49465.8340345 0.0 0.0 0.0 0.0 0.0 0.0 0.24499833246 34909.6526543 0.0 0.0 0.0 0.0 -9999 -9999 -9999 0.0 0.0 0.0 913.588610978 451.778340336 4993.51204454 57612.5439904 31125.0368252
157.150109787 24006.3094198 0.0 29467.4393086 29328.1032813 39034.6160717 545319.975427 34810.152585 73792.5125151 6475.57796649 11390.9696231 17741.0427065 1.99207072413 3.27954666414 33052.5303697 1257.70335226 62492.2562545 0.0 0.0 0.0 421128.662977 466.390896963 5.42997364918 52630.804878 0.0 0.0 0.0 183.284910472 0.0 0.0 0.0 0.0 0.0 9147.89949863 24132.9543471 0.0 0.0 51.040157383 38.313684357 20887.4636651 159.771812586 12173.1496565 0.0 0.0 0.0 0.0 0.0 79465.6789398 175483.282319 103711.639525 52819.471242 3278.7570334 0.0 0.0 80.2260897715 30455.8802243 0.0 0.0 0.0 0.0 766.454571195 1708.18694994 0.0 0.0 0.0 5404.54839314 65195.8571598 736.422980712
88741.1037915 1328.07484425 16627.2210991 0.0 0.0 0.0 0.0 107.439295736 5.46825204119 5323.0070171 3155.17814735 35.283464795 46381.0513521 61338.6123513 72492.6547676 47506.1005829 0.0 41784.041493 0.0 63.1368410471 961.445542538 0.0 0.0 0.0 1.33273348409 26767.4313182 0.0 0.0 2349.04545404 3446.93498944 4.51205888591 570.274806181 3.00746759972 3197.93297237 0.0 0.0 0.0 0.0 0.0 0.654523961523 0.0 0.0 0.0 0.0 477.703396345 402.061742947 0.0 0.0 0.0 38169.5432723 33.2498451626 0.0 0.0 9737.45690899 8799.2699584 43936.6257528 1787.73170627 173.49708156 0.0 0.0 0.0 0.0 0.0 682.041693008 110.386391637 223.046127432 50.5399463706 15233.8755266
14.959991293 32.1605297571 32.2611213904 697.097532564 4754.36635873 0.0 2306.03859064 473.21804114 5.06915451888 2771.33817346 1506.15254452 2462.90551961 9091.39844988 5.6691046941 3291.99090799 0.0 0.0 0.0 0.0 0.0 0.0 0.0 0.0 484.519727239 0.0 2.47510358082 0.0 0.0 3636.08086167 43208.8369206 9.06313772497 1.11313270222 0.0 27272.5272677 0.0 36680.1590034 852.625123194 12463.3692957 183291.351157 116502.966003 231.711314305 0.0 0.0 3.99297003509 0.0 3284.43289201 53609.1901837 0.0 0.0 0.0 3.93099381289 0.0 0.0 17094.1543667 6114.35130865 8385.93207819 39.0159744307 8.25662700588 8167.13613313 7343.34292622 42443.115363 524.906168626 1.04036987081 0.0 17264.2120352 4.50972611414 4.73256452948 2.76309764321
0.0 0.0 0.0 0.0 0.0 11.2299860941 23.0276773847 0.0 6868.05017545 0.145475262742 8670.40088717 14.387018332 0.0 0.0 0.0 0.0 0.0 0.0 0.0 0.0 0.0 0.0 0.0 7.3470692739 0.0 0.0 0.0 4.10471532633 353.233914411 19173.0530426 395.764832016 15.4229565929 3143.20798501 5597.17399851 3047.50781351 5.81791937031 180.768487806 313.71616689 344.796423604 26076.9433448 20648.8659576 4.54086327441 0.0 0.0 3912.22262255 364.869212276 203.481909226 106958.898452 63594.4956304 56738.8818458 49980.6384838 7.87571315305 18.5380004614 14119.7904637 4377.73119162 6432.68396673 43363.3602672 59400.5561328 243.546222892 182.427802989 0.0 0.0 0.0 107.622225835 2.76022433719 2.07234284762 6.78268236569 0.0
0.0 0.0 2811.10849364 2.59399030992 0.0 0.0 0.0 0.0 0.0 0.0 0.0 0.0 0.0 2533.97103689 0.0 0.0 1.27727537284 0.0 0.0 0.0 0.0 0.0 0.0 0.0 0.0 7.86414399483 0.0 8.53263469937 1.43020091135 0.0 0.0 1.4138953334 0.952156189622 80.9457935185 0.0 0.0 272.229716222 4.95543410019 4.38427205431 610.985446238 0.0 0.0 0.0 1878.94501715 3089.38178095 1341.63974303 810.956505214 15.2082180188 15.8230046997 1110.20246326 74806.7059353 63841.5968517 13605.7155729 27895.6749686 370.360590351 34380.6351433 53929.7619466 0.0 0.0 0.0 0.0 9044.99911805 354.070810931 65.1883270786 0.0 317.889939949 3531.79948539 3.53649995725
0.0 0.0 0.0 0.0 0.0 0.0 0.0 0.0 0.0 134.978893375 4.25828362498 1184.68786478 6.16588591257 3.58506552692 0.0 0.0 0.0 0.0 0.0 0.0 2.25029657117 1.86823643625 0.0 0.0 0.0 510.283747399 0.0 262.313642798 0.0 0.0 0.0 2.95019005898 1038.50227469 62.2351121073 0.556460709877 129.087515 163.283514793 217.550964252 6.59290459651 303.507491749 57162.9471768 37600.0220834 88784.0083478 85622.3443283 42737.978422 48795.2272318 1361.4939352 10539.6843975 3.35453196515 1.35893805636 130.483447441 786.120839693 930.034445246 5.26725952812 0.0 0.0 0.0 51.2109476714 168.432855328 0.878731194011 0.616512912346 1.22375807616 1.42611713643 6.35573582563 157.147175549 319.328309043 23.7033354392 0.0
0.0 0.0 0.0 0.0 0.0 0.0 0.0 0.0 0.0 0.0 0.0 0.0 0.0 0.0 0.0 0.0 0.0 0.0 0.0 0.0 0.0 0.0 0.0 874.250795631 1525.4226263 0.0 0.0 233.078845649 92.5398489976 2385.94076641 146.203622809 0.417172043215 3.36411706039 1.18664090755 0.0 0.0 3.37155324895 41604.741985 0.0 3.68989677905 305.809640097 33102.2219379 678.732107434 11.7245118453 73598.1265686 19973.9043708 19457.4073651 16874.4224005 2048.77432083 2.75878813167 795.716470769 0.0 0.0 0.0 0.0 4553.05769455 4.62498101858 25361.1554241 7549.97391925 429.181435631 3951.31256571 3.60435805417 4557.12297042 0.0 0.0 0.0 0.0 21811.0527195
0.0 0.0 0.0 0.0 0.0 0.0 0.0 0.0 0.0 0.0 0.0 0.0 0.0 670.410576787 0.0 0.0 0.0 8210.53119883 0.0 1124.47481111 18.399527033 1432.36090417 25652.0194875 0.0 13.7479909792 5.90054057344 1374.02661456 806.568332814 293.215868388 160.286523279 0.938415992519 0.0 294.904307286 0.0 12.7874663236 12.0403617877 8.90694748762 10.893363682 4514.84644634 22039.8687023 0.0 234.714532964 18542.5889002 23930.6970045 59075.9780501 15367.4829963 72.0970725724 0.0 0.0 0.0 0.0 0.0 0.0 0.0 13.3375328427 1140.44538098 360.213462312 4220.82651531 5.43814043807 0.0 0.0 0.0 0.0 0.0 0.0 0.0 0.0 15525.213116
0.0 0.0 0.0 0.0 0.0 0.0 0.0 0.0 0.0 0.0 0.0 0.0 0.0 0.0 2.41425769874 1.48450781189 960.906070906 362.222421625 828.742629874 450.198661665 0.0 0.0 0.0 0.0 0.0 0.0 0.0 1.69175839073 166.977584599 43330.1672929 45758.0096289 68599.690277 80112.046529 48593.8206053 18833.3127208 32772.0452253 31975.712164 0.0 27.5155437135 31168.2823229 831.791958964 939.266036273 10685.8758881 17225.5666203 384.357209202 221.032019234 1039.67228378 5772.11698234 360.231090619 9079.102172 0.0 0.0 0.0 0.0 9.22820683152 2525.91988788 7518.36076645 64137.1339873 12075.7300482 0.0 0.0 0.0 0.0 0.0 127774.740642 0.0 27888.076538 1.03869512309
0.0 0.0 0.0 0.0 0.0 0.0 0.0 0.0 0.0 0.0 0.0 0.0 0.0 0.0 2.88944471175 0.392604719235 0.686958641041 0.0 0.0 0.0 0.0 0.0 0.0 0.0 0.0 0.0 0.0 1.91761421651 6.88322727947 857.094856785 82056.0338676 6364.03514978 45210.9820036 70074.4486412 107690.597974 3.481271343 43244.9838989 0.0 0.0 0.0 0.0 0.0 0.0 0.0 0.0 0.0 0.0 0.0 528.887448729 2.12739290752 0.0 0.0 0.0 2.66383442802 0.0 665.195113968 30.2236032589 10754.312004 21476.1223759 0.0 0.0 0.0 0.0 0.0 24568.6363773 1.78437273243 16.4911317122 827.027220067
0.0 0.0 0.0 0.0 0.0 0.0 44.8212283401 0.0 0.0 0.0 2.11442362146 0.0 0.0 0.0 0.0 0.0 1777.3245487 1608.0363158 18869.3370009 0.0 0.0 0.0 0.0 0.0 0.0 0.0 0.0 0.0 0.0 0.0 0.0 0.0 9439.50468668 14215.6087654 16.2163006153 1100.51158794 24.0837284355 29010.9043584 0.0 3.55144286172 0.0 0.0 2.17754582886 997.597423598 0.0 123.878505075 688.68779798 30979.4071232 0.0 0.0 662.767232219 5.50428041027 5.35858712566 2.44850438938 0.0 0.0 0.0 0.0 0.0 0.0 0.0 0.0 0.0 0.0 0.0 0.0 0.0 0.0
0.0 0.0 0.0 0.0 116.427111416 0.0 0.0 0.0 0.0 0.0 5.36906412331 50.3747740921 0.0 0.0 0.0 0.0 0.0 0.0 0.0 634.203281505 34704.4236468 1446.45242674 29.69745048 0.0 0.0 0.0 0.0 0.0 1.8925562645 8944.63589358 10675.4646342 0.0 0.0 0.0 0.0 0.0 0.0 0.0 6.38769090846 9.42148396772 6225.74702392 2568.63402038 1.55656509981 10.0542127708 421.748200757 0.0 0.0 0.0 0.677914607964 3.00040318642 46141.2247554 0.181588570347 0.0 28.1561638455 569.425658505 0.0 0.0 1.23763814911 4.11869662255 1939.14539247 14384.4461049 4.15008626539 0.0 35074.3167135 1.09574558839 10735.9284971 0.0 0.0
0.0 0.0 0.0 0.0 0.0 0.0 0.0 0.0 0.0 0.0 192.412851095 0.0 0.0 0.0 0.0 0.0 0.0 0.0 430.791731427 18.6607810616 10181.645395 31.4328508949 2109.41821503 124725.968488 0.0 0.0 7385.26754408 4.61473356011 6.89650212267 4681.42681529 0.0 0.0 5.59633436369 18.9705421277 5.17488416537 2366.28616642 56243.1539515 2280.88925306 23.7927829893 20.6871029832 1797.72424914 1540.12463308 4.25182508628 2.76127036473 0.0 0.407879525115 1023.51998864 24909.4872913 0.0 0.0 0.0 143.924033607 16028.9157131 13914.8463437 16073.0421703 491.148846871 69865.9579506 1963.66923599 47542.8236854 18.3786916341 4434.37954131 14122.2984534 0.0 0.0 36979.7434752 37165.9534043 1602.05706664 83.4110991139
0.0 1079.77477571 4.39432102095 0.1427979174 0.0 0.0 0.0 0.0 0.0 0.0 0.0 0.0 0.0 0.0 0.0 0.0 0.0 413.712382993 17029.4989807 58.3317128501 8670.88769779 21313.9087385 56223.4653116 11077.4266132 4051.62129653 14.1419084654 0.963930278084 220.119944853 0.0 97.0753639014 32.9207687172 1.83215600293 1058.10946938 8339.58446343 0.0 41.2468962778 1112.32064886 7631.75605918 28.0426202203 659.091928951 12489.4661924 0.0 0.0 0.0 0.0 0.0 34.193795959 9873.23554912 16307.5755681 24.7452594598 5547.4272914 13097.411034 82811.7543283 85667.2354471 90142.6250216 160527.315283 50.6015144996 259894.040551 7385.7615658 278.164585975 32839.3049142 16.0326979178 13276.1521546 0.0 0.0 63765.1055386 1921.23364533 4.45637334923
4.70299615237 0.0 0.0 1.04094739039 0.0 0.0 0.0 0.0 0.0 0.0 0.0 0.0 0.0 0.0 0.0 0.0 0.0 0.0 4891.32247265 1094.92478629 923.670223274 33.4569617185 1749.3981858 46.0299655768 5077.63792103 8645.90117371 48270.1435742 0.0 319.651751958 0.0 0.0 0.0 0.0 0.0 0.0 15536.1566878 18611.2280095 1051.74436268 3.94491874698 6482.87355658 9591.53781268 19.2599660478 2794.72626403 4048.06157054 33904.4328861 0.0 0.0 21.8973632636 8219.31686807 84675.1038809 8461.35760439 16678.438016 46855.1082003 8097.57982971 170356.023693 177072.975923 5584.3868592 3347.76570893 153298.669099 227678.698432 5416.55814337 60.1467777419 10913.1967867 76705.4503883 0.0 48404.0576359 6429.45050634 64732.6222105
319.99864762 421.389220646 3329.03378132 0.0 0.0 0.0 47.1027002812 0.0 0.0 0.0 0.0 0.0 0.0 0.0 0.0 0.0 0.0 0.0 0.0 28484.0629251 752.654562189 501.392442272 910.815188638 16.4874692205 563.264631862 379.239308568 84361.9329211 4358.03354148 0.0 1031.72370247 50218.5892676 0.0 0.0 0.0 0.0 21.5101035293 24.2550663487 26276.2855094 9.91604603455 7818.04876677 36.3894320792 16.7295063312 2090.42547525 2297.95630569 1263.37615664 21.8839304426 25087.5842175 0.0 0.0 0.0 76782.3001382 198.179239767 64.1742594094 143721.115693 516469.904869 224138.648016 186098.682878 51028.2356403 104.734640164 55.0826524824 55976.1455607 56938.319592 52919.6256824 9495.43795714 0.0 0.0 9621.17061534 10.1907560588
0.0 14093.6237497 162.482156179 0.0 19943.4474234 21.1360153793 136.823225157 0.0 0.0 0.0 0.0 0.0 0.0 0.0 0.0 0.0 0.0 0.0 0.0 0.0 1844.75582058 1.33241211653 0.0 0.0 35088.3362554 63277.6999504 32546.941845 51.7958004884 7380.80630205 38417.6303336 8929.95636646 9493.58553922 7850.1699629 8881.46590139 0.0 3874.08813092 88163.3050445 42808.1194779 2002.39930383 0.0 75601.3092578 36367.6430143 38996.8199973 127515.715215 11741.1692915 0.0 0.0 95.1789483969 17225.9850897 0.0 18358.5528244 114.158511692 72.8688191524 12653.5949475 278971.291737 196129.722905 57464.0141389 215.850796937 20316.6332817 4522.04352018 0.0 0.0 26495.345589 56758.4505978 12891.4760834 0.0 0.0 0.0
0.0 0.0 0.0 0.0 0.0 0.0 0.0 2984.61927288 5.61841744582 12.9671279274 0.0 0.0 0.0 0.0 0.0 0.0 0.0 0.0 0.0 0.0 0.0 0.0 14750.6092682 31.7141533227 104.38657815 83.7040818075 38959.2767966 3442.21222731 2296.93815024 36770.3166572 1945.18643728 2518.89078569 48.6624455916 5774.05346954 7.69852515449 41351.5074401 22923.4302261 42.2685048 55231.7148619 82149.6218151 15368.1438882 29397.6973005 77763.3358516 105742.644148 10934.0569267 2270.9395068 18272.1710766 5917.5704796 104320.963671 413208.483722 8547.05895163 7878.03290877 84408.4057824 95378.8972983 115473.797066 3235.947609 13268.9022087 13624.0351244 64324.4796867 7456.29836403 0.0 0.0 346.536997224 11378.4847766 56592.8059789 55399.6052926 69490.8455786 76502.7648739
0.0 31648.0578306 6.69293258205 0.0 0.0 0.0 196.452686619 0.0 0.0 0.0 0.0 0.0 0.0 34088.9460427 1227.03409032 31.4811987007 64418.6834408 0.0 0.0 0.0 1464.18480761 5.90725997706 0.0 92633.3015454 0.0 0.0 44793.9901042 767.135528232 36422.2463417 30042.1261491 23590.0204823 4024.69637626 165.430420729 27632.2104098 60236.1876855 4168.7937717 0.0 4414.10585213 33757.3143308 135373.088949 61659.5908204 57450.7177769 24332.6921629 30914.1322893 6789.79503706 10275.1178796 20471.3690015 10631.9636636 0.0 113002.086938 125130.505091 0.0 252067.389077 0.0 0.0 0.0 73554.3050448 0.0 0.0 0.0 0.0 0.0 24.311186897 0.0 125197.488218 76.9552813584 120408.382402 0.0
81792.8993682 62489.9218631 11.7511530943 514.646261764 2991.92848385 36333.8932139 0.0 0.0 0.0 0.0 284.930413943 792.428789097 797.112800674 0.0 77665.8376003 86293.8259071 2400.10789272 351.516286228 15.047183176 22.0854769512 63067.2600251 142684.186523 11381.4821435 646.125678653 1690.54901849 3201.22734274 38562.815825 0.0 59415.4254546 69141.9258132 53627.2844301 15.7843090896 28.7497066031 3512.84376982 33866.1325365 516.419182315 0.0 0.0 0.0 0.0 0.0 0.0 51616.4054276 0.0 0.0 0.0 0.0 28449.9302822 96952.4298155 124425.924417 2875.54618993 0.0 0.0 0.0 2697.01083644 50572.8237922 33171.6282149 6139.45157214 3376.01184326 59975.7352701 9996.78617271 5808.08274853 67998.4521953 124.466609946 53720.8238361 14162.8516666 14138.6640209 13634.1989171
10265.6322727 15.234406617 4.68968258637 9485.68554159 30732.4372422 21377.6953352 6994.22090323 1064.2808468 1.39407727605 0.0 11.2831967395 2201.70748996 17761.7652315 2454.9577396 2207.63695509 17881.9019091 60611.3114883 165320.106925 168141.363179 64220.7791942 11525.837193 521.685093795 4410.58950548 26.8391202445 3581.97850348 56.5306896538 79.7108244519 5547.7304745 190.540979711 167.185136859 165.145452064 3917.00200304 0.0 0.0 4678.2011482 5943.24012372 45.4596321027 0.0 0.0 0.0 0.0 88251.985441 0.0 0.0 13060.8756015 14458.9761584 0.0 0.0 160.93720877 11651.605497 0.0 5780.72696167 12575.1272139 11410.3305441 11353.9406528 1921.21249365 12905.1534983 13693.3784855 157.823528177 68573.5949285 6019.49387795 217.994670216 49.0669875555 88.9221989675 478.213045989 19786.5468876 134.308254333 2201.61713665
0.0 4630.82138715 21.2006134483 3367.23338881 933.231563744 860.239900038 0.0 877.039361883 30.6031855402 109.32063148 0.0 3322.4036338 33720.3676273 6370.20246363 70.2752319655 5550.54254042 49.4097866243 4626.95583577 93412.6770408 125312.334189 43318.5082208 35573.2397744 58823.2472434 2566.16993791 4743.51330278 56.6990030969 47538.1630032 14371.4390465 4542.52232546 6123.2396672 28200.2411099 48099.1676492 0.690291120965 5523.70637497 5106.18723743 7046.98033637 0.0 0.0 0.0 62179.4109279 113297.507981 87326.1394553 46.5433061638 9574.3333327 95633.4187178 132.451791555 87723.7650787 0.0 0.0 263.129300388 1970.27624329 0.0 12539.7245144 9810.99652455 336.135606209 208.683523261 9611.82303842 335.717120298 118.378947386 77.9559469599 854.320605156 17953.4912635 91242.2328168 95662.1048357 106030.414168 10755.1949176 55.8584876108 8835.91507761
25.4343578287 0.0 0.0 0.0 0.0 0.0 0.0 0.0 0.0 0.0 0.0 0.0 6.25577852682 0.0 18.1789449821 47009.366623 76021.8068201 4665.24732306 5833.8916287 5360.86167131 8885.70713983 8531.00652577 7987.6947822 40013.8678536 6624.93139629 59497.0852642 50079.6640263 53303.2481293 490.890268738 1401.85816247 7420.98603607 5.92777217378 237667.358576 2892.97140591 49600.6292651 54249.6950709 145.484225716 128.713611836 0.0 409.39950947 16618.0085904 93680.1689019 5061.51802685 159.309876804 15711.2562159 10107.3708638 13653.0895902 11508.2187678 137.972177288 0.0 0.0 115509.920382 49917.4170954 10208.5481862 81.010309286 187.942981075 149071.059961 10640.6722661 57154.4052803 1048.44430468 81757.4719964 65490.3473696 10387.1988338 827.377419867 7217.62936077 111568.496963 103610.2948 210047.071987
0.0 0.0 0.0 1627.7528096 0.0 9.36020383182 13.5845171265 1920.19776732 10425.8401152 0.0 26.137696783 218.049872335 91.8437462536 4683.6455194 4425.18840405 4153.29247837 17518.988809 55783.5443543 4951.46089732 50.1420898327 36.1647024729 243.563522615 240665.583907 33049.6719025 11163.1311156 31697.7439114 11386.921773 26165.7741337 140978.589497 11681.8342684 57135.5559882 0.0 6567.51174818 6361.81113194 7870.58013579 73210.6358095 47721.3358756 29143.3007019 16738.4312581 14516.3625745 11572.2837044 16409.6094518 12825.2784818 2249.60250027 24607.8674316 73237.2799897 46623.4618943 77091.0929025 18231.6499137 253153.846928 103033.126423 35540.0890596 147.648035483 25676.7916747 108551.157275 138.798083551 9819.45920585 121733.725908 12823.3382535 12106.5546122 15127.7311417 55892.4729463 124937.02797 5266.78665119 53709.1286164 11243.6740706 14047.4086326 0.0
0.0 0.0 28279.6738472 12193.52381 25558.8504899 1958.87389656 12.4343166834 1670.47766343 0.0 1973.57215275 0.0 0.0 36.6209479845 47.3830126424 108.083437037 80.6708313536 254.545157744 21817.7365359 97.8779092156 7293.56597755 47991.1472032 0.0 4738.10523864 140567.455566 92.8193349006 467.58121382 80499.6811046 5379.62605625 30073.079068 107327.459827 56115.3452366 0.0 76.196909731 5863.73227833 4680.43053351 46058.0231639 66.8432526481 44668.1449822 46674.2136883 1315.65233857 20942.9861257 2143.43695521 58437.5322373 38560.7054667 45992.3474552 0.0 0.0 0.0 0.0 71518.4365883 0.0 0.0 12184.6964914 59927.0601815 117256.948527 0.0 0.0 0.0 0.0 0.0 0.0 0.0 0.0 0.0 0.0 0.0 0.0 0.0
0.0 0.0 0.0 0.0 42.1437192425 78.4682235235 2371.85948686 1994.81169521 1750.29524688 11220.4906044 1737.31670242 16.6251866756 0.0 0.0 0.0 0.0 0.0 0.0 82726.9488184 25.2526150732 0.0 0.0 0.0 0.0 78.1762261758 100195.598984 142564.519146 121013.914631 227499.707747 322775.728328 0.0 0.0 0.0 63.9325496968 41297.764654 277.522535629 34342.1189974 118660.480461 122270.091595 125504.313628 51816.4793764 20544.1529751 16733.0750038 0.0 0.0 19752.7304002 161760.428137 0.0 0.0 0.0 0.0 39.273503422 0.0 0.0 0.0 0.0 0.0 0.0 0.0 56.2372532445 4445.88273636 35139.3938519 4603.42448377 5217.62795606 5145.50640878 4273.56155949 25017.7189769 2393.09584747
