critload/trunk/input/1999/ndep.asc
ncols 720
nrows 360
xllcorner -180
yllcorner -90
cellsize 0.5
NODATA_value -1.0
[rows 29 to 57 of 360, columns 390 to 454 of 720]
-1.0 -1.0 -1.0 -1.0 -1.0 -1.0 -1.0 -1.0 -1.0 -1.0 -1.0 -1.0 -1.0 -1.0 -1.0 -1.0 -1.0 -1.0 -1.0 -1.0 -1.0 -1.0 -1.0 -1.0 -1.0 -1.0 -1.0 -1.0 -1.0 -1.0 -1.0 -1.0 -1.0 -1.0 -1.0 -1.0 -1.0 -1.0 -1.0 -1.0 -1.0 -1.0 -1.0 -1.0 -1.0 -1.0 -1.0 -1.0 -1.0 -1.0 -1.0 -1.0 -1.0 -1.0 -1.0 -1.0 -1.0 -1.0 -1.0 -1.0 -1.0 -1.0 -1.0 -1.0 -1.0
-1.0 -1.0 -1.0 -1.0 -1.0 -1.0 -1.0 -1.0 -1.0 -1.0 -1.0 -1.0 -1.0 -1.0 -1.0 -1.0 -1.0 -1.0 -1.0 -1.0 -1.0 -1.0 -1.0 -1.0 -1.0 -1.0 -1.0 -1.0 -1.0 -1.0 -1.0 -1.0 -1.0 -1.0 -1.0 -1.0 -1.0 -1.0 -1.0 -1.0 -1.0 -1.0 -1.0 -1.0 -1.0 -1.0 -1.0 -1.0 -1.0 -1.0 -1.0 -1.0 -1.0 -1.0 -1.0 -1.0 -1.0 -1.0 -1.0 -1.0 -1.0 -1.0 -1.0 -1.0 -1.0
-1.0 -1.0 -1.0 -1.0 -1.0 -1.0 -1.0 -1.0 -1.0 -1.0 -1.0 -1.0 -1.0 -1.0 -1.0 -1.0 -1.0 -1.0 -1.0 -1.0 -1.0 -1.0 -1.0 -1.0 -1.0 -1.0 -1.0 -1.0 -1.0 -1.0 -1.0 -1.0 -1.0 -1.0 -1.0 -1.0 -1.0 -1.0 -1.0 -1.0 -1.0 -1.0 -1.0 -1.0 -1.0 -1.0 -1.0 -1.0 -1.0 -1.0 -1.0 -1.0 -1.0 -1.0 -1.0 -1.0 -1.0 -1.0 -1.0 -1.0 -1.0 -1.0 -1.0 -1.0 -1.0
-1.0 -1.0 -1.0 -1.0 -1.0 -1.0 -1.0 -1.0 -1.0 -1.0 -1.0 -1.0 -1.0 -1.0 -1.0 -1.0 -1.0 -1.0 -1.0 -1.0 -1.0 -1.0 -1.0 -1.0 -1.0 -1.0 -1.0 -1.0 -1.0 -1.0 -1.0 -1.0 -1.0 -1.0 -1.0 -1.0 -1.0 -1.0 -1.0 -1.0 -1.0 -1.0 -1.0 -1.0 -1.0 -1.0 -1.0 -1.0 -1.0 -1.0 -1.0 -1.0 -1.0 -1.0 -1.0 -1.0 -1.0 -1.0 -1.0 -1.0 -1.0 -1.0 -1.0 -1.0 -1.0
-1.0 -1.0 -1.0 -1.0 -1.0 -1.0 -1.0 -1.0 -1.0 -1.0 -1.0 -1.0 -1.0 -1.0 -1.0 -1.0 -1.0 -1.0 -1.0 -1.0 -1.0 -1.0 -1.0 -1.0 -1.0 -1.0 -1.0 -1.0 -1.0 -1.0 -1.0 -1.0 -1.0 -1.0 -1.0 -1.0 -1.0 -1.0 -1.0 -1.0 -1.0 -1.0 -1.0 -1.0 -1.0 -1.0 -1.0 -1.0 -1.0 -1.0 -1.0 -1.0 -1.0 -1.0 -1.0 -1.0 -1.0 -1.0 -1.0 -1.0 -1.0 -1.0 -1.0 -1.0 -1.0
-1.0 -1.0 -1.0 -1.0 -1.0 -1.0 -1.0 -1.0 -1.0 -1.0 -1.0 -1.0 -1.0 -1.0 -1.0 -1.0 -1.0 -1.0 -1.0 -1.0 -1.0 -1.0 -1.0 -1.0 -1.0 -1.0 -1.0 -1.0 -1.0 -1.0 -1.0 -1.0 -1.0 -1.0 -1.0 -1.0 -1.0 -1.0 -1.0 -1.0 -1.0 -1.0 -1.0 -1.0 -1.0 -1.0 -1.0 -1.0 -1.0 -1.0 -1.0 -1.0 -1.0 -1.0 -1.0 -1.0 -1.0 -1.0 -1.0 -1.0 -1.0 -1.0 -1.0 -1.0 -1.0
-1.0 -1.0 -1.0 -1.0 -1.0 -1.0 -1.0 -1.0 -1.0 -1.0 -1.0 -1.0 -1.0 -1.0 -1.0 -1.0 -1.0 -1.0 -1.0 -1.0 -1.0 -1.0 -1.0 -1.0 -1.0 -1.0 -1.0 -1.0 -1.0 -1.0 -1.0 -1.0 -1.0 -1.0 -1.0 -1.0 -1.0 -1.0 -1.0 -1.0 -1.0 -1.0 -1.0 -1.0 -1.0 -1.0 -1.0 -1.0 -1.0 -1.0 -1.0 -1.0 -1.0 -1.0 -1.0 -1.0 -1.0 -1.0 -1.0 -1.0 -1.0 -1.0 -1.0 -1.0 -1.0
-1.0 -1.0 -1.0 -1.0 -1.0 -1.0 -1.0 -1.0 -1.0 -1.0 -1.0 -1.0 -1.0 -1.0 -1.0 -1.0 -1.0 -1.0 -1.0 -1.0 -1.0 -1.0 -1.0 -1.0 -1.0 -1.0 -1.0 -1.0 -1.0 -1.0 -1.0 -1.0 -1.0 -1.0 -1.0 -1.0 -1.0 -1.0 -1.0 -1.0 -1.0 -1.0 -1.0 -1.0 -1.0 -1.0 -1.0 -1.0 -1.0 -1.0 -1.0 -1.0 -1.0 -1.0 -1.0 -1.0 -1.0 -1.0 -1.0 -1.0 -1.0 -1.0 -1.0 -1.0 -1.0
-1.0 -1.0 -1.0 -1.0 -1.0 -1.0 -1.0 -1.0 -1.0 -1.0 -1.0 -1.0 -1.0 -1.0 -1.0 -1.0 -1.0 -1.0 -1.0 -1.0 248.87382110051902 248.87382110051902 252.90406042739775 -1.0 256.9667413651968 256.9667413651968 265.18914818149267 -1.0 -1.0 -1.0 -1.0 -1.0 -1.0 -1.0 -1.0 -1.0 -1.0 -1.0 -1.0 -1.0 -1.0 -1.0 -1.0 -1.0 -1.0 -1.0 -1.0 -1.0 -1.0 -1.0 -1.0 -1.0 -1.0 -1.0 -1.0 -1.0 -1.0 -1.0 -1.0 -1.0 -1.0 -1.0 -1.0 -1.0 -1.0
-1.0 -1.0 -1.0 -1.0 -1.0 -1.0 -1.0 -1.0 -1.0 -1.0 -1.0 -1.0 -1.0 -1.0 299.3736894096259 299.3736894096259 303.79240630445054 303.79240630445054 308.2435296964634 308.2435296964634 312.7270179071923 312.7270179071923 317.24285653491876 317.24285653491876 321.7910953495396 321.7910953495396 321.7910953495396 321.7910953495396 326.3716699249922 326.3716699249922 335.6300138351809 335.6300138351809 -1.0 -1.0 -1.0 -1.0 -1.0 -1.0 -1.0 -1.0 -1.0 -1.0 -1.0 -1.0 -1.0 -1.0 -1.0 -1.0 -1.0 -1.0 -1.0 -1.0 -1.0 -1.0 -1.0 -1.0 -1.0 -1.0 -1.0 -1.0 -1.0 -1.0 -1.0 -1.0 -1.0
-1.0 -1.0 -1.0 -1.0 -1.0 -1.0 -1.0 290.63332885521794 294.9873095478692 294.9873095478692 294.9873095478692 294.9873095478692 299.3736894096259 299.3736894096259 299.3736894096259 299.3736894096259 303.79240630445054 303.79240630445054 308.2435296964634 308.2435296964634 312.7270179071923 312.7270179071923 317.24285653491876 317.24285653491876 321.7910953495396 321.7910953495396 321.7910953495396 321.7910953495396 326.3716699249922 326.3716699249922 335.6300138351809 335.6300138351809 345.017800939163 -1.0 -1.0 -1.0 -1.0 -1.0 -1.0 -1.0 -1.0 -1.0 -1.0 -1.0 -1.0 -1.0 -1.0 -1.0 -1.0 -1.0 -1.0 -1.0 -1.0 -1.0 -1.0 -1.0 -1.0 -1.0 -1.0 -1.0 -1.0 -1.0 -1.0 -1.0 -1.0
-1.0 -1.0 -1.0 -1.0 -1.0 345.017800939163 354.5350745947633 354.5350745947633 364.18183480198144 364.18183480198144 378.89481300666444 378.89481300666444 388.86530603022396 388.86530603022396 398.965270033225 398.965270033225 409.19475295354385 409.19475295354385 414.35802367779604 414.35802367779604 419.553690466896 419.553690466896 419.553690466896 419.553690466896 419.553690466896 419.553690466896 419.553690466896 419.553690466896 414.35802367779604 414.35802367779604 403.207612832912 432.7256669603046 301.9471102919252 301.9471102919252 309.2667980762889 309.2667980762889 311.1103747543694 -1.0 -1.0 -1.0 -1.0 -1.0 -1.0 -1.0 -1.0 -1.0 -1.0 -1.0 -1.0 -1.0 -1.0 -1.0 -1.0 -1.0 -1.0 -1.0 -1.0 -1.0 -1.0 -1.0 -1.0 -1.0 -1.0 -1.0 -1.0
-1.0 340.30770312078863 340.30770312078863 340.30770312078863 345.017800939163 345.017800939163 354.5350745947633 354.5350745947633 364.18183480198144 364.18183480198144 378.89481300666444 378.89481300666444 388.86530603022396 388.86530603022396 398.965270033225 398.965270033225 409.19475295354385 409.19475295354385 414.35802367779604 414.35802367779604 419.553690466896 419.553690466896 419.553690466896 419.553690466896 419.553690466896 419.553690466896 419.553690466896 419.553690466896 368.6575259683009 310.3575756065985 300.597193632121 298.32012553569444 301.9471102919252 301.9471102919252 309.2667980762889 309.2667980762889 312.95946538812814 312.95946538812814 309.2667980762889 309.2667980762889 301.9471102919252 301.9471102919252 294.71511805145343 -1.0 -1.0 -1.0 -1.0 -1.0 -1.0 -1.0 -1.0 -1.0 -1.0 -1.0 -1.0 -1.0 -1.0 -1.0 -1.0 -1.0 -1.0 -1.0 -1.0 -1.0 -1.0
419.553690466896 419.553690466896 435.3349048858886 435.3349048858886 456.82971683005496 456.82971683005496 484.4265947581263 484.4265947581263 512.8328192559937 512.8328192559937 547.9885003593777 547.9885003593777 590.4763726386242 590.4763726386242 628.1570868410688 628.1570868410688 634.5504986856816 634.5504986856816 647.4344272633958 647.4344272633958 647.4344272633958 647.4344272633958 634.5504986856816 634.5504986856816 621.7960367109146 621.7960367109146 615.467308754105 457.0431440763428 403.94026404953104 403.94026404953104 399.7435531163088 399.7435531163088 399.7435531163088 399.7435531163088 403.94026404953104 403.94026404953104 408.15893010478095 408.15893010478095 395.56867734359054 395.56867734359054 375.0232409310823 375.0232409310823 362.9589206727686 362.9589206727686 347.17999117007554 347.17999117007554 345.2322823666707 -1.0 -1.0 -1.0 -1.0 -1.0 -1.0 -1.0 -1.0 -1.0 335.575920105346 334.2988197726722 333.3425211319681 330.2440595120185 327.5743656890434 -1.0 -1.0 -1.0 -1.0
419.553690466896 419.553690466896 435.3349048858886 435.3349048858886 456.82971683005496 456.82971683005496 484.4265947581263 484.4265947581263 512.8328192559937 512.8328192559937 547.9885003593777 547.9885003593777 590.4763726386242 590.4763726386242 628.1570868410688 628.1570868410688 634.5504986856816 634.5504986856816 647.4344272633958 647.4344272633958 647.4344272633958 647.4344272633958 634.5504986856816 634.5504986856816 621.7960367109146 621.7960367109146 615.467308754105 489.9755258687246 423.8157001667971 403.94026404953104 399.7435531163088 399.7435531163088 399.7435531163088 399.7435531163088 403.94026404953104 403.94026404953104 408.15893010478095 408.15893010478095 395.56867734359054 395.56867734359054 375.0232409310823 375.0232409310823 362.9589206727686 362.9589206727686 347.17999117007554 347.17999117007554 343.2900597582145 343.2900597582145 339.4219991812811 339.4219991812811 -1.0 -1.0 -1.0 -1.0 -1.0 -1.0 -1.0 335.57592743283857 331.75176311491595 331.75176311491595 324.169092456173 324.169092456173 320.4106229203027 349.133186231236 -1.0
530.2649825262822 530.2649825262822 566.0033351479651 566.0033351479651 609.171081439994 609.171081439994 653.9249643522835 653.9249643522835 713.796432546961 713.796432546961 790.5336246983279 790.5336246983279 863.6937127704889 863.6937127704889 947.9087641681289 947.9087641681289 955.758927453201 955.758927453201 963.6413012092418 963.6413012092418 955.758927453201 955.758927453201 932.3055166346267 932.3055166346267 901.4876782664833 901.4876782664833 878.714266903225 878.714266903225 833.2158548070579 707.0570727608069 540.0334316180563 540.0334316180563 525.5365607428897 525.5365607428897 525.5365607428897 525.5365607428897 525.5365607428897 525.5365607428897 501.8133940603873 501.8133940603873 469.52138737474087 469.52138737474087 442.697228649938 442.697228649938 425.2527456743119 425.2527456743119 416.6620076198402 416.6620076198402 412.39955191012905 412.39955191012905 412.39955191012905 412.39955191012905 410.98358165290006 -1.0 -1.0 -1.0 -1.0 -1.0 391.415796261361 391.415796261361 387.2847590488832 387.2847590488832 379.08846218571364 349.1331712831514 -1.0
530.2649825262822 530.2649825262822 566.0033351479651 566.0033351479651 609.171081439994 609.171081439994 653.9249643522835 653.9249643522835 713.796432546961 713.796432546961 790.5336246983279 790.5336246983279 863.6937127704889 863.6937127704889 947.9087641681289 947.9087641681289 955.758927453201 955.758927453201 963.6413012092418 963.6413012092418 955.758927453201 955.758927453201 932.3055166346267 932.3055166346267 901.4876782664833 901.4876782664833 878.714266903225 878.714266903225 784.045237452541 618.0980009822982 540.0334316180563 540.0334316180563 525.5365607428897 525.5365607428897 525.5365607428897 525.5365607428897 525.5365607428897 525.5365607428897 501.8133940603873 501.8133940603873 469.52138737474087 469.52138737474087 442.697228649938 442.697228649938 425.2527456743119 425.2527456743119 416.6620076198402 416.6620076198402 412.39955191012905 412.39955191012905 412.39955191012905 412.39955191012905 408.15893010478095 -1.0 -1.0 -1.0 -1.0 395.56867734359054 391.415796261361 391.415796261361 387.2847590488832 387.2847590488832 -1.0 -1.0 -1.0
713.796432546961 713.796432546961 783.3955965320249 783.3955965320249 871.1877742984561 871.1877742984561 987.4832115291194 987.4832115291194 1111.0622494260804 1111.0622494260804 1241.9249093120252 1241.9249093120252 1361.2308272410994 1361.2308272410994 1486.0077610299495 1486.0077610299495 1486.0077610299495 1486.0077610299495 1476.215227767353 1476.215227767353 1427.7385993715266 1427.7385993715266 1370.6348962178995 1370.6348962178995 1305.4866796999688 1305.4866796999688 1241.9249093120252 1241.9249093120252 941.3331125920258 792.901527732452 729.3803932094835 729.3803932094835 701.3837702898009 701.3837702898009 679.3810137957946 679.3810137957946 657.7288157166657 657.7288157166657 631.1566776510913 631.1566776510913 594.8761194787897 594.8761194787897 559.6694330616891 559.6694330616891 540.0334316180563 540.0334316180563 535.1792724593639 535.1792724593639 535.1792724593639 535.1792724593639 540.0334316180563 540.0334316180563 540.0334316180563 -1.0 -1.0 527.1376116649017 -1.0 -1.0 -1.0 501.8133940603873 492.4775051602897 492.4775051602897 483.22932143450186 483.22932143450186 469.52138737474087
713.796432546961 713.796432546961 783.3955965320249 783.3955965320249 871.1877742984561 871.1877742984561 987.4832115291194 987.4832115291194 1111.0622494260804 1111.0622494260804 1241.9249093120252 1241.9249093120252 1361.2308272410994 1361.2308272410994 1486.0077610299495 1486.0077610299495 1486.0077610299495 1486.0077610299495 1476.215227767353 1476.215227767353 1427.7385993715266 1427.7385993715266 1370.6348962178995 1370.6348962178995 1305.4866796999688 1305.4866796999688 1241.9249093120252 1241.9249093120252 1171.2249815494274 966.207583420848 729.3803932094835 729.3803932094835 701.3837702898009 701.3837702898009 679.3810137957946 679.3810137957946 657.7288157166657 657.7288157166657 631.1566776510913 666.1932049726735 594.8761194787897 594.8761194787897 559.6694330616891 559.6694330616891 540.0334316180563 540.0334316180563 535.1792724593639 535.1792724593639 535.1792724593639 535.1792724593639 540.0334316180563 -1.0 540.0334316180563 540.0334316180563 530.346954323169 530.346954323169 520.748073336987 520.748073336987 501.8133940603873 501.8133940603873 492.4775051602897 492.4775051602897 483.22932143450186 483.22932143450186 469.52138737474087
971.5562076174531 971.5562076174531 1094.1641265038434 1094.1641265038434 1259.9235063489612 1259.9235063489612 1466.4551280751418 1466.4551280751418 1709.6314683361 1709.6314683361 1893.1630185072465 1893.1630185072465 2062.8718081497223 2062.8718081497223 2227.8379798404576 2227.8379798404576 2191.9540014375107 2191.9540014375107 2156.3612372951147 2156.3612372951147 2062.8718081497223 2062.8718081497223 1948.9232804439657 1948.9232804439657 1849.1375337574405 1849.1375337574405 1741.339703002279 1741.339703002279 1606.04194918539 1515.4389966781443 1038.1125349326146 992.7678771552487 927.8989004134891 927.8989004134891 877.5816959392291 877.5816959392291 840.7642349258509 840.7642349258509 798.8076376494989 798.8076376494989 -1.0 -1.0 -1.0 -1.0 -1.0 -1.0 -1.0 -1.0 -1.0 712.5167615056921 735.0455782521759 735.0455782521759 740.732505165922 740.732505165922 729.3803932094835 729.3803932094835 701.3837702898009 701.3837702898009 673.9350681152885 673.9350681152885 647.0342434746768 647.0342434746768 625.9080095531929 625.9080095531929 599.9933360429299
971.5562076174531 971.5562076174531 1094.1641265038434 1094.1641265038434 1259.9235063489612 1259.9235063489612 1466.4551280751418 1466.4551280751418 1709.6314683361 1709.6314683361 1893.1630185072465 1893.1630185072465 2062.8718081497223 2062.8718081497223 -1.0 -1.0 -1.0 -1.0 -1.0 2156.3612372951147 2062.8718081497223 2062.8718081497223 1948.9232804439657 1948.9232804439657 1849.1375337574405 1849.1375337574405 1741.339703002279 1741.339703002279 1606.04194918539 1333.7551885040145 992.7678771552487 992.7678771552487 927.8989004134891 927.8989004134891 877.5816959392291 877.5816959392291 840.7642349258509 840.7642349258509 798.8076376494989 798.8076376494989 -1.0 757.9249834353187 -1.0 718.1160285499691 690.3385987664612 690.3385987664612 -1.0 -1.0 -1.0 712.5167615056921 735.0455782521759 735.0455782521759 740.732505165922 740.732505165922 729.3803932094835 729.3803932094835 701.3837702898009 701.3837702898009 673.9350681152885 673.9350681152885 647.0342434746768 647.0342434746768 625.9080095531929 625.9080095531929 599.9933360429299
1351.859189391989 1351.859189391989 1555.461161017959 1555.461161017959 1816.4581433893877 1816.4581433893877 2156.3612372951147 2156.3612372951147 2525.3988646010707 2525.3988646010707 2814.5431399438244 2814.5431399438244 3020.6700585638796 -1.0 -1.0 -1.0 -1.0 -1.0 2992.765473718276 2992.765473718276 2841.6060346727163 2841.6060346727163 2668.012760234976 2668.012760234976 2499.88998121044 2499.88998121044 2361.9055683136 2361.9055683136 2168.1931139762323 1904.6388801108262 1374.825900204567 1327.006979603449 1229.714673648029 1229.714673648029 1157.394515507402 1157.394515507402 1094.1802554700992 1094.1802554700992 1032.7410835460366 1032.7410835460366 -1.0 -1.0 -1.0 934.2871538907655 902.5649528958735 902.5649528958735 921.5326105581316 921.5326105581316 940.6974573706306 940.6974573706306 960.0593554927653 960.0593554927653 973.0770655151621 973.0770655151621 966.5573708882338 966.5573708882338 940.6974573706306 940.6974573706306 896.2863228681138 896.2863228681138 852.9490223946809 852.9490223946809 810.6857162758663 810.6857162758663 769.4961156828489
1351.859189391989 1351.859189391989 1555.461161017959 1555.461161017959 1816.4581433893877 1816.4581433893877 2156.3612372951147 2156.3612372951147 2525.3988646010707 2525.3988646010707 2814.5431399438244 2814.5431399438244 3020.6700585638796 -1.0 -1.0 -1.0 3105.1599632670295 3105.1599632670295 2992.765473718276 2992.765473718276 2841.6060346727163 2841.6060346727163 2668.012760234976 2668.012760234976 2499.88998121044 2499.88998121044 2361.9055683136 2361.9055683136 2168.1931139762323 2168.1931139762323 1757.3028494464943 1327.006979603449 1229.714673648029 1229.714673648029 1157.394515507402 1157.394515507402 1094.1802554700992 1094.1802554700992 1032.7410835460366 1032.7410835460366 979.6187249364099 979.6187249364099 934.2871538907655 -1.0 902.5649528958735 902.5649528958735 921.5326105581316 921.5326105581316 940.6974573706306 940.6974573706306 960.0593554927653 960.0593554927653 973.0770655151621 973.0770655151621 966.5573708882338 966.5573708882338 940.6974573706306 940.6974573706306 896.2863228681138 896.2863228681138 852.9490223946809 852.9490223946809 810.6857162758663 810.6857162758663 769.4961156828489
1860.0951663469843 1860.0951663469843 2215.844244460923 2215.844244460923 2589.7376072746533 2589.7376072746533 3119.3553573946724 3119.3553573946724 3469.7465055007374 3469.7465055007374 3933.9570832002255 3933.9570832002255 -1.0 -1.0 -1.0 4461.227583192147 4309.582702297744 4309.582702297744 4111.46765665682 4111.46765665682 3886.2249302131613 3886.2249302131613 3605.950785125416 3605.950785125416 3350.877677938756 3350.877677938756 3147.842525618024 3147.842525618024 2937.3454195453496 2937.3454195453496 2151.637320650727 1761.990049674651 1632.6356719320597 1632.6356719320597 1524.5172726525157 1524.5172726525157 1435.925315053467 1435.925315053467 1357.6880556800334 1357.6880556800334 1289.1484156123688 1289.1484156123688 1244.4415695707635 1244.4415695707635 1229.714673648029 1229.714673648029 1244.4415695707635 1244.4415695707635 1259.2561108336015 1259.2561108336015 1251.8378615525125 1251.8378615525125 1266.6964601535844 1266.6964601535844 1274.1584970793065 1274.1584970793065 1251.8378615525125 1251.8378615525125 1171.6832608518246 1171.6832608518246 1108.0745397343132 1108.0745397343132 1046.2407763425413 1046.2407763425413 999.375282022927
1860.0951663469843 1860.0951663469843 2215.844244460923 2215.844244460923 2589.7376072746533 2589.7376072746533 3119.3553573946724 3119.3553573946724 3469.7465055007374 3469.7465055007374 -1.0 -1.0 4209.94222832137 4209.94222832137 4461.227583192147 4461.227583192147 4309.582702297744 4309.582702297744 4111.46765665682 4111.46765665682 3886.2249302131613 3886.2249302131613 3605.950785125416 3605.950785125416 3350.877677938756 3350.877677938756 3147.842525618024 3147.842525618024 2937.3454195453496 2937.3454195453496 2602.70251570937 2399.7472726459973 1870.057823844891 1632.6356719320597 1524.5172726525157 1524.5172726525157 1435.925315053467 1435.925315053467 1357.6880556800334 1357.6880556800334 1289.1484156123688 1289.1484156123688 1244.4415695707635 1244.4415695707635 1229.714673648029 1229.714673648029 1244.4415695707635 1244.4415695707635 1259.2561108336015 1259.2561108336015 1251.8378615525125 1251.8378615525125 1266.6964601535844 1266.6964601535844 1274.1584970793065 1274.1584970793065 1251.8378615525125 1251.8378615525125 1171.6832608518246 1171.6832608518246 1108.0745397343132 1108.0745397343132 1046.2407763425413 1046.2407763425413 999.375282022927
2641.7915340456652 2641.7915340456652 3162.134386327594 3162.134386327594 3575.4564714865924 3575.4564714865924 4014.1579806086897 -1.0 -1.0 -1.0 -1.0 -1.0 5691.741398109256 5691.741398109256 7331.045235088139 7331.045235088139 6141.822009725551 6141.822009725551 5730.199073452545 5730.199073452545 5463.71558600284 5463.71558600284 4914.0437602179845 4914.0437602179845 4529.467404537125 4529.467404537125 4144.163285030976 4144.163285030976 3838.7842720402678 3838.7842720402678 3469.7465055007374 3469.7465055007374 3028.112282109111 2197.023494170856 2016.6443432116196 2016.6443432116196 1896.275296833546 1896.275296833546 1788.4526764222817 1788.4526764222817 1709.6566739808268 1709.6566739808268 1658.1121617018675 1658.1121617018675 1649.598142656123 1649.598142656123 1683.7858240408482 1683.7858240408482 1701.011032189225 1701.011032189225 1675.2060759203862 1675.2060759203862 1683.7858240408482 1683.7858240408482 1683.7858240408482 1683.7858240408482 1649.598142656123 1649.598142656123 1540.9098977823949 1540.9098977823949 1451.8356217263365 1451.8356217263365 1380.9291443310246 1380.9291443310246 1319.3913635536996
2641.7915340456652 2641.7915340456652 3162.134386327594 3162.134386327594 3575.4564714865924 3575.4564714865924 -1.0 -1.0 -1.0 -1.0 -1.0 -1.0 5691.741398109256 5691.741398109256 7331.045235088139 7331.045235088139 6141.822009725551 6141.822009725551 5730.199073452545 5730.199073452545 5463.71558600284 5463.71558600284 4914.0437602179845 4914.0437602179845 4529.467404537125 4529.467404537125 4144.163285030976 4144.163285030976 3838.7842720402678 3838.7842720402678 3469.7465055007374 3009.5286647509097 2239.9483302229382 2169.8749168638224 2016.6443432116196 2016.6443432116196 1896.275296833546 1896.275296833546 1788.4526764222817 1788.4526764222817 1709.6566739808268 1709.6566739808268 1658.1121617018675 1658.1121617018675 1649.598142656123 1649.598142656123 1683.7858240408482 1683.7858240408482 1701.011032189225 1701.011032189225 1675.2060759203862 1675.2060759203862 1683.7858240408482 1683.7858240408482 1683.7858240408482 1683.7858240408482 1649.598142656123 1649.598142656123 1540.9098977823949 1540.9098977823949 1451.8356217263365 1451.8356217263365 1380.9291443310246 1380.9291443310246 1319.3913635536996
3965.9404026680836 3965.9404026680836 4615.495482003844 4615.495482003844 4632.797886463873 -1.0 -1.0 -1.0 -1.0 -1.0 -1.0 -1.0 7050.56050313641 7050.56050313641 8136.324745851348 8136.324745851348 9746.736947627869 9746.736947627869 7931.071342127718 7931.071342127718 7352.8481951614995 7352.8481951614995 6588.357080470503 6588.357080470503 5865.820542936025 5865.820542936025 5426.164200900004 5426.164200900004 5003.6324279877945 4572.081786996372 3382.920982136842 3183.4077118103814 2940.1822045618087 2940.1822045618087 2739.3952482212103 2739.3952482212103 2566.879036000877 2566.879036000877 2441.173922974759 2441.173922974759 2338.82990413624 2338.82990413624 2268.493444719616 2268.493444719616 2278.475699877866 2278.475699877866 2348.9659122685184 2348.9659122685184 2399.9733245759107 2399.9733245759107 2348.9659122685184 2348.9659122685184 2308.5542611529227 2308.5542611529227 2278.475699877866 2278.475699877866 2189.4233412595854 2189.4233412595854 2044.9476138834088 2044.9476138834088 1951.3699290219693 1951.3699290219693 1896.275296833546 1896.275296833546 1806.203845294849
3965.9404026680836 3965.9404026680836 4615.495482003844 4615.495482003844 4632.797886463873 -1.0 -1.0 -1.0 -1.0 -1.0 -1.0 -1.0 7050.56050313641 7050.56050313641 8136.324745851348 8136.324745851348 9746.736947627869 9746.736947627869 7931.071342127718 7931.071342127718 7352.8481951614995 7352.8481951614995 6588.357080470503 6588.357080470503 5865.820542936025 5865.820542936025 5426.164200900004 5189.516292290847 4038.8140988515597 3387.3827777445467 3183.4077118103814 3480.690068099028 3257.87265009284 2940.1822045618087 2739.3952482212103 2739.3952482212103 2566.879036000877 2566.879036000877 2441.173922974759 2441.173922974759 2338.82990413624 2338.82990413624 2268.493444719616 2268.493444719616 2278.475699877866 2278.475699877866 2348.9659122685184 2348.9659122685184 2399.9733245759107 2399.9733245759107 2348.9659122685184 2348.9659122685184 2308.5542611529227 2308.5542611529227 2278.475699877866 2278.475699877866 2189.4233412595854 2189.4233412595854 2044.9476138834088 2044.9476138834088 1951.3699290219693 1951.3699290219693 1896.275296833546 1896.275296833546 1806.203845294849
