critload/trunk/input/1999/ndep.asc
ncols 720
nrows 360
xllcorner -180
yllcorner -90
cellsize 0.5
NODATA_value -1.0
[rows 58 to 86 of 360, columns 65 to 129 of 720]
38.904172758055324 37.44994232464163 37.44994232464163 36.02340764374811 36.02340764374811 36.02340764374811 36.02340764374811 34.62457623781922 34.62457623781922 33.25344097512572 33.25344097512572 33.25344097512572 33.25344097512572 26.66657541984348 26.66657541984348 0.0 26.66657541984348 26.66657541984348 26.66657541984348 27.766113708607215 27.766113708607215 27.766113708607215 27.766113708607215 28.887863176007883 28.887863176007883 27.766113708607215 27.766113708607215 27.766113708607215 27.766113708607215 26.66657541984348 26.66657541984348 25.589250839007608 25.589250839007608 24.53413674546916 24.53413674546916 23.50123716923165 23.50123716923165 23.50123716923165 23.50123716923165 22.49055125033616 22.49055125033616 23.50123716923165 23.50123716923165 24.53413674546916 24.53413674546916 26.66657541984348 26.66657541984348 27.766113708607215 27.766113708607215 27.766113708607215 27.766113708607215 30.03182722815725 30.03182722815725 31.198003285178597 31.198003285178597 33.59699793519223 33.59699793519223 36.084840246377546 36.084840246377546 38.66153501174081 38.66153501174081 41.32708027529707 41.32708027529707 44.08147806047902 44.08147806047902
38.904172758055324 37.44994232464163 37.44994232464163 36.02340764374811 36.02340764374811 36.02340764374811 36.02340764374811 34.62457623781922 34.62457623781922 33.25344097512572 33.25344097512572 33.25344097512572 33.25344097512572 33.25344097512572 33.25344097512572 33.25344097512572 33.25344097512572 0.0 26.66657541984348 27.766113708607215 27.766113708607215 27.766113708607215 27.766113708607215 28.887863176007883 28.887863176007883 27.766113708607215 27.766113708607215 27.766113708607215 27.766113708607215 26.66657541984348 26.66657541984348 25.589250839007608 25.589250839007608 24.53413674546916 24.53413674546916 23.50123716923165 23.50123716923165 23.50123716923165 23.50123716923165 22.49055125033616 22.49055125033616 23.50123716923165 23.50123716923165 24.53413674546916 24.53413674546916 26.66657541984348 26.66657541984348 27.766113708607215 27.766113708607215 27.766113708607215 27.766113708607215 30.03182722815725 30.03182722815725 31.198003285178597 31.198003285178597 33.59699793519223 33.59699793519223 36.084840246377546 36.084840246377546 38.66153501174081 38.66153501174081 41.32708027529707 41.32708027529707 44.08147806047902 44.08147806047902
44.9980971374564 -1.0 -1.0 -1.0 -1.0 -1.0 -1.0 -1.0 -1.0 -1.0 -1.0 41.895739914510266 41.89573887887956 41.895739914510266 41.895739914510266 41.895739914510266 41.895739914510266 41.895739914510266 34.24135035906325 33.59699793519223 33.59699793519223 33.59699793519223 34.72295655781819 38.01235371320608 37.513421012371204 33.59699793519223 33.59699793519223 32.38639220703084 32.38639220703084 31.198003285178597 31.198003285178597 30.03182722815725 30.03182722815725 28.887863176007883 28.887863176007883 26.66657541984348 26.66657541984348 25.589250839007608 25.589250839007608 24.53413674546916 24.53413674546916 25.589250839007608 25.589250839007608 25.589250839007608 25.589250839007608 27.766113708607215 27.766113708607215 30.03182722815725 30.03182722815725 31.198003285178597 31.198003285178597 33.59699793519223 33.59699793519223 34.82981265836944 34.82981265836944 38.66153501174081 38.66153501174081 41.32708027529707 41.32708027529707 45.49199897351946 45.49199897351946 49.85683385990636 49.85683385990636 52.87778639402151 52.87778639402151
-1.0 -1.0 -1.0 -1.0 -1.0 -1.0 -1.0 -1.0 -1.0 -1.0 -1.0 -1.0 -1.0 -1.0 -1.0 41.89573887887956 41.895739914510266 41.895739914510266 41.551373925101664 35.189346995873684 33.59699793519223 35.7581836071435 41.49194160183426 43.43306610236316 43.43306610236316 36.628888078318596 33.59699793519223 32.38639220703084 32.38639220703084 31.198003285178597 31.198003285178597 30.03182722815725 30.03182722815725 28.887863176007883 28.887863176007883 26.66657541984348 26.66657541984348 25.589250839007608 25.589250839007608 24.53413674546916 24.53413674546916 25.589250839007608 25.589250839007608 25.589250839007608 25.589250839007608 27.766113708607215 27.766113708607215 30.03182722815725 30.03182722815725 31.198003285178597 31.198003285178597 33.59699793519223 33.59699793519223 34.82981265836944 34.82981265836944 38.66153501174081 38.66153501174081 41.32708027529707 41.32708027529707 45.49199897351946 45.49199897351946 49.85683385990636 49.85683385990636 52.87778639402151 52.87778639402151
-1.0 -1.0 -1.0 -1.0 -1.0 -1.0 -1.0 -1.0 -1.0 -1.0 -1.0 -1.0 -1.0 -1.0 -1.0 -1.0 -1.0 -1.0 48.21125404884435 48.21125404884435 48.21125404884435 48.21125404884435 48.21125404884435 48.21125404884435 48.21125404884435 48.21125404884435 48.21125404884435 41.34020983382067 38.66153501174081 37.36208069921652 37.36208069921652 36.084840246377546 36.084840246377546 33.59699793519223 33.59699793519223 32.38639220703084 32.38639220703084 30.03182722815725 30.03182722815725 28.887863176007883 28.887863176007883 27.766113708607215 27.766113708607215 27.766113708607215 27.766113708607215 28.887863176007883 28.887863176007883 32.38639220703084 32.38639220703084 34.82981265836944 34.82981265836944 38.66153501174081 38.66153501174081 42.693176386082435 42.693176386082435 48.379673020280045 48.379673020280045 52.87778639402151 52.87778639402151 59.186242657531395 59.186242657531395 64.15082827938629 64.15082827938629 71.0812473844078 71.0812473844078
-1.0 -1.0 -1.0 -1.0 -1.0 -1.0 -1.0 -1.0 -1.0 -1.0 -1.0 -1.0 -1.0 -1.0 -1.0 -1.0 -1.0 -1.0 -1.0 -1.0 48.21125404884435 48.21125404884435 48.21125404884435 48.21125404884435 48.21125404884435 48.21125404884435 48.21125404884435 48.21125404884435 43.422599369389374 37.36208069921652 37.36208069921652 36.084840246377546 36.084840246377546 33.59699793519223 33.59699793519223 32.38639220703084 32.38639220703084 30.03182722815725 30.03182722815725 28.887863176007883 28.887863176007883 27.766113708607215 27.766113708607215 27.766113708607215 27.766113708607215 28.887863176007883 28.887863176007883 32.38639220703084 32.38639220703084 34.82981265836944 34.82981265836944 38.66153501174081 38.66153501174081 42.693176386082435 42.693176386082435 48.379673020280045 48.379673020280045 52.87778639402151 52.87778639402151 59.186242657531395 59.186242657531395 64.15082827938629 64.15082827938629 71.0812473844078 71.0812473844078
-1.0 -1.0 -1.0 -1.0 -1.0 -1.0 -1.0 -1.0 -1.0 -1.0 -1.0 -1.0 -1.0 -1.0 -1.0 -1.0 -1.0 -1.0 -1.0 -1.0 -1.0 -1.0 54.969972246905584 56.7289045149965 56.7289045149965 56.7289045149965 56.7289045149965 58.51553656515242 58.51553656515242 53.18480523706735 45.49199897351946 44.08147806047902 44.08147806047902 41.32708027529707 41.32708027529707 39.98320121110349 39.98320121110349 37.36208069921652 37.36208069921652 34.82981265836944 34.82981265836944 33.59699793519223 33.59699793519223 32.38639220703084 32.38639220703084 33.59699793519223 33.59699793519223 36.084840246377546 36.084840246377546 38.66153501174081 38.66153501174081 44.08147806047902 44.08147806047902 52.87778639402151 52.87778639402151 62.47375094386514 62.47375094386514 74.67973210247122 74.67973210247122 84.06468120649001 84.06468120649001 91.97247501002961 91.97247501002961 106.66629878755134 106.66629878755134
-1.0 -1.0 -1.0 -1.0 -1.0 -1.0 -1.0 -1.0 -1.0 -1.0 -1.0 -1.0 -1.0 -1.0 -1.0 -1.0 -1.0 -1.0 -1.0 -1.0 -1.0 -1.0 -1.0 56.7289045149965 56.7289045149965 56.7289045149965 56.7289045149965 58.51553656515242 58.51553656515242 56.7289045149965 46.475508390107045 44.08147806047902 44.08147806047902 41.32708027529707 41.32708027529707 39.98320121110349 39.98320121110349 37.36208069921652 37.36208069921652 34.82981265836944 34.82981265836944 33.59699793519223 33.59699793519223 32.38639220703084 32.38639220703084 33.59699793519223 33.59699793519223 36.084840246377546 36.084840246377546 38.66153501174081 38.66153501174081 44.08147806047902 44.08147806047902 52.87778639402151 52.87778639402151 62.47375094386514 62.47375094386514 74.67973210247122 74.67973210247122 84.06468120649001 84.06468120649001 91.97247501002961 91.97247501002961 106.66629878755134 106.66629878755134
-1.0 -1.0 -1.0 -1.0 -1.0 -1.0 -1.0 -1.0 -1.0 -1.0 -1.0 -1.0 -1.0 -1.0 -1.0 -1.0 -1.0 -1.0 -1.0 -1.0 -1.0 -1.0 -1.0 -1.0 62.17188771119105 64.04161508270428 64.04161508270428 65.93904602104176 65.93904602104176 65.93904602104176 65.90739661976946 57.07178141655077 53.285921422042 51.356199672976004 51.356199672976004 49.85683385990636 49.85683385990636 46.92473504461466 46.92473504461466 45.49199897351946 45.49199897351946 42.693176386082435 42.693176386082435 42.693176386082435 42.693176386082435 44.08147806047902 44.08147806047902 46.92473504461466 46.92473504461466 51.356199672976004 51.356199672976004 57.575815146554426 57.575815146554426 69.3153276275626 69.3153276275626 115.55145356399044 115.55145356399044 168.02942393354894 168.02942393354894 115.55145356399044 115.55145356399044 122.44856123364485 122.44856123364485 146.882740791361 146.882740791361
-1.0 -1.0 -1.0 -1.0 -1.0 -1.0 -1.0 -1.0 -1.0 -1.0 -1.0 -1.0 -1.0 -1.0 -1.0 -1.0 -1.0 -1.0 -1.0 -1.0 -1.0 -1.0 -1.0 -1.0 -1.0 64.04161508270428 64.04161508270428 65.93904602104176 65.93904602104176 65.93904602104176 65.93904602104176 65.93904602104176 64.8886687779241 59.24055752393389 54.85739678129464 49.85683385990636 49.85683385990636 46.92473504461466 46.92473504461466 45.49199897351946 45.49199897351946 42.693176386082435 42.693176386082435 42.693176386082435 42.693176386082435 44.08147806047902 44.08147806047902 46.92473504461466 46.92473504461466 51.356199672976004 51.356199672976004 57.575815146554426 57.575815146554426 69.3153276275626 69.3153276275626 115.55145356399044 115.55145356399044 168.02942393354894 168.02942393354894 115.55145356399044 115.55145356399044 122.44856123364485 122.44856123364485 146.882740791361 146.882740791361
-1.0 -1.0 -1.0 -1.0 -1.0 -1.0 -1.0 -1.0 -1.0 -1.0 -1.0 -1.0 -1.0 -1.0 -1.0 -1.0 -1.0 -1.0 -1.0 -1.0 -1.0 -1.0 -1.0 -1.0 -1.0 -1.0 66.41772483782556 71.79752159856092 71.79752159856092 73.80574044739502 73.80574044739502 77.90529671162119 77.90529671162119 77.90529671162119 75.43534214321666 62.47375094386514 62.47375094386514 60.81889534255488 60.81889534255488 59.186242657531395 59.186242657531395 59.186242657531395 59.186242657531395 59.186242657531395 59.186242657531395 60.81889534255488 60.81889534255488 65.85011731626459 65.85011731626459 71.0812473844078 71.0812473844078 78.36707989773414 78.36707989773414 91.97247501002961 91.97247501002961 136.84251615846435 136.84251615846435 199.42732527187601 199.42732527187601 154.64613208812804 154.64613208812804 162.60945909075397 162.60945909075397 202.4149783257392 202.4149783257392
-1.0 -1.0 -1.0 -1.0 -1.0 -1.0 -1.0 -1.0 -1.0 -1.0 -1.0 -1.0 -1.0 -1.0 -1.0 -1.0 -1.0 -1.0 -1.0 -1.0 -1.0 -1.0 -1.0 -1.0 -1.0 -1.0 -1.0 71.49866496498443 71.79752159856092 73.80574044739502 73.80574044739502 77.90529671162119 77.90529671162119 77.90529671162119 75.48342531162724 62.47375094386514 62.47375094386514 60.81889534255488 60.81889534255488 59.186242657531395 59.186242657531395 59.186242657531395 59.186242657531395 59.186242657531395 59.186242657531395 60.81889534255488 60.81889534255488 65.85011731626459 65.85011731626459 71.0812473844078 71.0812473844078 78.36707989773414 78.36707989773414 91.97247501002961 91.97247501002961 136.84251615846435 136.84251615846435 199.42732527187601 199.42732527187601 154.64613208812804 154.64613208812804 162.60945909075397 162.60945909075397 202.4149783257392 202.4149783257392
-1.0 -1.0 -1.0 -1.0 -1.0 -1.0 -1.0 -1.0 -1.0 -1.0 -1.0 -1.0 -1.0 -1.0 -1.0 -1.0 -1.0 -1.0 -1.0 -1.0 -1.0 -1.0 -1.0 -1.0 -1.0 -1.0 -1.0 -1.0 75.84166748573188 82.11564001076543 82.11564001076543 -1.0 88.63891735305644 89.56368798097597 77.84029467759609 76.51230143093147 76.51230143093147 76.51230143093147 76.51230143093147 72.8693880998148 72.8693880998148 74.67973210247122 74.67973210247122 76.51230143093147 76.51230143093147 82.14327166561966 82.14327166561966 89.96220651891917 89.96220651891917 100.23566067653121 100.23566067653121 106.66629878755134 106.66629878755134 120.12730803580817 120.12730803580817 141.81819794802917 141.81819794802917 168.02942393354894 168.02942393354894 184.82234466181927 184.82234466181927 214.58761097800465 214.58761097800465 263.40046147484225 263.40046147484225
-1.0 -1.0 -1.0 -1.0 -1.0 -1.0 -1.0 -1.0 -1.0 -1.0 -1.0 -1.0 -1.0 -1.0 -1.0 -1.0 -1.0 -1.0 -1.0 -1.0 -1.0 -1.0 -1.0 -1.0 -1.0 -1.0 -1.0 -1.0 60.81889534255488 65.85011731626459 65.85011731626459 71.0812473844078 -1.0 74.67973210247122 74.67973210247122 76.51230143093147 76.51230143093147 76.51230143093147 76.51230143093147 72.8693880998148 72.8693880998148 74.67973210247122 74.67973210247122 76.51230143093147 76.51230143093147 82.14327166561966 82.14327166561966 89.96220651891917 89.96220651891917 100.23566067653121 100.23566067653121 106.66629878755134 106.66629878755134 120.12730803580817 120.12730803580817 141.81819794802917 141.81819794802917 168.02942393354894 168.02942393354894 184.82234466181927 184.82234466181927 214.58761097800465 214.58761097800465 263.40046147484225 263.40046147484225
-1.0 -1.0 -1.0 -1.0 -1.0 -1.0 -1.0 -1.0 -1.0 -1.0 -1.0 -1.0 -1.0 -1.0 -1.0 -1.0 -1.0 -1.0 -1.0 -1.0 -1.0 -1.0 -1.0 -1.0 -1.0 -1.0 -1.0 -1.0 64.15082827938629 69.3153276275626 69.3153276275626 76.51230143093147 -1.0 84.06468120649001 84.06468120649001 87.9741464579497 87.9741464579497 91.97247501002961 91.97247501002961 89.96220651891917 89.96220651891917 91.97247501002961 91.97247501002961 98.13655332196583 98.13655332196583 106.66629878755134 106.66629878755134 127.15769763265286 127.15769763265286 154.64613208812804 154.64613208812804 157.27837153134277 157.27837153134277 157.27837153134277 157.27837153134277 162.60945909075397 162.60945909075397 170.77270763521028 170.77270763521028 193.51869764556002 193.51869764556002 243.2755863613536 243.2755863613536 367.88990004011845 367.88990004011845
-1.0 -1.0 -1.0 -1.0 -1.0 -1.0 -1.0 -1.0 -1.0 -1.0 -1.0 -1.0 -1.0 -1.0 -1.0 -1.0 -1.0 -1.0 -1.0 -1.0 -1.0 -1.0 -1.0 -1.0 -1.0 -1.0 -1.0 -1.0 -1.0 69.3153276275626 69.3153276275626 76.51230143093147 -1.0 -1.0 84.06468120649001 87.9741464579497 87.9741464579497 91.97247501002961 91.97247501002961 89.96220651891917 89.96220651891917 91.97247501002961 91.97247501002961 98.13655332196583 98.13655332196583 106.66629878755134 106.66629878755134 127.15769763265286 127.15769763265286 154.64613208812804 154.64613208812804 157.27837153134277 157.27837153134277 157.27837153134277 157.27837153134277 162.60945909075397 162.60945909075397 170.77270763521028 170.77270763521028 193.51869764556002 193.51869764556002 243.2755863613536 243.2755863613536 367.88990004011845 367.88990004011845
-1.0 -1.0 -1.0 -1.0 -1.0 -1.0 -1.0 -1.0 -1.0 -1.0 -1.0 -1.0 -1.0 -1.0 -1.0 -1.0 -1.0 -1.0 -1.0 -1.0 -1.0 -1.0 -1.0 -1.0 -1.0 -1.0 -1.0 -1.0 -1.0 -1.0 71.0812473844078 78.36707989773414 78.36707989773414 -1.0 -1.0 -1.0 96.05964765276568 104.50053627163814 104.50053627163814 108.85426012230026 108.85426012230026 117.82828521392645 117.82828521392645 127.15769763265286 127.15769763265286 144.33935329646596 144.33935329646596 220.80724259688967 220.80724259688967 344.0332303664358 344.0332303664358 246.57419058776105 246.57419058776105 227.11567216373479 227.11567216373479 208.45687776208163 208.45687776208163 196.46189660797955 196.46189660797955 214.58761097800465 214.58761097800465 270.286456232881 270.286456232881 355.86161075558914 355.86161075558914
-1.0 -1.0 -1.0 -1.0 -1.0 -1.0 -1.0 -1.0 -1.0 -1.0 -1.0 -1.0 -1.0 -1.0 -1.0 -1.0 -1.0 -1.0 -1.0 -1.0 -1.0 -1.0 -1.0 -1.0 -1.0 -1.0 -1.0 -1.0 -1.0 -1.0 -1.0 78.36707989773414 78.36707989773414 -1.0 -1.0 -1.0 -1.0 104.50053627163814 104.50053627163814 108.85426012230026 108.85426012230026 117.82828521392645 117.82828521392645 127.15769763265286 127.15769763265286 144.33935329646596 144.33935329646596 220.80724259688967 220.80724259688967 344.0332303664358 344.0332303664358 246.57419058776105 246.57419058776105 227.11567216373479 227.11567216373479 208.45687776208163 208.45687776208163 196.46189660797955 196.46189660797955 214.58761097800465 214.58761097800465 270.286456232881 270.286456232881 355.86161075558914 355.86161075558914
-1.0 -1.0 -1.0 -1.0 -1.0 -1.0 -1.0 -1.0 -1.0 -1.0 -1.0 -1.0 -1.0 -1.0 -1.0 -1.0 -1.0 -1.0 -1.0 -1.0 -1.0 -1.0 -1.0 -1.0 -1.0 -1.0 -1.0 -1.0 -1.0 -1.0 -1.0 -1.0 -1.0 -1.0 -1.0 -1.0 -1.0 -1.0 113.29683926416145 127.15769763265286 127.15769763265286 146.882740791361 146.882740791361 170.77270763521028 170.77270763521028 205.42481015802255 205.42481015802255 259.9907737438243 259.9907737438243 471.3131321718068 471.3131321718068 462.20581425596174 462.20581425596174 435.41707387584 435.41707387584 332.4048030087839 332.4048030087839 306.049202924644 306.049202924644 298.718922879169 298.718922879169 332.4048030087839 332.4048030087839 405.17422552360006 405.17422552360006
-1.0 -1.0 -1.0 -1.0 -1.0 -1.0 -1.0 -1.0 -1.0 -1.0 -1.0 -1.0 -1.0 -1.0 -1.0 -1.0 -1.0 -1.0 -1.0 -1.0 -1.0 -1.0 -1.0 -1.0 -1.0 -1.0 -1.0 -1.0 -1.0 -1.0 -1.0 -1.0 -1.0 -1.0 -1.0 -1.0 -1.0 -1.0 -1.0 127.15769763265286 127.15769763265286 146.882740791361 146.882740791361 170.77270763521028 170.77270763521028 205.42481015802255 205.42481015802255 259.9907737438243 259.9907737438243 471.3131321718068 471.3131321718068 462.20581425596174 462.20581425596174 435.41707387584 435.41707387584 332.4048030087839 332.4048030087839 306.049202924644 306.049202924644 298.718922879169 298.718922879169 332.4048030087839 332.4048030087839 405.17422552360006 405.17422552360006
-1.0 -1.0 -1.0 -1.0 -1.0 -1.0 -1.0 -1.0 -1.0 -1.0 -1.0 -1.0 -1.0 -1.0 -1.0 -1.0 -1.0 -1.0 -1.0 -1.0 -1.0 -1.0 -1.0 -1.0 -1.0 -1.0 -1.0 -1.0 -1.0 -1.0 -1.0 -1.0 -1.0 -1.0 -1.0 -1.0 -1.0 -1.0 120.12730803580817 146.882740791361 146.882740791361 193.51869764556002 193.51869764556002 239.999151512836 239.999151512836 306.049202924644 306.049202924644 400.94267474380905 400.94267474380905 513.3954229860686 513.3954229860686 683.0908200864386 683.0908200864386 655.8244355340163 655.8244355340163 572.304043957129 572.304043957129 537.5519595438221 537.5519595438221 409.428029611584 409.428029611584 413.70399000945315 413.70399000945315 457.68551338196164 457.68551338196164
-1.0 -1.0 -1.0 -1.0 -1.0 -1.0 -1.0 -1.0 -1.0 -1.0 -1.0 -1.0 -1.0 -1.0 -1.0 -1.0 -1.0 -1.0 -1.0 -1.0 -1.0 -1.0 -1.0 -1.0 -1.0 -1.0 -1.0 -1.0 -1.0 -1.0 -1.0 -1.0 -1.0 -1.0 -1.0 -1.0 -1.0 -1.0 -1.0 146.882740791361 146.882740791361 193.51869764556002 193.51869764556002 239.999151512836 239.999151512836 306.049202924644 306.049202924644 400.94267474380905 400.94267474380905 513.3954229860686 513.3954229860686 683.0908200864386 683.0908200864386 655.8244355340163 655.8244355340163 572.304043957129 572.304043957129 537.5519595438221 537.5519595438221 409.428029611584 409.428029611584 413.70399000945315 413.70399000945315 457.68551338196164 457.68551338196164
-1.0 -1.0 -1.0 -1.0 -1.0 -1.0 -1.0 -1.0 -1.0 -1.0 -1.0 -1.0 -1.0 -1.0 -1.0 -1.0 -1.0 -1.0 -1.0 -1.0 -1.0 -1.0 -1.0 -1.0 -1.0 -1.0 -1.0 -1.0 -1.0 -1.0 -1.0 -1.0 -1.0 -1.0 -1.0 -1.0 -1.0 -1.0 -1.0 -1.0 157.27837153134277 227.11567216373479 227.11567216373479 332.4048030087839 332.4048030087839 485.1405967933747 485.1405967933747 722.1966223981425 722.1966223981425 927.6214296896353 927.6214296896353 973.1023454454144 973.1023454454144 739.2893677713264 739.2893677713264 688.6106960838919 688.6106960838919 688.6106960838919 688.6106960838919 650.4378465644891 650.4378465644891 547.370017841976 547.370017841976 552.3123613603983 552.3123613603983
-1.0 -1.0 -1.0 -1.0 -1.0 -1.0 -1.0 -1.0 -1.0 -1.0 -1.0 -1.0 -1.0 -1.0 -1.0 -1.0 -1.0 -1.0 -1.0 -1.0 -1.0 -1.0 -1.0 -1.0 -1.0 -1.0 -1.0 -1.0 -1.0 -1.0 -1.0 -1.0 -1.0 -1.0 -1.0 -1.0 -1.0 -1.0 -1.0 -1.0 -1.0 -1.0 227.11567216373479 332.4048030087839 332.4048030087839 485.1405967933747 485.1405967933747 722.1966223981425 722.1966223981425 927.6214296896353 927.6214296896353 973.1023454454144 973.1023454454144 739.2893677713264 739.2893677713264 688.6106960838919 688.6106960838919 688.6106960838919 688.6106960838919 650.4378465644891 650.4378465644891 547.370017841976 547.370017841976 552.3123613603983 552.3123613603983
-1.0 -1.0 -1.0 -1.0 -1.0 -1.0 -1.0 -1.0 -1.0 -1.0 -1.0 -1.0 -1.0 -1.0 -1.0 -1.0 -1.0 -1.0 -1.0 -1.0 -1.0 -1.0 -1.0 -1.0 -1.0 -1.0 -1.0 -1.0 -1.0 -1.0 -1.0 -1.0 -1.0 -1.0 -1.0 -1.0 -1.0 -1.0 -1.0 -1.0 -1.0 -1.0 -1.0 -1.0 376.01978539991615 592.6510383183951 592.6510383183951 821.6991833014977 873.8494219955137 1567.0571122236129 1572.9113643148517 1875.5993210761003 1875.5993210761003 1229.9203729326643 1229.9203729326643 1205.281559524091 1205.281559524091 1132.8606139568271 1132.8606139568271 1032.2140513869795 1032.2140513869795 950.707719268562 950.707719268562 900.585179089802 900.585179089802
-1.0 -1.0 -1.0 -1.0 -1.0 -1.0 -1.0 -1.0 -1.0 -1.0 -1.0 -1.0 -1.0 -1.0 -1.0 -1.0 -1.0 -1.0 -1.0 -1.0 -1.0 -1.0 -1.0 -1.0 -1.0 -1.0 -1.0 -1.0 -1.0 -1.0 -1.0 -1.0 -1.0 -1.0 -1.0 -1.0 -1.0 -1.0 -1.0 -1.0 -1.0 -1.0 -1.0 -1.0 -1.0 739.0407753206595 723.9681801529863 926.4357448836491 997.6880430744801 1572.9113643148517 1572.9113643148517 1875.5993210761003 1875.5993210761003 1229.9203729326643 1229.9203729326643 1205.281559524091 1205.281559524091 1132.8606139568271 1132.8606139568271 1032.2140513869795 1032.2140513869795 950.707719268562 950.707719268562 900.585179089802 900.585179089802
-1.0 -1.0 -1.0 -1.0 -1.0 -1.0 -1.0 -1.0 -1.0 -1.0 -1.0 -1.0 -1.0 -1.0 -1.0 -1.0 -1.0 -1.0 -1.0 -1.0 -1.0 -1.0 -1.0 -1.0 -1.0 -1.0 -1.0 -1.0 -1.0 -1.0 -1.0 -1.0 -1.0 -1.0 -1.0 -1.0 -1.0 -1.0 -1.0 -1.0 -1.0 -1.0 -1.0 -1.0 -1.0 764.8569246037903 764.8569246037903 1205.281559524091 1205.281559524091 2227.066610171804 2227.066610171804 1784.9799782537475 1784.9799782537475 1490.020108526218 1490.020108526218 1601.0403290520042 1601.0403290520042 1601.0403290520042 1601.0403290520042 1765.1470720153313 1765.1470720153313 1601.0403290520042 1601.0403290520042 1188.9940760802835 1188.9940760802835
-1.0 -1.0 -1.0 -1.0 -1.0 -1.0 -1.0 -1.0 -1.0 -1.0 -1.0 -1.0 -1.0 -1.0 -1.0 -1.0 -1.0 -1.0 -1.0 -1.0 -1.0 -1.0 -1.0 -1.0 -1.0 -1.0 -1.0 -1.0 -1.0 -1.0 -1.0 -1.0 -1.0 -1.0 -1.0 -1.0 -1.0 -1.0 -1.0 -1.0 -1.0 -1.0 -1.0 -1.0 -1.0 -1.0 764.8569246037903 1205.281559524091 1205.281559524091 2227.066610171804 2227.066610171804 1784.9799782537475 1784.9799782537475 1490.020108526218 1490.020108526218 1601.0403290520042 1601.0403290520042 1601.0403290520042 1601.0403290520042 1765.1470720153313 1765.1470720153313 1601.0403290520042 1601.0403290520042 1188.9940760802835 1188.9940760802835
-1.0 -1.0 -1.0 -1.0 -1.0 -1.0 -1.0 -1.0 -1.0 -1.0 -1.0 -1.0 -1.0 -1.0 -1.0 -1.0 -1.0 -1.0 -1.0 -1.0 -1.0 -1.0 -1.0 -1.0 -1.0 -1.0 -1.0 -1.0 -1.0 -1.0 -1.0 -1.0 -1.0 -1.0 -1.0 -1.0 -1.0 -1.0 -1.0 -1.0 -1.0 -1.0 -1.0 -1.0 -1.0 -1.0 739.0407753206595 1374.249372900204 1374.249372900204 1865.4196703264192 1865.4196703264192 2171.874896934938 2171.874896934938 1937.258815758646 1937.258815758646 1638.9335120640387 1638.9335120640387 1999.9154462195615 1999.9154462195615 1855.267943356298 1855.267943356298 1725.8135208225794 1725.8135208225794 1229.9203729326643 1229.9203729326643
