critload/trunk/input/1999/ndep.asc
ncols 720
nrows 360
xllcorner -180
yllcorner -90
cellsize 0.5
NODATA_value -1.0
[rows 232 to 260 of 360, columns 195 to 259 of 720]
-1.0 -1.0 -1.0 -1.0 -1.0 -1.0 -1.0 -1.0 -1.0 -1.0 -1.0 -1.0 -1.0 -1.0 -1.0 -1.0 -1.0 -1.0 -1.0 -1.0 -1.0 -1.0 -1.0 96.04 96.04 151.29 151.29 259.21 259.21 412.09000000000003 412.09000000000003 977.3082048010409 977.3082048010409 1734.6034496826126 1734.6034496826126 2528.8756220725004 2528.8756220725004 3258.4602808892855 3258.4602808892855 4030.9346666840215 4030.9346666840215 4858.398692263568 4858.398692263568 5926.315837460679 5926.315837460679 7100.240934017671 7100.240934017671 8291.546288076357 8291.546288076357 8976.926170276163 8976.926170276163 9367.363828102334 9367.363828102334 9823.754560962909 9823.754560962909 10212.37152532584 10212.37152532584 9965.833314023617 8907.083702260286 9069.623704023184 9069.623704023184 8697.979484130497 8697.979484130497 8100.993018432876 8100.993018432876
-1.0 -1.0 -1.0 -1.0 -1.0 -1.0 -1.0 -1.0 -1.0 -1.0 -1.0 -1.0 -1.0 -1.0 -1.0 -1.0 -1.0 -1.0 -1.0 -1.0 -1.0 -1.0 -1.0 96.04 96.04 151.29 151.29 259.21 259.21 412.09000000000003 412.09000000000003 977.3082048010409 977.3082048010409 1734.6034496826126 1734.6034496826126 2528.8756220725004 2528.8756220725004 3258.4602808892855 3258.4602808892855 4030.9346666840215 4030.9346666840215 4858.398692263568 4858.398692263568 5926.315837460679 5926.315837460679 7100.240934017671 7100.240934017671 8291.546288076357 8291.546288076357 8976.926170276163 8976.926170276163 9367.363828102334 9367.363828102334 9823.754560962909 9823.754560962909 10212.37152532584 10212.37152532584 9825.67030663117 8907.083702260286 9069.623704023184 9069.623704023184 8697.979484130497 8697.979484130497 8100.993018432876 8100.993018432876
-1.0 -1.0 -1.0 -1.0 -1.0 -1.0 -1.0 -1.0 -1.0 -1.0 -1.0 -1.0 -1.0 -1.0 -1.0 -1.0 -1.0 -1.0 -1.0 -1.0 -1.0 -1.0 -1.0 114.49000000000001 114.49000000000001 184.96 184.96 316.84000000000003 316.84000000000003 506.25 506.25 1121.8862998718696 1121.8862998718696 1942.6369712664514 1942.6369712664514 2738.0551300308975 2738.0551300308975 3576.151133183412 3576.151133183412 4591.524173546424 4591.524173546424 5544.099494864099 5544.099494864099 6460.955781813012 6460.955781813012 7397.7566370931145 7397.7566370931145 8326.940279284901 8326.940279284901 9050.654030863565 9050.654030863565 9632.27233411257 9632.27233411257 10409.506117108964 10409.506117108964 11155.296692975047 10748.128375720216 10033.424403188701 9683.797517938943 9599.625895755617 9599.625895755617 8586.414000104187 8586.414000104187 7436.258121348576 7436.258121348576
-1.0 -1.0 -1.0 -1.0 -1.0 -1.0 -1.0 -1.0 -1.0 -1.0 -1.0 -1.0 -1.0 -1.0 -1.0 -1.0 -1.0 -1.0 -1.0 -1.0 -1.0 -1.0 81.0 114.49000000000001 114.49000000000001 184.96 184.96 316.84000000000003 316.84000000000003 506.25 506.25 1121.8862998718696 1121.8862998718696 1942.6369712664514 1942.6369712664514 2738.0551300308975 2738.0551300308975 3576.151133183412 3576.151133183412 4591.524173546424 4591.524173546424 5544.099494864099 5544.099494864099 6460.955781813012 6460.955781813012 7397.7566370931145 7397.7566370931145 8326.940279284901 8326.940279284901 9050.654030863565 9050.654030863565 9632.27233411257 9632.27233411257 10409.506117108964 10176.848889928307 9784.481015106066 9365.89724217333 9683.797517938943 9683.797517938943 9599.625895755617 9599.625895755617 8586.414000104187 8586.414000104187 7436.258121348576 7436.258121348576
-1.0 -1.0 -1.0 -1.0 -1.0 -1.0 -1.0 -1.0 -1.0 -1.0 -1.0 -1.0 -1.0 -1.0 -1.0 -1.0 -1.0 -1.0 -1.0 -1.0 -1.0 -1.0 104.04 144.0 144.0 228.01 228.01 376.36 376.36 590.49 590.49 1228.3422145685395 1228.3422145685395 2055.4693749013973 2055.4693749013973 2871.711984524106 2871.711984524106 3812.1184997337928 3812.1184997337928 4994.6626390165 4994.6626390165 6031.397396268356 6031.397396268356 6744.902767805448 6744.902767805448 7431.190648557315 7431.190648557315 8063.321616000001 8063.321616000001 8848.62750506302 8848.62750506302 9556.207656009135 9556.207656009135 9878.875814941157 8875.017144387328 9449.041080250156 9449.041080250156 9633.250384928777 9633.250384928777 9184.275693895279 9184.275693895279 7734.8829985393095 7734.8829985393095 6273.3563686121015 6273.3563686121015
-1.0 -1.0 -1.0 -1.0 -1.0 -1.0 -1.0 -1.0 -1.0 -1.0 -1.0 -1.0 -1.0 -1.0 -1.0 -1.0 -1.0 -1.0 -1.0 -1.0 -1.0 -1.0 104.04 144.0 144.0 228.01 228.01 376.36 376.36 590.49 590.49 1228.3422145685395 1228.3422145685395 2055.4693749013973 2055.4693749013973 2871.711984524106 2871.711984524106 3812.1184997337928 3812.1184997337928 4994.6626390165 4994.6626390165 6031.397396268356 6031.397396268356 6744.902767805448 6744.902767805448 7431.190648557315 7431.190648557315 8063.321616000001 8063.321616000001 8848.62750506302 8848.62750506302 9556.207656009135 9047.6374776649 8794.180569875098 8794.180569875098 9449.041080250156 9449.041080250156 9633.250384928777 9633.250384928777 9184.275693895279 9184.275693895279 7734.8829985393095 7734.8829985393095 6273.3563686121015 6273.3563686121015
-1.0 -1.0 -1.0 -1.0 -1.0 -1.0 -1.0 -1.0 -1.0 -1.0 -1.0 -1.0 -1.0 -1.0 -1.0 -1.0 -1.0 -1.0 -1.0 -1.0 -1.0 -1.0 141.61 193.21 193.21 282.24 282.24 436.81 436.81 655.36 655.36 1269.5071614607361 1269.5071614607361 2055.4693749013973 2055.4693749013973 2945.000259958164 2945.000259958164 4030.9346666840215 4030.9346666840215 5301.078021730805 5301.078021730805 6398.685283525663 6398.685283525663 6986.189369364442 6986.189369364442 7531.945981206797 7531.945981206797 8028.492885370679 8028.492885370679 8830.374018216873 8830.374018216873 9155.536323703664 8092.825277489319 8570.534960338982 8570.534960338982 8858.608923249634 8858.608923249634 8634.139185796734 8634.139185796734 7886.400490046464 7886.400490046464 6382.460737124659 6382.460737124659 4988.922481360102 4988.922481360102
-1.0 -1.0 -1.0 -1.0 -1.0 -1.0 -1.0 -1.0 -1.0 -1.0 -1.0 -1.0 -1.0 -1.0 -1.0 -1.0 -1.0 -1.0 -1.0 -1.0 -1.0 -1.0 141.61 193.21 193.21 282.24 282.24 436.81 436.81 655.36 655.36 1269.5071614607361 1269.5071614607361 2055.4693749013973 2055.4693749013973 2945.000259958164 2945.000259958164 4030.9346666840215 4030.9346666840215 5301.078021730805 5301.078021730805 6398.685283525663 6398.685283525663 6986.189369364442 6986.189369364442 7531.945981206797 7531.945981206797 8028.492885370679 8028.492885370679 8830.374018216873 8425.196619161352 8090.45521747498 8054.766866212609 8570.535182524225 8570.535182524225 8858.608019695897 8858.608019695897 8634.139185796734 8634.139185796734 7886.400490046464 7886.400490046464 6382.460737124659 6382.460737124659 4988.922481360102 4988.922481360102
-1.0 -1.0 -1.0 -1.0 -1.0 -1.0 -1.0 -1.0 -1.0 -1.0 -1.0 -1.0 -1.0 -1.0 -1.0 -1.0 -1.0 -1.0 -1.0 -1.0 -1.0 198.81 198.81 268.96 268.96 349.69 349.69 501.76 501.76 712.89 712.89 1318.3901457397349 1318.3901457397349 2108.620244049111 2108.620244049111 3094.346819185092 3094.346819185092 4293.9369483808105 4293.9369483808105 5660.34840997237 5660.34840997237 6840.908170823177 6840.908170823177 7397.7566370931145 7397.7566370931145 7855.478764984865 7855.478764984865 8220.983653997457 8220.983653997457 8883.731235185465 8305.531320403468 8874.828391625819 8030.572356553136 8256.03759299779 8256.03759299779 8193.84313539868 8193.84313539868 7451.049623552798 7451.049623552798 6409.88333269201 6409.88333269201 4976.8204576317885 4976.8204576317885 3735.3055596321747 3735.3055596321747
-1.0 -1.0 -1.0 -1.0 -1.0 -1.0 -1.0 -1.0 -1.0 -1.0 -1.0 -1.0 -1.0 -1.0 -1.0 -1.0 -1.0 -1.0 -1.0 -1.0 -1.0 198.81 198.81 268.96 268.96 349.69 349.69 501.76 501.76 712.89 712.89 1318.3901457397349 1318.3901457397349 2108.620244049111 2108.620244049111 3094.346819185092 3094.346819185092 4293.9369483808105 4293.9369483808105 5660.34840997237 5660.34840997237 6840.908170823177 6840.908170823177 7397.7566370931145 7397.7566370931145 7855.478764984865 7855.478764984865 8220.983653997457 8220.983653997457 8921.827689752328 8921.827689752328 9461.550286974601 9165.930501261502 8375.816317704195 8256.03759299779 8193.84313539868 8193.84313539868 7451.049623552798 7451.049623552798 6409.88333269201 6409.88333269201 4976.8204576317885 4976.8204576317885 3735.3055596321747 3735.3055596321747
-1.0 -1.0 -1.0 -1.0 -1.0 -1.0 -1.0 -1.0 -1.0 -1.0 -1.0 -1.0 -1.0 -1.0 -1.0 -1.0 -1.0 -1.0 -1.0 -1.0 -1.0 268.96 268.96 357.21 357.21 428.49 428.49 580.8100000000001 580.8100000000001 789.61 789.61 1418.9266051916209 1418.9266051916209 2226.107549415394 2226.107549415394 3291.792445632051 3291.792445632051 4539.053432862005 4539.053432862005 5926.315837460679 5926.315837460679 7083.890912216633 7083.890912216633 7667.341489109448 7667.341489109448 8063.321616000001 8063.321616000001 8344.665999913765 8344.665999913765 8885.189887555738 8885.189887555738 9124.684451099081 9124.684451099081 9024.977732013736 8546.285140032847 7453.320965266972 7347.816839294937 6165.193693265006 6165.193693265006 4928.559297119642 4928.559297119642 3683.098304721639 3683.098304721639 2662.76518619294 -1.0
-1.0 -1.0 -1.0 -1.0 -1.0 -1.0 -1.0 -1.0 -1.0 -1.0 -1.0 -1.0 -1.0 -1.0 -1.0 -1.0 -1.0 -1.0 -1.0 -1.0 -1.0 268.96 268.96 357.21 357.21 428.49 428.49 580.8100000000001 580.8100000000001 789.61 789.61 1418.9266051916209 1418.9266051916209 2226.1076060333667 2226.107549415394 3291.792445632051 3291.792445632051 4539.053432862005 4539.053432862005 5926.315837460679 5926.315837460679 7083.890912216633 7083.890912216633 7667.341489109448 7667.341489109448 8063.321616000001 8063.321616000001 8344.665999913765 8344.665999913765 8885.189887555738 8885.189887555738 9124.684451099081 9124.684451099081 9106.148500663252 9106.148500663252 8666.944310542056 7847.204108560695 6165.193693265006 6165.193693265006 4928.559297119642 4928.559297119642 3683.098304721639 3683.098304721639 -1.0 -1.0
-1.0 -1.0 -1.0 -1.0 -1.0 -1.0 -1.0 -1.0 -1.0 -1.0 -1.0 -1.0 -1.0 -1.0 -1.0 -1.0 -1.0 -1.0 -1.0 -1.0 -1.0 327.61 327.61 416.16 416.16 484.0 484.0 630.01 630.01 829.44 829.44 1455.7276396920008 1455.7276396920008 2262.8980118692416 2262.8980118692416 3302.9403926568248 3302.9403926568248 4422.098035505534 4422.098035505534 5645.751082888653 5645.751082888653 6633.752888626173 6633.752888626173 7132.996301373798 7132.996301373798 7498.285821725449 7498.285821725449 7718.425680735869 7718.425680735869 8063.321616000001 8063.321616000001 8063.321616000001 8063.321616000001 7786.801529145308 7786.801529145308 6986.189369364442 6986.189369364442 5193.432110451841 4749.672281561103 3569.535452753392 3569.535452753392 2653.925724402275 -1.0 -1.0 -1.0
-1.0 -1.0 -1.0 -1.0 -1.0 -1.0 -1.0 -1.0 -1.0 -1.0 -1.0 -1.0 -1.0 -1.0 -1.0 -1.0 -1.0 -1.0 -1.0 -1.0 -1.0 327.61 327.61 416.16 416.16 484.0 484.0 630.01 630.01 829.44 829.44 1455.7276396920008 1455.7276396920008 2262.8980118692416 2262.8980118692416 3302.9403926568248 3302.9403926568248 4422.098035505534 4422.098035505534 5645.751082888653 5645.751082888653 6633.752888626173 6633.752888626173 7132.996301373798 7132.996301373798 7498.285821725449 7498.285821725449 7718.425680735869 7718.425680735869 8063.321616000001 8063.321616000001 8063.321616000001 8063.321616000001 7786.801529145308 7786.801529145308 6986.189369364442 6986.189369364442 5486.427978193306 5109.825493726284 3569.535452753392 3569.535452753392 -1.0 -1.0 -1.0 -1.0
-1.0 -1.0 -1.0 -1.0 -1.0 -1.0 -1.0 -1.0 -1.0 -1.0 -1.0 -1.0 -1.0 -1.0 -1.0 -1.0 -1.0 -1.0 -1.0 -1.0 -1.0 368.64 368.64 453.69 453.69 506.25 506.25 635.04 635.04 806.5600000000001 806.5600000000001 1411.6229774652982 1411.6229774652982 2180.543219586369 2180.543219586369 3094.346819185092 3094.346819185092 3994.0412763918134 3994.0412763918134 4953.585496661684 4953.585496661684 5660.34840997237 5660.34840997237 6016.328883714005 6016.328883714005 6275.050287496226 6275.050287496226 6429.783402039271 6429.783402039271 6570.653953432557 6570.653953432557 6429.783402039271 6429.783402039271 5941.271087520739 5941.271087520739 5022.141610384901 5022.141610384901 3824.1150779891286 3377.57090405138 2480.2211956294886 -1.0 -1.0 -1.0 -1.0 -1.0
-1.0 -1.0 -1.0 -1.0 -1.0 -1.0 -1.0 0.0 -1.0 -1.0 -1.0 -1.0 -1.0 -1.0 -1.0 -1.0 -1.0 -1.0 -1.0 -1.0 -1.0 368.64 368.64 453.69 453.69 506.25 506.25 635.04 635.04 806.5600000000001 806.5600000000001 1411.6229774652982 1411.6229774652982 2180.543219586369 2180.543219586369 3094.346819185092 3094.346819185092 3994.0412763918134 3994.0412763918134 4953.585496661684 4953.585496661684 5660.34840997237 5660.34840997237 6016.328883714005 6016.328883714005 6275.050287496226 6275.050287496226 6429.783402039271 6429.783402039271 6570.653953432557 6570.653953432557 6429.783402039271 6429.783402039271 5941.271087520739 5941.271087520739 5022.141610384901 5022.141610384901 3824.1150779891286 3414.1370497451835 -1.0 -1.0 -1.0 -1.0 -1.0 -1.0
-1.0 -1.0 -1.0 -1.0 -1.0 -1.0 -1.0 -1.0 -1.0 -1.0 -1.0 -1.0 -1.0 -1.0 -1.0 -1.0 -1.0 -1.0 -1.0 -1.0 -1.0 392.04 392.04 457.96000000000004 457.96000000000004 479.61 479.61 580.8100000000001 580.8100000000001 718.24 718.24 1262.5990778381279 1262.5990778381279 1942.6369712664514 1942.6369712664514 2738.0551300308975 2738.0551300308975 3449.581945698907 3449.581945698907 4167.6610709846855 4167.6610709846855 4657.535952481077 4657.535952481077 4939.931154092879 4939.931154092879 5160.667152560429 5160.667152560429 5244.687308901539 5244.687308901539 5022.141610384901 5022.141610384901 4565.250732782976 4565.250732782976 4006.3203708864003 4006.3203708864003 3336.498065350213 3336.498065350213 2568.078564021369 -1.0 -1.0 -1.0 -1.0 -1.0 -1.0 -1.0
-1.0 -1.0 -1.0 -1.0 -1.0 -1.0 -1.0 -1.0 -1.0 -1.0 -1.0 -1.0 -1.0 -1.0 -1.0 -1.0 -1.0 -1.0 -1.0 -1.0 265.69 392.04 392.04 457.96000000000004 457.96000000000004 479.61 479.61 580.8100000000001 580.8100000000001 718.24 718.24 1262.5990778381279 1262.5990778381279 1942.6369712664514 1942.6369712664514 2738.0551300308975 2738.0551300308975 3449.581945698907 3449.581945698907 4167.6610709846855 4167.6610709846855 4657.535952481077 4657.535952481077 4939.931154092879 4939.931154092879 5160.667152560429 5160.667152560429 5244.687308901539 5244.687308901539 5022.141610384901 -1.0 4565.250732782976 4565.250732782976 4006.3203708864003 4006.3203708864003 3336.498065350213 3336.498065350213 -1.0 -1.0 -1.0 -1.0 -1.0 -1.0 -1.0 -1.0
-1.0 -1.0 -1.0 -1.0 -1.0 -1.0 -1.0 -1.0 -1.0 -1.0 -1.0 -1.0 -1.0 -1.0 -1.0 -1.0 -1.0 -1.0 -1.0 -1.0 289.0 400.0 400.0 441.0 441.0 436.81 436.81 506.25 506.25 615.04 615.04 1057.8013392041642 1057.8013392041642 1607.643266312329 1607.643266312329 2262.8980118692416 2262.8980118692416 2850.9422168239107 2850.9422168239107 3404.1225017160505 3404.1225017160505 3752.4200244972008 3752.4200244972008 3994.0412763918134 3994.0412763918134 4192.766128272442 4192.766128272442 4230.563308179737 4230.563308179737 3800.140940808202 3800.140940808202 -1.0 -1.0 -1.0 -1.0 -1.0 -1.0 -1.0 -1.0 -1.0 -1.0 -1.0 -1.0 -1.0 -1.0
-1.0 -1.0 -1.0 -1.0 -1.0 -1.0 -1.0 -1.0 -1.0 -1.0 -1.0 -1.0 -1.0 -1.0 -1.0 -1.0 -1.0 -1.0 -1.0 289.0 289.0 400.0 400.0 441.0 441.0 436.81 436.81 506.25 506.25 615.04 615.04 1057.8013392041642 1057.8013392041642 1607.643266312329 1607.643266312329 2262.8980118692416 2262.8980118692416 2850.9422168239107 2850.9422168239107 3404.1225017160505 3404.1225017160505 3752.4200244972008 3752.4200244972008 3994.0412763918134 3994.0412763918134 4192.766128272442 4192.766128272442 4230.563308179737 4230.563308179737 3800.140940808202 3800.140940808202 -1.0 -1.0 -1.0 -1.0 -1.0 -1.0 -1.0 -1.0 -1.0 -1.0 -1.0 -1.0 -1.0 -1.0
-1.0 -1.0 -1.0 -1.0 -1.0 -1.0 -1.0 -1.0 -1.0 -1.0 -1.0 -1.0 -1.0 -1.0 -1.0 -1.0 -1.0 -1.0 -1.0 320.41 320.41 376.36 376.36 384.16 384.16 368.64 368.64 416.16 416.16 484.0 484.0 817.96 817.96 1221.5474181529346 1221.5474181529346 1726.52715225 1726.52715225 2198.712294291698 2198.712294291698 2637.4093399075105 2637.4093399075105 2903.0083220068414 2903.0083220068414 3083.5569999343115 3083.5569999343115 3203.284635597543 3203.284635597543 3159.483517857803 3159.483517857803 2727.905481932541 2727.905481932541 2171.486708138425 -1.0 -1.0 -1.0 -1.0 -1.0 -1.0 -1.0 -1.0 -1.0 -1.0 -1.0 -1.0 -1.0
-1.0 -1.0 -1.0 -1.0 -1.0 -1.0 -1.0 -1.0 -1.0 -1.0 -1.0 -1.0 -1.0 -1.0 -1.0 -1.0 -1.0 -1.0 243.36 320.41 320.41 376.36 376.36 384.16 384.16 368.64 368.64 416.16 416.16 484.0 484.0 817.96 817.96 1221.5474181529346 1221.5474181529346 1726.52715225 1726.52715225 2198.712294291698 2198.712294291698 2637.4093399075105 2637.4093399075105 2903.0083220068414 2903.0083220068414 3083.5569999343115 3083.5569999343115 3203.284635597543 3203.284635597543 3159.483517857803 3159.483517857803 2727.905481932541 2727.905481932541 2171.486708138425 -1.0 -1.0 -1.0 -1.0 -1.0 -1.0 -1.0 -1.0 -1.0 -1.0 -1.0 -1.0 -1.0
-1.0 -1.0 -1.0 -1.0 -1.0 -1.0 -1.0 -1.0 -1.0 -1.0 -1.0 -1.0 -1.0 -1.0 -1.0 -1.0 -1.0 275.56 275.56 334.89 334.89 342.25 342.25 327.61 327.61 306.25 306.25 331.24 331.24 368.64 368.64 595.36 595.36 882.09 882.09 1241.9885270986777 1241.9885270986777 1615.4370884040002 1615.4370884040002 1942.6369712664514 1942.6369712664514 2144.430734337602 2144.430734337602 2244.4650801674816 2244.4650801674816 2281.4063256480163 2281.4063256480163 2180.543219586369 2180.543219586369 1841.3110102500002 1841.3110102500002 1440.9507738283346 -1.0 -1.0 -1.0 -1.0 -1.0 -1.0 -1.0 -1.0 -1.0 -1.0 -1.0 -1.0 -1.0
-1.0 -1.0 -1.0 -1.0 -1.0 -1.0 -1.0 -1.0 -1.0 -1.0 -1.0 -1.0 -1.0 -1.0 -1.0 -1.0 -1.0 275.56 275.56 334.89 334.89 342.25 342.25 327.61 327.61 306.25 306.25 331.24 331.24 368.64 368.64 595.36 595.36 882.09 882.09 1241.9885270986777 1241.9885270986777 1615.4370884040002 1615.4370884040002 1942.6369712664514 1942.6369712664514 2144.430734337602 2144.430734337602 2244.4650801674816 2244.4650801674816 2281.4063256480163 2281.4063256480163 2180.543219586369 2180.543219586369 1841.3110102500002 1841.3110102500002 -1.0 -1.0 -1.0 -1.0 -1.0 -1.0 -1.0 -1.0 -1.0 -1.0 -1.0 -1.0 -1.0 -1.0
-1.0 -1.0 -1.0 -1.0 -1.0 -1.0 -1.0 -1.0 -1.0 -1.0 -1.0 -1.0 -1.0 -1.0 -1.0 -1.0 -1.0 -1.0 240.25 299.29 299.29 324.0 324.0 306.25 306.25 262.44 262.44 265.69 265.69 278.89 278.89 416.16 416.16 585.64 585.64 823.69 823.69 1089.608301323597 1089.608301323597 1332.5264361383397 1332.5264361383397 1485.5077792719676 1485.5077792719676 1545.972515786449 1545.972515786449 1538.3485127185108 1538.3485127185108 1418.9266051916209 1418.9266051916209 1221.5474181529346 -1.0 -1.0 -1.0 -1.0 -1.0 -1.0 -1.0 -1.0 -1.0 -1.0 -1.0 -1.0 -1.0 -1.0 -1.0
-1.0 -1.0 -1.0 -1.0 -1.0 -1.0 -1.0 -1.0 -1.0 -1.0 -1.0 -1.0 -1.0 -1.0 -1.0 -1.0 -1.0 -1.0 240.25 299.29 299.29 324.0 324.0 306.25 306.25 262.44 262.44 265.69 265.69 278.89 278.89 416.16 416.16 585.64 585.64 823.69 823.69 1089.608301323597 1089.608301323597 1332.5264361383397 1332.5264361383397 1485.5077792719676 1485.5077792719676 1545.972515786449 1545.972515786449 1538.3485127185108 1538.3485127185108 1418.9266051916209 -1.0 -1.0 -1.0 -1.0 -1.0 -1.0 -1.0 -1.0 -1.0 -1.0 -1.0 -1.0 -1.0 -1.0 -1.0 -1.0 -1.0
-1.0 -1.0 -1.0 -1.0 -1.0 -1.0 -1.0 -1.0 -1.0 -1.0 -1.0 -1.0 -1.0 -1.0 -1.0 -1.0 -1.0 -1.0 210.25 268.96 268.96 306.25 306.25 278.89 278.89 222.01 222.01 207.36 207.36 204.49 204.49 278.89 278.89 364.81 364.81 501.76 501.76 670.8100000000001 670.8100000000001 829.44 829.44 935.2849146081551 -1.0 -1.0 -1.0 -1.0 -1.0 -1.0 -1.0 -1.0 -1.0 -1.0 -1.0 -1.0 -1.0 -1.0 -1.0 -1.0 -1.0 -1.0 -1.0 -1.0 -1.0 -1.0 -1.0
-1.0 -1.0 -1.0 -1.0 -1.0 -1.0 -1.0 -1.0 -1.0 -1.0 -1.0 -1.0 -1.0 -1.0 -1.0 -1.0 -1.0 210.25 210.25 268.96 268.96 306.25 306.25 278.89 278.89 222.01 222.01 207.36 207.36 204.49 204.49 278.89 278.89 364.81 364.81 501.76 501.76 670.8100000000001 670.8100000000001 829.44 829.44 -1.0 -1.0 -1.0 -1.0 -1.0 -1.0 -1.0 -1.0 -1.0 -1.0 -1.0 -1.0 -1.0 -1.0 -1.0 -1.0 -1.0 -1.0 -1.0 -1.0 -1.0 -1.0 -1.0 -1.0
-1.0 -1.0 -1.0 -1.0 -1.0 -1.0 -1.0 -1.0 -1.0 -1.0 -1.0 -1.0 -1.0 -1.0 -1.0 -1.0 -1.0 184.96 184.96 234.09 234.09 265.69 265.69 240.25 240.25 184.96 184.96 163.84 163.84 148.84 148.84 190.44 190.44 237.16 237.16 306.25 306.25 388.09000000000003 388.09000000000003 462.25 462.25 -1.0 -1.0 -1.0 -1.0 -1.0 -1.0 -1.0 -1.0 -1.0 -1.0 -1.0 -1.0 -1.0 -1.0 -1.0 -1.0 -1.0 -1.0 -1.0 -1.0 -1.0 -1.0 -1.0 -1.0
