critload/trunk/input/1999/ndep.asc
ncols 720
nrows 360
xllcorner -180
yllcorner -90
cellsize 0.5
NODATA_value -1.0
[rows 31 to 61 of 360, columns 420 to 489 of 720]
-1.0 -1.0 -1.0 -1.0 -1.0 -1.0 -1.0 -1.0 -1.0 -1.0 -1.0 -1.0 -1.0 -1.0 -1.0 -1.0 -1.0 -1.0 -1.0 -1.0 -1.0 -1.0 -1.0 -1.0 -1.0 -1.0 -1.0 -1.0 -1.0 -1.0 -1.0 -1.0 -1.0 -1.0 -1.0 -1.0 -1.0 -1.0 -1.0 -1.0 -1.0 -1.0 -1.0 -1.0 -1.0 -1.0 -1.0 -1.0 -1.0 -1.0 72189.8243536 72189.8243536 71309.4602051 71309.4602051 69548.731908 69548.731908 67788.0042837 67788.0042837 66907.6401352 -1.0 -1.0 -1.0 -1.0 -1.0 -1.0 -1.0 -1.0 -1.0 -1.0 -1.0
-1.0 -1.0 -1.0 -1.0 -1.0 -1.0 -1.0 -1.0 -1.0 -1.0 -1.0 -1.0 -1.0 -1.0 -1.0 -1.0 -1.0 -1.0 -1.0 -1.0 -1.0 -1.0 -1.0 -1.0 -1.0 -1.0 -1.0 -1.0 -1.0 -1.0 -1.0 -1.0 -1.0 -1.0 -1.0 -1.0 -1.0 -1.0 -1.0 -1.0 -1.0 -1.0 -1.0 -1.0 -1.0 -1.0 -1.0 -1.0 84403.9748744 84403.9748744 82588.8346826 82588.8346826 80773.6937972 80773.6937972 78958.5601947 78958.5601947 77143.4217369 -1.0 -1.0 -1.0 -1.0 -1.0 -1.0 -1.0 -1.0 -1.0 -1.0 -1.0 -1.0 -1.0
-1.0 -1.0 -1.0 -1.0 -1.0 -1.0 -1.0 -1.0 -1.0 -1.0 -1.0 -1.0 -1.0 -1.0 -1.0 -1.0 -1.0 -1.0 -1.0 -1.0 -1.0 -1.0 -1.0 -1.0 -1.0 -1.0 -1.0 -1.0 -1.0 -1.0 -1.0 -1.0 -1.0 -1.0 -1.0 -1.0 -1.0 -1.0 -1.0 -1.0 -1.0 -1.0 -1.0 -1.0 -1.0 -1.0 -1.0 91601.3381409 86927.7988442 86927.7988442 85058.3828398 85058.3828398 83188.9661211 83188.9661211 81319.5569029 -1.0 -1.0 -1.0 -1.0 -1.0 -1.0 -1.0 -1.0 -1.0 -1.0 -1.0 -1.0 -1.0 -1.0 -1.0
-1.0 -1.0 -1.0 -1.0 -1.0 -1.0 -1.0 -1.0 -1.0 -1.0 -1.0 -1.0 -1.0 -1.0 -1.0 -1.0 -1.0 -1.0 -1.0 -1.0 -1.0 -1.0 -1.0 -1.0 -1.0 -1.0 -1.0 -1.0 -1.0 -1.0 -1.0 -1.0 -1.0 -1.0 -1.0 -1.0 -1.0 -1.0 -1.0 -1.0 -1.0 -1.0 -1.0 -1.0 -1.0 105795.283678 102909.950476 102909.950476 99062.8536278 99062.8536278 96177.5314513 96177.5314513 94253.9784334 -1.0 -1.0 -1.0 -1.0 -1.0 -1.0 -1.0 -1.0 -1.0 -1.0 -1.0 -1.0 -1.0 -1.0 -1.0 -1.0 -1.0
-1.0 -1.0 -1.0 -1.0 -1.0 -1.0 -1.0 -1.0 -1.0 -1.0 -1.0 -1.0 -1.0 -1.0 -1.0 -1.0 -1.0 -1.0 -1.0 -1.0 -1.0 -1.0 -1.0 -1.0 -1.0 -1.0 -1.0 -1.0 -1.0 -1.0 -1.0 -1.0 -1.0 -1.0 -1.0 -1.0 -1.0 -1.0 -1.0 -1.0 -1.0 -1.0 -1.0 -1.0 -1.0 108764.446582 105798.136006 105798.136006 101843.06972 101843.06972 98876.7704787 98876.7704787 -1.0 -1.0 -1.0 -1.0 -1.0 -1.0 -1.0 -1.0 -1.0 -1.0 -1.0 -1.0 -1.0 -1.0 -1.0 -1.0 -1.0 -1.0
-1.0 -1.0 -1.0 -1.0 -1.0 -1.0 -1.0 -1.0 -1.0 -1.0 -1.0 -1.0 -1.0 -1.0 -1.0 -1.0 -1.0 -1.0 -1.0 -1.0 -1.0 -1.0 -1.0 -1.0 -1.0 -1.0 -1.0 -1.0 -1.0 -1.0 -1.0 -1.0 -1.0 -1.0 -1.0 -1.0 -1.0 -1.0 -1.0 -1.0 -1.0 -1.0 -1.0 125944.897555 121882.161366 121882.161366 118835.109224 118835.109224 114772.367213 114772.367213 111725.318952 111725.318952 -1.0 -1.0 -1.0 -1.0 -1.0 -1.0 -1.0 -1.0 -1.0 -1.0 -1.0 -1.0 -1.0 -1.0 -1.0 -1.0 -1.0 -1.0
-1.0 -1.0 -1.0 -1.0 -1.0 -1.0 -1.0 -1.0 -1.0 -1.0 -1.0 -1.0 -1.0 -1.0 -1.0 -1.0 -1.0 -1.0 -1.0 -1.0 -1.0 -1.0 -1.0 -1.0 -1.0 -1.0 -1.0 -1.0 -1.0 -1.0 -1.0 -1.0 -1.0 -1.0 -1.0 -1.0 -1.0 -1.0 -1.0 -1.0 -1.0 -1.0 -1.0 -1.0 125103.159605 125103.159605 121975.582557 121975.582557 117805.473851 117805.473851 114677.900787 114677.900787 112592.839462 -1.0 -1.0 -1.0 -1.0 -1.0 -1.0 -1.0 -1.0 -1.0 -1.0 -1.0 -1.0 -1.0 -1.0 -1.0 -1.0 -1.0
187140.922677 187140.922677 -1.0 -1.0 -1.0 -1.0 -1.0 -1.0 -1.0 -1.0 -1.0 -1.0 -1.0 -1.0 -1.0 -1.0 -1.0 -1.0 -1.0 -1.0 -1.0 -1.0 -1.0 -1.0 -1.0 -1.0 -1.0 -1.0 -1.0 -1.0 -1.0 -1.0 -1.0 -1.0 -1.0 -1.0 -1.0 -1.0 -1.0 -1.0 -1.0 -1.0 -1.0 -1.0 -1.0 -1.0 -1.0 136869.187374 131522.729922 131522.729922 128314.862397 128314.862397 125106.992829 125106.992829 121899.127347 -1.0 -1.0 -1.0 -1.0 -1.0 -1.0 -1.0 -1.0 -1.0 -1.0 -1.0 -1.0 -1.0 -1.0 -1.0
191808.911624 191808.911624 194472.920825 -1.0 -1.0 -1.0 -1.0 -1.0 -1.0 -1.0 -1.0 -1.0 -1.0 -1.0 -1.0 -1.0 -1.0 -1.0 -1.0 -1.0 -1.0 -1.0 -1.0 -1.0 -1.0 -1.0 -1.0 -1.0 -1.0 -1.0 -1.0 -1.0 -1.0 -1.0 -1.0 -1.0 -1.0 -1.0 -1.0 -1.0 -1.0 -1.0 -1.0 -1.0 -1.0 -1.0 -1.0 -1.0 -1.0 -1.0 -1.0 -1.0 -1.0 -1.0 -1.0 -1.0 -1.0 121651.849744 119459.925919 119459.925919 -1.0 -1.0 -1.0 -1.0 -1.0 -1.0 -1.0 -1.0 -1.0 -1.0
215336.235862 223079.202655 186345.193127 186345.193127 188590.323094 188590.323094 -1.0 -1.0 -1.0 -1.0 -1.0 -1.0 -1.0 -1.0 -1.0 -1.0 -1.0 -1.0 -1.0 -1.0 -1.0 -1.0 -1.0 -1.0 -1.0 -1.0 -1.0 -1.0 -1.0 -1.0 -1.0 -1.0 -1.0 -1.0 -1.0 -1.0 -1.0 -1.0 -1.0 -1.0 -1.0 -1.0 -1.0 -1.0 -1.0 -1.0 -1.0 -1.0 -1.0 -1.0 -1.0 -1.0 -1.0 -1.0 -1.0 -1.0 -1.0 138075.046834 134707.366898 134707.366898 132462.247655 132462.247655 129094.565574 129094.565574 126849.435607 126849.435607 -1.0 -1.0 -1.0 -1.0
190319.828551 189597.607827 190746.692341 190746.692341 193044.852588 193044.852588 194193.917343 194193.917343 193044.852588 193044.852588 190746.692341 190746.692341 188448.543071 -1.0 -1.0 -1.0 -1.0 -1.0 -1.0 -1.0 -1.0 -1.0 -1.0 -1.0 -1.0 -1.0 -1.0 -1.0 -1.0 -1.0 -1.0 -1.0 -1.0 -1.0 -1.0 -1.0 176957.772574 176957.772574 174659.621109 174659.621109 173510.545376 -1.0 -1.0 -1.0 -1.0 -1.0 -1.0 -1.0 -1.0 -1.0 -1.0 -1.0 -1.0 -1.0 -1.0 -1.0 -1.0 -1.0 -1.0 -1.0 135591.02425 135591.02425 132143.797053 132143.797053 129845.636806 129845.636806 128696.563269 128696.563269 126398.414 126398.414
224519.993559 224519.993559 224519.993559 224519.993559 225695.47889 225695.47889 226870.975451 226870.975451 223344.485769 223344.485769 217467.007457 217467.007457 213940.508792 213940.508792 209238.515811 209238.515811 -1.0 -1.0 -1.0 -1.0 -1.0 -1.0 -1.0 -1.0 -1.0 -1.0 205712.026129 -1.0 -1.0 -1.0 -1.0 -1.0 -1.0 -1.0 -1.0 -1.0 196308.046907 196308.046907 193957.047048 193957.047048 -1.0 -1.0 -1.0 -1.0 -1.0 184553.076808 181026.582635 181026.582635 -1.0 -1.0 -1.0 -1.0 -1.0 -1.0 -1.0 164569.624048 161043.129874 161043.129874 157516.637946 -1.0 -1.0 155165.647071 151639.150651 151639.150651 149288.164268 149288.164268 146937.164409 146937.164409 144586.162304 144586.162304
229548.380891 229548.380891 229548.380891 229548.380891 230750.192588 230750.192588 231952.015766 231952.015766 228346.546231 228346.546231 222337.434932 222337.434932 218731.956213 218731.956213 213924.656611 213924.656611 212722.835729 212722.835729 211521.00107 211521.00107 -1.0 -1.0 -1.0 -1.0 -1.0 -1.0 -1.0 210319.189373 209117.375379 209117.375379 206713.719838 206713.719838 205511.889771 -1.0 -1.0 -1.0 -1.0 -1.0 -1.0 -1.0 195897.29516 195897.29516 192291.830218 192291.830218 188686.358387 188686.358387 185080.88426 185080.88426 180273.584658 180273.584658 175466.289649 175466.289649 171860.822411 171860.822411 168255.352876 168255.352876 164649.878749 164649.878749 161044.406918 161044.406918 158640.762858 158640.762858 155035.286434 155035.286434 152631.646966 152631.646966 150227.993721 150227.993721 147824.33818 147824.33818
272633.158939 272633.158939 268948.929376 268948.929376 268948.929376 268948.929376 268948.929376 268948.929376 262808.542078 262808.542078 254211.997046 254211.997046 246843.533228 246843.533228 241931.220105 241931.220105 239475.067063 239475.067063 238247.002274 238247.002274 238247.002274 238247.002274 -1.0 -1.0 -1.0 -1.0 -1.0 -1.0 232106.619669 232106.619669 230878.533762 230878.533762 228422.371335 -1.0 -1.0 225966.220639 224738.144118 224738.144118 221053.90517 221053.90517 217369.6803 217369.6803 213685.460123 213685.460123 211229.297695 211229.297695 207545.058747 207545.058747 202632.745624 202632.745624 198948.527793 198948.527793 195264.29823 195264.29823 191580.061628 191580.061628 187895.832065 187895.832065 184211.588424 184211.588424 180527.368247 180527.368247 175615.052777 175615.052777 173158.902082 173158.902082 170702.739654 170702.739654 167018.519477 167018.519477
278438.166065 278438.166065 274675.490509 274675.490509 274675.490509 274675.490509 274675.490509 274675.490509 268404.35979 268404.35979 259624.773908 259624.773908 252099.418003 252099.418003 247082.510073 247082.510073 244574.059703 244574.059703 243319.846499 243319.846499 243319.846499 243319.846499 242065.609332 -1.0 -1.0 -1.0 -1.0 238302.933776 237048.720573 237048.720573 235794.485802 235794.485802 -1.0 -1.0 -1.0 230777.577872 229523.352687 229523.352687 225760.667545 225760.667545 221997.996782 221997.996782 218235.330812 218235.330812 215726.870856 215726.870856 211964.185715 211964.185715 206947.277785 206947.277785 203184.61421 203184.61421 199421.938655 199421.938655 195659.25591 195659.25591 191896.580354 191896.580354 188133.89042 188133.89042 184371.22445 184371.22445 179354.314123 179354.314123 176845.866149 176845.866149 174337.406193 174337.406193 170574.740222 170574.740222
330309.644304 330309.644304 323908.293555 323908.293555 318787.229101 318787.229101 313666.145078 313666.145078 307264.79433 307264.79433 298302.902793 298302.902793 289341.018595 289341.018595 284219.934572 284219.934572 282939.677631 282939.677631 282939.677631 282939.677631 284219.934572 284219.934572 284219.934572 -1.0 -1.0 -1.0 -1.0 -1.0 -1.0 273977.77631 271417.228183 271417.228183 268856.692287 268856.692287 265015.882327 265015.882327 261175.079706 261175.079706 258614.541363 258614.541363 253493.45734 253493.45734 249652.640042 249652.640042 245811.832529 245811.832529 241971.037246 241971.037246 238130.210163 238130.210163 234289.405096 234289.405096 230448.587798 230448.587798 226607.785176 226607.785176 221486.710938 221486.710938 216365.622022 216365.622022 211244.537999 211244.537999 206123.46376 206123.46376 202282.658693 202282.658693 199722.12035 199722.12035 195881.312837 195881.312837
337007.391067 337007.391067 330476.239003 330476.239003 325251.333824 325251.333824 320026.40868 320026.40868 313495.256616 -1.0 304351.643228 304351.643228 295208.037328 295208.037328 289983.112183 289983.112183 288676.895247 288676.895247 288676.895247 288676.895247 289983.112183 -1.0 289983.112183 289983.112183 287370.658346 287370.658346 284758.187038 284758.187038 279533.271876 279533.271876 276920.803065 276920.803065 274308.346732 274308.346732 270389.655993 270389.655993 266470.972741 266470.972741 263858.513912 263858.513912 258633.588767 258633.588767 254714.890541 254714.890541 250796.202298 250796.202298 246877.526534 246877.526534 242958.818325 242958.818325 239040.132577 239040.132577 235121.434351 235121.434351 231202.751099 231202.751099 225977.835938 225977.835938 220752.905801 220752.905801 215527.980657 215527.980657 210303.065495 210303.065495 206384.379747 206384.379747 203771.920918 203771.920918 199853.232675 199853.232675
410012.476982 400957.84343 387636.965641 387636.965641 376980.280718 376980.280718 368987.768297 368987.768297 359663.163263 359663.163263 -1.0 -1.0 -1.0 -1.0 -1.0 -1.0 -1.0 -1.0 -1.0 339681.893665 345010.243762 345010.243762 346342.316016 346342.316016 343678.130787 343678.130787 337017.7008 337017.7008 330357.280995 330357.280995 323696.861189 323696.861189 318368.513637 318368.513637 311708.086196 311708.086196 306379.736099 306379.736099 302383.470981 302383.470981 297055.143789 297055.143789 291726.796237 291726.796237 285066.366251 285066.366251 282402.186112 282402.186112 278405.931174 278405.931174 274409.688962 274409.688962 270413.413664 270413.413664 266417.173997 266417.173997 261088.826445 261088.826445 254428.401549 254428.401549 246435.884038 246435.884038 239775.438782 239775.438782 234447.09123 234447.09123 231782.944177 231782.944177 227786.671424 227786.671424
408708.865353 408708.865353 395130.478159 395130.478159 384267.786046 384267.786046 376120.768258 376120.768258 366615.906822 366615.906822 -1.0 357111.068734 -1.0 347606.196921 340817.022781 340817.022781 -1.0 -1.0 -1.0 346248.374026 351679.727866 351679.727866 353037.55076 353037.55076 350321.863463 350321.863463 343532.678947 343532.678947 336743.504807 336743.504807 329954.330668 329954.330668 324522.979422 324522.979422 317733.7975 317733.7975 312302.44366 312302.44366 308228.925686 308228.925686 302797.595196 302797.595196 297366.24395 297366.24395 290577.059434 290577.059434 287861.377325 287861.377325 283787.867134 283787.867134 279714.375103 279714.375103 275640.846752 275640.846752 271567.354721 271567.354721 266136.003476 266136.003476 259346.824148 259346.824148 251199.801171 251199.801171 244410.601089 244410.601089 238979.249844 238979.249844 236263.601461 236263.601461 232190.075704 232190.075704
490053.616864 481455.718976 463470.315937 463470.315937 449635.358803 449635.358803 437183.923287 437183.923287 424732.479841 424732.479841 -1.0 -1.0 -1.0 403980.065286 397062.597292 397062.597292 401213.096063 401213.096063 405363.584261 405363.584261 409514.032808 409514.032808 412281.041681 412281.041681 410897.562356 410897.562356 405363.584261 405363.584261 395679.117967 395679.117967 385994.649031 385994.649031 376310.214457 376310.214457 366625.748164 366625.748164 359708.290743 359708.290743 354174.310004 354174.310004 347256.852584 347256.852584 340339.37666 340339.37666 333421.919239 333421.919239 329271.441615 329271.441615 325120.950774 325120.950774 320970.483723 320970.483723 315436.502984 315436.502984 309902.524888 309902.524888 302985.059538 302985.059538 293300.595888 293300.595888 283616.150741 283616.150741 275315.187562 275315.187562 271164.715225 271164.715225 268397.730142 268397.730142 265630.731842 265630.731842
564270.99297 490344.177084 472026.734161 472026.734161 457936.361145 457936.361145 445255.051813 445255.051813 432573.734406 432573.734406 421301.453761 421301.453761 411438.196419 -1.0 404393.020679 404393.020679 408620.144429 408620.144429 412847.257411 412847.257411 417074.330011 417074.330011 419892.422382 419892.422382 418483.401771 418483.401771 412847.257411 412847.257411 402984.000069 402984.000069 393120.740035 393120.740035 383257.514998 383257.514998 373394.257656 373394.257656 366349.092685 366349.092685 360712.945632 360712.945632 353667.780661 353667.780661 346622.596845 346622.596845 339577.431874 339577.431874 335350.329661 335350.329661 331123.213988 331123.213988 326896.122543 326896.122543 321259.97549 321259.97549 315623.83113 315623.83113 308578.658083 308578.658083 298715.403433 298715.403433 288852.167627 288852.167627 280397.955125 280397.955125 276170.858296 276170.858296 273352.790154 273352.790154 270534.708551 270534.708551
635656.331016 575227.404681 553710.1482 553710.1482 535061.887389 535061.887389 519282.597579 519282.597579 504937.75079 504937.75079 492027.415538 492027.415538 483420.538161 483420.538161 480551.591825 480551.591825 483420.538161 483420.538161 486289.481756 486289.481756 484855.005847 484855.005847 487723.993294 487723.993294 489158.46098 489158.46098 484855.005847 484855.005847 469075.721519 469075.721519 456165.389008 456165.389008 443255.020868 443255.020868 433213.6621 433213.6621 424606.740871 424606.740871 415999.871716 415999.871716 407392.983375 407392.983375 400220.546277 400220.546277 391613.668899 391613.668899 387310.211025 387310.211025 383006.788781 383006.788781 377268.854998 377268.854998 368661.941991 368661.941991 360055.061873 360055.061873 350013.672957 350013.672957 337103.337706 337103.337706 324193.002454 324193.002454 312717.134889 312717.134889 311282.667203 311282.667203 311282.667203 311282.667203 311282.667203 311282.667203
711458.33254 683156.111082 603065.830213 563484.332169 544506.889144 544506.889144 528449.060677 528449.060677 513850.996257 513850.996257 500712.765613 500712.765613 491953.958199 491953.958199 489034.368744 489034.368744 491953.958199 491953.958199 494873.544865 494873.544865 493413.747348 493413.747348 496333.378641 496333.378641 497793.16779 497793.16779 493413.747348 493413.747348 477355.92446 477355.92446 464217.696604 464217.696604 451079.43249 451079.43249 440860.821981 440860.821981 432101.969942 432101.969942 423343.170895 423343.170895 414584.352325 414584.352325 407285.30617 407285.30617 398526.498756 398526.498756 394147.075525 394147.075525 389767.688553 389767.688553 383928.467805 383928.467805 375169.624133 375169.624133 366410.81393 366410.81393 356192.172741 356192.172741 343053.942097 343053.942097 329915.711452 329915.711452 318237.269957 318237.269957 316777.480808 316777.480808 316777.480808 316777.480808 316777.480808 316777.480808
835649.458158 835649.458158 780658.782176 664955.546608 637074.054924 637074.054924 617768.779157 617768.779157 599948.523511 599948.523511 586583.32823 586583.32823 577673.193314 577673.193314 576188.17603 576188.17603 582128.265028 582128.265028 585098.288247 585098.288247 580643.250581 580643.250581 582128.265028 582128.265028 582128.265028 582128.265028 576188.17603 576188.17603 556882.9031 556882.9031 540547.653389 540547.653389 527182.469458 527182.469458 515302.299973 515302.299973 501937.107529 501937.107529 488571.92076 488571.92076 476691.754113 476691.754113 466296.627448 466296.627448 455901.466736 455901.466736 451446.400696 451446.400696 448476.368965 448476.368965 442536.279967 442536.279967 430656.113319 430656.113319 415805.912103 415805.912103 400955.67684 400955.67684 384620.472526 384620.472526 371255.254547 371255.254547 357890.081964 357890.081964 357890.081964 357890.081964 362345.13098 362345.13098 366800.214043 366800.214043
849780.660711 791420.3474 682773.992199 672009.355868 647847.259434 647847.259434 628215.5229 628215.5229 610093.918837 610093.918837 596502.712183 596502.712183 587441.902938 587441.902938 585931.773353 585931.773353 591972.311888 591972.311888 594992.559516 594992.559516 590462.185189 590462.185189 591972.311888 591972.311888 591972.311888 591972.311888 585931.773353 585931.773353 566300.039705 566300.039705 549688.553685 549688.553685 536097.358572 536097.358572 524016.290158 524016.290158 510425.086389 510425.086389 496833.888391 496833.888391 484752.822862 484752.822862 474181.91 474181.91 463610.962515 463610.962515 459080.559335 459080.559335 456060.303051 456060.303051 450019.764516 450019.764516 437938.698988 437938.698988 422837.37429 422837.37429 407736.014969 407736.014969 391124.575114 391124.575114 377533.345377 377533.345377 363942.161805 363942.161805 363942.161805 363942.161805 368472.547673 368472.547673 373002.968165 373002.968165
852964.498416 827429.805211 795192.2726 795192.2726 767560.077069 767560.077069 742998.146344 742998.146344 724576.742295 724576.742295 709225.509194 709225.509194 698479.70703 698479.70703 700014.811569 700014.811569 710760.666527 710760.666527 718436.247881 718436.247881 710760.666527 710760.666527 704620.172114 704620.172114 700014.811569 700014.811569 686198.71527 686198.71527 663171.909615 663171.909615 647820.717576 647820.717576 638610.011152 638610.011152 623258.786851 623258.786851 601767.117997 601767.117997 578740.300609 578740.300609 563389.099772 563389.099772 549573.035736 549573.035736 535756.948237 535756.948237 531151.57596 531151.57596 531151.57596 531151.57596 528081.358083 528081.358083 511195.017511 511195.017511 488168.235319 488168.235319 466676.531269 466676.531269 448255.077359 448255.077359 432903.885321 432903.885321 417552.693282 417552.693282 420622.922891 420622.922891 428298.513044 428298.513044 434439.001592 434439.001592
840835.600038 -1.0 -1.0 808075.763607 779995.878687 779995.878687 755036.002176 755036.002176 736316.139501 736316.139501 720716.189857 720716.189857 709796.287101 709796.287101 711356.26299 711356.26299 722276.219395 722276.219395 730076.158451 730076.158451 722276.219395 722276.219395 716036.238345 716036.238345 711356.26299 711356.26299 697316.32202 697316.32202 673916.442262 673916.442262 658316.534345 658316.534345 648956.598537 648956.598537 633356.657834 633356.657834 611516.78675 611516.78675 588116.89507 588116.89507 572516.978211 572516.978211 558477.070028 558477.070028 544437.138 544437.138 539757.150722 539757.150722 539757.150722 539757.150722 536637.190003 536637.190003 519477.261489 519477.261489 496077.405575 496077.405575 474237.498725 474237.498725 455517.58538 455517.58538 439917.677463 439917.677463 424317.769547 424317.769547 427437.742188 427437.742188 435237.690186 435237.690186 441477.665275 441477.665275
974620.184314 974620.184314 -1.0 -1.0 -1.0 906475.989698 881120.009743 881120.009743 863687.759898 863687.759898 851009.763865 851009.763865 844670.823377 844670.823377 849425.068105 849425.068105 866857.327033 866857.327033 881120.009743 881120.009743 866857.327033 866857.327033 847840.287565 847840.287565 833577.607884 833577.607884 811391.1012 811391.1012 787619.850311 787619.850311 773357.134295 773357.134295 770187.657996 770187.657996 749585.91974 749585.91974 724229.939785 724229.939785 700458.737341 700458.737341 681441.755403 681441.755403 664009.502531 664009.502531 646577.301132 646577.301132 640238.303115 640238.303115 638653.522575 638653.522575 635484.046276 635484.046276 613297.578954 613297.578954 581602.597955 581602.597955 553077.1417 553077.1417 532475.415556 532475.415556 515043.174795 515043.174795 497610.961284 497610.961284 499195.693379 499195.693379 505534.691395 505534.691395 508704.176778 508704.176778
989768.153121 989768.153121 954361.801959 954361.801959 920564.831934 920564.831934 894814.758362 894814.758362 877111.568944 877111.568944 864236.526008 864236.526008 857799.062963 857799.062963 862627.200221 862627.200221 880330.398863 880330.398863 894814.758362 894814.758362 880330.398863 880330.398863 861017.788336 861017.788336 846533.431912 846533.431912 824002.092938 824002.092938 799861.378977 799861.378977 785376.985654 785376.985654 782158.247982 782158.247982 761236.308593 761236.308593 735486.235021 735486.235021 711345.570258 711345.570258 692033.018154 692033.018154 674329.825662 674329.825662 656626.685442 656626.685442 650189.163974 650189.163974 648579.75209 648579.75209 645361.014417 645361.014417 622829.715416 622829.715416 590642.117302 590642.117302 561673.306057 561673.306057 540751.378967 540751.378967 523048.198774 523048.198774 505345.046255 505345.046255 506954.408942 506954.408942 513391.93041 513391.93041 516610.677306 516610.677306
1120851.78761 1120851.78761 1084906.14713 1084906.14713 1048960.43174 1048960.43174 1019550.33814 1019550.33814 1006479.17883 1006479.17883 999943.622597 999943.622597 1003211.39135 1003211.39135 1016282.54753 1016282.54753 1035889.26307 1035889.26307 1052228.20049 1052228.20049 1032621.49432 1032621.49432 998309.707002 998309.707002 970533.525874 970533.525874 939489.494827 939489.494827 921516.654299 921516.654299 911713.254385 911713.254385 910079.413713 910079.413713 890472.623251 890472.623251 867598.142079 867598.142079 847991.370348 847991.370348 826750.729849 826750.729849 803876.208095 803876.208095 779367.808207 779367.808207 769564.427024 769564.427024 764662.761407 764662.761407 756493.308305 756493.308305 730350.961606 730350.961606 689503.599323 689503.599323 653557.918267 653557.918267 629049.48404 629049.48404 607808.840419 607808.840419 586568.221772 586568.221772 584934.343639 584934.343639 586568.221772 586568.221772 584934.343639 584934.343639
1137576.20292 1137576.20292 1101094.21159 1101094.21159 1064612.14422 1064612.14422 1034763.21773 1034763.21773 1021497.0215 1021497.0215 1014863.94714 1014863.94714 1018180.47481 1018180.47481 1031446.66788 1031446.66788 1051345.93847 1051345.93847 1067928.67189 1067928.67189 1048029.4108 1048029.4108 1013205.65162 1013205.65162 985015.017489 985015.017489 953507.773309 953507.773309 935266.757048 935266.757048 925317.07898 925317.07898 923658.8595 923658.8595 903759.512868 903759.512868 880543.717771 880543.717771 860644.390148 860644.390148 839086.814532 839086.814532 815870.978246 815870.978246 790996.884461 790996.884461 781047.225403 781047.225403 776072.42122 776072.42122 767781.070355 767781.070355 741248.649367 741248.649367 699791.796821 699791.796821 663309.764299 663309.764299 638435.635663 638435.635663 616878.056877 616878.056877 595320.503439 595320.503439 593662.245939 593662.245939 595320.503439 595320.503439 593662.245939 593662.245939
