critload/trunk/input/1999/ndep.asc
ncols 720
nrows 360
xllcorner -180
yllcorner -90
cellsize 0.5
NODATA_value -1.0
[rows 217 to 247 of 360, columns 210 to 279 of 720]
-1.0 -1.0 -1.0 -1.0 -1.0 -1.0 -1.0 -1.0 -1.0 580916.16 663065.92 663065.92 777488.8 777488.8 900112.027475 900112.027475 1153583.80929 1153583.80929 1401359.58494 1401359.58494 1575087.4505 1575087.4505 1637743.47733 1637743.47733 1660527.34946 1660527.34946 1697551.48934 1697551.48934 1805775.26044 1805775.26044 1913999.28971 1913999.28971 2042159.14109 2042159.14109 2143682.50197 2052175.33273 2200561.3352 2200561.3352 2223196.58667 2223196.58667 2172896.22408 2172896.22408 2110020.68135 2110020.68135 2099960.5748 2099960.5748 2150261.07822 2150261.07822 2200561.3352 2200561.3352 2245831.84989 2245831.84989 2260921.84542 2260921.84542 2228226.5754 2228226.5754 2185471.33967 2185471.33967 2150261.07822 2150261.07822 2054690.36524 2054690.36524 1901274.06891 1901274.06891 1762947.90308 1762947.90308 1622106.78102 1622106.78102 1441025.40292 1441025.40292
-1.0 -1.0 -1.0 -1.0 -1.0 -1.0 -1.0 -1.0 -1.0 468019.2 538222.08 538222.08 640601.28 640601.28 754680.96 754680.96 1045063.89386 1045063.89386 1329009.48688 1329009.48688 1559005.37762 1559005.37762 1652707.4139 1652707.4139 1664065.26874 1664065.26874 1692459.8532 1692459.8532 1800359.0179 1800359.0179 1919616.21881 1919616.21881 2067267.92811 2067267.92811 2111177.67666 2066079.67417 2193960.97126 2193960.97126 2221543.23235 2221543.23235 2198976.03685 2198976.03685 2166378.83888 2166378.83888 2181423.71388 2181423.71388 2261662.93217 2261662.93217 2334379.79485 2334379.79485 2377006.79053 2377006.79053 2379514.27944 2379514.27944 2344409.62766 2344409.62766 2286737.63413 2286737.63413 2239095.70157 2239095.70157 2126259.15077 2126259.15077 1948228.32689 1948228.32689 1775212.48084 1775212.48084 1594674.2441 1594674.2441 1374016.27829 1374016.27829
-1.0 -1.0 -1.0 -1.0 -1.0 -1.0 -1.0 -1.0 -1.0 466574.4 536560.56 536560.56 638623.71 638623.71 752351.22 752351.22 1041837.7264 1041837.7264 1324906.76437 1324906.76437 1554192.64564 1554192.64564 1647605.41879 1647605.41879 1658928.21133 1658928.21133 1687235.14021 1687235.14021 1794801.21449 1794801.21449 1913690.26211 1913690.26211 2060886.16279 2045476.3418 2064106.65176 2059701.57704 2187188.09782 2187188.09782 2214685.211 2214685.211 2192187.68163 2192187.68163 2159691.11294 2159691.11294 2174689.54362 2174689.54362 2254681.05919 2254681.05919 2327173.44108 2327173.44108 2369668.84497 2369668.84497 2372168.59313 2372168.59313 2337172.31127 2337172.31127 2279678.35422 2279678.35422 2232183.49483 2232183.49483 2119695.27642 2119695.27642 1942214.0431 1942214.0431 1769732.30611 1769732.30611 1589751.40045 1589751.40045 1369774.61743 1369774.61743
-1.0 -1.0 -1.0 -1.0 -1.0 -1.0 -1.0 -1.0 -1.0 380797.35 441841.2 441841.2 534860.4 534860.4 642413.85 642413.85 948241.468823 948241.468823 1250165.5718 1250165.5718 1529515.97299 1529515.97299 1650849.9326 1650849.9326 1645206.38797 1645206.38797 1664958.52674 1664958.52674 1794757.66957 1794757.66957 1944308.85234 1944308.85234 2127720.76221 2111715.91354 2112441.38191 2107995.17461 2207667.70079 2207667.70079 2235077.70334 2235077.70334 2240061.30581 2240061.30581 2247536.81708 2247536.81708 2302356.65938 2302356.65938 2411996.54748 2411996.54748 2506685.50607 2506685.50607 2544062.65543 2544062.65543 2516652.83311 2516652.83311 2466816.53513 2466816.53513 2382094.73498 2382094.73498 2304848.4519 2304848.4519 2170290.55144 2170290.55144 1973437.21601 1973437.21601 1764124.68546 1764124.68546 1547336.72504 1547336.72504 1295663.56475 1295663.56475
-1.0 -1.0 -1.0 -1.0 -1.0 -1.0 -1.0 -1.0 -1.0 379556.78 440401.76 440401.76 533117.92 533117.92 640320.98 640320.98 945152.266865 945152.266865 1246092.75485 1246092.75485 1524533.08214 1524533.08214 1645471.7573 1645471.7573 1639846.59833 1639846.59833 1659534.38815 1659534.38815 1788910.66848 1788910.66848 1937974.64011 1937974.64011 2120789.02662 2120789.02662 2119106.20513 2101127.70147 2200475.5123 2200475.5123 2227796.21793 2227796.21793 2232763.58472 2232763.58472 2240214.74209 2240214.74209 2294855.99111 2294855.99111 2404138.69197 2404138.69197 2498519.17078 2498519.03171 2535774.55203 2535774.55203 2508454.02604 2508454.02604 2458780.08585 2458780.08585 2374334.29425 2374334.29425 2297339.66581 2297339.66581 2163220.13104 2163220.13104 1967008.10875 1967008.10875 1758377.48118 1758377.48118 1542295.77735 1542295.77735 1291442.52343 1291442.52343
-1.0 -1.0 -1.0 -1.0 -1.0 -1.0 -1.0 -1.0 -1.0 326308.97 381175.08 381175.08 467805.78 467805.78 571762.62 571762.62 860531.62 860531.62 1143816.04193 1143816.04193 1432537.63761 1432537.63761 1569890.62402 1569890.62402 1578299.88339 1578299.88339 1620346.69428 1620346.69428 1788534.0822 1788534.0822 1976343.27747 1976343.27747 2183774.28008 2183774.28008 2205179.59408 2158460.78954 2255000.9905 2255000.9905 2277279.64591 2277279.64591 2282230.34208 2282230.34208 2299558.07031 2299558.07031 2371344.44393 2371344.44393 2487687.75874 2487687.75874 2584227.97702 2584227.97702 2594129.58304 2594129.58304 2537195.5347 2537195.5347 2462933.79279 2462933.79279 2341639.74716 2341639.74716 2210444.10707 2210444.10707 2044592.87768 2044592.87768 1844086.22649 1844086.22649 1628727.20958 1628727.20958 1408417.51962 1408417.51962 1170780.05522 -1.0
-1.0 -1.0 -1.0 -1.0 -1.0 -1.0 -1.0 -1.0 -1.0 325189.14 379866.96 379866.96 466200.36 466200.36 569800.44 569800.44 857578.44 857578.44 1139890.68396 1139890.68396 1427621.44232 1427621.44232 1564503.05953 1564503.05953 1572883.45994 1572883.45994 1614785.9742 1614785.9742 1782396.17517 1782396.17517 1969560.84518 1969560.84518 2176279.98426 2176279.98426 2174112.87203 2151053.36478 2247262.25823 2247262.25823 2269464.45755 2269464.45755 2274398.16387 2274398.16387 2291666.42665 2291666.42665 2363206.44316 2363206.44316 2479150.48996 2479150.48996 2575359.40067 2575359.40067 2585227.02627 2585227.02627 2528488.3647 2528488.3647 2454481.47488 2454481.47488 2333603.68723 2333603.68723 2202858.28549 2202858.28549 2037576.22582 2037576.22582 1837757.67512 1837757.67512 1623137.72919 1623137.72919 1403584.09996 1403584.09996 -1.0 -1.0
-1.0 -1.0 -1.0 -1.0 -1.0 -1.0 -1.0 -1.0 -1.0 275294.4 324044.45 324044.45 407206.3 407206.3 504706.4 504706.4 765662.55 765662.55 1024531.46374 1024531.46374 1311249.31958 1311249.31958 1472702.12679 1472702.12679 1500538.82975 1500538.82975 1575697.82566 1575697.82566 1784473.03479 1784473.03479 2007166.42334 2007166.42334 2235427.26833 2235427.26833 2346245.34861 2306723.71749 2406653.34218 2406571.79769 2354797.1512 2327847.45253 2318014.53877 2318014.53877 2340138.49293 2340138.49293 2413884.75254 2413884.75254 2526962.59837 2526962.59837 2612999.96147 2612999.96147 2590876.0876 2590876.0876 2517129.70755 2517129.70755 2426175.83309 2426175.83309 2281141.40037 2281141.40037 2089400.81797 2089400.81797 1892743.93642 1892743.93642 1688712.35378 1688712.35378 1469931.51806 1469931.51806 1251150.65367 1251150.65367 -1.0 -1.0
-1.0 -1.0 -1.0 -1.0 -1.0 -1.0 -1.0 -1.0 -1.0 274300.8 322874.9 322874.9 405736.6 405736.6 502884.8 502884.8 762899.1 762899.1 1020833.69705 1020833.69705 1306516.72304 1306516.72304 1467386.81041 1467386.81041 1495123.04439 1495123.04439 1570010.77442 1570010.77442 1778032.46641 1778032.46641 1999922.10395 1999922.10395 2227359.10373 2227359.10373 2382682.06888 2382682.06888 2493626.89622 2493626.89622 2449078.60049 2319445.7225 2309648.29796 2309648.29796 2331692.40174 2331692.40174 2405172.49435 2405172.49435 2517842.21656 2517842.21656 2603569.05128 2603569.05128 2581525.0275 2581525.0275 2508044.81488 2508044.81488 2417419.2136 2417419.2136 2272908.24308 2272908.24308 2081859.69599 2081859.69599 1885912.59377 1885912.59377 1682617.40744 1682617.40744 1464626.20144 1464626.20144 1246634.96687 -1.0 -1.0 -1.0
-1.0 -1.0 -1.0 -1.0 -1.0 -1.0 -1.0 -1.0 253359.86 253359.86 301754.44 301754.44 381463.16 381463.16 475405.58 475405.58 731612.18 731612.18 989427.216567 989427.216567 1243657.35915 1243657.35915 1403932.83505 1403932.83505 1481307.21686 1481307.21686 1597368.74403 1597368.74403 1832255.4705 1832255.4705 2075432.06327 2075432.06327 2313081.88683 2313081.88683 2459540.53934 2459540.53934 2559021.91829 2559021.91829 2561507.64042 2381641.76524 2374320.91785 2374320.91785 2406044.65819 2406044.65819 2481693.59104 2481693.59104 2569543.97036 2569543.97036 2628110.79501 2628110.79501 2550021.60248 2550021.60248 2430447.61377 2430447.61377 2323074.94059 2323074.94059 2142493.64549 2142493.64549 1886263.40047 1886263.40047 1656876.56429 1656876.56429 1454332.71564 -1.0 -1.0 -1.0 -1.0 -1.0 -1.0 -1.0
-1.0 -1.0 -1.0 -1.0 -1.0 -1.0 -1.0 -1.0 -1.0 252400.44 300611.76 300611.76 380018.64 380018.64 473605.32 473605.32 728841.72 728841.72 985680.46576 985680.46576 1238947.89276 1238947.89276 1398616.43947 1398616.43947 1475697.82092 1475697.82092 1591319.84773 1591319.84773 1825317.10804 1825317.10804 2067572.84268 2067572.84268 2304322.7368 2304322.7368 2450226.78149 2450226.78149 2549331.44558 2549331.44558 2574107.70235 2389371.73086 2398728.84476 2373715.51874 2396933.47789 2396933.47789 2472295.94429 2472295.94429 2559813.65287 2559813.65287 2618158.69739 2618158.69739 2540365.21205 2540365.21205 2421244.02466 2421244.02466 2314277.94899 2314277.94899 2134380.47692 2134380.47692 1879120.52143 1879120.52143 -1.0 -1.0 -1.0 -1.0 -1.0 -1.0 -1.0 -1.0 -1.0 -1.0
-1.0 -1.0 -1.0 -1.0 -1.0 -1.0 -1.0 -1.0 254246.4 254246.4 310745.6 310745.6 392669.44 392669.44 485893.12 485893.12 759914.24 759914.24 1025732.87959 1025732.87959 1267049.00263 1267049.00263 1423356.1073 1423356.1073 1541271.92647 1541271.92647 1681125.61661 1681125.61661 1925183.96222 1925183.96222 2171984.60385 2171984.60385 2405074.11002 2405074.11002 2531216.63646 2531216.63646 2607999.04361 2607999.04361 2643648.01049 2643648.01049 2649132.45563 2522302.36218 2479657.8169 2479657.8169 2545041.437 2545041.437 2603160.28827 2603160.28827 2624954.77557 2624954.77557 2486922.59704 2486922.59704 2290771.73108 2290771.73108 2130945.05395 2130945.05395 1898469.74493 -1.0 -1.0 -1.0 -1.0 -1.0 -1.0 -1.0 -1.0 -1.0 -1.0 -1.0 -1.0 -1.0
-1.0 -1.0 -1.0 -1.0 -1.0 -1.0 -1.0 -1.0 253237.5 253237.5 309512.5 309512.5 391111.25 391111.25 483965.0 483965.0 756898.75 756898.75 1021662.56866 1021662.56866 1262021.10159 1262021.10159 1417707.94876 1417707.94876 1535155.85463 1535155.85463 1674454.57767 1674454.57767 1917544.4515 1917544.4515 2163365.73937 2163365.73937 2395530.30028 2395530.30028 2521172.26822 2521172.26822 2597649.98759 2597649.98759 2633157.49232 2633157.49232 2638620.1741 2475540.86285 2469818.04426 2469818.04426 2534942.20922 2534942.20922 2592830.4334 2592830.4334 2614538.43586 2614538.43586 2477053.99631 2477053.99631 2281681.49579 2281681.49579 2122489.04252 2122489.04252 -1.0 -1.0 -1.0 -1.0 -1.0 -1.0 -1.0 -1.0 -1.0 -1.0 -1.0 -1.0 -1.0 -1.0
-1.0 -1.0 -1.0 -1.0 -1.0 -1.0 -1.0 -1.0 257813.44 257813.44 319464.48 319464.48 411941.04 411941.04 518429.2 518429.2 809870.48 809870.48 1090959.18285 1090959.18285 1335781.89682 1335781.89682 1504437.42988 1504437.42988 1648610.88659 1648610.88659 1800944.97937 1800944.97937 2032166.30815 2032166.30815 2266108.04512 2266108.04512 2481007.97845 2481007.97845 2589818.01189 2589818.01189 2646943.32191 2646943.32191 2687747.07954 2687747.07954 2703741.58997 2494472.60482 2536655.84371 2536655.84371 2589504.43228 2589504.43228 2608722.17678 2608722.17678 2591906.75473 2591906.75473 2387718.82972 2387718.82972 2118671.45491 2118671.45491 1866439.39565 -1.0 -1.0 -1.0 -1.0 -1.0 -1.0 -1.0 -1.0 -1.0 -1.0 -1.0 -1.0 -1.0 -1.0 -1.0
-1.0 -1.0 -1.0 -1.0 -1.0 -1.0 -1.0 -1.0 256742.56 256742.56 318137.52 318137.52 410229.96 410229.96 516275.8 516275.8 806506.52 806506.52 1086427.66436 1086427.66436 1330233.45793 1330233.45793 1498188.4463 1498188.4463 1641763.04954 1641763.04954 1793464.39202 1793464.39202 2023725.29648 2023725.29648 2256695.30937 2256695.30937 2470702.61258 2470702.61258 2579060.68166 2579060.68166 2635948.7102 2635948.7102 2676582.98122 2676582.98122 2687779.67496 2662487.43515 2576256.15989 2526119.33324 2578748.40457 2578748.40457 2597886.32429 2597886.32429 2581140.74849 2581140.74849 2377800.9591 2377800.9591 2109871.1267 2109871.1267 -1.0 -1.0 -1.0 -1.0 -1.0 -1.0 -1.0 -1.0 -1.0 -1.0 -1.0 -1.0 -1.0 -1.0 -1.0 -1.0
-1.0 -1.0 -1.0 -1.0 -1.0 -1.0 -1.0 -1.0 272325.34 272325.34 341796.09 341796.09 447391.63 447391.63 564102.49 564102.49 868715.861631 868715.861631 1157342.97996 1157342.97996 1397416.00741 1397416.00741 1586237.43366 1586237.43366 1764269.22435 1764269.22435 1936906.04441 1936906.04441 2139214.70547 2139214.70547 2341523.50547 2341523.50547 2530345.0262 2530345.0262 2632848.11189 2632848.11189 2689494.57811 2689494.57811 2754233.33631 2754233.33631 2808182.19774 2808182.19774 2774078.76758 2622586.04276 2646406.85711 2646406.85711 2591619.07802 2591619.07802 2501100.29694 2501100.29694 2234308.04652 2234308.04652 1924638.54369 -1.0 -1.0 -1.0 -1.0 -1.0 -1.0 -1.0 -1.0 -1.0 -1.0 -1.0 -1.0 -1.0 -1.0 -1.0 -1.0 -1.0
-1.0 -1.0 -1.0 -1.0 -1.0 -1.0 -1.0 -1.0 271142.48 271142.48 340311.48 340311.48 445448.36 445448.36 561652.28 561652.28 864942.5468 864942.5468 1152315.99747 1152315.99747 1391346.2546 1391346.2546 1579347.52466 1579347.52466 1756606.02453 1756606.02453 1928492.98713 1928492.98713 2129922.90946 2129922.90946 2331352.97013 2331352.97013 2519354.33427 2519354.33427 2621412.1922 2621412.1922 2677812.6114 2677812.6114 2742270.17327 2742270.17327 2795984.70486 2795984.70486 2742537.54742 2611194.69692 2634912.04427 2634912.04427 2580362.23889 2580362.23889 2490236.63108 2490236.63108 2224603.20739 2224603.20739 1916278.77097 -1.0 -1.0 -1.0 -1.0 -1.0 -1.0 -1.0 -1.0 -1.0 -1.0 -1.0 -1.0 -1.0 -1.0 -1.0 -1.0 -1.0
-1.0 -1.0 -1.0 -1.0 -1.0 -1.0 -1.0 -1.0 294730.43 294730.43 374610.64 374610.64 490299.22 490299.22 619760.25 619760.25 922604.614247 922604.614247 1214051.26247 1214051.26247 1441326.24314 1441326.24314 1647210.61472 1647210.61472 1866464.08531 1866464.08531 2050957.72108 2050957.72108 2214061.01218 2214061.01218 2369142.69954 2369142.69954 2513529.14294 2513529.14294 2620482.00665 2620482.00665 2703370.53841 2703370.53841 2810323.15973 2810323.15973 2909254.82185 2855667.39231 2759089.51902 2710591.36233 2698785.41436 2698785.41436 2552390.45744 2552390.45744 2375299.77798 2375299.77798 2068342.56903 2068342.56903 1744857.09792 1744857.09792 -1.0 -1.0 -1.0 -1.0 -1.0 -1.0 -1.0 -1.0 -1.0 -1.0 -1.0 -1.0 -1.0 -1.0 -1.0 -1.0
-1.0 -1.0 -1.0 -1.0 -1.0 -1.0 -1.0 246780.0 293394.0 293394.0 372912.0 372912.0 488076.0 488076.0 616950.0 616950.0 918421.142304 918421.142304 1208546.25055 1208546.25055 1434790.67221 1434790.67221 1639741.47866 1639741.47866 1858000.76309 1858000.76309 2041657.8282 2041657.8282 2204021.54134 2204021.54134 2358400.02401 2358400.02401 2502131.7594 2502131.7594 2608599.65447 2608599.65447 2691112.33525 2691112.33525 2797579.98902 2766139.72346 2712291.40615 2653640.85424 2698300.41696 2698300.41696 2686548.00205 2686548.00205 2540816.86058 2540816.86058 2364529.1837 2364529.1837 2058963.84604 2058963.84604 1736945.19221 1736945.19221 -1.0 -1.0 -1.0 -1.0 -1.0 -1.0 -1.0 -1.0 -1.0 -1.0 -1.0 -1.0 -1.0 -1.0 -1.0 -1.0
-1.0 -1.0 -1.0 -1.0 -1.0 -1.0 -1.0 278389.62 327517.2 327517.2 412125.81 412125.81 529486.14 529486.14 663222.33 663222.33 956560.746598 956560.746598 1237395.04232 1237395.04232 1462592.38098 1462592.38098 1685140.29108 1685140.29108 1928883.26936 1928883.26936 2119638.69184 2119638.69184 2241510.16734 2241510.16734 2352784.05416 2352784.05416 2450811.2076 2450811.2076 2567383.95699 2567383.95699 2668060.3916 2668060.3916 2712730.36972 2571209.51619 2653057.94223 2653057.94223 2678793.83441 2678793.83441 2615624.05272 2615624.05272 2400378.56981 2400378.56981 2161736.95032 2161736.95032 1855246.33272 1855246.33272 1555774.53973 -1.0 -1.0 -1.0 -1.0 -1.0 -1.0 -1.0 -1.0 -1.0 -1.0 -1.0 -1.0 -1.0 -1.0 -1.0 -1.0 -1.0
-1.0 -1.0 -1.0 -1.0 -1.0 -1.0 -1.0 277073.82 325969.2 325969.2 410177.91 410177.91 526983.54 526983.54 660087.63 660087.63 952039.591569 952039.591569 1231546.5326 1231546.5326 1455679.48295 1455679.48295 1677175.52719 1677175.52719 1919766.46175 1919766.46175 2109620.28458 2109620.28458 2230915.73828 2230915.73828 2341663.69249 2341663.69249 2439227.5236 2439227.5236 2555249.29546 2555249.29546 2655449.886 2583823.92939 2547375.74848 2547375.74848 2640518.34524 2640518.34524 2666132.59752 2666132.59752 2603261.38586 2603261.38586 2389033.25413 2389033.25413 2151519.56693 2151519.56693 1846477.56783 1846477.56783 1548421.21909 -1.0 -1.0 -1.0 -1.0 -1.0 -1.0 -1.0 -1.0 -1.0 -1.0 -1.0 -1.0 -1.0 -1.0 -1.0 -1.0 -1.0
-1.0 -1.0 -1.0 -1.0 -1.0 -1.0 -1.0 321692.7 375758.7 375758.7 454154.4 454154.4 564989.7 564989.7 692044.8 692044.8 963189.682752 963189.682752 1225602.81459 1225602.81459 1467022.96747 1467022.96747 1716315.49759 1716315.49759 1968232.24538 1968232.24538 2162417.85903 2162417.85903 2259510.79831 2259510.79831 2346107.14809 2346107.14809 2422207.0165 2422207.0165 2540292.8969 2540292.8969 2586640.8943 2431892.23754 2502639.00967 2502639.00967 2544350.91785 2544350.91785 2511908.21987 2511908.21987 2400676.59446 2400676.59446 2159674.59885 2159674.59885 1909403.09566 1909403.09566 1624371.85281 -1.0 -1.0 -1.0 -1.0 -1.0 -1.0 -1.0 -1.0 -1.0 -1.0 -1.0 -1.0 -1.0 -1.0 -1.0 -1.0 -1.0 -1.0 -1.0
-1.0 -1.0 -1.0 -1.0 -1.0 -1.0 -1.0 320108.81 373908.61 373908.61 451918.32 451918.32 562207.91 562207.91 688637.44 688637.44 958447.310586 958447.310586 1219568.42201 1219568.42201 1459799.91575 1459799.91575 1707865.02622 1707865.02622 1958541.43371 1958541.43371 2151770.95276 2151770.95276 2248385.8441 2248385.8441 2334555.82706 2334555.82706 2410281.00925 2410281.00925 2527785.48061 2469111.41873 2419564.17012 2414221.72086 2490317.01878 2490317.01878 2531823.39232 2531823.39232 2499540.55871 2499540.55871 2388856.59466 2388856.59466 2149041.19933 2149041.19933 1900001.93589 1900001.93589 1616374.07625 -1.0 -1.0 -1.0 -1.0 -1.0 -1.0 -1.0 -1.0 -1.0 -1.0 -1.0 -1.0 -1.0 -1.0 -1.0 -1.0 -1.0 -1.0 -1.0
-1.0 -1.0 -1.0 -1.0 -1.0 -1.0 377380.86 377380.86 438939.44 438939.44 500498.02 500498.02 599527.04 599527.04 714614.82 714614.82 971813.060332 971813.060332 1229022.80944 1229022.80944 1488830.48051 1488830.48051 1753834.41837 1753834.41837 2013642.36244 2013642.36244 2213694.25273 2213694.25273 2302028.9308 2302028.9308 2372176.97753 2372176.97753 2426736.6521 2426736.6521 2522658.50009 2439183.46509 2521394.14039 2398468.43293 2431904.90171 2431904.90171 2422727.56125 2422727.56125 2310305.8887 2310305.8887 2142820.63376 2142820.63376 1888151.09142 1888151.09142 1635775.97118 1635775.97118 -1.0 -1.0 -1.0 -1.0 -1.0 -1.0 -1.0 -1.0 -1.0 -1.0 -1.0 -1.0 -1.0 -1.0 -1.0 -1.0 -1.0 -1.0 -1.0 -1.0
-1.0 -1.0 -1.0 -1.0 -1.0 -1.0 375446.34 375446.34 436689.36 436689.36 497932.38 497932.38 596453.76 596453.76 710951.58 710951.58 966831.377367 966831.377367 1222722.62452 1222722.62452 1481198.47622 1481198.47622 1744843.95776 1744843.95776 2003320.08106 2003320.08106 2202346.47053 2202346.47053 2290228.32966 2290228.32966 2360016.78528 2360016.78528 2414296.77746 2414296.77746 2515102.4369 2515102.4369 2590060.52768 2549277.08585 2436925.96152 2419438.53373 2410308.23791 2410308.23791 2298462.85844 2298462.85844 2131836.16207 2131836.16207 1878472.10015 1878472.10015 1627390.69873 1627390.69873 -1.0 -1.0 -1.0 -1.0 -1.0 -1.0 -1.0 -1.0 -1.0 -1.0 -1.0 -1.0 -1.0 -1.0 -1.0 -1.0 -1.0 -1.0 -1.0 -1.0
-1.0 -1.0 -1.0 -1.0 -1.0 -1.0 434406.48 434406.48 500626.98 500626.98 548305.74 548305.74 638365.62 638365.62 744318.42 744318.42 997774.528322 997774.528322 1249756.8279 1249756.8279 1519737.8117 1519737.8117 1784576.19093 1784576.19093 2039129.66829 2039129.66829 2229401.96333 2229401.96333 2319395.71289 2319395.71289 2378534.4072 2378534.4072 2419674.38021 2419674.38021 2496811.77463 2496811.77463 2530238.00237 2530238.00237 2516375.89558 2448731.32108 2286795.65741 2270552.81239 2079820.28488 2079820.28488 1859569.60926 1859569.60926 1607530.05808 1607530.05808 1366843.78384 -1.0 -1.0 -1.0 -1.0 -1.0 -1.0 -1.0 -1.0 -1.0 -1.0 -1.0 -1.0 -1.0 -1.0 -1.0 -1.0 -1.0 -1.0 -1.0 -1.0 -1.0
-1.0 -1.0 -1.0 -1.0 -1.0 -1.0 432089.16 432089.16 497956.41 497956.41 545380.83 545380.83 634960.29 634960.29 740347.89 740347.89 992451.949179 992451.949179 1243090.07738 1243090.06157 1511630.84509 1511630.84509 1775056.45702 1775056.45702 2028252.03138 2028252.03138 2217509.32821 2217509.32821 2307023.01054 2307023.01054 2365846.2324 2365846.2324 2406766.74625 2406766.74625 2483492.65504 2483492.65504 2516740.57221 2516740.57221 2514183.01012 2514183.01012 2452802.19456 2333925.54559 2068725.58587 2068725.58587 1849649.82664 1849649.82664 1598954.76806 1598954.76806 -1.0 -1.0 -1.0 -1.0 -1.0 -1.0 -1.0 -1.0 -1.0 -1.0 -1.0 -1.0 -1.0 -1.0 -1.0 -1.0 -1.0 -1.0 -1.0 -1.0 -1.0 -1.0
-1.0 -1.0 -1.0 -1.0 -1.0 -1.0 474285.16 474285.16 534553.44 534553.44 576479.2 576479.2 657710.36 657710.36 754663.68 754663.68 999772.128196 999772.128196 1246503.35486 1246503.35486 1505952.69269 1505952.69269 1742509.45977 1742509.45977 1968891.68341 1968891.68341 2134226.98183 2134226.98183 2213079.2218 2213079.2218 2269038.98011 2269038.98011 2302106.0419 2302106.0419 2352978.4656 2352978.4656 2352978.4656 2352978.4656 2312280.48576 2312280.48576 2190186.70346 2190186.70346 1888374.7759 1805896.19876 1565549.5264 1565549.5264 1349911.64348 -1.0 -1.0 -1.0 -1.0 -1.0 -1.0 -1.0 -1.0 -1.0 -1.0 -1.0 -1.0 -1.0 -1.0 -1.0 -1.0 -1.0 -1.0 -1.0 -1.0 -1.0 -1.0 -1.0
-1.0 -1.0 -1.0 -1.0 -1.0 -1.0 471657.04 471657.04 531591.36 531591.36 573284.8 573284.8 654065.84 654065.84 750481.92 750481.92 994232.167542 994232.167542 1239596.20137 1239596.20137 1497607.87247 1497607.87247 1732853.82567 1732853.82567 1957981.61485 1957981.61485 2122400.75346 2122400.75346 2200816.05556 2200816.05556 2256465.72835 2256465.72835 2289349.55816 2289349.55816 2339940.0864 2339940.0864 2339940.0864 2339940.0864 2299467.62316 2299467.62316 2178050.38977 2178050.38977 1930156.78367 1862733.73813 1556874.46682 1556874.46682 -1.0 -1.0 -1.0 -1.0 -1.0 -1.0 -1.0 -1.0 -1.0 -1.0 -1.0 -1.0 -1.0 -1.0 -1.0 -1.0 -1.0 -1.0 -1.0 -1.0 -1.0 -1.0 -1.0 -1.0
-1.0 -1.0 -1.0 -1.0 -1.0 -1.0 497493.12 497493.12 551906.43 551906.43 582999.75 582999.75 652959.72 652959.72 735875.24 735875.24 973520.743703 973520.743703 1209952.16209 1209952.16209 1441352.96113 1441352.96113 1637540.78257 1637540.78257 1823667.59853 1823667.59853 1949429.04499 1949429.04499 2009794.4145 2009794.4145 2052553.35739 2052553.35739 2077705.65601 2077705.65601 2100342.63459 2100342.63459 2077705.65601 2077705.65601 1997218.2911 1997218.2911 1836243.73748 1836243.73748 1602327.64949 1505872.10281 1290419.91747 -1.0 -1.0 -1.0 -1.0 -1.0 -1.0 -1.0 -1.0 -1.0 -1.0 -1.0 -1.0 -1.0 -1.0 -1.0 -1.0 -1.0 -1.0 -1.0 -1.0 -1.0 -1.0 -1.0 -1.0 -1.0
-1.0 -1.0 -1.0 -1.0 -1.0 -1.0 494628.48 494628.48 548728.47 548728.47 579642.75 579642.75 649199.88 649199.88 731637.96 731637.96 967915.06525 967915.06525 1202985.07607 1202985.07607 1433053.43461 1433053.43461 1628111.57714 1628111.57714 1813166.64698 1813166.64698 1938203.94017 1938203.94017 1998221.71682 1998221.71682 2040734.44731 2040734.44731 2065741.91522 2065741.91522 2088248.54669 2088248.54669 2065741.91522 2065741.91522 1985718.00863 1985718.00863 1825670.37063 1825670.37063 1593101.20656 1505283.7224 -1.0 -1.0 -1.0 -1.0 -1.0 -1.0 -1.0 -1.0 -1.0 -1.0 -1.0 -1.0 -1.0 -1.0 -1.0 -1.0 -1.0 -1.0 -1.0 -1.0 -1.0 -1.0 -1.0 -1.0 -1.0 -1.0
