critload/trunk/input/1999/nero_ag.asc
ncols 720
nrows 360
xllcorner -180
yllcorner -90
cellsize 0.5
NODATA_value -9999
[rows 58 to 86 of 360, columns 448 to 511 of 720]
1737.85292231 2787.32839318 2163.67752603 2179.53208811 4191.90596391 2924.0802359 6981.39096502 6766.54937201 4512.58127429 625.824095859 1466.49029197 3580.97085118 517.066744506 0.0 491.682390843 0.0 0.0 487.979155971 0.0 0.0 0.0 0.0 0.0 0.0 1220.15122142 0.0 0.0 0.0 0.0 0.0 0.0 0.0 0.0 0.0 0.0 0.0 0.0 0.0 0.0 74.220644421 0.0 1392.46366305 0.0 0.0 0.0 0.0 0.0 0.0 0.0 0.0 0.0 0.0 0.0 0.0 0.0 0.0 0.0 0.0 0.0 0.0 0.0 0.0 0.0 0.0
26618.9942829 2801.2025063 798.403645183 7385.41104567 3520.28947546 5488.34837557 9286.36557772 5074.46635158 6254.70634874 2867.33893642 1442.37260848 3799.24007224 940.878879898 0.0 0.0 0.0 464.763798296 836.559250247 2893.34532906 978.901215764 3177.65488965 1668.4440232 890.482860496 1928.14958743 9400.83799869 3364.95094109 1517.13127615 0.0 0.0 0.0 0.0 0.0 0.0 0.0 0.0 0.0 0.0 0.0 0.0 0.0 247.928791043 290.852992729 0.0 0.0 0.0 0.0 0.0 0.0 0.0 0.0 0.0 0.0 0.0 0.0 0.0 0.0 0.0 0.0 0.0 0.0 0.0 0.0 0.0 0.0
2647.25730202 9000.57832442 18550.9630018 9079.44507041 3639.32004759 2692.65646948 0.0 3078.80890077 4710.30854828 4353.51095167 6366.26139809 708.775087495 0.0 1152.07979082 0.0 915.098742554 7297.16430316 13051.8832167 4221.26541194 1205.21945216 4427.21070486 1603.87158716 1203.70464798 1638.82585603 4464.94508536 9722.0367505 3795.64821377 1158.59619692 0.0 0.0 0.0 0.0 0.0 5256.46641787 0.0 0.0 451.068035778 0.0 426.991397088 318.804402842 0.0 392.813003937 476.605381622 0.0 66.8890223392 0.0 0.0 0.0 0.0 0.0 0.0 0.0 0.0 0.0 0.0 0.0 0.0 0.0 0.0 0.0 0.0 0.0 0.0 0.0
1006.35609659 516.088884327 534.920936444 1868.78822188 4827.03174007 8038.7894802 1292.81573554 5466.9195906 1662.26390332 3375.73616359 10094.1325187 3311.69732881 1623.86469337 6760.71468798 1842.07474787 1037.12835193 4688.93147298 3325.90126262 5237.08291326 11662.4296805 21073.0128723 33123.6573172 12175.9279748 3024.77076263 4126.03528885 7315.06841787 7801.24248403 0.0 0.0 0.0 0.0 0.0 960.00468444 722.135313167 696.247389191 2646.96347467 614.784777965 0.0 382.472004673 344.256806331 972.333266172 631.400613102 639.277361466 3337.12988378 3319.38983943 3417.30366423 445.628290781 0.0 0.0 0.0 0.0 0.0 0.0 0.0 0.0 0.0 0.0 0.0 0.0 0.0 0.0 0.0 0.0 0.0
5787.47583948 3136.59933834 5249.11550734 3096.47634963 2462.98382771 25253.9007239 9957.92775967 17998.977708 35320.3656186 24280.3559607 24092.5473136 14684.7566919 8782.88050655 5998.32976831 580.897607563 641.60376703 4898.4423495 1445.00450757 24837.7217976 8986.90697863 15642.1356262 44530.7092822 42899.7325098 28407.4082588 4966.27615867 8294.13585433 2232.07618156 18039.5220175 0.0 0.0 0.0 4736.17817821 0.0 1057.01501686 0.0 1961.56352569 904.803704619 374.19037731 366.739720361 678.203728292 716.111146773 1142.88619791 3400.91769333 961.645691888 3309.75312149 1842.55535794 7076.35997305 393.904358011 0.0 0.0 0.0 0.0 0.0 0.0 0.0 0.0 0.0 0.0 0.0 0.0 0.0 0.0 0.0 0.0
9525.7503028 6415.754756 2004.28387841 21539.1375866 2395.95756758 2343.36366306 15500.1500829 41055.6370267 58633.860954 17850.0091742 32375.6226701 67171.9873011 86280.8942431 97063.1166672 93586.5123174 85028.8412326 66141.8227943 57267.229553 62641.7099303 32332.7718479 64356.9454412 80543.6197583 76459.9753621 25766.8094606 10439.649474 8149.76661258 18535.0829355 21707.5391358 4401.96758738 0.0 0.0 10553.325281 4449.78972541 3701.74709616 711.808704188 7143.32076852 2202.32826966 3447.34548862 11288.5200959 7803.20287735 1005.75492095 1467.56005559 13504.1063831 2351.88391927 4175.25992694 2356.41028665 1662.86283064 1625.52742739 2141.06153382 1767.29705848 642.027682168 513.024098169 0.0 0.0 0.0 0.0 0.0 0.0 0.0 0.0 0.0 0.0 0.0 0.0
2443.91206438 1299.69393935 19550.2515636 49438.4961169 73524.0918369 23201.6450773 16755.8264568 30464.7136439 65301.9775811 58514.737476 62813.435223 139644.54246 168031.132241 91167.0931601 72939.7461415 46652.6439763 75058.7430613 58462.9907778 53899.6380128 72340.5198079 75224.829341 96652.3516154 110875.238887 48122.6800919 57216.0756173 51299.605176 96649.6656199 19722.4864486 1287.52260216 0.0 3375.4175952 16081.6080999 34362.6146145 26333.4083042 8512.56187349 21970.9177383 25798.8911905 37554.4252659 29789.9792336 29322.4105836 33774.734173 4577.02734319 2911.76959043 24103.1623022 9155.64633402 5381.17620958 9792.95604829 7657.65219407 4094.45678406 11164.0147689 7949.2518244 1735.00305459 1015.82011192 2607.27440274 912.689472256 2209.82606833 1183.63843967 1649.24067488 0.0 0.0 0.0 0.0 0.0 4110.98061575
14462.1291052 14396.3415992 23637.2228062 22403.0985681 52561.3620155 116498.31466 96109.0285999 139169.204284 170457.693192 197130.549511 167534.17652 94673.3533376 54912.5774718 1032.77407315 5663.41387623 48847.7419154 76905.4484754 23023.7085432 39065.1960091 120290.14207 158562.326786 139055.388015 96586.4728768 91688.7319201 48895.7553659 85379.581383 82091.6504329 61724.5663508 5865.86758833 5537.77620164 6447.25807531 5012.36846883 22054.8772304 12053.5480817 7449.19333055 14121.5506552 13334.3073663 93779.9973248 102414.504219 116520.823332 44343.0126777 48941.0246737 25021.9455355 243174.684959 11692.1924737 14555.5741443 6684.59759849 5370.53804404 8520.28795053 12053.0324544 10975.9475369 6915.51000645 4875.67264917 5797.05855261 7136.523258 105398.533194 6000.74814661 4693.82619368 3799.31319936 9564.98020477 3855.97887973 3892.12197675 2318.00826645 12829.7069715
41092.8659204 37266.6390299 27677.0529892 24804.4462094 4349.91948723 31969.9833127 60973.8709153 78667.06307 106816.331618 109919.966374 148158.804388 124654.108979 143798.295712 56414.889916 63895.131401 81298.6006562 104854.469783 104025.347119 164872.082778 218290.918095 55665.0807193 129287.468405 134038.789053 114864.218569 83619.5843167 102170.492181 36458.8220651 76222.2738719 53169.1257507 4299.15147492 9969.54431075 44261.293275 24852.0994762 53268.9015716 65675.5865402 126445.524996 98726.8340818 135933.409564 73377.3456451 128535.361302 71843.67237 82213.4518006 128414.122216 148760.92404 106447.224839 94689.8521273 88758.7962966 78257.5643529 91730.1351461 43098.7711059 365068.939378 29906.960676 69494.536382 98507.7360124 19250.5884112 26733.817103 226281.629719 50070.2011466 34455.3701945 34010.1004345 39800.1056923 8478.31597645 5633.35154091 60752.1787435
109344.378888 40741.6093526 41479.0695687 62373.4334821 81544.1525008 10183.7499952 59358.4623265 38176.1429083 32276.1757606 130471.596527 207740.845131 217142.572568 183511.116177 226290.8312 179397.859864 125409.042872 156242.598694 172496.968293 149732.355491 232611.911662 131243.127786 248223.543609 158951.034096 151134.178996 134336.80081 42760.1110985 21243.5637239 76345.3727347 285783.500583 162798.718203 48545.8166157 5707.72317062 11998.8550148 34327.5335094 58988.6122197 98416.795029 106696.604084 163539.651102 144737.94935 113890.78911 87833.6753002 133288.553118 101508.981642 78246.310716 211886.299114 208716.365486 81345.8711578 764787.374959 111901.401907 550882.971301 30382.9476718 89190.9799093 131529.811465 116229.241351 121511.829214 90749.338071 86945.2513851 106188.546787 71519.0768371 72551.6348834 85469.4299287 67736.2304225 54728.2107515 64993.0958005
251639.881054 266181.662908 253099.994666 222778.720207 150319.099614 268874.798887 295038.811739 288865.060248 217297.786641 172693.576988 160901.582056 253603.961794 235677.961423 286382.56054 263639.932972 208661.321442 153056.656767 77477.4138947 114223.548478 274923.893287 183263.479857 134533.300841 171260.952875 158194.319815 106638.130168 266305.083559 6039.05745124 59980.3130736 281909.868519 234455.758617 31265.2605083 14589.1858766 5391.32712098 83796.2074748 119144.153467 100639.771085 96524.39872 130802.823947 144276.508403 145911.427629 202508.622716 91301.2070461 92099.5368916 73258.3314835 153180.756979 167680.960874 119031.646492 38107.5801736 98968.1869843 39766.0330596 230243.523753 58055.4228192 84212.3836992 48716.235959 57847.0457159 59207.3090464 65786.7485134 143642.030947 82047.6943397 76960.6903668 127628.985255 177485.403386 103485.073824 110763.645253
168938.612171 192626.624802 204444.809094 554446.200395 361517.073247 21030.4009983 177929.241826 259012.379856 237285.133818 291673.339337 66262.0823166 245625.58045 364973.489882 371675.764287 421442.400684 406659.154022 453217.272376 529207.555568 451260.842232 426231.210822 170545.44504 649213.566704 300285.642359 121459.077164 111985.415798 63219.7561197 18497.0323911 79346.8730099 204465.934752 199236.798244 64609.4604824 53874.8512391 82428.4979948 219609.677793 199729.710051 127536.738458 109492.072634 183969.858924 225126.038275 171665.767385 228957.478326 248933.238491 210173.417492 33819.4004286 153529.75952 77260.0198235 104455.945472 63147.7198607 119509.322723 90937.1962421 217915.430711 181767.935118 149221.041884 73659.1059735 105036.239624 74554.8095246 92377.0225755 225313.021551 231271.907882 175379.374485 127398.186661 141585.281776 159619.32876 109409.971978
106424.623628 427914.633649 373571.643905 458163.698609 483129.354655 115319.445706 321366.423208 589135.004496 462127.10151 81858.0839585 341168.086825 434397.741812 255909.698111 358916.103283 371383.62908 657600.852069 578965.993343 480101.918134 527819.075792 458797.537988 434148.811979 647855.401759 536495.866018 285503.350626 112333.492223 120148.388637 11094.4180693 21479.2185719 44660.8544286 32396.5560952 36651.45129 302358.632282 309558.994622 233478.404582 238805.236726 131328.933623 116721.734943 176403.120531 82938.8971489 109105.150115 280170.472185 304767.514707 352930.900798 226640.350551 188685.001791 223147.257598 107626.993532 80546.6496079 38215.1394921 274618.266871 270628.533517 225493.669631 198225.210714 23342.6633335 195182.931521 242283.288469 250414.364569 307647.639472 307468.224176 134823.204154 310584.96862 224043.834697 171785.563575 85214.9580092
164390.944661 467808.469808 623191.9358 529913.433426 384604.641019 335598.266184 423014.830312 428126.629849 391108.620968 250264.860132 402262.070025 285992.055631 440159.050004 423626.172997 432734.729684 753535.795564 823562.000108 610163.50449 580801.725054 298854.651599 333831.540882 580893.003852 559406.266834 450966.492453 346466.482773 160977.885735 0.0 14765.7366787 30149.2242744 68872.2712198 477224.958698 479688.163147 431662.161775 324021.757189 349321.589344 245501.244009 216208.572673 281311.712129 308578.961472 449742.802588 400602.605098 172895.921002 346491.47507 293229.958899 257800.831243 244897.048643 251943.618469 276776.769279 251881.809491 237910.253924 189658.641635 173196.52491 156777.141623 151000.458727 193821.622263 139450.830729 194831.645393 199006.07862 264097.45339 243143.239682 304207.358915 324779.718407 116969.595722 15589.6390053
329784.164087 434453.631482 398268.800529 91846.2119978 92934.512605 80370.1102734 196834.504258 363085.154849 384900.1372 346107.427119 218461.199545 351024.68344 487791.342817 740270.974159 764275.008634 542984.789178 403470.139228 539166.098094 579751.453157 468001.615507 507391.081972 660843.676971 605909.958022 517535.482057 287668.247407 17695.3996833 19135.5999021 36795.6043568 113310.095067 584773.856731 550243.939379 652884.829355 513025.284495 354825.844676 273984.813982 312220.97371 328595.273885 293126.797813 237869.251858 384505.983428 348363.301582 154103.025263 313975.265134 251147.311198 192587.402168 191647.440887 258668.075664 30702.2769466 270241.602502 34043.1679689 241353.30972 221408.607268 205132.340573 135425.441318 19471.3337449 126939.376792 206375.630588 205978.176342 231666.417727 46799.8697733 40459.5897466 22536.1166099 48370.8195546 24702.7690578
288341.394837 437471.896537 87728.9128925 109804.93604 118064.749319 84746.7765584 209096.6348 532896.303214 539467.081161 426403.938166 18068.0248313 57997.9836726 465399.854911 576697.641651 422280.118207 523150.557193 381823.626892 481590.348677 540070.393135 531233.934146 556996.861695 620405.214906 500056.644766 482567.000173 333546.781462 3393.77085523 23873.9753357 40075.9714058 163178.944994 350733.870342 590293.862215 472047.698545 223391.926438 339425.945175 322421.461292 38689.0275893 237861.335111 219730.091244 29677.7501726 38555.7239116 25346.5360936 29335.9145781 30192.2963183 23517.4790756 25843.2996637 31026.8505157 38314.5643019 330510.046649 325857.210573 345456.02703 42306.955791 307912.999118 358711.755189 270912.689673 278790.76523 18641.398837 16775.2903683 110404.965605 12957.0534924 28403.4679698 26020.2899099 15756.6094109 19642.5576896 32697.8891288
306274.781631 378590.696705 320941.227915 135385.550374 373550.640557 419963.18215 231954.85042 880129.754446 574960.567206 419002.750559 288182.375643 551299.777112 583635.94586 339813.405917 281668.822985 290930.00732 194168.845718 473261.554524 495723.877339 502085.678554 566654.412661 485775.424204 627487.622717 745007.022334 534613.392753 346492.542984 40361.027949 2893.81796627 501199.798844 656665.563169 731556.738784 387391.426187 305066.268037 308110.884331 317758.643938 27867.4523554 28442.3316722 34633.0913002 34199.6972721 26148.3985978 25857.2998449 13968.0599968 32328.6277928 21832.7687237 23559.6209778 35064.0158939 41762.362789 433134.748239 50464.2698179 499199.582546 388421.654719 451893.960926 360277.910003 282218.896708 250637.693 19017.7166653 20366.68578 21248.3882728 18361.0051601 18800.797107 16733.2584596 18860.0127064 17361.4383391 16378.2875923
356962.314602 345214.354437 363410.459139 486377.147382 591038.083064 967402.87672 898151.034118 712903.586569 253971.166484 33027.4591233 47394.1260001 51674.4977491 323987.81138 291163.127761 349087.910742 329418.83115 301195.050769 335325.885185 367281.808203 340911.244083 380465.147146 664387.3409 554811.327855 719488.129056 769152.736637 686121.113132 178344.850555 261701.806975 458006.968751 435907.155461 392936.157029 46674.9507588 293489.218305 42775.3576403 32704.5348395 29367.8658928 25467.2401419 17556.5080401 17598.4614711 18481.0468489 21541.477286 15292.9081565 18468.693208 16408.2909915 29860.0587211 35314.7203645 31532.1648671 33339.3395403 38908.802526 398939.103282 43160.3516775 44523.400499 287832.234506 281117.640793 297790.934459 239093.531635 25315.4147518 24773.4370064 24952.6332134 21476.9882014 18112.6956272 16435.5919016 15721.9338486 15915.4507642
477097.791772 524806.656973 624763.457807 882694.661116 487077.592549 460851.613435 269554.307683 17161.109621 41211.8677017 78815.1107915 17863.0029306 16522.5428623 20030.2426513 29542.8966094 28116.6729195 25005.9790479 25203.7744875 30336.102355 48975.8494231 50971.2936237 34958.690541 34394.1916267 38956.56669 36371.7471526 85054.3522714 102754.925104 95563.7694986 121690.243716 360515.659883 43903.8285987 38760.1179381 30509.3685051 31362.0665625 36791.0744689 28505.5142982 16969.5371231 16784.6311078 10378.4575173 5204.5797282 13262.3693996 7260.34477491 15891.0313922 17192.4822715 12865.1206478 17574.8106401 22698.3732706 24048.5099255 31755.1277253 29450.114737 30496.7911621 24203.6907672 26975.4535885 36723.6028631 288677.06008 31786.8122716 32598.0475933 24382.0606316 26291.5042559 33982.7642051 25520.0278445 24051.1891567 28009.1236308 20519.3959919 19458.9313213
489632.681508 511001.180153 479703.954304 520443.547123 227018.16594 28068.126663 31960.6100985 38948.2147096 71078.3371424 69798.9128328 18394.0469721 24671.0886391 25496.1695529 24020.4707421 21620.7630577 19219.9543789 23372.1940747 19816.5552234 22485.7965088 17928.7633497 22010.3785102 27744.5551915 25259.7840641 25121.8300713 26482.1157196 41317.1281095 50636.7476735 100289.757654 72672.8698326 40924.1292499 32862.2424611 29797.5361163 26072.6967739 22708.113377 23997.9375942 14953.6236812 12919.6117974 13430.1015546 11906.4439855 7034.21844363 6670.83438695 16425.1737801 20032.7816717 16088.7018654 20237.2510422 18896.9424873 15503.9688079 16932.8951281 20804.6196932 19665.7641053 19272.4304631 18593.5384056 21693.6355674 29839.2487527 20439.060071 30921.4405121 25124.6151964 37618.3918106 52701.5285795 30795.8200394 31240.8154893 27608.6693901 26772.3839669 26076.3622292
259834.867522 349581.109617 504291.536955 317057.047378 56730.1131113 28289.0389169 16785.9064154 18241.3962483 100307.058334 28029.5976353 13070.4660455 5963.83098321 6011.41347075 9661.70862355 17428.0859203 13049.4531899 19124.9474966 21972.2226726 22947.4559012 19955.6321098 19556.0241141 16462.1448608 19363.7483792 23765.8171716 24347.5706294 32569.8453334 63656.4248976 594355.705449 36407.2581561 24365.5050318 16692.66301 18137.1444837 14873.5558821 15542.3072799 12289.4405616 11597.5649953 16147.0738953 16073.3459223 16144.5129411 8675.70731432 8200.26454087 6150.0536257 8339.54414187 17188.6911715 17706.198933 15721.3221673 13385.9918732 20334.2192764 15642.1987228 12666.9221708 14768.1122413 20014.8353188 20113.7299514 20383.9166814 34518.3729548 23990.5199334 30650.7685599 68055.7454524 56203.9877949 27739.1313885 31618.373693 30421.3095633 24368.1809865 41436.1289934
300546.78882 404231.941759 405762.884489 179065.422342 21232.3115209 17475.8621407 16223.0621408 12982.8559975 6110.56738299 7657.27691842 10170.0685173 14593.2703443 5529.51286821 19249.8442986 13222.5825991 14165.5590195 13225.3828178 14076.5411392 17718.0525588 18351.3091914 17933.4961434 23655.5727744 20154.8009943 21155.2959696 22321.8248405 25689.7236798 39110.7055727 57482.5428458 21774.4911591 16241.4599493 17140.8407296 17455.1264849 15576.1222478 13079.1985112 11838.7347837 7648.44212514 16038.007386 14861.1004014 14717.6949304 7517.39039715 5913.2310561 7796.66027738 17087.0488044 16392.5175908 16905.4201328 14950.6326539 13836.350865 19704.9136813 8167.62475523 5166.3083717 4882.28022801 7055.60164931 15912.9995903 15080.2610659 32804.2268621 39597.6102557 32140.8314826 35229.7524406 39339.4739244 27419.6126617 35234.4898296 39732.6316975 38826.4634395 43841.6859307
299965.538682 327213.115472 172005.727249 54016.7862423 43935.1500167 55028.9221903 13689.8150895 5957.25950747 5994.64357341 13285.9836983 10671.9142623 13719.2477368 5554.69569751 5172.3574121 15725.4209797 11727.7161182 5732.45324054 12449.3551584 12575.3845571 13650.3542166 17448.0184827 20049.9260182 20643.0385677 24188.3496817 30022.5127229 26992.6121853 24672.3502883 21581.2535959 19658.1298486 20259.7120036 19688.8063146 19739.9651503 15378.8152304 14985.9555745 15269.6838083 16578.7602646 17745.3173512 15872.6667449 18547.453784 7497.90224666 6254.9648961 6515.10179826 8799.8144659 15927.7090982 17595.7002066 22401.0697552 18626.3203556 22155.0688154 21335.7295747 10611.8613471 8789.95965356 8957.98190047 18691.957624 17700.0795494 15959.8257295 21045.3620431 27681.8693329 36426.2607795 47308.4723002 34902.879507 30941.0722478 28290.6105247 28643.4618902 30005.6759554
257084.660741 194782.555445 93263.974274 13885.2031013 9876.38019758 16353.3597432 6161.37833412 12061.2153282 10694.0516782 11100.8624753 11361.2082523 15863.174666 5382.99048953 5376.47559233 13706.9881881 7868.74869437 9945.30079112 10594.8082904 10745.1791666 12797.0677588 15787.2995292 17673.0366827 18053.4823906 23173.5098282 25200.4314783 28284.7857215 22734.0027645 22235.7963889 22806.7790516 28501.6220749 22631.4634849 22075.2136553 17699.2092059 17720.7178031 16813.577606 16574.4143005 8254.55467357 9624.12885792 7355.35683939 6773.95277355 7396.77808394 8147.56819164 7797.29829138 8014.89705674 18372.4139581 26451.5752162 27983.9164494 24861.8418409 20374.167191 9551.2110272 9281.71532263 9985.53934704 21085.8069409 22451.1094515 11660.7076395 10410.8320481 38963.4057555 31525.5064959 41347.681493 35639.3573838 36621.7464687 41278.672224 48474.4140061 46100.0879579
264380.72474 10235.1303794 32889.951402 15739.0777662 18420.0971773 66597.8872011 5576.54388736 6975.13816955 6267.05747249 6229.87228748 6185.97365663 16082.3406368 6001.52974254 5634.90860561 6109.40910419 10712.7933542 1149.80337262 10754.1027978 13171.3316385 1338.88256557 15041.3658866 17858.1463006 18901.3208022 25024.8116472 20731.0393827 18974.6383606 16667.2569962 21134.9299464 22429.8724338 32835.3552252 21047.3483584 19023.9268361 2182.92213386 17314.5702545 1748.39818573 1516.94615451 6763.08855211 1648.63441588 1589.23271054 6781.12376392 8112.31643516 7801.05976344 7239.44966429 8096.88456303 18260.6549422 31691.3196411 31100.3038713 26211.7076706 22640.4278709 14520.2938498 18527.0593136 19766.2954328 17382.3437358 22594.7307572 27353.9328563 24233.1375931 20035.0076188 33722.0309001 37455.0956866 32386.3949979 43365.9187322 51679.7064039 54541.7246755 40963.8070683
126879.010416 43294.7267554 30545.3907335 42180.8573963 46353.1791725 7264.58076049 13068.9759106 9015.76024355 5626.15115671 6416.32240428 1163.46158914 1151.57685298 1151.70696118 1113.77733528 8162.15256366 2332.70112437 1329.9170519 1203.17625598 1312.4368623 1326.23329521 1716.40285778 1925.15082947 18368.0930523 19767.8519846 17744.1332598 21397.0843922 12586.9941961 15885.8797106 21682.3031136 19248.5394459 15837.8449909 16257.3269705 18849.3530217 9780.83871379 6577.6739215 1440.33310567 5351.05722204 5913.84876373 2770.17059079 6179.16280444 1575.3570731 1479.8894479 1504.88591512 8427.77227418 21440.9020144 29689.4697183 26591.4072983 12655.9831599 10298.8607283 18207.1743948 7531.72966881 13874.5984236 17440.817653 20846.7919437 8838.63337859 10925.9656354 35026.6762936 26086.4308062 23868.5426293 27953.3078713 34814.9670584 33054.7649872 45351.4449274 30662.4164149
103899.231279 46069.241995 40020.6485819 13517.9747158 25146.8900795 9756.93672644 10025.6468417 5459.1842988 5191.14452095 6236.32320693 6054.75476954 5872.34011118 1162.52725616 5458.44240417 5298.39430469 8203.46497033 1347.47268528 1202.64898834 1165.72144675 1169.36625325 1681.91010584 2168.42825364 2172.86612718 1964.94185483 1863.421388 1915.42478196 1776.02007941 2149.15980912 2056.08585705 1622.01409285 7000.50469129 1906.39414285 2059.37609772 9839.38424558 1704.44414742 1561.50266354 1472.52027429 5313.60709963 5261.3332466 5387.71058924 1323.03428485 6345.82664747 1478.69550263 1729.14854476 11476.3895287 27143.842639 2076.35266886 8924.38398965 7481.23661207 7916.04840206 12585.1982727 6981.75426358 17307.2544508 21547.4674053 20363.8484475 33237.4507888 37675.0318343 38726.7554792 28197.1155236 21393.0911229 18557.2984857 24949.2136213 2552.32165018 1784.026794
58418.7391507 26393.9902718 12126.4726937 7417.55080516 9056.86168049 2282.51406245 14816.4417865 10589.553295 6146.22014694 5607.12034603 5733.20735126 6018.41118052 1179.74103196 5132.84615154 4061.60819808 12951.3029959 1117.22131647 3567.96899662 435.340154879 1131.70851361 1372.83643605 1771.70791767 1921.33300288 1709.789416 1586.93760911 1427.42907054 1351.36785571 8335.92888393 2071.11869319 1522.50112291 7398.5210438 2100.03668603 10715.3124145 1887.11898551 1893.61399675 1482.46007402 1437.78836436 1423.25352235 1541.8544837 5928.63528328 1403.40878953 6416.20887625 1347.62148568 1654.23023223 1947.50209615 11358.9838313 8620.64957297 8456.41944731 1549.14339536 1530.02589845 1640.81261896 1364.90342975 14093.392098 21151.6530844 20904.7694142 23363.7530411 22046.9738979 3271.01913983 2349.19173087 2059.23774048 1827.54426674 22781.5431802 5514.24745887 5532.50684335
76116.6174354 13620.6862881 7590.83011323 1400.16651507 1548.11319057 5679.63259021 8207.8188357 12696.8847722 13339.0175053 9103.21429479 7605.53729482 6801.44585472 576.370338209 0.0 0.0 0.0 0.0 0.0 884.795397107 827.982008318 3054.09159982 4566.04753107 1545.89116061 1493.08729708 1420.94964657 5443.36624052 7018.79622213 9171.03833591 1639.7067031 1616.63896642 1756.73340884 10827.4429787 6525.82031223 1248.83373727 5749.40476039 5021.86806554 1406.67130649 1513.24706436 6523.13456947 6852.50742168 7116.78117907 6403.62474934 6671.34357474 7650.70533898 8788.55158072 8374.18475134 1624.51322858 1695.23050356 1589.58360424 1525.19986213 1703.27849736 1609.82669168 1801.40029708 2020.12830231 1975.05348638 2025.91635464 1842.19892891 2119.60268914 5485.05810626 1787.08609309 5148.76129757 2328.00041692 2054.76055723 1665.23084614
