critload/trunk/input/1999/nero_nat.asc
ncols 720
nrows 360
xllcorner -180
yllcorner -90
cellsize 0.5
NODATA_value -9999
[rows 120 to 149 of 360, columns 469 to 535 of 720]
1006.31428194 0.0 6792.05598664 0.0 9205.39625257 0.0 15687.6739763 5147.58944146 3062.5745997 16415.8797114 9378.45815188 6001.36463427 10724.4824312 4909.35788582 2144.07719451 3148.48611844 1810.48196499 1788.59735471 3996.01618973 4891.16340219 2028.18219502 1003.60157744 1038.86509248 15889.0838699 10993.031856 19428.2491908 16198.0174076 16734.1569902 13642.3921742 8913.73527609 15583.7939257 5788.65875477 7.04718391183e-05 0.0 0.0 5.65681732374e-05 0.0 0.0 0.0 1.22313206303e-05 9.8952883231e-05 0.0 1.06154491488e-05 0.0 7.42556774312e-05 0.0 0.0 0.000139327248236 114518.936482 159280.38896 148358.728287 257028.611337 386185.769652 438288.232464 442530.733629 379502.256226 0.0 0.0 0.0 0.0 0.0 0.0 0.0 0.0 0.0 0.0 0.0
0.0 7890.29407461 0.0 0.0 0.000111894543585 0.0 17890.2331265 8317.85675965 3928.90892469 2356.78770805 5978.0170331 9423.03040102 7515.67408322 11497.6679969 4390.18653061 4439.620128 16552.604061 12464.9319282 8012.4476535 8159.53083747 3239.64532465 2258.52115774 5853.19986018 9797.38846394 15409.7880822 41267.9902144 2462.70850654 5023.49274876 20499.7021997 14560.3249152 19043.3267675 0.0 0.0 2.47778241305e-05 5.28667808522e-06 656.607884928 1869.67260997 1932.48599627 850.295406598 868.433646605 2066.16484937 1994.11851708 9.34144049581e-05 0.0 1.92842724691e-05 0.0 7.69426544277e-05 0.0 0.0 28115.7373999 116715.446445 161770.927429 204931.546721 283267.288957 335641.583765 512345.222707 667616.925743 0.0 246917.554066 0.0 0.0 0.0 0.0 0.0 0.0 0.0 0.0
0.000186141656335 0.0 0.000209283087556 0.0 0.0 0.000226003998386 25202.8258544 23556.7447034 4366.26190342 2695.73427717 7064.88986992 7367.5321262 8339.64103165 12819.2090451 5449.8622701 2953.6197293 3048.0022351 2645.68620036 3366.69370839 6960.67474306 9792.98228103 12167.3616854 7800.0244167 7480.59753832 16626.9829488 40866.4904724 1770.65722101 1961.42478398 5255.53100741 4925.5172785 3687.3106046 5.77156126626e-05 0.0 636.667848212 686.890832462 746.315258209 754.480684175 833.110509887 749.581749114 736.608088279 803.851801453 801.409535695 708.407033278 3.16618334362e-05 0.000121421482619 1.4395324209e-05 0.0 0.000141762139425 0.0 0.0 0.0 0.000229044602416 0.00266745420064 0.00684446326106 233577.929472 309018.746421 790293.481904 690939.764908 650267.970667 649154.915823 573106.249033 195165.647049 52585.8826498 0.0 0.0 0.0 0.0
0.0 0.0 0.00029222398426 5.93822307747e-05 8.71467372289e-05 12834.4708633 8263.68916253 0.0 13270.5019988 10360.4367899 6972.91156708 8639.39458217 5103.9713081 4578.60152072 19062.3095462 5897.83608145 2115.407882 1840.32603753 995.620653462 1656.0565477 1058.1704154 1136.56478222 10017.9027841 17082.5807081 33659.2736606 43408.3286204 1687.19727614 0.0 0.0 2.64502893494e-05 3.2522859331e-05 2.39135019611e-05 839.959689756 946.649097533 809.2571427 889.921532013 799.63334165 4080.27073556 740.233893412 828.25754904 808.745662662 729.628529932 794.197601949 774.346003056 9.49738517987e-06 0.0 0.000105380020117 0.0 0.000132238518307 6.40422772781e-05 2.62845906084e-05 0.0 0.000191616581382 0.000261456119111 63590.6466931 117246.574419 238769.687137 276965.050384 268085.77087 267611.884899 399144.332681 992787.998928 268122.843555 210079.62948 148547.617115 0.0 120339.486574
0.0 0.000268004515473 0.000331187210926 0.000983334976653 0.0 9800.03467474 0.0 0.0 3386.04889992 6891.4962629 10527.133484 17445.8862279 19582.6688138 8218.87544342 6967.07875992 13148.8008993 4358.04723124 2739.07896475 2487.45221188 1131.32943927 10430.1711397 17674.0003337 13603.6203407 19027.0669363 31661.8681693 51695.1470545 1837.54468223 6.22177443757e-06 0.0 0.0 782.287741176 1092.06716149 1067.28124293 819.755745966 816.307607675 792.680841928 801.592737556 798.108010686 828.800764221 778.611847383 731.598988815 1120.57634003 1491.27711486 3185.82636421 0.0 0.0 0.0 4.78700485256e-05 0.0 8.54241662651e-05 0.000229974912237 5.36297613593e-07 0.0 1.44080990868e-05 0.000298814381245 0.000293206401954 0.000600737595008 0.0 105627.015562 76228.7382921 149454.430578 33587.6956248 259054.765839 353628.577067 676147.896969 409953.966577 607178.521177
0.000341278070052 2.58474079373e-05 0.0003842361241 0.0 2483.57853252 15546.9579472 0.0 3673.15507717 3163.52492737 2532.52655375 3151.15195874 5659.38103545 11347.4736966 9296.02391691 5621.37309948 5551.66692983 7638.1784893 7400.00147023 6422.39082411 6922.62506791 5756.0283009 6577.58632465 12038.3054996 18838.9563173 33510.1072731 34878.414594 2.02165172377e-05 0.0 0.000164231932538 1102.29398184 1019.42279206 831.253967779 2302.47876508 865.421708678 807.590195052 800.602516082 781.605066675 913.80457688 3710.39652439 3795.57061481 837.583051088 929.615635426 1010.25147428 3578.54755522 0.0 0.0 0.0 0.000159103373069 0.0 6.84316308207e-05 0.0 0.0 9.4709861586e-05 0.0 9.34441987203e-05 0.0 0.000305969137472 0.0 0.0 0.0 0.000751835820383 0.0 103145.510694 208228.4807 57003.6926389 288009.098266 323414.52698
15204.7292788 5161.31765153 1.68409838147e-10 0.0 -9999.0 11136.5345474 0.0 0.0 20108.9317507 19405.4234094 16060.0705176 16276.8372853 21054.3250555 21941.5149916 14997.8497245 18734.7713539 15371.8517603 5099.80253545 2902.43936693 6180.26775866 6416.1878231 11051.9999321 12393.6750962 29624.7263892 0.0 10187.2595574 0.0 0.0 1034.8250067 1147.81475783 931.808179523 818.576326633 5691.43388202 4919.38554868 774.819655528 835.864863885 930.718517226 4319.40109727 4144.14099443 3870.03787257 5073.95903034 5740.58080752 0.000210241495639 0.0 0.000146286921667 0.0 0.0 3.64165424066e-05 4.11531961442e-06 0.0 0.0 0.000141133466318 0.0 0.000126186567858 0.00033967348055 1.18213020753e-05 0.0 4.62355967175e-05 0.0 0.0 8.50962520889e-05 0.0 0.0 0.0 0.0 0.00771127338914 0.00800020154881
-9999 -9999 -9999 3100.5017318 -9999 6396.63444972 27519.8168076 30825.1367895 18675.4113666 13224.6314385 16066.8672544 8711.08931439 10226.8451394 9619.55999641 7607.04708179 9421.52160626 7035.34329791 7675.65399866 7071.97660287 6349.66818046 7558.66933408 6665.26151738 7950.4604057 7809.45295674 25560.4708192 24426.4394263 8850.35263689 5.33737289268e-05 0.0 917.446176897 955.313934316 944.641130028 987.862089908 4983.49148449 922.733476904 1057.98660414 4228.4249341 3612.3256028 3781.6393112 5225.57048668 8007.93847601 5953.04681337 0.000254799212194 0.000271891942849 10659.8020955 0.000347947790561 0.000160855673516 0.000118917233803 0.0 6.0278437593e-05 0.0 0.0 0.0 0.0 0.000193725960242 0.000228877830542 6.26989480665e-05 8.6519159514e-08 0.0 0.000104399743407 3.26622601825e-05 0.000172156274619 3.31301495666e-06 0.0 2.14384895365e-05 0.0 0.0
-9999 -9999 599.778525543 13248.1731989 -9999 673.581595825 4721.46483753 5233.51091764 8081.13925445 8152.20465091 11245.657169 14042.7415783 11369.5356554 3629.47822482 0.0 5074.80065851 3557.1521988 5580.68555278 8030.57185491 9738.41216289 14223.5005217 19065.2389542 11736.469775 5102.24098453 5700.51754216 16470.418624 11969.1330477 2611.07896759 0.0 1820.94179133 1034.83562252 0.0 1080.14281929 1192.0942174 1139.77284446 5730.87710746 3873.72370384 3635.90088088 5637.04349178 9638.63716923 0.0002770923515 0.000800027308651 0.000632055128941 0.000129498742629 0.000222443256968 8918.22601978 0.0 2.78463335325e-05 0.0 2.66196286879e-05 0.000183240867077 4.56737816104e-05 0.0 0.000226753982649 0.0 0.000108978591222 0.0 0.0 0.0 0.0 0.000138010396431 0.0 0.0 0.0 0.0 0.0 8.85245085103e-05
-9999 468.491984622 2822.91552342 7099.9969996 -9999 -9999 -9999 -9999 0.0 390.600526618 680.033348237 719.715057601 1955.08613195 2384.02259479 2147.42325352 3500.25006086 1363.07965135 1094.29843501 619.603475739 706.281473098 912.533716941 1924.64442868 392.810001397 0.0 2257.13671718 4337.37059827 7184.0456734 3.13192627888e-05 0.0 0.0 917.070024244 1072.64875629 1267.6320231 1452.25772363 926.69926806 4673.19599814 5013.48793895 5663.97579565 15587.8988491 0.000154160907744 0.000169145789902 0.0 0.0 0.0 3.68655079053e-06 6865.48751525 5.73058352302e-05 0.000153759647177 0.0 0.0 0.000135663235075 0.000122978956383 0.0 0.0 0.000126221558271 0.0 0.0 0.000228877320838 0.0 0.0 0.0 0.0 0.0 0.0 0.0 0.0 0.0
1086.65236248 2338.43131935 3957.21893337 9748.44863599 189.044473533 -9999 -9999 -9999 -9999 -9999 -9999 -9999 -9999 -9999 -9999 -9999 -9999 -9999 -9999 -9999 -9999 -9999 -9999 -9999 0.0 1294.58146124 4.16931093424e-05 1.87914994955e-05 0.0 0.0 1228.39939674 1229.87038111 1294.82205407 4639.34474219 729.398832172 0.0 2052.80053772 23373.9622858 0.0 0.000199566199146 0.000375813491911 0.000243555793294 0.0 0.0 5767.38550819 6475.32579751 5661.0803208 0.000376172161262 7.43783281316e-05 0.0 8615.91198218 8698.97601339 0.000176823729898 0.0 0.0 0.0 0.0 6.26845855732e-05 10301.7464522 5.41059205446e-05 0.0 0.000153220381702 0.0 9.63014670633e-05 0.0 0.0 0.0
3300.93768244 2598.70456038 3253.88696067 14148.0424687 2137.52491456 0.0 -9999 -9999 -9999 -9999 -9999 -9999 -9999 -9999 -9999 -9999 -9999 -9999 -9999 -9999 -9999 -9999 -9999 -9999 -9999 623.693289183 1646.24988756 1595.45698534 1637.09803339 3920.24696665 4426.32378823 3966.47180679 3824.06577323 3155.92605977 0.0 1.95737873967e-05 17141.3676813 19739.8198526 0.000272277697992 11019.2959853 0.000493444113625 0.0 0.0 0.0 0.000149668384313 6100.13536147 0.0 0.0 0.000354224979091 0.0 8323.63681695 8723.38933049 9934.77172833 0.000200248759301 0.000140782439265 8464.93520369 0.000278410238104 2.66622298437e-05 0.0 0.0 7105.57770705 0.0 0.0 0.000223523845783 7.24264420276e-09 0.0 0.00014185058493
2530.19618229 2849.80941066 2291.61220766 11793.3174276 17222.1892145 4463.74812157 1045.87725885 0.0 159.903054544 -9999 -9999 -9999 -9999 -9999 -9999 -9999 -9999 -9999 -9999 -9999 -9999 -9999 -9999 -9999 -9999 44.2547711129 486.802456407 1875.66328893 4413.47223767 3504.43926975 3953.33043414 2598.82146819 4129.38138548 3286.51372409 0.0 0.0 2.28122507725e-05 1.96748263935e-05 0.000130716370345 0.0 0.0 0.0 0.0 5.09180885766e-05 0.0 6496.6891669 0.0 0.0 0.0 0.0 0.000352854641716 1.74473202232e-05 0.0 0.0 10151.8932017 12014.4899826 11320.8973208 9051.11110477 9773.52969245 15499.1219694 9594.47111178 11207.3450993 0.0 2.55324948644e-05 0.000309248844595 1.03368187686e-05 0.000203755505217
861.087713784 2889.12722683 2008.59571364 3231.58781866 8120.18102001 31842.8379175 30500.4410347 19279.2757705 15533.0278927 68.5714523481 -9999 -9999 -9999 -9999 -9999 -9999 -9999 -9999 -9999 -9999 -9999 -9999 -9999 -9999 -9999 -9999 -9999 72.0311407858 3169.53807363 7691.00548563 8762.65789571 3893.35552836 4036.09964356 4880.76044604 0.0 1.13624745721e-05 0.0 3.31653057364e-05 0.0 0.0 0.0 0.000192687436056 0.0 0.0 0.00029495036592 0.0 0.000358310562745 0.0 0.0 0.000291886968765 0.00011659660035 0.000291440830447 0.0 2455.17519133 6719.80916303 8406.04313843 8127.31977833 7178.04203704 22448.1447123 20391.6781906 10769.4337245 0.0 13366.6833858 0.0 0.0 1.05014117767e-05 5.4271523128e-05
10156.1222932 2695.1929297 1919.476817 2288.54767569 5232.83809944 6039.35835529 6355.53425186 6409.49465994 11264.474878 11509.7056552 92.3216946197 -9999 -9999 -9999 -9999 -9999 -9999 -9999 -9999 -9999 -9999 -9999 -9999 -9999 -9999 -9999 -9999 -9999 80.7264638037 1345.37081901 1396.72499277 0.0 0.0 0.000135144066128 0.0 9.36928999796e-05 0.0 0.000232409013752 0.000183284649079 0.0 0.0 0.0 0.0 0.000154201132757 0.0 0.0 0.0 0.0 0.0 0.000800643841762 0.0 0.0 0.00049467667702 14799.4941211 12138.1439612 11593.1265329 13583.6512935 13898.0251108 9055.60916298 9859.51573685 9150.50943971 18068.4113586 13575.8909071 10089.5599084 0.000332968980767 3.26080882907e-05 0.000273550249713
0.0 9277.31243767 1949.7347679 2345.62221845 2386.32240566 2709.92853585 2315.7766056 2473.55400321 4355.24206543 8272.9322456 1362.60138788 -9999 -9999 -9999 -9999 -9999 -9999 -9999 -9999 -9999 -9999 -9999 -9999 -9999 -9999 -9999 -9999 -9999 271.693043383 3346.14695268 0.000174340147554 0.0 0.0 7276.04515456 2.89701895279e-05 2181.17436543 0.000133496767194 0.000147557335179 0.0 0.00038613248014 0.000299794625711 0.0 0.0 5.24848868831e-05 0.0 0.000119163289804 12256.6974148 21138.9316164 0.000673077754957 0.0 0.0 9000.96225972 11211.4357629 12109.9554922 0.0 0.0 0.00015763603974 8416.48366076 8632.99560042 7830.20255825 9511.9052681 19225.1967774 11995.4155609 3243.13990451 0.0 0.000105646411555 0.0
0.0 0.0 2581.3615193 1967.35004582 2112.47763997 1986.31053905 2040.14528684 2075.66618287 1225.45009868 2545.55512473 155.667854892 -9999 -9999 -9999 -9999 -9999 -9999 -9999 -9999 -9999 -9999 -9999 -9999 -9999 -9999 -9999 -9999 -9999 -9999 4.98478367584e-05 0.0 0.000249120938115 0.0 0.0 7.73469648185e-05 0.0 9.38372596995e-06 0.0 0.000689959485784 28622.7882748 0.000431234295483 0.0 0.0 0.0 0.0 17276.3536331 5.0946888952e-05 0.0 11704.3402682 9476.73025943 7230.842292 0.000148203353516 12430.3132232 0.0 6.29924513933e-05 0.0 5.12275429406e-05 5107.48713462 6013.43642025 6704.5422129 18859.307652 4729.72510561 0.0 27490.8774993 9.05776928863e-06 5.67004919237e-05 0.0
0.0 0.0 3254.18727314 2109.32327327 1886.25343584 2085.85946065 2191.5090079 2060.82338541 2177.96640988 430.756280315 -9999 -9999 -9999 -9999 -9999 -9999 -9999 -9999 -9999 -9999 -9999 -9999 -9999 -9999 -9999 -9999 -9999 -9999 -9999 -9999 0.0 0.0 2006.09160304 0.000136272215742 0.0 5.00476655418e-06 1.42765558316e-05 0.000289448582047 0.000247006852242 0.0 0.000140448946047 0.000361065874184 0.0 0.0 13183.9872381 17874.9217652 9378.7729019 1512.76594499 7778.96302305 8.83406471265e-05 0.000250628834364 6495.12029436 8849.80690368 9.60745719497e-05 0.000117678800913 5556.49509689 0.000284190701467 9350.97769502 0.0 1.98836101009e-05 10537.9047841 10146.1817451 16772.4543449 8338.41943412 0.0 -9999 -9999
0.0 2764.50963599 3157.22130558 2297.42954693 2126.71007767 1959.77472733 2312.38629415 2019.64951004 778.562787463 -9999 -9999 -9999 -9999 -9999 -9999 -9999 -9999 -9999 -9999 -9999 -9999 -9999 -9999 -9999 -9999 -9999 -9999 -9999 -9999 -9999 -9999 0.0 0.0 0.0 147.333888017 -9999 7.55524947799e-05 8.0024639404e-05 25392.3503731 0.000843442319926 0.0 2.47546922902e-05 6.22604224574e-05 0.000200786636742 0.0 0.000201157948347 5.87273640756e-05 5910.56989151 6453.1303522 5883.83948518 5380.65329105 8527.63729223 6134.09368936 2.20855422736e-05 4852.87442734 7302.48506499 9294.11742138 0.000496018452128 7406.97315005 14051.330703 23202.5771612 9575.43546864 0.0 2.8560653799e-05 2.11437934607e-05 -9999 -9999
0.0 3264.61593911 2949.52405108 2076.73870501 1916.95588136 2135.62137908 2314.57896475 144.788881576 325.686180666 -9999 -9999 -9999 -9999 -9999 -9999 -9999 -9999 -9999 -9999 -9999 -9999 -9999 -9999 -9999 -9999 -9999 -9999 -9999 -9999 -9999 -9999 -9999 -9999 -9999 -9999 -9999 0.0 25375.0263321 0.0 0.000114043188263 0.0 6.22091350325e-07 0.0 0.0 0.000270548727837 0.0 0.000195906901454 0.000688694685579 0.000450318590981 5932.10988344 6000.19189822 7763.35970836 7728.27535528 8911.51427554 7756.22070183 15337.5625478 11943.3524042 0.0 25256.4788758 27667.3983572 23804.6809542 0.0 0.000105588291476 0.0 0.0 -9999 -9999
2554.97794949 2415.71253443 2438.14040176 2027.30523052 1861.35378953 2321.67106173 1349.16315913 -9999 -9999 -9999 -9999 -9999 -9999 -9999 -9999 -9999 -9999 -9999 -9999 -9999 -9999 -9999 -9999 -9999 -9999 -9999 -9999 -9999 -9999 -9999 -9999 -9999 -9999 -9999 -9999 -9999 2.36941571698e-05 3256.43529233 0.0 0.000291763507192 0.0 3.71732581754e-05 0.0 0.0 0.000291585614154 2.8688064002e-05 0.0 4.27142058713e-05 0.000150846647411 0.0 9551.65284306 6333.8486284 20844.0718894 12158.2901266 6541.12084806 8914.83673748 8060.76214034 27946.1535193 33373.5456032 37038.7589068 10747.459628 5718.72999904 0.0 0.0 -9999 -9999 -9999
2140.82619341 2197.95393716 2130.62122327 1989.67752233 1965.56861422 2223.90977613 1157.10082891 -9999 -9999 -9999 -9999 -9999 -9999 -9999 -9999 -9999 -9999 -9999 -9999 -9999 -9999 -9999 -9999 -9999 -9999 -9999 -9999 -9999 -9999 -9999 -9999 -9999 -9999 -9999 -9999 -9999 1801.23215488 0.0 36162.0945469 30871.469247 0.0 0.0 0.0 0.0 0.0 0.0 0.000518401329395 0.0 0.000453171651069 15343.2421474 11788.4749205 15931.7830304 16559.8820019 19570.7452314 7788.78860893 0.0 16233.3167075 31323.4429175 32915.9983886 44694.8096064 0.0 0.0 -9999 -9999 -9999 -9999 -9999
2038.37374567 2168.95092123 2089.11679133 2282.37436502 1569.93021291 419.448873721 194.422549935 -9999 -9999 -9999 -9999 -9999 -9999 -9999 -9999 -9999 -9999 -9999 -9999 -9999 -9999 -9999 -9999 -9999 -9999 -9999 -9999 -9999 -9999 -9999 -9999 -9999 -9999 -9999 -9999 -9999 7.20055500703e-06 0.00101573280353 0.0 0.000295669342931 0.000456774325181 0.0 0.0 0.0 0.000395354503023 0.0 0.0 0.0 0.0 0.000163571037683 0.000927853019052 17148.8688105 12171.332083 17354.3774265 15754.3951548 14586.766136 20074.1888146 31506.6185401 20876.2184591 20197.6200837 0.0 -9999 -9999 -9999 -9999 -9999 -9999
2226.59688957 2371.37653087 2161.30570816 3126.92443083 239.40325 -9999 -9999 -9999 -9999 -9999 -9999 -9999 -9999 -9999 -9999 -9999 -9999 -9999 -9999 -9999 -9999 -9999 -9999 -9999 -9999 -9999 -9999 -9999 -9999 -9999 -9999 -9999 -9999 -9999 -9999 -9999 4.13080113664e-06 5646.30777225 82209.3271856 0.00033716548493 0.0 4.98084443007e-05 0.000107860058941 8.524712249e-05 0.000370846711092 0.000126065927094 0.000223772871353 0.000441169437224 0.00021514328874 0.000131333172424 0.00021525701685 15497.1895682 18459.7695966 12171.0186264 10445.2095095 30984.4791262 40930.752474 21594.2553874 0.0001015533755 0.0 -9999 -9999 -9999 -9999 -9999 -9999 -9999
4085.99446847 3637.84828457 338.51281751 263.097021446 -9999 -9999 -9999 -9999 -9999 -9999 -9999 -9999 -9999 -9999 -9999 -9999 -9999 -9999 -9999 -9999 -9999 -9999 -9999 -9999 -9999 -9999 -9999 -9999 -9999 -9999 -9999 -9999 -9999 -9999 -9999 -9999 -9999 20600.7984056 57983.8524447 0.00156590428494 8235.03402191 0.0 0.0 0.0 0.0 0.000180660776537 5.59486371444e-05 0.0 0.0 0.0 0.0 11161.9121655 0.0 19339.7798294 41089.9711127 38845.7017665 22428.7478594 5640.02246105 129.311009982 -9999 -9999 -9999 -9999 -9999 -9999 -9999 -9999
11810.1598757 3314.25937888 -9999 -9999 -9999 -9999 -9999 -9999 -9999 -9999 -9999 -9999 -9999 -9999 -9999 -9999 -9999 -9999 -9999 -9999 -9999 -9999 -9999 -9999 -9999 -9999 -9999 -9999 -9999 -9999 -9999 -9999 -9999 -9999 -9999 -9999 -9999 8214.39150785 47738.3064481 0.00056462787539 0.0003935034107 6949.12589103 7.75163595433e-05 0.0 0.0 0.000359058685094 0.000535769733085 0.0 9.4608318054e-06 0.000151151132762 0.000102048388576 0.0 0.00115982724361 0.000442948184292 0.000206577869151 0.0 2239.23234563 -9999 -9999 -9999 -9999 -9999 -9999 -9999 -9999 -9999 -9999
-9999 -9999 -9999 -9999 -9999 -9999 -9999 -9999 -9999 -9999 -9999 -9999 -9999 -9999 -9999 -9999 -9999 -9999 -9999 -9999 -9999 -9999 -9999 -9999 -9999 -9999 -9999 -9999 -9999 -9999 -9999 -9999 -9999 -9999 -9999 -9999 -9999 0.0 34252.9576821 0.0 0.0 0.0 6898.65903491 7152.91671824 0.000302808805944 0.000141634796497 0.000169531792971 0.0 0.0 0.0 0.0 0.0 4.99580200107e-05 0.0 1.21275721035e-06 6.1380482143e-06 -9999 -9999 -9999 -9999 -9999 -9999 -9999 -9999 -9999 -9999 -9999
-9999 -9999 -9999 -9999 -9999 -9999 -9999 -9999 -9999 -9999 -9999 -9999 -9999 -9999 -9999 -9999 -9999 -9999 -9999 -9999 -9999 -9999 -9999 -9999 -9999 -9999 -9999 -9999 -9999 -9999 -9999 -9999 -9999 -9999 -9999 -9999 -9999 0.0 29246.9064447 0.0 0.000515443348731 0.000276813863413 0.0 0.0 0.0 9.19223142441e-06 0.0 0.000364158942172 23691.2799471 17225.6429087 8.73284673504e-05 0.0 7.56280621354e-05 2.27017668807e-05 0.0 0.0 -9999 -9999 -9999 -9999 -9999 -9999 -9999 -9999 -9999 -9999 -9999
-9999 -9999 -9999 -9999 -9999 -9999 -9999 -9999 -9999 -9999 -9999 -9999 -9999 -9999 -9999 -9999 -9999 -9999 -9999 -9999 -9999 -9999 -9999 -9999 -9999 -9999 -9999 -9999 -9999 -9999 -9999 -9999 -9999 -9999 -9999 -9999 -9999 -9999 0.0 24435.6511275 0.000652239903176 0.0 9.12953054714e-05 0.000176625991162 0.000366779349413 0.0 0.00037341541336 0.0 20942.4022965 0.000534419233004 0.0 0.000191413155698 0.0 45.2225755063 -9999 -9999 -9999 -9999 -9999 -9999 -9999 -9999 -9999 -9999 -9999 -9999 -9999
-9999 -9999 -9999 -9999 -9999 -9999 -9999 -9999 -9999 -9999 -9999 -9999 -9999 -9999 -9999 -9999 -9999 -9999 -9999 -9999 -9999 -9999 -9999 -9999 -9999 -9999 -9999 -9999 -9999 -9999 -9999 -9999 -9999 -9999 -9999 -9999 -9999 -9999 5.41056673811e-05 23981.3597149 12641.5836516 7.2024951287e-05 0.000167128369863 0.0 0.0 0.000321257913686 0.0 0.000383341886434 14670.6115105 13068.1644794 0.0 1.45764788924e-05 -9999 -9999 -9999 -9999 -9999 -9999 -9999 -9999 -9999 -9999 -9999 -9999 -9999 -9999 -9999
