critload/trunk/input/1999/nero_ag.asc
ncols 720
nrows 360
xllcorner -180
yllcorner -90
cellsize 0.5
NODATA_value -9999
[rows 90 to 119 of 360, columns 552 to 620 of 720]
0.0 0.0 0.0 0.0 0.0 7783.46863573 4893.47883623 4935.56312292 10987.4813748 30308.5728777 8665.52465841 14740.7764713 7183.22929311 5908.69089665 3564.295218 2982.39369198 7689.07760484 10177.3908293 8439.59533147 3288.89078495 10116.192279 10371.6764687 9201.06202175 0.0 10473.8571997 4023.34259732 4033.15797552 3866.78435432 3817.63998098 3750.70584007 3663.70035541 3256.14448193 2909.89724315 3399.91617471 40048.9673454 40633.1283616 36454.3146198 37721.4605679 136082.4375205 0.0 162743.3647333 95962.70598 101491.2163338 191066.82298720002 339641.10795860004 287411.6934841 0.0 308708.090478 0.0 0.0 243627.3211296 141692.1535921 169308.3196178 155911.92329769998 199187.31424019998 272552.3629623 270684.15531349997 278229.83310600003 298072.4702788 287307.2211306 310744.93874400004 344574.5701014 0.0 0.0 0.0 0.0 0.0 0.0 0.0
0.0 0.0 0.0 0.0 0.0 3950.16262815 4979.38422459 0.0 0.0 0.0 0.0 16454.4673176 5582.95255324 6948.54961962 3418.08047322 0.0 3497.90807215 3935.36091641 3720.100376 4352.53063552 3807.6879529 4097.63487981 4032.01670659 4027.74361668 4081.76900269 9596.42915502 3371.81172453 9194.72663728 9218.77832182 4014.66168355 4187.57766876 3694.29749342 3687.56467303 4248.58878348 3847.56481951 3562.81173532 29281.545158 34984.136231 0.0 0.0 114834.71991369998 136850.2428678 127953.3135046 327895.7774373 205609.7461409 239553.5327725 153792.755242721 0.0 273418.7579367 220130.2986749 123353.78863289999 215338.2233087 186846.1802583 138811.8441021 154686.4830362 234466.2864443 243169.6465726 274511.0022885 281312.7802643 403434.91160439997 602785.9773564 561493.74554 0.0 0.0 0.0 0.0 0.0 0.0 0.0
0.0 0.0 0.0 0.0 0.0 0.0 0.0 0.0 0.0 0.0 18496.0775073 6154.10458999 7545.18455533 8844.0388442 8799.78396437 8317.02646292 5176.0590429 3543.23085506 3567.36318765 3861.32224183 4057.29235691 3576.77473219 3663.4589156 10043.5070664 10305.0299381 9133.469811 8771.22738672 3537.85341382 3656.44708364 3590.84339923 3285.7388738 2973.8384139 3026.17197569 2630.76789625 2701.56373194 4068.54189819 33772.7156793 179603.96924069998 85296.5832874 0.0 58311.11465375 690622.2403505851 88657.67936832999 0.0 340355.19467 268913.070436 405632.52501620003 181462.8430943 196453.35984259998 129452.8712029 188441.59332856 187750.50987193 169300.27174134 196357.74902414 160377.59988767997 149853.53270099 270856.8700537 299007.6446303 383257.2391844 473072.59195050003 139249.6701167 159729.3430321 493819.4704384 71301.8121491 81642.19285359999 0.0 0.0 0.0 0.0
0.0 0.0 0.0 0.0 0.0 0.0 0.0 16101.4386083 19730.1027468 19820.7964952 14353.1958545 19516.7205561 5165.06078572 5786.89085456 6156.61121523 6260.68493494 7510.85719933 4924.15230137 4119.49132102 3741.75563921 3539.20808708 3453.85130782 9378.6528743 7237.61160936 8719.34305131 3466.12008527 3223.06078397 3916.61583145 3612.33326346 3721.69669676 3967.1521385210003 2940.00471019 2449.52754973 25849.3120416 29341.1195495 29836.3722991 108853.5382149 81807.159152 102002.5749988 92600.93131710001 32652.572341600004 0.0 102410.20913476999 226114.6670664 543555.5729177 317572.2302578 305966.45901630004 189088.4202886 172866.58879665 185115.99974361 180966.20882851 168893.71235178 168763.15953700998 178197.82704139999 0.0 248884.6452891 347751.6106068 354107.4002752 327761.9410207 247464.8035094 306322.15649769997 358770.51827450003 653754.3789813999 658110.7814760001 716794.8028663 0.0 0.0 0.0 0.0
0.0 0.0 0.0 0.0 0.0 19113.8205521 13389.7257887 12316.0327558 11920.1410573 9408.75211304 9411.34100252 9597.28134376 0.0 8315.72289881 0.0 10291.6815791 11937.6303871 12489.744238 5002.84383215 5048.18037985 9503.59722554 8988.0882611 7958.92270101 8878.20322434 9509.89658871 9590.93349637 11135.5569864 10945.9584337 10734.6224528 3364.1623696 3011.838968386 3090.8841722059997 27993.0585905 24589.0624999 29624.4307128 62694.6034657 114040.2542876 110925.9630544 116968.1893998 120416.5194591 128128.0207644 170108.5391203 119211.4873758 216327.2865583 534045.491329 468618.3256155 431618.87410180003 274944.1656244 224116.6977467 210249.1951341 269919.7886657 304479.654141 225890.33046379001 78263.9842463 398773.1914038 123332.7270916 492571.3268896 567480.5575605001 36236.79828809 109536.8833921 0.0 377464.7431552 0.0 0.0 0.0 0.0 0.0 0.0 0.0
0.0 0.0 0.0 0.0 0.0 0.0 14012.7639905 10954.5128168 7170.26064912 23321.3055632 0.0 0.0 0.0 0.0 0.0 11354.4508875 12636.6733869 12914.0716515 10057.5795904 12902.0600401 9295.90019163 8310.0585014528 10297.262148741 11476.78450204 3239.5931800930002 4012.4721872990003 3977.3350631870003 3699.600432189 3713.717943123 3133.023370659 3848.8651791129996 3877.783974799 56012.1625557 62025.9470016 84947.6751874 168454.31296319998 210819.3780696 240628.97267679998 324838.517298 260000.04876469998 198379.2785593 81462.7101408 0.0 0.0 825061.056543 493780.8692999 297362.3717191 437160.1272466 433935.35513050004 276319.9998618 693329.7520766701 0.0 485900.95337211003 0.0 0.0 291917.51605098 660309.6826379001 749829.8395115 610905.28949356 0.0 0.0 0.0 0.0 0.0 0.0 0.0 0.0 0.0 0.0
0.0 0.0 0.0 0.0 0.0 0.0 0.0 7683.6251537 5603.53727934 0.0 0.0 0.0 0.0 0.0 0.0 0.0 0.0 10521.0482351 9967.52811937 0.0 3719.5203118307 12425.002576533001 5153.4273139388 5916.356323121 50236.90236336 17580.52296189 15526.981116629999 4699.051402682 4696.428191938 40166.884541520005 74781.3357403 159571.1359929 236202.29788129998 216384.0454461 195037.6970849 182147.35411840002 139286.547907 179326.641248 168119.9674198 154991.8743885 0.0 0.0 0.0 0.0 0.0 889510.965207 272234.53859999997 0.0 0.0 582586.46311 581103.9576961 305749.6677305 0.0 218015.24460781002 190553.07818068002 356521.5869025 435097.17115179996 327930.361894 363037.6050018 0.0 0.0 0.0 0.0 0.0 0.0 0.0 0.0 0.0 -9999.0
0.0 0.0 0.0 0.0 0.0 0.0 0.0 0.0 0.0 0.0 0.0 0.0 0.0 0.0 11013.7359826 0.0 0.0 0.0 0.0 10325.745534522 4981.9895981963 37534.829860499 74219.2356602 37868.5091518 77820.0482435 5813.134695479999 30066.0174401 67981.7732676 67694.6771074 100961.4624366 195295.32815400002 307907.6547228 272486.89419300004 144689.1399906 240328.4055142 196435.1267565 203138.42274059998 209890.1829382 0.0 0.0 0.0 0.0 0.0 0.0 0.0 0.0 811999.91900633 449020.4450541 103228.60541250001 53104.49835782 294999.5864253 241552.0009138 168382.2318879 185253.61938609998 356760.4106024 849859.54998 992448.9605810001 0.0 0.0 0.0 0.0 0.0 0.0 0.0 0.0 0.0 0.0 0.0 -9999.0
0.0 0.0 0.0 0.0 0.0 0.0 0.0 0.0 0.0 0.0 0.0 0.0 0.0 0.0 0.0 10060.018616 11312.1816089 10636.9572146 10962.100060286 21445.731137139 47998.232115599996 70178.9875897 58713.445453140004 77534.63477229999 61369.7720039 53800.639424 218664.8131482 150217.0864002 250250.3991312 787368.3245539999 605056.5047457 316341.1655695 303276.87579 426347.7867676 271742.0174987 587098.0402522 0.0 1870199.29142439 0.0 0.0 4392398.1132606 0.0 0.0 2410086.74062573 0.0 0.0 1584154.9858330071 1246314.110538909 990676.945604905 194792.3889883 17681.188394560002 7967.42207843 135137.72818606 411757.1975434 282557.741846 256947.071665 1302412.4072552002 316486.550837 435221.660538 0.0 0.0 0.0 0.0 0.0 0.0 0.0 0.0 0.0 -9999.0
0.0 0.0 0.0 0.0 0.0 0.0 0.0 0.0 0.0 0.0 0.0 0.0 0.0 0.0 12351.1092488 0.0 0.0 0.0 23652.5512871 0.0 0.0 16292.17683147 20121.939403660002 13075.440996169998 15378.45615134 47728.549907279994 96352.384814 121112.4789305 158959.8097681 114084.6110006 172269.0694061 174361.5390891 231613.54094099998 296468.3594772 305975.93361079996 0.0 0.0 0.0 0.0 0.0 0.0 371700.9493609 168534.778719 135453.50974510002 1474638.91185558 0.0 99254.37170639 1020498.6305367 70833.0440406 2129.618805618 -9999.0 3917.870242601 285553.0529244 502980.657749 0.0 669677.3708517 174225.0666204 922742.2156869 0.0 0.0 0.0 0.0 0.0 0.0 0.0 0.0 -9999.0 -9999.0 -9999.0
0.0 0.0 91534.7490741 0.0 0.0 0.0 0.0 0.0 0.0 0.0 0.0 0.0 15467.9226087 24901.9353735 0.0 0.0 0.0 15041.7075531 0.0 0.0 0.0 30895.750644371 21849.977318144 16115.993021584 16754.79520261 52033.632083699995 210769.5402268 242906.05930639998 269780.0826535 383145.0794019 417474.09649120003 376344.251251 0.0 353111.5343987 312856.25449069997 0.0 0.0 0.0 0.0 2049904.8511784 182041.3213434 252902.69420195 209479.8267904 292523.9889681 221009.9478355 153629.88833440002 142424.5222503 8637.47910948 -9999.0 -9999.0 7748.826355347 163556.3018576 306905.36301699997 199830.1038875 131285.9509512 64310.417287539996 0.0 431551.70897166705 627317.40016799 920509.6026505299 0.0 0.0 0.0 127106.0935368485 -9999.0 -9999.0 -9999.0 -9999.0 -9999.0
0.0 0.0 0.0 0.0 0.0 640291.376517 112416.58599970001 38635.47437932 0.0 0.0 0.0 0.0 0.0 0.0 0.0 0.0 0.0 15008.839286089 3066.8089728434998 5119.33316101 151773.2031584 80094.9990474 18041.8835786 10459.564913729999 15171.747025174998 138908.8734924 130185.2926975 199051.71857559998 299284.4921927 179779.5707527 207996.85568530002 0.0 0.0 676138.9562825 0.0 1313269.3493851 0.0 0.0 1536626.9512895192 181324.46602028 238659.69492649002 199805.0559175 147481.9774121 249604.033551328 99569.89124170001 99767.89251805999 18033.47697094 -9999.0 -9999.0 -9999.0 2574.190003057 167146.5707089 55683.199721850004 -9999.0 -9999.0 -9999.0 -9999.0 -9999.0 69049.1582021804 659590.5225842989 0.0 0.0 0.0 55122.840621632 -9999.0 -9999.0 -9999.0 -9999.0 -9999.0
0.0 0.0 0.0 0.0 0.0 0.0 0.0 442703.621514 141623.1517814 61086.6269606 69183.7885053 35983.056399149995 0.0 0.0 15198.53143498 0.0 0.0 27634.735817989 17698.0904553 218786.8656377 261764.20635279999 42006.764146 11474.2800106 4621.48566847 131446.8932064 86509.4599862 79828.5274847 222599.00046507 45379.35929534001 296211.7853943 283968.1601091 152563.120742 2614207.30806467 629859.27235903 0.0 2126586.802554 458356.4245661 778202.143846326 217574.53585786 235206.21040076 184088.44899180002 168314.7103185 140410.0924561 0.0 -9999.0 -9999.0 -9999.0 -9999.0 -9999.0 -9999.0 49239.59742802 3800.593971708 -9999.0 -9999.0 -9999.0 -9999.0 -9999.0 -9999.0 352378.143295481 573124.354616 0.0 0.0 0.0 0.0 0.0 -9999.0 -9999.0 -9999.0 -9999.0
0.0 0.0 0.0 0.0 0.0 0.0 0.0 0.0 0.0 326414.465075 127145.42511779998 136341.07804330002 68120.1869877 0.0 0.0 0.0 0.0 0.0 17069.284058315 66005.17821360001 20585.2662127 20739.57498811 4948.54420577 5001.04888242 12929.81717916 131687.0461098 0.0 245162.1221147 194657.0876148 327844.5968207 616359.0636461 0.0 0.0 398737.35803530004 0.0 0.0 284890.0693588 174768.60160947 329917.39325054 238236.64839753998 167238.9752103 169005.44492840001 108973.057428 0.0 0.0 588.5517098529999 -9999.0 -9999.0 -9999.0 -9999.0 -9999.0 -9999.0 -9999.0 -9999.0 -9999.0 -9999.0 -9999.0 56382.314082011995 752539.47765103 859276.234830589 940462.2098913341 0.0 0.0 0.0 0.0 48919.7943725 -9999.0 -9999.0 -9999.0
0.0 0.0 0.0 0.0 0.0 427775.158785 306421.061857 0.0 238125.841475 0.0 0.0 0.0 1279097.0603359998 145961.3999171 45215.7596426 0.0 0.0 4212.62072017 4085.89601372 31256.42732962 25944.28140952 37308.431156 8135.21522705 11898.30595613 117970.45929489999 206938.0242769 275488.7319939 193595.485597 208328.0401391 314835.9038067 1245484.151879108 794508.846241 0.0 193738.4663793 839531.1843605 1509452.5198314001 0.0 329130.06214137 282215.8017448 198364.67863549 196235.7985648 212606.06580974002 128480.66450869999 143223.4008574 112716.37760410001 0.0 -9999.0 -9999.0 28410.1965966 119683.76743770001 22700.93981689 -9999.0 -9999.0 -9999.0 -9999.0 -9999.0 -9999.0 -9999.0 50793.32891072 34953.046468975 100114.28756074401 371549.90775981895 221268.32487200003 0.0 0.0 0.0 0.0 -9999.0 -9999.0
0.0 0.0 0.0 0.0 0.0 458245.624313 244473.34711909998 110986.2714673 66881.69814338 0.0 0.0 461916.259903 704872.264803 451927.06589900004 200593.7931445 150764.95295 60882.9591213 0.0 25896.954597 63834.3369936 64466.5577853 40870.9323793 273279.6577684 779041.54216305 0.0 105647.3593336 82629.59251660001 218172.02407679998 302521.5530889 325505.41589079995 151593.7374816 792490.0537254 662218.6558207 241441.063658 0.0 478289.412116 927093.8400723 151509.11909981997 73930.44539189 233168.96573851 236770.00485489 214809.49763747 201349.05122870998 208347.53385590002 193278.8745187 138150.6310378 0.0 53249.23527979 273377.8917686 118175.7526532 653343.6636925 0.0 0.0 4481.19096374 -9999.0 -9999.0 -9999.0 -9999.0 -9999.0 -9999.0 -9999.0 119324.58327402601 827830.0797286701 0.0 0.0 0.0 0.0 -9999.0 -9999.0
0.0 0.0 0.0 0.0 0.0 0.0 0.0 0.0 170815.4726387 521550.58967659995 186950.26805030002 179288.1639264 848680.063207 500885.473839 78643.8432097 69094.1165609 59676.18868671 115628.7915393 175937.4657299 32558.72580236 40912.28041513 424971.401493 399723.0074498 304371.7697092 865100.67219885 685419.7523275 714056.0415672 782550.0177636901 0.0 0.0 331122.58730199997 1905525.4722270002 0.0 976340.5498501799 1839578.2964517 227096.3211159 366412.94138679997 169909.95215733998 155626.94446971 281827.93823741 256304.32376203997 92796.77174568 170362.9014025 227698.7501043 697475.958239 320926.33045370004 241223.786929 279297.31474430003 313996.2834597 0.0 0.0 50584.661150839995 13413.63026861 -9999.0 -9999.0 -9999.0 -9999.0 -9999.0 -9999.0 -9999.0 66856.457646128 570056.851723 854625.636955128 0.0 0.0 0.0 0.0 -9999.0 -9999.0
0.0 0.0 0.0 0.0 0.0 0.0 0.0 57442.2695072 0.0 671729.938262 650322.587758 1320593.966916 1030356.837667 868323.079544 316909.2195575 168489.5467685 273601.0925193 259229.3578996 239712.80678769998 0.0 382020.058023 185985.7952569 746995.0811352 942148.8785238999 93432.44168250001 0.0 173475.149852 0.0 198789.6639434 1423595.1323926002 1408204.6067710002 527581.3187354 0.0 378504.6784572 431593.87139409996 980971.553025 308000.1107216 178200.97619487 164127.75958439 279050.77916998003 169597.97342373 460925.9872439 705512.9323653 0.0 236246.823132 736126.1520877 230420.5305403 217167.56672271 101311.86250191 100380.01830903 -9999.0 -9999.0 -9999.0 -9999.0 -9999.0 -9999.0 -9999.0 -9999.0 -9999.0 -9999.0 3445.2370614255 624768.1012633045 1002985.400047246 0.0 0.0 0.0 0.0 0.0 -9999.0
0.0 0.0 0.0 0.0 0.0 0.0 0.0 401294.276571 348389.40493930003 230751.7207687 897105.0330330001 725368.0612059999 3208583.9121210002 867739.762593 869224.2538310001 551133.3494905 110982.70635169999 674789.9469044 161199.8380365 558469.2480731 898865.3914587001 655266.7727084 815124.95775965 0.0 0.0 0.0 522494.0614928 385902.39920700004 480666.276541 308372.660537 531835.6230466 1294547.3148368 1169515.0534584 459498.0365855 0.0 0.0 418856.1052034 246613.77588658003 241982.32844867 234809.33700676 258844.66473331 173136.69449367 258249.1355011 108625.01234079999 0.0 153246.3817171 0.0 112824.4409863 10969.013521185 -9999.0 -9999.0 -9999.0 -9999.0 -9999.0 -9999.0 -9999.0 -9999.0 -9999.0 -9999.0 -9999.0 -9999.0 311603.280862963 0.0 0.0 0.0 0.0 0.0 0.0 -9999.0
0.0 0.0 0.0 0.0 0.0 54530.381534 0.0 722274.649545 1087309.464368 587285.69375 253148.910803 0.0 1131014.930228 1403830.664377 598243.102798 404346.3254855 548973.4567117001 657641.1402298 0.0 0.0 0.0 0.0 711830.1091838 92850.6288626 585354.9218434 1773309.2449393 892172.0204829 681344.6658207 444458.867441 237658.6797838 484375.1528627 2385774.4887172002 2138629.8318071 593223.9536312 591506.0450842 171315.56416678 88010.60463315001 237973.09108560998 82583.39511414 97544.13263209 264401.52908679 122361.47466457 359728.8600576 577598.2302071 275721.87199104 212387.2128491 192532.2017909 4704.383074467 -9999.0 -9999.0 -9999.0 -9999.0 -9999.0 -9999.0 -9999.0 -9999.0 -9999.0 -9999.0 -9999.0 -9999.0 57020.86285071 0.0 0.0 0.0 0.0 0.0 244618.155454759 -9999.0 -9999.0
45342.4674184 42088.7258211 0.0 23188.7638819 36393.9637598 0.0 0.0 0.0 993805.790687 931042.294745 783280.353965 480692.69644100004 975914.0130479999 1121652.37478 1324477.713118 878091.328743 2165384.605200706 4543037.8785845 0.0 372029.1312001 1131533.8642935 0.0 1431425.759622 0.0 898251.9641712001 666342.6207100999 333983.36511149997 192923.7672292 585948.985476 398703.45388479996 0.0 467059.3765966 428812.99964099994 364422.01836379996 456536.28121030005 85404.05821366 77481.3106405 80584.76133267001 253884.21279798998 230983.48411095 261838.38703114 271605.61178231 99308.33838063 265340.30049796996 221677.28301407 209263.39970383 127809.05660995 29613.593179133 -9999.0 -9999.0 -9999.0 -9999.0 -9999.0 -9999.0 -9999.0 -9999.0 -9999.0 -9999.0 -9999.0 -9999.0 27219.367838839997 0.0 0.0 125779.005604621 72734.918920468 0.0 18571.08954679595 -9999.0 -9999.0
0.0 73091.5845938 47254.3096298 0.0 49970.9085113 0.0 0.0 0.0 0.0 557956.244402 726639.152067 847427.3794760001 368535.979078 1527235.0787940002 2658485.470507 3042284.5313299997 899781.719642 0.0 0.0 0.0 529647.604045 352121.1317664 260188.154319 1064165.4520263001 501611.8531239 216622.08266608 603389.509846 0.0 746426.2337989999 1242391.803157 0.0 2131863.3253911003 369259.19581299997 382785.30224740005 597226.9523674999 212756.29597563998 165659.24576309999 141248.57950695 227370.4595198 120541.71517922 203144.57666229998 215854.8743581 119013.8002962 201511.02518768 310833.12780171 280504.66610692005 150083.37543247998 214755.45179701 76052.84724984001 -9999.0 -9999.0 -9999.0 -9999.0 -9999.0 -9999.0 -9999.0 -9999.0 -9999.0 -9999.0 -9999.0 10640.369919087 31353.77353739 -9999.0 -9999.0 -9999.0 -9999.0 34812.314562715 -9999.0 -9999.0
0.0 0.0 80627.8887976 96681.4572035 67249.7943231 0.0 0.0 302374.5625277 0.0 0.0 816067.036425 403196.054531 79572.3162847 226063.8503375 2419242.131992 0.0 710227.292027 1971215.0687159998 1186612.4066171 0.0 0.0 4475662.0770143 0.0 0.0 600982.9977367 0.0 0.0 288853.5930864 0.0 1546916.950846 1040872.190484 0.0 0.0 0.0 265713.77073321 160652.60517937 159716.17408548 123431.2455156 122390.22477464 99691.5665881 110971.44226444 180787.0224569 154896.50754279998 190302.0670403 259388.31597384 84013.13407139 87539.26267513 253889.97645669998 215544.94545726 0.0 -9999.0 -9999.0 -9999.0 -9999.0 -9999.0 -9999.0 -9999.0 -9999.0 -9999.0 -9999.0 -9999.0 162067.21538403002 -9999.0 -9999.0 -9999.0 -9999.0 -9999.0 0.0 28431.748346751
131257.487503 0.0 486730.719411 227270.360429 220285.148147 139392.806674 0.0 360099.787332 121845.861195 0.0 196391.252785 325768.9105444 242726.0766332 0.0 1538659.527406 3850928.64938 11761739.46855086 0.0 737033.608776 735527.906236 2081617.540768 1969702.3151892 675336.5944082 386489.26835699996 3024611.3812016 0.0 0.0 4723466.1380409 2186503.3523145 287897.4002975 1396670.4475733999 1223877.3029159 405331.1589167 140726.6442868 200949.36980390002 242391.99287272 114954.8857937 108483.66232589999 113760.91448646 95983.26437815 158271.3848549 178198.74677209998 171588.25635060002 104477.69605458001 195505.4515191 76088.68256237 134695.16192722 142775.14415294 248628.6170642 73657.31347201 -9999.0 -9999.0 -9999.0 -9999.0 -9999.0 -9999.0 -9999.0 -9999.0 -9999.0 -9999.0 857009.2924509 936210.8244902 -9999.0 -9999.0 -9999.0 -9999.0 0.0 0.0 4537790.5118212
196203.644046 0.0 308287.38891 496754.431487 331191.157979 376077.601079 336176.229476 224503.750042 329059.320487 447548.082974 1100966.70259 372432.911381 410709.26572799997 529983.228549 1706529.4945740001 0.0 1708157.0093009998 5630982.297836 0.0 0.0 0.0 0.0 3478462.51629868 0.0 3723612.8695107 2145514.6317045 0.0 3117950.632049 2233914.463282 0.0 1757195.5568539072 188421.1124985 123426.26336137 119895.0877945 143202.6356472 0.0 134403.2103143 99019.2749362 147708.1055459 189714.2925421 200336.7664431 131672.40414459 162756.3170866 175542.5902427 246483.5430036 192948.8113573 96120.7222617 150172.82216156 62529.135851180006 178004.55020983002 3364.778872624 -9999.0 -9999.0 -9999.0 -9999.0 -9999.0 -9999.0 -9999.0 -9999.0 -9999.0 -9999.0 -9999.0 -9999.0 -9999.0 -9999.0 0.0 0.0 102248.87203935 0.0
392879.342728 265966.465034 261251.41076 254340.513571 557711.892158 472651.775581 525638.028771 379266.296475 305995.020484 538999.81546 816032.002498 1400957.2425310002 877966.194315 1429655.1498790001 0.0 0.0 0.0 504711.9363764 0.0 0.0 0.0 0.0 0.0 0.0 0.0 6867207.5220515905 731739.485132 0.0 0.0 0.0 352690.338294 271162.5960346 144532.4198328 176079.5332984 355643.7254674 336420.9663228 169625.31810240002 145226.28208761 147007.08185011998 154322.08421204 133825.55276366 134012.41663464 179096.32448481 175525.67332489998 203379.8626644 175011.3928528 209805.67207171003 147432.96639166 154907.68892633 135781.57986710002 195070.20628412 10210.53674503 -9999.0 -9999.0 -9999.0 -9999.0 -9999.0 -9999.0 -9999.0 -9999.0 -9999.0 -9999.0 -9999.0 -9999.0 -9999.0 -9999.0 -9999.0 -9999.0 0.0
493665.316918 521869.008337 620468.078074 367585.763627 539077.714474 707002.475985 512752.447597 1422393.03981 910501.635266 0.0 0.0 1760283.732331 0.0 2171568.947736 0.0 1727486.260115 0.0 632120.1203605 474709.6697253 1065645.8704253 1097961.6879538998 0.0 0.0 0.0 0.0 8378623.13903 1248606.9250969999 850677.639134 793092.122894 0.0 240312.282843968 527659.8517519999 170431.7953966 277148.1560013 195254.889928 270236.2665932 1184759.9203450398 0.0 128330.4479688 0.0 230586.90220860002 153588.2456251 117020.43644672 0.0 178917.2826001 188041.1375976 217977.52185046 117740.36387996 153578.92188022 101105.66218716001 138994.79081633 104352.67496379 -9999.0 -9999.0 -9999.0 -9999.0 -9999.0 -9999.0 -9999.0 -9999.0 -9999.0 -9999.0 -9999.0 -9999.0 -9999.0 -9999.0 -9999.0 0.0 0.0
440387.639911 554395.373142 562410.70261 389845.679701 495437.912297 0.0 1284198.183428 152675.695871 2948113.1202800004 2248904.8210899998 2619553.80263 0.0 0.0 1970095.098592 1284180.0923799998 4141375.824237 449249.8013024 264626.8028573 497106.8806596 289160.4392138 235735.7524804 1067773.9108378 0.0 0.0 1147807.585061 1094120.288764 1391863.924152 4199244.423278 0.0 0.0 0.0 0.0 168220.0923052 242331.7498837 286364.4346402 144120.26413449002 309841.4084535 190471.4153667 1025494.6494899001 306483.1700961 432679.84493200004 804597.0295138 225734.5812772 176464.54877350002 180333.22697617998 115806.71318135 255000.4738361 277877.54637282004 47561.95191787 108562.87726321 122639.38304659999 57367.6997911 -9999.0 -9999.0 -9999.0 -9999.0 -9999.0 -9999.0 -9999.0 -9999.0 -9999.0 -9999.0 -9999.0 -9999.0 -9999.0 -9999.0 -9999.0 -9999.0 627844.54061207
726204.244515 343660.324851 1296913.94712 1258309.97402 859197.328743 0.0 3300299.3327200003 386467.72346400004 0.0 3056916.1916300002 2970799.8595700003 13006217.81595 5535911.0231899 0.0 2088966.5819630001 276345.0587516 311194.0469383 339892.4215606 357972.28885450005 281426.35781099997 202438.4960671 292298.3202068 0.0 0.0 1065978.0637169 0.0 2787518.310708 517713.275048 720556.4790419999 3814851.9067555997 695909.6265929 432472.271412 268419.8012299 143222.04560190003 167945.20082223 115672.87412776 135254.04780762 152625.98800890002 518117.86060069996 833066.9714602 0.0 483191.8808028 155274.3263394 0.0 1105662.1128192 436406.220863 0.0 413694.4516066 146559.15253419 140454.05917193 120914.11179930999 16486.89548018 -9999.0 -9999.0 -9999.0 -9999.0 -9999.0 -9999.0 -9999.0 -9999.0 -9999.0 -9999.0 -9999.0 -9999.0 -9999.0 -9999.0 -9999.0 -9999.0 -9999.0
776111.423921 838490.242427 777396.8698280001 1549149.40974 1786904.089345 4143417.24643 11263080.393641 928899.5770100001 1267695.781233 0.0 0.0 2682826.83057 0.0 0.0 0.0 249484.5527596 363909.6740615 222699.5199362 226067.3530916 234347.1208082 282119.30854359997 0.0 375968.560406 175674.6022347 325430.862547 1695899.1612004 2135445.9564921 0.0 0.0 5112525.512868 306644.696604 303490.1349309 117224.55254324 95406.94938533001 105895.64690542 118936.02436542 109348.93858546 165308.0401917 176041.7517553 564352.7906089 288883.7883547 131422.7922107 1469474.6312068 0.0 1936064.0734727 0.0 820989.53596 1198048.9035408 329473.56154347 81278.16147999 131261.48605388 8464.939850192 30919.084031140002 -9999.0 -9999.0 -9999.0 -9999.0 -9999.0 -9999.0 -9999.0 -9999.0 -9999.0 -9999.0 -9999.0 -9999.0 -9999.0 -9999.0 -9999.0 0.0
