critload/trunk/input/1999/nero_nat.asc
ncols 720
nrows 360
xllcorner -180
yllcorner -90
cellsize 0.5
NODATA_value -9999
[rows 150 to 179 of 360, columns 335 to 401 of 720]
0.0 0.0 4893.60910611 8358.89403911 9.81717289634e-06 4771.91984221 863.07856958 866.101340909 791.284346779 722.436453899 765.934864008 4231.33480963 4340.18005833 9.56508057889e-05 3.81446064758e-05 4614.06782714 4863.81894274 4.27621429496e-05 2485.42986745 0.0 0.0 0.0 0.0 1.87582805249e-05 0.0 1468.05741081 1.10522028126e-05 0.0 180.362867513 929.894874174 859.55437394 3.26600629123e-05 0.0 0.0 0.0 0.0 0.0 0.0 0.0 0.0 0.0 835.008170198 0.0 743.659554503 723.315174777 962.275351716 0.0 0.0 0.0 0.0 0.0 724.830129209 806.844388098 0.0 0.0 2.61246035032e-05 0.0 0.0 0.0 0.0 0.0 0.0 0.0 0.0 0.0 0.0 0.0
1429.04076001 2001.35868748 7790.36656659 10344.9648211 12048.7999559 5609.94171435 5412.75869284 1451.3464113 0.0 6078.15992696 5352.5461779 4302.43764036 3414.46509325 0.0 0.0 4862.44050904 0.0 2009.94799153 851.086740717 0.0 1.09292697038e-05 2.47776877159e-05 2.0908794256e-05 0.0 0.0 0.000175590476792 0.000117355710561 0.0 2.36770310927e-05 3.77352795319e-05 2.80067237722e-05 2.49769866544e-05 1.98609384961e-05 0.0 5.26172955382e-05 2.75482724394e-05 3.15583501761e-05 1.50368770254e-05 1.93509764125e-05 1.65047719257e-05 2.38628923426e-05 785.048495538 2.87095345758e-05 1.63555290507e-06 0.0 1.80115962928e-05 0.0 0.0 0.0 0.0 0.0 0.0 0.0 0.0 0.0 0.0 0.0 0.0 0.0 0.0 0.0 0.0 0.0 0.0 0.0 0.0 0.0
1610.31145373 0.0 2757.07504142 503.304130687 0.000257081421447 7247.01257997 0.0 2306.40126367 8.03312762194e-05 5699.28840798 5329.39626207 4383.74135736 3387.78125678 3269.12400043 4.65255748738e-05 5039.9303244 4953.59440092 995.31937469 621.731980874 1247.88418035 2.09916364379e-05 2.07951800829e-05 1.50134516226e-05 5.39680014156e-05 3.77615122126e-06 0.0 2.74212858227e-05 0.0 2.07297635648e-05 1.47685066967e-05 0.0 0.0 1.3907582215e-06 0.0 2.50474279236e-06 1.38874186081e-05 3.32972281936e-05 1.16851338707e-05 0.0 9.75777487104e-06 8.7196670498e-06 0.0 0.0 3.00022994873e-05 0.0 1040.52661943 0.0 0.0 0.0 0.0 0.0 0.0 0.0 0.0 0.0 0.0 0.0 0.0 0.0 0.0 0.0 0.0 0.0 0.0 0.0 0.0 0.0
1942.96435024 0.0 0.0 2.61499862379e-05 2638.28465255 0.0 3.17256718072e-05 0.0 0.0 6374.58790123 997.804905488 3971.6290479 3746.71910281 3508.95386911 5.27783459948e-06 3932.32943117 1176.29544184 0.0 4633.74362636 1352.54713622 1398.44962863 1548.94210253 1619.78780057 1370.10879847 0.0 1355.16545168 1491.78293165 0.0 5.48851416505e-05 0.0 2.36186156279e-06 0.0 0.0 1.60619664777e-05 833.808763579 1082.96586796 0.0 0.0 0.0 4.10796251117e-05 0.0 1.22875192902e-06 4.66009847724e-06 5.99499235151e-06 1.58552611032e-05 1.29594333251e-06 0.0 1.2273468678e-06 0.0 1.41058889443e-06 1.4643557013e-05 0.0 9.29978837512e-07 0.0 0.0 0.0 0.0 0.0 0.0 0.0 0.0 0.0 0.0 0.0 0.0 0.0 0.0
2491.79077486 0.0 0.0 0.0 0.0 4.39361434354e-05 0.0 0.0 0.0 0.0 6429.6184136 0.0 4784.59777918 0.000102814968642 7.87425441544e-05 4902.08038465 1785.72591356 4421.8419887 5262.43864983 1403.48191017 1539.1248502 1396.5504114 1492.95185482 1432.66976127 1353.20780167 1375.84414054 1366.66706009 1411.38355599 0.000319078969324 5.43539388969e-05 4.00401302504e-05 1.86850222998e-05 0.0 897.889294398 1366.30680662 2.04523786173e-05 842.259944293 1595.42831735 2.90338772712e-05 3.61690015971e-05 2.35416747625e-05 0.0 1.03942278605e-05 7.85847441823e-06 0.0 0.0 2.8899134781e-05 0.0 7.28274149046e-06 0.0 0.0 2.15579711209e-06 0.0 740.13761791 549.324666682 138.215054683 0.0 681.753132199 701.297709947 5434.34421098 6225.31084395 6831.75335357 0.0 7677.41244162 0.0 0.0 4382.40989106
32982.4237171 0.0 0.0 5.00591235685e-05 0.0 0.000552305532395 0.0 0.0 0.000148463407349 0.0 8.86675523879e-05 5028.91966874 5849.92610536 2.76377052484e-05 5524.76393583 1732.15851775 1665.33645518 5885.44765017 5329.38513834 1437.13791641 7075.26093827 5.7791923222e-05 0.0 0.0 4857.74274998 1411.36500404 1418.85839471 1383.86345471 5011.80631584 1526.93667179 5291.85929763 8.31134294137e-05 0.0 904.080650505 1018.39533626 889.138949772 5777.14512803 6164.12267278 5845.59926699 1024.48376862 941.775899102 0.0 9.75045143648e-07 7.95443662344e-06 0.0 0.0 0.0 0.0 1.53755590583e-05 0.0 8.27337974337e-06 0.0 0.0 0.0 7.3423668649e-05 0.0 615.198398819 663.404023627 631.32920087 656.931878669 7406.7741583 6.11767261288e-05 15047.745904 8293.38224827 0.0 4.67899933716e-05 0.0
0.000414311731781 0.000589917604504 0.0 0.000197167981457 0.0 0.0 0.0 0.0 0.0 0.0 1.35783923053e-05 5814.63715711 0.0 0.000174578865734 7395.96076888 9005.72622539 0.0 8.66099037374e-05 8398.42102639 7680.42274443 7586.51310839 0.000134176763319 7445.61563547 7519.6979404 7865.30580452 6291.86777392 5160.42108195 5006.25903655 1577.12813537 5657.4307369 5574.72225863 2.79466135863e-05 0.0 8422.24377201 4.58701848591e-05 0.0 0.0 0.0 6849.64379399 1123.93064371 0.000112113868948 0.0 0.0 2.02144197395e-05 1.81742139897e-06 0.0 228.040327504 1372.09970926 830.433154544 716.128181586 647.049046028 602.882926659 4154.74884825 0.0 0.000739286921517 0.0 0.0 0.0 0.0 697.411935008 0.0 0.0 2.71804479413e-05 4.09546212097e-05 0.0 0.0 1.36169639739e-05
0.0 0.0003569246834 0.0 7.48177720057e-05 0.0 0.000125890010758 6.17367399258e-05 0.00017685527265 6582.21116222 0.000107751212238 0.0 0.000118135152905 0.00036470267143 0.000332303366455 0.0 0.0 0.000392936794143 9106.68068901 9201.66943539 8174.12447161 8288.72530764 8534.08460444 8295.4332362 0.0 0.0 8415.48512876 7893.36284066 6543.65323488 6531.75035703 5783.02451466 5571.34296634 6734.40304855 0.0 0.0 0.0 0.0 7.90415505474e-05 0.0 0.0 0.0 0.0 0.0 0.0 7.32178831285e-05 0.0 0.000106382214035 9448.81311904 11461.8449858 5953.94404887 0.000145763011501 0.0 0.0 4056.9748263 5.50083090859e-05 19340.2385545 4211.23378835 0.0 0.0 0.0 8.69465097447e-05 0.000158981920585 6.36988262156e-06 3.80198572144e-05 0.0 0.0 0.0 0.0
0.0 0.0 0.000255307319639 8.58636780027e-05 0.0 0.000138328442489 9.1110916112e-05 0.000106588280872 0.0 6684.87722499 1913.75391155 0.0 0.0 0.000102979284426 0.0 12293.2943842 8.99169963953e-05 10573.8650638 0.0 0.000141696425287 3.5498025801e-05 2.93598362909e-05 0.000199245609382 0.000132256398684 0.0 11513.0584541 0.000226214812925 7440.96632967 0.0 5967.40877755 5988.76292115 6631.75952841 6000.56652919 2.70226109328e-05 0.00016761802529 0.000119710098817 0.0 0.000276862198568 0.000155642314116 0.000413093366178 0.000249444934792 0.000166856978883 0.0 0.00015558532808 0.0 0.000218675161914 0.000134850494805 12419.7101891 0.0 0.000341750358509 9.09700416102e-06 0.0 0.0 0.0 0.0 0.000114079704789 5.66134546036e-05 0.0 0.0 0.0 0.0 7.64470648604e-05 0.000116230644829 9.44187166327e-05 0.0 0.0 0.0
35887.6200588 0.0 0.0 6.65152374937e-05 0.0 0.0 0.000134346488773 0.000306477522746 10237.2711897 11548.2537051 10849.2600103 0.0 4.27370221963e-05 7.10013221475e-06 0.00010770816578 5.81274231319e-05 9857.67576342 7613.88359436 11696.0995553 0.0 0.000196667504028 10606.7241922 934.965915464 0.00029367346556 2.30086949317e-05 0.0 0.0 10310.1147383 8449.90189747 6661.90594144 0.0 7106.24584145 6177.13499741 7.18817536476e-05 0.0 0.000121948851295 0.0 0.000181428336695 0.0 0.0 0.0 0.000123593237885 0.0 0.000260006230588 0.000143698052678 2.21474806932e-06 0.0 0.0 2516.64360408 7.86213814675e-05 2.96680326111e-05 0.000130111315066 3805.28032379 0.000510566990317 0.0 0.0 0.00012851308929 1.18979294233e-05 1.47733771834e-05 5.30927811165e-05 3558.54924812 3591.51516723 4250.60040838 3202.00460409 0.0 0.000104099945666 6400.33953601
21591.3933899 38651.5195414 17926.7019278 0.0 6.45842399607e-05 11851.7375907 7.08342737311e-05 13181.3699307 10799.5148782 0.000123221271761 13086.9950835 0.0 0.0 0.0 0.0 7098.38798832 0.000183269191711 11341.2099749 0.0 0.0 7619.13888121 13407.6106645 8041.67138319 0.0 0.0 0.0 0.0 0.000245555043556 9732.07357837 6796.7662625 6906.11110254 8039.35463658 0.0 0.000149531346637 0.000189711395269 0.0 0.000114986091707 0.0 0.0 0.0 0.0 0.000281181677586 0.00087499809334 0.0 0.000311013416015 0.000583973464974 0.000166492711764 0.0 0.0 0.0 0.0 0.0 0.0 0.0 1603.11370846 0.0 4.03831695593e-05 0.000122328682534 0.0 3483.70046453 7.37277566271e-06 3452.9637669 4527.61741048 0.0 4347.01482611 6021.10684037 4345.80077135
14111.9323268 35316.7016255 28496.107034 34038.525147 19761.7494832 13819.2034984 15821.064339 13823.9016263 12968.9560919 10920.3311591 10731.566281 13682.193858 3.65215001491e-05 0.000116885440857 0.0 0.0 11291.9212662 10264.9236379 10295.8062135 9917.0291675 8173.87713641 0.0 0.0 0.0 9098.75062326 0.000141348208946 0.0 10594.3940791 9510.2768579 7120.49369273 1442.63817943 0.0 0.000164591715868 0.0 0.000196580674398 0.0 0.000292186117862 0.0 9.8141950812e-05 5.09740715492e-06 9928.41625952 0.0 0.000315005371682 16003.8499201 0.0 0.0 0.000354064076146 0.0 0.000372080373127 0.0 0.0 0.0 0.0 0.0 0.000124877103333 0.0 0.0 2.72131808853e-05 5.27744397053e-06 3.8406497389e-05 11132.7611816 5460.54614164 5909.06602327 0.0 4446.63980165 4426.7463667 0.0
9751.98183315 25102.9509945 18760.4071168 31399.4726379 9.05378410655e-05 25254.8844518 0.0 14776.3215798 15141.3718206 11253.1172048 10512.5977207 10351.8438735 8607.95537001 0.0 0.0 11577.063223 11803.6802642 9925.03306313 11444.0339377 8031.95944908 7419.45226171 6328.48967645 0.0 6719.22090755 8796.12982168 0.0 0.0 7186.75597256 6541.19449869 5.54899264735e-05 7635.46843242 0.000107928575562 8353.66065857 0.00039098915707 0.0 0.000564337131398 0.0 0.000578975687488 0.0003426003416 0.000226854524987 1.29568435854e-05 0.000211877473675 0.000181206534561 7400.20553421 0.000166545227531 0.000364861753058 4.30107392695e-05 0.000407966599846 28876.8083192 2.8223126851e-05 0.0 9984.110076 6335.46994341 7980.06388345 7320.55764331 10489.7213374 0.0 0.0 5.32546823769e-05 0.0 0.0 0.0 0.0 4665.7522371 4644.406784 10268.1359774 10948.3050885
0.0 1.95950045285e-05 0.0 0.000729620008793 0.0 20979.3567498 27248.7199805 15435.2323302 0.0 11127.7759168 1.70745706975e-05 0.0 0.000120159652627 0.000151652221929 0.0 12454.261784 7960.76977659 9695.59317363 0.000157388411171 9506.44662048 8590.1275427 6262.25916066 5176.62586873 0.000125144788813 0.0 0.0 13604.3050187 6974.1958955 6505.19529505 6868.99538265 7960.90949901 0.000189438861647 0.0 0.000118260636942 1.2418104163e-05 0.000244065257421 0.0 0.00024326764731 15798.3603936 0.0 0.0 0.0 0.0 0.0 0.000161059432816 8.69227623939e-05 0.0 0.000207222779654 33658.9317579 14772.004166 10235.6313861 17660.5267813 8983.37959797 7.43896165145e-05 3558.26907262 2393.31703107 1.10770551541e-05 0.000218717115471 0.000329325644212 0.0 0.0 4672.52454316 0.0 5776.89646813 6731.57889546 8885.44292059 1666.58075359
10686.4231216 0.000159249691318 0.0 0.0 42761.0223864 18225.0173516 16080.068461 16938.996894 21118.6950407 80798.7225614 0.0 3.06410302577e-05 9676.15108583 0.0 0.0 0.0 5.49682804126e-05 9.82116055724e-05 5.53286563223e-05 0.0 8699.77820969 10097.1951262 5979.44786777 5072.77468679 3.97162523043e-05 6838.36463223 26480.6368637 0.000204797946643 6608.68865038 7128.41229908 7461.57078316 0.000163743231096 0.0 0.000318171013352 9278.28214264 0.0 3.50142290792e-05 0.000270441631984 0.0 9.55882119107e-06 0.0 0.000103219942373 0.0 0.0 0.0 0.0 16586.5521238 24395.4168434 30056.1071572 27436.4827789 35933.0798521 5226.68084164 26354.900889 27858.8708046 20302.7519849 0.0 2958.34994437 1996.2895095 8264.54927217 0.0 6508.90367407 10880.149154 10031.7030797 9.58147745648e-05 8788.93327992 9161.08312952 11434.8463074
0.0 0.000286819506907 13513.5668253 19668.2351276 19053.8109207 15884.5997163 3.64366919275e-05 15694.6373433 14334.13503 20063.5232012 0.0 0.0 0.0 0.0 0.0 0.0 0.0 0.000143821982235 0.0 0.0 0.0 10015.8029799 8169.02771463 5805.80919897 9.62121163198e-05 6611.74417245 0.0 0.0 8544.22248192 0.0 0.000255070586375 0.0 2.52302999585e-05 0.0 8084.94409569 8194.09648824 1973.43510106 0.000327923481732 9.9738783545e-05 0.0 0.000416742769284 0.0 0.0 0.000190004246374 0.0 11777.4270538 26859.5455257 96709.3454296 176329.286649 46801.5708975 22262.7975565 11752.0113786 18588.5012102 26724.0758393 21918.6437902 20050.1229486 17533.1191759 17656.5746262 15174.1247085 17053.3353465 14132.7084877 13618.640214 12802.6841665 15418.1151534 15374.4626205 14679.8187048 16499.1495252
-9999 166.6481431 3308.58273958 9.92980765207e-05 10450.606203 0.0 0.000116680579867 12378.3599009 8419.22611314 9454.833451 8831.34613859 6.43997866363e-05 4.93382752855e-05 0.00017172342004 0.000130640085226 0.000160014704166 0.000281932289018 9.53014327787e-05 10450.2994155 0.0 12556.580419 0.0 3.63459954316e-05 0.0 0.0 0.0 0.000213776752351 0.000140462618752 0.000378224380578 0.0 0.0 0.0 3.90773884899e-05 8936.4964711 11172.3836485 11550.0284304 0.000274985861075 0.0 0.000139945298109 0.0 0.000158598924114 0.0 0.000118688521543 0.0 52033.4401223 59691.4246155 68355.8137997 87363.8189025 0.0 0.0 18180.0096145 15358.8446824 15175.1834339 16750.8021862 14391.1930457 13710.9042587 14340.1727468 0.0 0.0 16906.4212384 15250.8633995 15458.8409542 15745.6339318 15952.425968 16964.3185834 16301.2663469 17638.5777656
-9999 -9999 -9999 1922.23289099 0.0 10765.8544961 15484.8692381 10949.4833529 8613.29744342 8638.98996634 8423.0325479 3.84618943109e-05 0.0 0.0 7.87556254175e-05 5.56728148222e-05 0.0 0.0 3.93567658427e-05 11656.0412546 11246.916074 10780.1204905 11969.6049065 0.0 8.99550383981e-05 7.90484318729e-05 0.0 0.000187075234632 0.000112118969097 0.0 0.0 0.0 0.0 716.676602728 0.0 7636.20168309 8518.86147193 0.0 0.000243364044024 0.000373781249508 0.000203340802609 0.000109384415795 10564.9915349 33476.4576915 100477.499259 155057.504049 154965.709242 22032.9962186 26122.4857905 15772.0275792 11220.2596356 15743.0786372 12915.5421965 14442.6859585 13460.4950328 3.03508367964e-05 0.0 14742.9113227 17562.9986541 17525.1834059 16317.1564849 15892.5096722 16588.7868022 15631.8653364 16034.3772761 15318.2171758 17799.6181345
-9999 -9999 -9999 -9999 389.507489466 6546.30091242 10716.9394044 0.000126472718142 14173.4809712 8958.36034614 8482.6220385 8672.50375533 5.90099509014e-06 9158.96537706 9.44901220123e-05 0.0 9.68702598463e-05 8328.37008284 9275.2663 13409.2097496 9354.77620685 9903.55095406 8171.86657808 0.0 6.91708453756e-05 4.65900777809e-05 0.0 -9999 -9999 -9999 -9999 -9999 -9999 -9999 1.49554718316e-06 20427.3987674 7.88562020917e-05 7.07917604511e-05 0.0 0.0 0.0 10170.611841 17553.8731431 18610.0113441 49748.6502877 0.0 0.00143282063661 18990.3414724 19532.1723199 10563.8421002 13755.146872 15003.7442455 10792.8635466 12721.8694814 0.0 25011.0446565 26349.9122621 2283.57880506 18839.7161443 16527.7197022 13498.5274811 14185.7341387 16088.1139576 15414.0052225 16078.7887015 15574.7974462 18402.5825371
-9999 -9999 -9999 -9999 -9999 275.000728356 5598.85355701 9362.21008083 13109.9973224 11244.7872883 9853.44713786 9567.11054804 9121.57152123 8018.12009294 5695.02842693 20389.3639855 0.0 8.01009471198e-05 0.000122136219709 0.000136990492591 0.000143120684882 0.00024555580884 0.000195318630804 2.27357261006e-06 0.0 -9999 -9999 -9999 -9999 -9999 -9999 -9999 -9999 -9999 -9999 5801.11397176 9.17487404386e-05 0.0 5.6950203824e-05 0.0 0.0 7244.32385303 19078.4227447 21239.2273999 53367.9450104 0.000142416367985 0.0 19544.5736348 15671.0893403 12926.7813976 12918.8242252 15861.0332671 16229.1211298 0.000330846170103 1.52887895037e-05 2306.58691549 2887.53145585 2429.10646498 2620.91095673 15632.6637604 15728.9379989 17092.5387991 15897.528868 12588.0070086 12524.5898379 15007.3846536 16514.5280737
-9999 -9999 -9999 -9999 -9999 -9999 -9999.0 2187.91251219 6828.13318914 0.000211432196658 38851.421221 4405.82046101 1749.87961963 -9999 -9999 -9999 -9999 -9999 -9999 -9999 0.0 1.93661500673e-06 -9999 -9999 -9999 -9999 -9999 -9999 -9999 -9999 -9999 -9999 -9999 -9999 -9999 529.071892371 4563.27524519 0.000160303858614 0.0 0.0 0.000183743425925 5.88957089416e-05 9302.89012248 28152.8575796 94446.0256161 44704.6265689 29911.9516967 2751.15440798 16495.1539589 13538.5464826 14235.3144828 15934.8548728 13475.3445998 0.0 11384.4609545 18401.0494908 2860.83338804 2335.4023636 2501.79889235 19722.6798725 20157.3078614 16238.9883119 19382.1832304 15281.086957 13987.4352612 12262.2730518 16816.8958422
-9999 -9999 -9999 -9999 -9999 -9999 -9999 -9999 -9999 0.0 6.80771815447e-06 -9999 -9999 -9999 -9999 -9999 -9999 -9999 -9999 -9999 -9999 -9999 -9999 -9999 -9999 -9999 -9999 -9999 -9999 -9999 -9999 -9999 -9999 -9999 -9999 -9999 540.51238474 4035.65910131 4035.60463446 0.0 0.0 -9999 8.77687019056e-06 46345.2416914 0.0 49626.2490792 33528.2238542 0.0 0.000204906043351 14892.2721047 13321.1768335 14535.8866029 14268.5350996 15488.9206092 12893.5506841 11886.7377812 19007.8327216 2340.20793726 2441.45246281 1963.43295446 17718.2299915 11955.4381711 17641.4217817 18897.529618 19770.7650831 13160.5847036 0.0
-9999 -9999 -9999 -9999 -9999 -9999 -9999 -9999 -9999 -9999 -9999 -9999 -9999 -9999 -9999 -9999 -9999 -9999 -9999 -9999 -9999 -9999 -9999 -9999 -9999 -9999 -9999 -9999 -9999 -9999 -9999 -9999 -9999 -9999 -9999 -9999 -9999 -9999 -9999 -9999 -9999 -9999 5803.90550163 -9999 0.0 0.000732093685715 21495.732292 19332.0490895 13844.0509083 13201.5416273 12570.6165326 13915.6875189 16574.6441841 17039.1033889 15819.8336532 19165.2700132 19616.7481581 21432.8230696 1764.92626185 1913.42770382 20804.1582099 11894.5938235 10155.1502202 10443.6508698 14317.8774955 14382.3886882 14134.5177622
-9999 -9999 -9999 -9999 -9999 -9999 -9999 -9999 -9999 -9999 -9999 -9999 -9999 -9999 -9999 -9999 -9999 -9999 -9999 -9999 -9999 -9999 -9999 -9999 -9999 -9999 -9999 -9999 -9999 -9999 -9999 -9999 -9999 -9999 -9999 -9999 -9999 -9999 -9999 -9999 -9999 185.332796434 5410.46871745 -9999 2.23693285044e-05 19000.587861 32773.6745379 21084.5834076 12612.1141286 12911.3410555 12716.4492382 13690.8488493 16184.481706 17873.1965703 16883.6488278 19776.0597731 25580.7150849 23859.1529196 1914.23173397 2137.21774879 1706.92880144 9503.3479286 7688.74282466 9366.31150262 12586.2966118 14860.3368238 14416.2927411
-9999 -9999 -9999 -9999 -9999 -9999 -9999 -9999 -9999 -9999 -9999 -9999 -9999 -9999 -9999 -9999 -9999 -9999 -9999 -9999 -9999 -9999 -9999 -9999 -9999 -9999 -9999 -9999 -9999 -9999 -9999 -9999 -9999 -9999 -9999 -9999 -9999 -9999 -9999 -9999 -9999 -9999 -9999 -9999 7.55527324292e-05 33517.4772953 25752.0978424 19453.7978461 18230.5042667 16022.0699418 15070.8976676 6.46732259427e-05 16158.1951027 20389.0338909 22992.5108403 20760.9815471 20691.8962048 16383.2771004 2050.5430323 10726.0780512 7042.73306091 7383.37587303 13031.5549089 10434.5227106 10620.8919654 10221.6507812 10480.0642321
-9999 -9999 -9999 -9999 -9999 -9999 -9999 -9999 -9999 -9999 -9999 -9999 -9999 -9999 -9999 -9999 -9999 -9999 -9999 -9999 -9999 -9999 -9999 -9999 -9999 -9999 -9999 -9999 -9999 -9999 -9999 -9999 -9999 -9999 -9999 -9999 -9999 -9999 -9999 -9999 -9999 -9999 -9999 -9999 3516.79751301 26039.079933 15368.4522185 15303.5076721 16911.3981326 14875.3700374 14255.8015167 15371.7554225 13864.4306557 17623.2669612 34856.3778066 25800.375045 19656.1056347 13016.0421607 11881.1997569 9407.63199522 23898.8933216 0.0 8773.35698892 8882.42181646 9549.83520486 0.0 8696.35881244
-9999 -9999 -9999 -9999 -9999 -9999 -9999 -9999 -9999 -9999 -9999 -9999 -9999 -9999 -9999 -9999 -9999 -9999 -9999 -9999 -9999 -9999 -9999 -9999 -9999 -9999 -9999 -9999 -9999 -9999 -9999 -9999 -9999 -9999 -9999 -9999 -9999 -9999 -9999 120.801128091 -9999 -9999 -9999 -9999 2.08961594125e-05 43438.292512 16891.0505562 0.0 13089.2356959 13474.9855376 16000.6759106 12629.0119676 7096.81544279 15243.895299 24276.7963136 15265.6744243 14041.6525519 9343.43047168 8702.5604126 24707.3627145 22098.8630173 8155.52968222 6982.18244016 7046.29044336 8046.79131324 1674.78798257 7630.98330201
-9999 -9999 -9999 -9999 -9999 -9999 -9999 -9999 -9999 -9999 -9999 -9999 -9999 -9999 -9999 -9999 -9999 -9999 -9999 -9999 -9999 -9999 -9999 -9999 -9999 -9999 -9999 -9999 -9999 -9999 -9999 -9999 -9999 -9999 -9999 -9999 -9999 -9999 -9999 -9999 -9999 -9999 -9999 55.7024815824 0.0 0.000722421997249 15564.3860739 16530.2935607 15474.1183595 14720.1000076 13673.2311018 15805.0843726 8892.24634043 10174.8379527 23108.7286487 18191.5015371 15838.6067875 9006.84053288 7147.97737251 22905.4938298 21364.6247605 7427.2639594 6277.40021036 7877.37863696 8471.3405609 10701.0374802 9664.75701132
-9999 -9999 -9999 -9999 -9999 -9999 -9999 -9999 -9999 -9999 -9999 -9999 -9999 -9999 -9999 -9999 -9999 -9999 -9999 -9999 -9999 -9999 -9999 -9999 -9999 -9999 -9999 -9999 -9999 -9999 -9999 -9999 -9999 -9999 -9999 -9999 -9999 -9999 -9999 -9999 -9999 -9999 -9999 1.33621971972e-05 7.62297974029e-06 30554.5148986 18993.9039041 18055.8965885 17156.6998546 15642.2005322 13533.1465627 17591.8657575 13412.0209736 12728.6709208 22125.4142588 17195.8482432 14394.0684649 7273.77950299 25823.2424084 23912.4391907 22662.5136776 6051.83188292 9971.56320892 10145.3139997 11295.1675346 7699.34749263 8427.78136844
-9999 -9999 -9999 -9999 -9999 -9999 -9999 -9999 -9999 -9999 -9999 -9999 -9999 -9999 -9999 -9999 -9999 -9999 -9999 -9999 -9999 -9999 -9999 -9999 -9999 -9999 -9999 -9999 -9999 -9999 -9999 -9999 -9999 -9999 -9999 -9999 -9999 -9999 13963.9194393 -9999 -9999 -9999 -9999 0.0 0.000138609092498 0.0 0.0 27750.7482548 18957.6684242 17094.5756493 16799.0840819 17229.7724635 16633.2996819 14952.3265526 19991.7068354 15675.7484541 9589.83675057 26026.416996 23713.1172025 23411.9580342 20333.1785376 19553.193398 9105.47696649 7523.10591343 7900.46117121 8554.2441255 8680.24408075
