critload/trunk/input/1999/nero_ag.asc
ncols 720
nrows 360
xllcorner -180
yllcorner -90
cellsize 0.5
NODATA_value -9999
[rows 224 to 251 of 360, columns 189 to 251 of 720]
-9999.0 -9999.0 -9999.0 -9999.0 -9999.0 -9999.0 -9999.0 -9999.0 -9999.0 -9999.0 -9999.0 -9999.0 -9999.0 -9999.0 -9999.0 -9999.0 -9999.0 -9999.0 -9999.0 -9999.0 -9999.0 -9999.0 -9999.0 -9999.0 -9999.0 -9999.0 -9999.0 -9999.0 -9999.0 -9999.0 0.0 0.0 2013.93235603 5107.64613859 33842.1402847 55049.6733336 9752.33288142 48204.7870847 7865.9677562 3020.86161782 15417.397020025 47668.321660400004 10757.34669398 1682.706643681 1819.468158508 2644.7822278712997 5415.004075285 19032.13955431 11904.1419683 10662.379524014601 11899.08433082 39504.05045188 8587.669225990001 6994.190081571 12959.98378686 30959.778645799997 74874.190459 71158.40678209999 197888.5535404 427595.9883824 283789.8643202 315857.4558686 331094.084646
-9999.0 -9999.0 -9999.0 -9999.0 -9999.0 -9999.0 -9999.0 -9999.0 -9999.0 -9999.0 -9999.0 -9999.0 -9999.0 -9999.0 -9999.0 -9999.0 -9999.0 -9999.0 -9999.0 -9999.0 -9999.0 -9999.0 -9999.0 -9999.0 -9999.0 -9999.0 -9999.0 -9999.0 -9999.0 -9999.0 0.0 0.0 2899.4984205 5577.26816876 12778.79090575 48433.0548159 20074.4844766 5050.13833979 6549.32168493 3724.3526937340002 20996.2116345 0.0 24586.44108347 13603.37668244 1857.035282899 999.0305594532 3092.85588126 11401.999786 2683.64929343 12059.61209444 24859.64908908 11343.25614614 7418.7998013100005 6690.412812193001 9453.64052933 22195.18605772 36241.6081673 50955.0460525 117419.62836080001 379980.8171421 406241.3623184 458952.7866513 488056.0258618
-9999.0 -9999.0 -9999.0 -9999.0 -9999.0 -9999.0 -9999.0 -9999.0 -9999.0 -9999.0 -9999.0 -9999.0 -9999.0 -9999.0 -9999.0 -9999.0 -9999.0 -9999.0 -9999.0 -9999.0 -9999.0 -9999.0 -9999.0 -9999.0 -9999.0 -9999.0 -9999.0 -9999.0 -9999.0 0.0 0.0 0.0 7944.59907525 8114.17667093 641.478107977 4181.84872747 1057.88451436 2959.28496816 5321.75788514 4451.77530995 67674.07360522 7189.1068887182 37012.383666279995 9803.97382426 1779.188519035 1345.7245497581 337.63648781219996 12870.77216471 9329.94808146 8037.25784065 6495.64741277271 19434.48937808 7450.4731032400005 7132.31610724 8693.83597777 8999.10032882 63521.6817683 55274.94719526 107761.30126919999 258536.71961939998 397877.1074099 391046.19290829997 368864.8460601
-9999.0 -9999.0 -9999.0 -9999.0 -9999.0 -9999.0 -9999.0 -9999.0 -9999.0 -9999.0 -9999.0 -9999.0 -9999.0 -9999.0 -9999.0 -9999.0 -9999.0 -9999.0 -9999.0 -9999.0 -9999.0 -9999.0 -9999.0 -9999.0 -9999.0 -9999.0 -9999.0 -9999.0 -9999.0 -9999.0 0.0 0.0 8288.90465076 4139.38864072 2391.13118603 2017.56075685 0.0 3514.26232764 1588.85717456 12041.4256957 82996.6530477 386021.18163758 33044.79602418 3730.64885264 1917.234406608 1586.937868936 4508.0052155652 8847.668590609 7059.368244890569 9610.3661270986 8759.269185580999 12599.18375108 9875.894319070001 8073.34939806 9628.354285090001 6435.12597738 52300.6635907 83206.4529602 72574.14631422999 87549.45714727 409955.226838 380380.00642820005 237337.5481875
-9999.0 -9999.0 -9999.0 -9999.0 -9999.0 -9999.0 -9999.0 -9999.0 -9999.0 -9999.0 -9999.0 -9999.0 -9999.0 -9999.0 -9999.0 -9999.0 -9999.0 -9999.0 -9999.0 -9999.0 -9999.0 -9999.0 -9999.0 -9999.0 -9999.0 -9999.0 -9999.0 -9999.0 -9999.0 0.0 0.0 0.0 2451.06376101 1354.36003123 2265.83242143 0.0 0.0 1941.26122802 4085.43458656 7350.35892033 404819.6938885 293156.2734194 12371.005924952 10960.42890287 1093.6348313839999 979.2143532478 2473.4217691470003 7814.996655135001 9000.476232338 6475.22886865 6635.4226269852 7528.71757396 6289.5086756 6399.32750874 8369.57459589 5627.954406465 29712.8280936 112810.65652399999 60397.90981831 37390.19612076 61681.54990282 198083.0611426 325674.9052124
-9999.0 -9999.0 -9999.0 -9999.0 -9999.0 -9999.0 -9999.0 -9999.0 -9999.0 -9999.0 -9999.0 -9999.0 -9999.0 -9999.0 -9999.0 -9999.0 -9999.0 -9999.0 -9999.0 -9999.0 -9999.0 -9999.0 -9999.0 -9999.0 -9999.0 -9999.0 -9999.0 -9999.0 -9999.0 0.0 0.0 0.0 1388.74806091 0.0 0.0 0.0 0.0 0.0 5812.44392281 240239.9735339 175784.105265 61442.53896038 66529.1465818 8336.31993512 2840.032766855 1833.3680328249002 3776.8958060489003 6831.638819932 7490.388632663 10572.4869155 7829.917603037 7928.1259656 11703.05530389 13908.191147509999 9215.499310930001 10528.022656770001 14828.35864823 65925.27047789999 109611.9422348 67740.5336109 51607.891609700004 182076.15101549999 283673.43157169997
-9999.0 -9999.0 -9999.0 -9999.0 -9999.0 -9999.0 -9999.0 -9999.0 -9999.0 -9999.0 -9999.0 -9999.0 -9999.0 -9999.0 -9999.0 -9999.0 -9999.0 -9999.0 -9999.0 -9999.0 -9999.0 -9999.0 -9999.0 -9999.0 -9999.0 -9999.0 -9999.0 -9999.0 -9999.0 0.0 0.0 0.0 2531.49880233 0.0 3967.78920604 5490.71578797 1322.74443128 4329.69269544 6527.818578064999 122476.75566499999 121676.9816949 105741.43789737 50541.97673806 3991.666220994 1629.9430049573 5150.137254902 4103.456520473 5786.684448801 4340.38557668 4389.775160493 9316.8216339 10448.30869528 9529.71416476 10914.211383630001 30350.470290909998 26516.92299916 151011.0678751 107425.7235373 97608.1170632 157865.1580798 77094.6196304 58849.2304378 333330.86326079996
-9999.0 -9999.0 -9999.0 -9999.0 -9999.0 -9999.0 -9999.0 -9999.0 -9999.0 -9999.0 -9999.0 -9999.0 -9999.0 -9999.0 -9999.0 -9999.0 -9999.0 -9999.0 -9999.0 -9999.0 -9999.0 -9999.0 -9999.0 -9999.0 -9999.0 -9999.0 -9999.0 -9999.0 -9999.0 0.0 0.0 0.0 4301.88035525 0.0 8260.60240181 8044.31685625 5240.23307979 2207.98417458 12271.8299227 35112.68929656 46197.787862699995 89335.17507194 16666.35208523 5916.08225146 2068.16104818 318.7513439662 2506.70149632 3955.129443222 4641.799593283001 18243.3848256 7687.52627538 6513.52399524 17064.42150075 9471.97461108 5800.260262422 45600.0249261 125790.0798566 102533.3718841 142733.0118174 99962.351595 110618.34124180001 154424.7729227 108162.34563709999
-9999.0 -9999.0 -9999.0 -9999.0 -9999.0 -9999.0 -9999.0 -9999.0 -9999.0 -9999.0 -9999.0 -9999.0 -9999.0 -9999.0 -9999.0 -9999.0 -9999.0 -9999.0 -9999.0 -9999.0 -9999.0 -9999.0 -9999.0 -9999.0 -9999.0 -9999.0 -9999.0 -9999.0 -9999.0 0.0 0.0 0.0 1768.73937798 0.0 3325.01198023 7500.6451095 5150.90565289 0.0 41898.138013952004 60602.2586631 81416.5754127 95131.6295466 14123.66240352 7642.43536553 1336.0486256881 67.44206180335 0.0 5456.613445775 12152.3700061 19244.97400387 33937.02552504 24187.74219187 29550.65113768 18845.03785752 15263.174424109999 21793.74740758 66357.6121231 57960.059068899995 62848.1577097 69941.8316645 197818.87174114998 88054.5414029 24097.2458402
-9999.0 -9999.0 -9999.0 -9999.0 -9999.0 -9999.0 -9999.0 -9999.0 -9999.0 -9999.0 -9999.0 -9999.0 -9999.0 -9999.0 -9999.0 -9999.0 -9999.0 -9999.0 -9999.0 -9999.0 -9999.0 -9999.0 -9999.0 -9999.0 -9999.0 -9999.0 -9999.0 -9999.0 -9999.0 0.0 0.0 0.0 0.0 0.0 0.0 6295.91388804 1819.64303413 10841.1651725 40268.8820599 35914.9511829 322711.87907960004 112940.50615618001 9850.08540064 4326.50178846 1665.734484309 2214.799810252 8562.3832271 25371.715381500002 37424.25247164 41539.8383837 36270.5789983 21903.8095606 18614.393148429997 23336.7542593 13456.56020847 12887.5974227 88859.1872201 118009.80924169999 56694.3922433 142454.9903458 249320.4877078 150471.98942290002 126984.70972410002
-9999.0 -9999.0 -9999.0 -9999.0 -9999.0 -9999.0 -9999.0 -9999.0 -9999.0 -9999.0 -9999.0 -9999.0 -9999.0 -9999.0 -9999.0 -9999.0 -9999.0 -9999.0 -9999.0 -9999.0 -9999.0 -9999.0 -9999.0 -9999.0 -9999.0 -9999.0 -9999.0 -9999.0 -9999.0 2677.51042734 24314.10661849 0.0 0.0 0.0 4709.47465849 11843.499772178 21031.408909152997 11464.9428604 47936.4870295 584167.2864791 89573.74431711 42601.278075259994 5355.75008156 4020.69356078 2501.3211668900003 5325.91548707 8989.63564336 48170.27449369 76629.71616391001 67560.0331881 20228.6827015 14688.184061920001 4710.19639064 759.0605825600001 23206.75964349 38999.0467339 28836.141918200003 78635.2234042 143409.7665926 155373.8111508 237907.99345799998 337906.6027149 498317.82080399996
-9999.0 -9999.0 -9999.0 -9999.0 -9999.0 -9999.0 -9999.0 -9999.0 -9999.0 -9999.0 -9999.0 -9999.0 -9999.0 -9999.0 -9999.0 -9999.0 -9999.0 -9999.0 -9999.0 -9999.0 -9999.0 -9999.0 -9999.0 -9999.0 -9999.0 -9999.0 -9999.0 -9999.0 0.0 0.0 0.0 13257.3570038 0.0 0.0 12129.3286577 8537.7830393108 22750.98531584 13981.10327245 37437.046606799995 570488.5550314 47542.20956515 9469.68821246 46860.99464479 30836.569809099998 3685.71493629 6794.5747864 14484.25147576 28219.5410596 59701.4123433 29901.422984099998 13136.69804993 13224.570888499999 14621.07085878 27051.928848900003 26022.76990152 26457.721291679998 13946.03135026 1282.7475152060001 31117.80102646 72029.94312730001 306059.2192864 615335.6276208999 537821.4954782
-9999.0 -9999.0 -9999.0 -9999.0 -9999.0 -9999.0 -9999.0 -9999.0 -9999.0 -9999.0 -9999.0 -9999.0 -9999.0 -9999.0 -9999.0 -9999.0 -9999.0 -9999.0 -9999.0 -9999.0 -9999.0 -9999.0 -9999.0 -9999.0 -9999.0 -9999.0 -9999.0 -9999.0 0.0 0.0 39383.9774227 11936.82192 0.0 0.0 2497.25840177 14586.04019959 4294.7725655 641.87998889 38600.697368299996 111809.8475798 50318.946410000004 4926.62115594 10198.06788597 11316.00346622 3804.65118258 7334.905048500001 13965.82453626 51041.78395281 45475.805896599995 11015.920763400001 10312.2308297614 16481.69706666 49559.6092229 44423.6318882 23156.7659313 11758.760918830001 0.0 8128.01874081 29539.0248664 68003.70756170001 203097.1942765 293241.1026467 252034.3278071
-9999.0 -9999.0 -9999.0 -9999.0 -9999.0 -9999.0 -9999.0 -9999.0 -9999.0 -9999.0 -9999.0 -9999.0 -9999.0 -9999.0 -9999.0 -9999.0 -9999.0 -9999.0 -9999.0 -9999.0 -9999.0 -9999.0 -9999.0 -9999.0 -9999.0 -9999.0 -9999.0 -9999.0 18826.68606559 37800.28577636 63976.10951003 0.0 0.0 0.0 0.0 0.0 0.0 8646.808477719998 44964.2383341 56465.2620534 15617.95834008 2729.9769626300003 1321.9391134835 3218.44975578 7352.36704741 15164.740053950001 32354.14676913 67459.78875094 47427.678662499995 12430.669455973999 13223.947332554 44834.9012386 42318.6313179 19705.906061499998 11321.59629037 19783.22423973 12738.6270592 10847.832626 50080.7755943 107440.4285057 126969.0219337 203245.5330273 208449.3493412
-9999.0 -9999.0 -9999.0 -9999.0 -9999.0 -9999.0 -9999.0 -9999.0 -9999.0 -9999.0 -9999.0 -9999.0 -9999.0 -9999.0 -9999.0 -9999.0 -9999.0 -9999.0 -9999.0 -9999.0 -9999.0 -9999.0 -9999.0 -9999.0 -9999.0 -9999.0 -9999.0 -9999.0 27777.0160989 27584.4711776 15473.5484477 5190.19201533 0.0 0.0 4714.58891481 9817.78147706 3867.39997132 32344.46507105 0.0 4837.24855201 4656.917732530899 3072.33195115 1003.42028845 3358.0558174099997 3345.49839798 6817.925331120001 15208.68700219 44050.9597942 2518.779503606 7796.57864575 19256.61131484 62351.0756264 17110.68100271 14485.193950609999 77016.3153314 122010.4950344 15328.74760292 94382.5952237 139951.6715316 83309.3559641 189355.2937531 206440.9512717 196868.2142253
-9999.0 -9999.0 -9999.0 -9999.0 -9999.0 -9999.0 -9999.0 -9999.0 -9999.0 -9999.0 -9999.0 -9999.0 -9999.0 -9999.0 -9999.0 -9999.0 -9999.0 -9999.0 -9999.0 -9999.0 -9999.0 -9999.0 -9999.0 -9999.0 -9999.0 -9999.0 -9999.0 -9999.0 34202.562978500006 42978.075687 0.0 0.0 0.0 3727.84312917 1406.83996378 0.0 11576.142660875 0.0 0.0 1090.49446225 1746.11835626 6658.22784023 37538.6229889 24665.581289709997 35215.60176502 2119.266615444 18513.90591727 43524.7430147 7131.5978933999995 14332.81985901 33285.573340300005 49182.229169 15995.5060227 37020.154576 102759.8927518 68475.418949 112860.8856449 119681.6608249 85200.0360776 95936.00297880001 204831.9667354 154078.5464666 94627.89603260001
-9999.0 -9999.0 -9999.0 -9999.0 -9999.0 -9999.0 -9999.0 -9999.0 -9999.0 -9999.0 -9999.0 -9999.0 -9999.0 -9999.0 -9999.0 -9999.0 -9999.0 -9999.0 -9999.0 -9999.0 -9999.0 -9999.0 -9999.0 -9999.0 -9999.0 -9999.0 -9999.0 3669.42735471 68710.55181219999 145248.045706 0.0 0.0 1781.0768927230001 8426.66610258 1316.63941672 958.403808634 0.0 522.1500932739 1004.0461000060001 0.0 4771.9303303366 58495.99846178 52962.5046267 76969.60930077 75630.59881637999 32119.79828597 19471.8440196 145093.70521702 95412.51655496 130358.8151117 150952.6392045 54160.476687200004 83230.6269129 55004.8498715 76126.4049249 163303.1082275 94509.3383594 80258.690432 153022.1337821 179785.643765 121245.1952429 207010.92248339998 140609.15799859999
-9999.0 -9999.0 -9999.0 -9999.0 -9999.0 -9999.0 -9999.0 -9999.0 -9999.0 -9999.0 -9999.0 -9999.0 -9999.0 -9999.0 -9999.0 -9999.0 -9999.0 -9999.0 -9999.0 -9999.0 -9999.0 -9999.0 -9999.0 -9999.0 -9999.0 -9999.0 -9999.0 11996.25072717 146311.8708139 213191.8928727 18137.3340206 5475.62915486 1130.34837187 1549.841765838 306.867393139 1179.62592764 1069.930927429 1123.65550031 0.0 2088.87256308 24139.19450505 43285.6063035 197528.91339499998 189912.6613108 131407.7474161 19354.814162889998 112672.27545432 171062.11309849 172801.24388621998 250015.09669474 109150.8420906 83710.5426605 68565.09702079999 33944.1285557 62684.135651200006 70674.4503751 45949.1486179 70086.20382170001 112050.7598202 241205.1248541 115758.79160649999 109561.8513798 221377.656715
-9999.0 -9999.0 -9999.0 -9999.0 -9999.0 -9999.0 -9999.0 -9999.0 -9999.0 -9999.0 -9999.0 -9999.0 -9999.0 -9999.0 -9999.0 -9999.0 -9999.0 -9999.0 -9999.0 -9999.0 -9999.0 -9999.0 -9999.0 -9999.0 -9999.0 -9999.0 -9999.0 6408.1893444160005 129300.77159690001 99176.90967913 0.0 2250.6293427 11711.603777960001 22824.43012393 7995.80332702 0.0 1092.26444941 832.228488569 0.0 3066.41799792363 24879.018507599998 99673.11955450001 381015.7528333 276456.8218812 123752.45087155001 82383.50062401 173807.32199214 197659.79927401 224325.57588683002 283613.48109258997 102456.11073480001 236410.6661382 60019.86533 71302.5222237 145774.17190780002 83680.1803862 49045.112162699996 54718.9418736 76847.1139395 58703.664566499996 115476.5997046 162731.3200051 220574.19976709998
-9999.0 -9999.0 -9999.0 -9999.0 -9999.0 -9999.0 -9999.0 -9999.0 -9999.0 -9999.0 -9999.0 -9999.0 -9999.0 -9999.0 -9999.0 -9999.0 -9999.0 -9999.0 -9999.0 -9999.0 -9999.0 -9999.0 -9999.0 -9999.0 -9999.0 -9999.0 -9999.0 1065.265767224 157630.317468 184852.381426 0.0 1857.67023281 1882.243436347 45138.50899274 92921.22807388 3004.5903014 2002.9565814 826.013787882 583.881724392 3646.188384385 52563.4574613 111268.93222640001 391752.859339 240769.51550672002 199980.22625027 186470.82809054002 184241.87485503 234620.45233329 258945.49300583 202550.1000427 408275.49926735 154496.50810185002 96797.42747956999 148876.25236708 154491.1005078 178634.79077320002 59376.832423700005 61429.8247826 82670.072582 104956.4370821 81626.1993147 79188.68025420001 161109.7372225
-9999.0 -9999.0 -9999.0 -9999.0 -9999.0 -9999.0 -9999.0 -9999.0 -9999.0 -9999.0 -9999.0 -9999.0 -9999.0 -9999.0 -9999.0 -9999.0 -9999.0 -9999.0 -9999.0 -9999.0 -9999.0 -9999.0 -9999.0 -9999.0 -9999.0 -9999.0 -9999.0 0.0 186743.84566659998 191753.4882431 0.0 2967.55336459 3051.49900661 8200.732684530001 5779.523451229999 2437.21126153 4741.26285472 4112.93271841 4115.98427148 15073.17778701 56179.725765099996 189431.6970026 305499.8801208 158114.86172712 278847.95297534997 235484.635305 181408.78980708 268558.06715064 277045.72993465 136244.1429113 408324.64552687004 148202.22866659999 158241.05280652 212958.42053546 164334.7564445 241805.9440094 67511.0140086 40958.88696815 46693.784851 81132.877229 64611.3133733 63550.3377641 101975.007987
-9999.0 -9999.0 -9999.0 -9999.0 -9999.0 -9999.0 -9999.0 -9999.0 -9999.0 -9999.0 -9999.0 -9999.0 -9999.0 -9999.0 -9999.0 -9999.0 -9999.0 -9999.0 -9999.0 -9999.0 -9999.0 -9999.0 -9999.0 -9999.0 -9999.0 -9999.0 -9999.0 120.97961775069999 249899.7521266 235118.681566 53192.814951099994 0.0 6274.775017844 58485.18507975 29069.64611815 1118.7125442 4824.45934958 5343.95545628 13380.79482729 23319.9971286 86709.94131740001 450319.8128345 217643.019062 271352.90576500003 267063.17155936 232492.46417988 267650.18860228 327542.39139881905 401191.913664451 165770.41616952 31940.465985050003 252514.9322172 216784.33577796002 227559.47514878 147571.77993790002 248573.7702491 127482.68799790001 31120.4203615 19895.6443940123 49555.2394109 86429.4206586 112530.3045034 202356.4853627
-9999.0 -9999.0 -9999.0 -9999.0 -9999.0 -9999.0 -9999.0 -9999.0 -9999.0 -9999.0 -9999.0 -9999.0 -9999.0 -9999.0 -9999.0 -9999.0 -9999.0 -9999.0 -9999.0 -9999.0 -9999.0 -9999.0 -9999.0 -9999.0 -9999.0 -9999.0 -9999.0 13819.82939767 333411.42425120005 184783.2480936 81043.525572 0.0 21409.866715229997 102135.48896028001 20905.38235436 1608.700097632 1645.88278765 6923.16177292 28562.8623864 68143.35588124 211819.2006103 208195.67540890002 289172.94571500004 252230.6120857 233255.79691119998 196941.97945086 288031.98106669 351751.8121710171 386523.69810418965 406737.934787098 70255.94391638 12847.67520219 88674.11980673 148174.88094864 185942.80143687 240411.5014924 84484.0476225 65018.861140199995 66260.8253537 60522.0805191 107616.0222711 207143.93525779998 70700.9420594
-9999.0 -9999.0 -9999.0 -9999.0 -9999.0 -9999.0 -9999.0 -9999.0 -9999.0 -9999.0 -9999.0 -9999.0 -9999.0 0.0 -9999.0 -9999.0 -9999.0 -9999.0 -9999.0 -9999.0 -9999.0 -9999.0 -9999.0 -9999.0 -9999.0 -9999.0 -9999.0 37983.27748468 451487.99907400005 521062.0960643 165914.42270847 10940.2107921 103610.90958254 2067.34868465 1296.14936585 744.560320782 2352.0357941 6313.1315323 7629.33441401 5145.3330307 23780.86142526 19951.561317400003 215007.0068836 206010.35044299997 160589.0732892 258998.62540872 283877.38742378 337651.13504683296 324778.155184278 365888.8632680674 403285.09594851104 301408.89785731 42813.807109040004 20502.05617674 289634.96931864 231551.93491389998 191706.4490695 109665.4864317 193803.6232826 91610.354734 155226.1784277 212054.9125989 152332.9371421
-9999.0 -9999.0 -9999.0 -9999.0 -9999.0 -9999.0 -9999.0 -9999.0 -9999.0 -9999.0 -9999.0 -9999.0 -9999.0 -9999.0 -9999.0 -9999.0 -9999.0 -9999.0 -9999.0 -9999.0 -9999.0 -9999.0 -9999.0 -9999.0 -9999.0 -9999.0 -9999.0 89463.4849657 489242.6427883 1088518.1487705 66969.83521996699 59755.3093982 4174.87208154 2054.01172897 1227.42799926 928.210022457 337.797874867 5903.54640335 1657.1615098961302 1261.1987376010002 9831.357783156 16693.88185444 72530.30329372 137891.8579012 188614.7452336 231483.8441144 288765.82999547996 267656.79689571 273553.29402898 317674.6032033707 382163.7031524665 361767.938552369 391728.37436706 123561.1711668 53425.60307524 221048.99904242 314724.4122045 219550.33208899997 209964.2542413 211380.12304459998 299721.5068252 215351.601086 264705.2497006
-9999.0 -9999.0 -9999.0 -9999.0 -9999.0 -9999.0 -9999.0 -9999.0 -9999.0 -9999.0 -9999.0 -9999.0 -9999.0 -9999.0 -9999.0 -9999.0 -9999.0 -9999.0 -9999.0 -9999.0 -9999.0 -9999.0 -9999.0 -9999.0 -9999.0 -9999.0 2428.324079328 220926.4102715 458799.8457638 1335382.0967603999 54197.059703915 7298.18781855 3687.64449113 7295.91546477 50572.625224120005 27325.606971909998 416.904193072 706.871198634 997.134638319 1154.539472835 2769.065708532 49972.493656700004 121975.25031008999 144384.54079282 152420.6551076 211898.31772286 191341.90225342 189745.09423468 223110.95409267 292769.90494699596 285619.74377630104 272728.797982235 313630.11163765 234915.36260151002 96991.99284831999 17499.365119975002 -9999.0 69129.88206645 139584.59780380002 115943.70812837001 228323.0670116 133437.0486523 32615.42932639
-9999.0 -9999.0 -9999.0 -9999.0 -9999.0 -9999.0 -9999.0 -9999.0 -9999.0 -9999.0 -9999.0 -9999.0 -9999.0 -9999.0 -9999.0 -9999.0 -9999.0 -9999.0 -9999.0 -9999.0 -9999.0 -9999.0 -9999.0 -9999.0 -9999.0 -9999.0 38365.6384751 327941.4994732 471681.8193335 222197.0381505 9789.083616565 8427.6554092 2609.029460799 4634.41084749 1863.16900661 4196.982806103 248.151435702 329.065098191 724.2954387069 1102.02766651 1787.451025925 32933.037072930005 50034.4924399 172935.31407969998 186866.0290245 226202.27310763 204327.96184883 223360.72492956 205503.60419347 239464.98258365 249585.23749929 256837.60514099 260652.932383296 206225.37565188998 275613.68668216 237804.79943109 64081.956440546 -9999.0 -9999.0 -9999.0 -9999.0 -9999.0 -9999.0
-9999.0 -9999.0 -9999.0 -9999.0 -9999.0 -9999.0 -9999.0 -9999.0 -9999.0 -9999.0 -9999.0 -9999.0 -9999.0 -9999.0 -9999.0 -9999.0 -9999.0 -9999.0 -9999.0 -9999.0 -9999.0 -9999.0 -9999.0 -9999.0 -9999.0 6043.40138204 122910.1661772 232855.99886336 993173.8366561 189435.2697109 8324.96996032 4500.776288587 4948.615865789 3257.74966954 2759.70117981 897.643679971 1641.52198089 329.676506874 512.11964026583 950.1687842487 6346.99138734 77328.64001069 73766.5308508 170183.1060077 163478.4255135 204098.50067976 168357.34379089 182576.42829087 184696.72281906 217370.53916164 242624.41022789 154265.62750644 121421.06860735 121256.24125163 138292.364375206 105660.97442561001 40262.971828678 -9999.0 -9999.0 -9999.0 -9999.0 -9999.0 -9999.0
