critload/trunk/input/1999/nero_ag.asc
ncols 720
nrows 360
xllcorner -180
yllcorner -90
cellsize 0.5
NODATA_value -9999
[rows 232 to 260 of 360, columns 192 to 255 of 720]
-9999.0 -9999.0 -9999.0 -9999.0 -9999.0 -9999.0 -9999.0 -9999.0 -9999.0 -9999.0 -9999.0 -9999.0 -9999.0 -9999.0 -9999.0 -9999.0 -9999.0 -9999.0 -9999.0 -9999.0 -9999.0 -9999.0 -9999.0 -9999.0 -9999.0 -9999.0 0.0 0.0 0.0 1768.73937798 0.0 3325.01198023 7500.6451095 5150.90565289 0.0 41898.138014 60602.2586631 81416.5754127 95131.6295466 14123.6624035 7642.43536553 1336.04862569 67.4420618034 0.0 5456.61344578 12152.3700061 19244.9740039 33937.025525 24187.7421919 29550.6511377 18845.0378575 15263.1744241 21793.7474076 66357.6121231 57960.0590689 62848.1577097 69941.8316645 197818.871741 88054.5414029 24097.2458402 497916.005306 896884.595657 895579.151056 559809.569248
-9999.0 -9999.0 -9999.0 -9999.0 -9999.0 -9999.0 -9999.0 -9999.0 -9999.0 -9999.0 -9999.0 -9999.0 -9999.0 -9999.0 -9999.0 -9999.0 -9999.0 -9999.0 -9999.0 -9999.0 -9999.0 -9999.0 -9999.0 -9999.0 -9999.0 -9999.0 0.0 0.0 0.0 0.0 0.0 0.0 6295.91388804 1819.64303413 10841.1651725 40268.8820599 35914.9511829 322711.87908 112940.506156 9850.08540064 4326.50178846 1665.73448431 2214.79981025 8562.3832271 25371.7153815 37424.2524716 41539.8383837 36270.5789983 21903.8095606 18614.3931484 23336.7542593 13456.5602085 12887.5974227 88859.1872201 118009.809242 56694.3922433 142454.990346 249320.487708 150471.989423 126984.709724 269867.987862 1163390.35437 747755.415618 650827.52064
-9999.0 -9999.0 -9999.0 -9999.0 -9999.0 -9999.0 -9999.0 -9999.0 -9999.0 -9999.0 -9999.0 -9999.0 -9999.0 -9999.0 -9999.0 -9999.0 -9999.0 -9999.0 -9999.0 -9999.0 -9999.0 -9999.0 -9999.0 -9999.0 -9999.0 -9999.0 2677.51042734 24314.1066185 0.0 0.0 0.0 4709.47465849 11843.4997722 21031.4089092 11464.9428604 47936.4870295 584167.286479 89573.7443171 42601.2780753 5355.75008156 4020.69356078 2501.32116689 5325.91548707 8989.63564336 48170.2744937 76629.7161639 67560.0331881 20228.6827015 14688.1840619 4710.19639064 759.06058256 23206.7596435 38999.0467339 28836.1419182 78635.2234042 143409.766593 155373.811151 237907.993458 337906.602715 498317.820804 700410.468634 944509.033685 641838.921293 486147.424776
-9999.0 -9999.0 -9999.0 -9999.0 -9999.0 -9999.0 -9999.0 -9999.0 -9999.0 -9999.0 -9999.0 -9999.0 -9999.0 -9999.0 -9999.0 -9999.0 -9999.0 -9999.0 -9999.0 -9999.0 -9999.0 -9999.0 -9999.0 -9999.0 -9999.0 0.0 0.0 0.0 13257.3570038 0.0 0.0 12129.3286577 8537.78303931 22750.9853158 13981.1032725 37437.0466068 570488.555031 47542.2095651 9469.68821246 46860.9946448 30836.5698091 3685.71493629 6794.5747864 14484.2514758 28219.5410596 59701.4123433 29901.4229841 13136.6980499 13224.5708885 14621.0708588 27051.9288489 26022.7699015 26457.7212917 13946.0313503 1282.74751521 31117.8010265 72029.9431273 306059.219286 615335.627621 537821.495478 282893.050768 735658.358362 763154.739841 879062.723965
-9999.0 -9999.0 -9999.0 -9999.0 -9999.0 -9999.0 -9999.0 -9999.0 -9999.0 -9999.0 -9999.0 -9999.0 -9999.0 -9999.0 -9999.0 -9999.0 -9999.0 -9999.0 -9999.0 -9999.0 -9999.0 -9999.0 -9999.0 -9999.0 -9999.0 0.0 0.0 39383.9774227 11936.82192 0.0 0.0 2497.25840177 14586.0401996 4294.7725655 641.87998889 38600.6973683 111809.84758 50318.94641 4926.62115594 10198.067886 11316.0034662 3804.65118258 7334.9050485 13965.8245363 51041.7839528 45475.8058966 11015.9207634 10312.2308298 16481.6970667 49559.6092229 44423.6318882 23156.7659313 11758.7609188 0.0 8128.01874081 29539.0248664 68003.7075617 203097.194276 293241.102647 252034.327807 251049.387643 451283.510908 509645.717184 241597.401868
-9999.0 -9999.0 -9999.0 -9999.0 -9999.0 -9999.0 -9999.0 -9999.0 -9999.0 -9999.0 -9999.0 -9999.0 -9999.0 -9999.0 -9999.0 -9999.0 -9999.0 -9999.0 -9999.0 -9999.0 -9999.0 -9999.0 -9999.0 -9999.0 -9999.0 18826.6860656 37800.2857764 63976.10951 0.0 0.0 0.0 0.0 0.0 0.0 8646.80847772 44964.2383341 56465.2620534 15617.9583401 2729.97696263 1321.93911348 3218.44975578 7352.36704741 15164.740054 32354.1467691 67459.7887509 47427.6786625 12430.669456 13223.9473326 44834.9012386 42318.6313179 19705.9060615 11321.5962904 19783.2242397 12738.6270592 10847.832626 50080.7755943 107440.428506 126969.021934 203245.533027 208449.349341 502507.92603 452567.307293 775441.290666 308231.234441
-9999.0 -9999.0 -9999.0 -9999.0 -9999.0 -9999.0 -9999.0 -9999.0 -9999.0 -9999.0 -9999.0 -9999.0 -9999.0 -9999.0 -9999.0 -9999.0 -9999.0 -9999.0 -9999.0 -9999.0 -9999.0 -9999.0 -9999.0 -9999.0 -9999.0 27777.0160989 27584.4711776 15473.5484477 5190.19201533 0.0 0.0 4714.58891481 9817.78147706 3867.39997132 32344.465071 0.0 4837.24855201 4656.91773253 3072.33195115 1003.42028845 3358.05581741 3345.49839798 6817.92533112 15208.6870022 44050.9597942 2518.77950361 7796.57864575 19256.6113148 62351.0756264 17110.6810027 14485.1939506 77016.3153314 122010.495034 15328.7476029 94382.5952237 139951.671532 83309.3559641 189355.293753 206440.951272 196868.214225 218920.939612 238952.43071 235933.134582 189851.515632
-9999.0 -9999.0 -9999.0 -9999.0 -9999.0 -9999.0 -9999.0 -9999.0 -9999.0 -9999.0 -9999.0 -9999.0 -9999.0 -9999.0 -9999.0 -9999.0 -9999.0 -9999.0 -9999.0 -9999.0 -9999.0 -9999.0 -9999.0 -9999.0 -9999.0 34202.5629785 42978.075687 0.0 0.0 0.0 3727.84312917 1406.83996378 0.0 11576.1426609 0.0 0.0 1090.49446225 1746.11835626 6658.22784023 37538.6229889 24665.5812897 35215.601765 2119.26661544 18513.9059173 43524.7430147 7131.5978934 14332.819859 33285.5733403 49182.229169 15995.5060227 37020.154576 102759.892752 68475.418949 112860.885645 119681.660825 85200.0360776 95936.0029788 204831.966735 154078.546467 94627.8960326 153597.645232 212718.187616 250954.310612 139905.342779
-9999.0 -9999.0 -9999.0 -9999.0 -9999.0 -9999.0 -9999.0 -9999.0 -9999.0 -9999.0 -9999.0 -9999.0 -9999.0 -9999.0 -9999.0 -9999.0 -9999.0 -9999.0 -9999.0 -9999.0 -9999.0 -9999.0 -9999.0 -9999.0 3669.42735471 68710.5518122 145248.045706 0.0 0.0 1781.07689272 8426.66610258 1316.63941672 958.403808634 0.0 522.150093274 1004.04610001 0.0 4771.93033034 58495.9984618 52962.5046267 76969.6093008 75630.5988164 32119.798286 19471.8440196 145093.705217 95412.516555 130358.815112 150952.639205 54160.4766872 83230.6269129 55004.8498715 76126.4049249 163303.108227 94509.3383594 80258.690432 153022.133782 179785.643765 121245.195243 207010.922483 140609.157999 190462.534361 188259.645774 173239.472539 192247.125685
-9999.0 -9999.0 -9999.0 -9999.0 -9999.0 -9999.0 -9999.0 -9999.0 -9999.0 -9999.0 -9999.0 -9999.0 -9999.0 -9999.0 -9999.0 -9999.0 -9999.0 -9999.0 -9999.0 -9999.0 -9999.0 -9999.0 -9999.0 -9999.0 11996.2507272 146311.870814 213191.892873 18137.3340206 5475.62915486 1130.34837187 1549.84176584 306.867393139 1179.62592764 1069.93092743 1123.65550031 0.0 2088.87256308 24139.194505 43285.6063035 197528.913395 189912.661311 131407.747416 19354.8141629 112672.275454 171062.113098 172801.243886 250015.096695 109150.842091 83710.5426605 68565.0970208 33944.1285557 62684.1356512 70674.4503751 45949.1486179 70086.2038217 112050.75982 241205.124854 115758.791606 109561.85138 221377.656715 210898.836405 211356.094773 161844.416103 218034.878357
-9999.0 -9999.0 -9999.0 -9999.0 -9999.0 -9999.0 -9999.0 -9999.0 -9999.0 -9999.0 -9999.0 -9999.0 -9999.0 -9999.0 -9999.0 -9999.0 -9999.0 -9999.0 -9999.0 -9999.0 -9999.0 -9999.0 -9999.0 -9999.0 6408.18934442 129300.771597 99176.9096791 0.0 2250.6293427 11711.603778 22824.4301239 7995.80332702 0.0 1092.26444941 832.228488569 0.0 3066.41799792 24879.0185076 99673.1195545 381015.752833 276456.821881 123752.450872 82383.500624 173807.321992 197659.799274 224325.575887 283613.481093 102456.110735 236410.666138 60019.86533 71302.5222237 145774.171908 83680.1803862 49045.1121627 54718.9418736 76847.1139395 58703.6645665 115476.599705 162731.320005 220574.199767 126202.220421 118831.89225 154268.291594 191927.591717
-9999.0 -9999.0 -9999.0 -9999.0 -9999.0 -9999.0 -9999.0 -9999.0 -9999.0 -9999.0 -9999.0 -9999.0 -9999.0 -9999.0 -9999.0 -9999.0 -9999.0 -9999.0 -9999.0 -9999.0 -9999.0 -9999.0 -9999.0 -9999.0 1065.26576722 157630.317468 184852.381426 0.0 1857.67023281 1882.24343635 45138.5089927 92921.2280739 3004.5903014 2002.9565814 826.013787882 583.881724392 3646.18838439 52563.4574613 111268.932226 391752.859339 240769.515507 199980.22625 186470.828091 184241.874855 234620.452333 258945.493006 202550.100043 408275.499267 154496.508102 96797.4274796 148876.252367 154491.100508 178634.790773 59376.8324237 61429.8247826 82670.072582 104956.437082 81626.1993147 79188.6802542 161109.737222 295913.665756 183095.304876 201040.66631 70624.3097305
-9999.0 -9999.0 -9999.0 -9999.0 -9999.0 -9999.0 -9999.0 -9999.0 -9999.0 -9999.0 -9999.0 -9999.0 -9999.0 -9999.0 -9999.0 -9999.0 -9999.0 -9999.0 -9999.0 -9999.0 -9999.0 -9999.0 -9999.0 -9999.0 0.0 186743.845667 191753.488243 0.0 2967.55336459 3051.49900661 8200.73268453 5779.52345123 2437.21126153 4741.26285472 4112.93271841 4115.98427148 15073.177787 56179.7257651 189431.697003 305499.880121 158114.861727 278847.952975 235484.635305 181408.789807 268558.067151 277045.729935 136244.142911 408324.645527 148202.228667 158241.052807 212958.420535 164334.756445 241805.944009 67511.0140086 40958.8869682 46693.784851 81132.877229 64611.3133733 63550.3377641 101975.007987 206151.131225 397394.837637 60493.4479975 31373.2170215
-9999.0 -9999.0 -9999.0 -9999.0 -9999.0 -9999.0 -9999.0 -9999.0 -9999.0 -9999.0 -9999.0 -9999.0 -9999.0 -9999.0 -9999.0 -9999.0 -9999.0 -9999.0 -9999.0 -9999.0 -9999.0 -9999.0 -9999.0 -9999.0 120.979617751 249899.752127 235118.681566 53192.8149511 0.0 6274.77501784 58485.1850798 29069.6461182 1118.7125442 4824.45934958 5343.95545628 13380.7948273 23319.9971286 86709.9413174 450319.812834 217643.019062 271352.905765 267063.171559 232492.46418 267650.188602 327542.391399 401191.913664 165770.41617 31940.4659851 252514.932217 216784.335778 227559.475149 147571.779938 248573.770249 127482.687998 31120.4203615 19895.644394 49555.2394109 86429.4206586 112530.304503 202356.485363 78318.5285131 47036.6013505 36652.9270286 0.0
-9999.0 -9999.0 -9999.0 -9999.0 -9999.0 -9999.0 -9999.0 -9999.0 -9999.0 -9999.0 -9999.0 -9999.0 -9999.0 -9999.0 -9999.0 -9999.0 -9999.0 -9999.0 -9999.0 -9999.0 -9999.0 -9999.0 -9999.0 -9999.0 13819.8293977 333411.424251 184783.248094 81043.525572 0.0 21409.8667152 102135.48896 20905.3823544 1608.70009763 1645.88278765 6923.16177292 28562.8623864 68143.3558812 211819.20061 208195.675409 289172.945715 252230.612086 233255.796911 196941.979451 288031.981067 351751.812171 386523.698104 406737.934787 70255.9439164 12847.6752022 88674.1198067 148174.880949 185942.801437 240411.501492 84484.0476225 65018.8611402 66260.8253537 60522.0805191 107616.022271 207143.935258 70700.9420594 41177.5381672 49130.7585498 15212.0167939 -9999.0
-9999.0 -9999.0 -9999.0 -9999.0 -9999.0 -9999.0 -9999.0 -9999.0 -9999.0 -9999.0 0.0 -9999.0 -9999.0 -9999.0 -9999.0 -9999.0 -9999.0 -9999.0 -9999.0 -9999.0 -9999.0 -9999.0 -9999.0 -9999.0 37983.2774847 451487.999074 521062.096064 165914.422708 10940.2107921 103610.909583 2067.34868465 1296.14936585 744.560320782 2352.0357941 6313.1315323 7629.33441401 5145.3330307 23780.8614253 19951.5613174 215007.006884 206010.350443 160589.073289 258998.625409 283877.387424 337651.135047 324778.155184 365888.863268 403285.095949 301408.897857 42813.807109 20502.0561767 289634.969319 231551.934914 191706.449069 109665.486432 193803.623283 91610.354734 155226.178428 212054.912599 152332.937142 108796.5142 42430.0372637 -9999.0 -9999.0
-9999.0 -9999.0 -9999.0 -9999.0 -9999.0 -9999.0 -9999.0 -9999.0 -9999.0 -9999.0 -9999.0 -9999.0 -9999.0 -9999.0 -9999.0 -9999.0 -9999.0 -9999.0 -9999.0 -9999.0 -9999.0 -9999.0 -9999.0 -9999.0 89463.4849657 489242.642788 1088518.14877 66969.83522 59755.3093982 4174.87208154 2054.01172897 1227.42799926 928.210022457 337.797874867 5903.54640335 1657.1615099 1261.1987376 9831.35778316 16693.8818544 72530.3032937 137891.857901 188614.745234 231483.844114 288765.829995 267656.796896 273553.294029 317674.603203 382163.703152 361767.938552 391728.374367 123561.171167 53425.6030752 221048.999042 314724.412204 219550.332089 209964.254241 211380.123045 299721.506825 215351.601086 264705.249701 73632.6353161 -9999.0 -9999.0 -9999.0
-9999.0 -9999.0 -9999.0 -9999.0 -9999.0 -9999.0 -9999.0 -9999.0 -9999.0 -9999.0 -9999.0 -9999.0 -9999.0 -9999.0 -9999.0 -9999.0 -9999.0 -9999.0 -9999.0 -9999.0 -9999.0 -9999.0 -9999.0 2428.32407933 220926.410272 458799.845764 1335382.09676 54197.0597039 7298.18781855 3687.64449113 7295.91546477 50572.6252241 27325.6069719 416.904193072 706.871198634 997.134638319 1154.53947283 2769.06570853 49972.4936567 121975.25031 144384.540793 152420.655108 211898.317723 191341.902253 189745.094235 223110.954093 292769.904947 285619.743776 272728.797982 313630.111638 234915.362602 96991.9928483 17499.36512 -9999.0 69129.8820664 139584.597804 115943.708128 228323.067012 133437.048652 32615.4293264 -9999.0 -9999.0 -9999.0 -9999.0
-9999.0 -9999.0 -9999.0 -9999.0 -9999.0 -9999.0 -9999.0 -9999.0 -9999.0 -9999.0 -9999.0 -9999.0 -9999.0 -9999.0 -9999.0 -9999.0 -9999.0 -9999.0 -9999.0 -9999.0 -9999.0 -9999.0 -9999.0 38365.6384751 327941.499473 471681.819333 222197.038151 9789.08361656 8427.6554092 2609.0294608 4634.41084749 1863.16900661 4196.9828061 248.151435702 329.065098191 724.295438707 1102.02766651 1787.45102593 32933.0370729 50034.4924399 172935.31408 186866.029024 226202.273108 204327.961849 223360.72493 205503.604193 239464.982584 249585.237499 256837.605141 260652.932383 206225.375652 275613.686682 237804.799431 64081.9564405 -9999.0 -9999.0 -9999.0 -9999.0 -9999.0 -9999.0 -9999.0 -9999.0 -9999.0 -9999.0
-9999.0 -9999.0 -9999.0 -9999.0 -9999.0 -9999.0 -9999.0 -9999.0 -9999.0 -9999.0 -9999.0 -9999.0 -9999.0 -9999.0 -9999.0 -9999.0 -9999.0 -9999.0 -9999.0 -9999.0 -9999.0 -9999.0 6043.40138204 122910.166177 232855.998863 993173.836656 189435.269711 8324.96996032 4500.77628859 4948.61586579 3257.74966954 2759.70117981 897.643679971 1641.52198089 329.676506874 512.119640266 950.168784249 6346.99138734 77328.6400107 73766.5308508 170183.106008 163478.425513 204098.50068 168357.343791 182576.428291 184696.722819 217370.539162 242624.410228 154265.627506 121421.068607 121256.241252 138292.364375 105660.974426 40262.9718287 -9999.0 -9999.0 -9999.0 -9999.0 -9999.0 -9999.0 -9999.0 -9999.0 -9999.0 -9999.0
-9999.0 -9999.0 -9999.0 -9999.0 -9999.0 -9999.0 -9999.0 -9999.0 -9999.0 -9999.0 -9999.0 -9999.0 -9999.0 -9999.0 -9999.0 -9999.0 -9999.0 -9999.0 -9999.0 -9999.0 -9999.0 -9999.0 33251.1289213 146044.033657 2012913.37903 794997.920266 845129.221164 16400.6152214 21768.4928871 4965.82886651 2612.01736036 2075.47775194 1752.65425479 1610.63930516 2939.40402359 577.05881202 3958.66173002 4751.50282754 34672.28422 99308.1066849 147389.064308 67045.4481648 71746.1725533 155763.279303 208732.294716 196172.860902 138324.841502 180752.053275 131567.584612 113757.442784 95617.797229 93487.1020548 108262.456925 68312.9216422 16631.5482656 -9999.0 -9999.0 -9999.0 -9999.0 -9999.0 -9999.0 -9999.0 -9999.0 -9999.0
-9999.0 -9999.0 -9999.0 -9999.0 -9999.0 -9999.0 -9999.0 -9999.0 -9999.0 -9999.0 -9999.0 -9999.0 -9999.0 -9999.0 -9999.0 -9999.0 -9999.0 -9999.0 -9999.0 -9999.0 -9999.0 2131.52441579 62801.3173337 191194.978279 3486926.42921 806763.650195 13532.9673435 13595.5737458 4969.62942815 3358.67798865 1035.83880716 1408.60401042 1529.99583126 1710.42018442 2315.9971235 697.63365718 2926.92856478 3932.86737729 21834.4498407 48644.0690469 18403.4341351 38807.8769004 143969.110551 112940.297359 102277.673973 108630.104596 157846.013962 190781.810696 158843.191361 150818.341851 124578.763794 116382.075868 93745.1580826 81988.4403719 45153.5490688 -9999.0 -9999.0 -9999.0 -9999.0 -9999.0 -9999.0 -9999.0 -9999.0 -9999.0
-9999.0 -9999.0 -9999.0 -9999.0 -9999.0 -9999.0 -9999.0 -9999.0 -9999.0 -9999.0 -9999.0 -9999.0 -9999.0 -9999.0 -9999.0 -9999.0 -9999.0 -9999.0 -9999.0 -9999.0 7842.70627503 37187.4407538 147445.16852 381683.394173 4655379.97628 627020.535544 11060.6434357 8989.97918922 8452.43177942 5874.93888585 3082.51682246 1461.11778391 1687.98069843 1552.25371061 2606.83587234 1606.96624156 3137.42287719 4120.94465733 7339.3951734 33273.8989216 40554.7104744 59609.6709843 61855.863241 223979.275832 185264.538263 126482.746551 166384.330519 239398.604817 362969.399116 383014.388234 185319.037209 147105.902677 124420.750511 73584.6299722 7097.12280909 -9999.0 -9999.0 -9999.0 -9999.0 -9999.0 -9999.0 -9999.0 -9999.0 -9999.0
-9999.0 -9999.0 -9999.0 -9999.0 -9999.0 -9999.0 -9999.0 -9999.0 -9999.0 -9999.0 -9999.0 -9999.0 -9999.0 -9999.0 -9999.0 -9999.0 -9999.0 -9999.0 -9999.0 -9999.0 3506.16378424 53635.6098892 298860.671874 248773.116925 3603207.83436 531080.146025 6859.82427881 8258.94574379 7948.41917025 12770.920648 5046.64168599 4650.0840419 13106.9497127 1206.52526846 1112.89874861 1257.82729696 2185.67309046 3661.511614 5987.67394264 24545.2876125 35474.2375345 16858.9463445 74902.6497738 490538.058259 367865.326221 142368.825511 144997.67662 234055.006968 198582.206411 471580.346286 455020.113041 251700.155479 206494.839616 20637.5191697 -9999.0 -9999.0 -9999.0 -9999.0 -9999.0 -9999.0 -9999.0 -9999.0 -9999.0 -9999.0
-9999.0 -9999.0 -9999.0 -9999.0 -9999.0 -9999.0 -9999.0 -9999.0 -9999.0 -9999.0 -9999.0 -9999.0 -9999.0 -9999.0 -9999.0 -9999.0 -9999.0 -9999.0 -9999.0 -9999.0 -9999.0 35359.2320918 263984.750344 1236469.75477 864671.884135 282918.954264 8685.21489441 6538.91751993 14780.9690097 4237.33791461 6990.47956483 5173.44618389 11416.6534672 6730.80525005 1552.77193653 1514.18802144 4852.67962532 3831.0224851 4658.92133882 7024.11553204 16986.1000266 41774.846934 97426.0369351 71087.1971577 170177.753273 182214.848809 165549.226079 252441.216499 250381.615164 254023.244139 246282.78883 270172.570392 136668.645469 -9999.0 -9999.0 -9999.0 -9999.0 -9999.0 -9999.0 -9999.0 -9999.0 -9999.0 -9999.0 -9999.0
-9999.0 -9999.0 -9999.0 -9999.0 -9999.0 -9999.0 -9999.0 -9999.0 -9999.0 -9999.0 -9999.0 -9999.0 -9999.0 -9999.0 -9999.0 -9999.0 -9999.0 -9999.0 -9999.0 -9999.0 -9999.0 90335.0041128 1538200.81709 1849970.45229 152350.765596 261135.587864 352841.940171 3812.57264596 2363.5542216 2827.1093181 2642.52894111 39736.8555172 20863.4637418 4832.95526721 4051.15430515 2733.15356562 2571.33994593 6472.48312722 6007.40099166 7232.90813575 6381.92397301 40875.2118565 47110.5364611 56487.5513148 56414.6184348 76188.8385217 151678.565156 172984.11795 119631.733765 91443.6961359 4326.88475366 -9999.0 -9999.0 -9999.0 -9999.0 -9999.0 -9999.0 -9999.0 -9999.0 -9999.0 -9999.0 -9999.0 -9999.0 -9999.0
-9999.0 -9999.0 -9999.0 -9999.0 -9999.0 -9999.0 -9999.0 -9999.0 -9999.0 -9999.0 -9999.0 -9999.0 -9999.0 -9999.0 -9999.0 -9999.0 -9999.0 -9999.0 -9999.0 -9999.0 -9999.0 58846.9890089 123994.141462 1269770.36066 121026.695949 185784.913301 11230.6354125 4572.69645132 2453.53896451 2104.10947613 14625.4199425 9362.43160741 17611.5502067 20112.6286334 4197.13472847 4077.82360469 19833.0490404 4926.88609671 5918.27077406 12286.4646199 10368.3393298 11830.2788319 70013.2220732 19072.8527167 362.363973725 -9999.0 -9999.0 -9999.0 -9999.0 -9999.0 -9999.0 -9999.0 -9999.0 -9999.0 -9999.0 -9999.0 -9999.0 -9999.0 -9999.0 -9999.0 -9999.0 -9999.0 -9999.0 -9999.0
-9999.0 -9999.0 -9999.0 -9999.0 -9999.0 -9999.0 -9999.0 -9999.0 -9999.0 -9999.0 -9999.0 -9999.0 -9999.0 -9999.0 -9999.0 -9999.0 -9999.0 -9999.0 -9999.0 -9999.0 41.0194180129 90356.9334989 1086467.85665 1284221.53686 64979.5162157 227946.105394 28670.5142499 3455.71691958 2633.39109949 8053.86531815 10026.7031117 10165.9749323 8349.65986518 13738.7240991 12149.3341005 3905.78617649 4004.68109707 5623.72976042 5720.7140841 6138.59560379 8483.36415665 11461.6176698 22999.8890691 16904.6616518 -9999.0 -9999.0 -9999.0 -9999.0 -9999.0 -9999.0 -9999.0 -9999.0 -9999.0 -9999.0 -9999.0 -9999.0 -9999.0 -9999.0 -9999.0 -9999.0 -9999.0 -9999.0 -9999.0 -9999.0
-9999.0 -9999.0 -9999.0 -9999.0 -9999.0 -9999.0 -9999.0 -9999.0 -9999.0 -9999.0 -9999.0 -9999.0 -9999.0 -9999.0 -9999.0 -9999.0 -9999.0 -9999.0 -9999.0 -9999.0 47244.40082 1278488.11056 573476.854624 497629.30123 89227.5075867 202558.831268 20694.4622225 4395.9295206 25773.2646607 12249.0375886 10316.3041012 9882.92162457 6992.16368466 6085.30810215 7152.56934057 10600.5492151 13319.7337039 9700.0090952 7401.53031037 10270.0168845 6990.42096789 11340.9483537 24742.5864008 4580.39464508 -9999.0 -9999.0 -9999.0 -9999.0 -9999.0 -9999.0 -9999.0 -9999.0 -9999.0 -9999.0 -9999.0 -9999.0 -9999.0 -9999.0 -9999.0 -9999.0 -9999.0 -9999.0 -9999.0 -9999.0
