critload/trunk/input/1999/nero_nat.asc
ncols 720
nrows 360
xllcorner -180
yllcorner -90
cellsize 0.5
NODATA_value -9999
[rows 120 to 149 of 360, columns 536 to 602 of 720]
0.0 0.00152920006441 0.0 0.0 0.0 0.0 0.00406957072894 0.0 0.0 109987.327422 268962.656946 0.0 0.00546763757959 0.00313773872381 512384.284182 306128.26989 285459.094081 165585.557961 120523.319575 0.0 0.0 67783.3312513 200643.359402 319800.671343 0.0 70292.1664322 181150.42475 478836.8181 147848.366063 111289.130889 49943.4799436 0.000161852910771 0.0 0.000145002112448 0.0 0.000215302864373 0.000411633194986 32869.1706705 0.000682286018759 0.00230419490213 74942.3841507 0.0 47432.3067884 0.0 0.000215925178036 0.0 6641.53247646 0.00017034092075 7.28195120146e-05 0.0 0.000142793886725 0.00012016253383 1.38559285007e-05 0.0 0.0 5.33291321793e-05 5.5626984082e-05 0.0 39138.3154939 9273.48934441 0.0 0.0 0.0 49295.6799399 0.0 0.0020343504237 39364.2552721
0.0 0.0 0.00076803184229 0.00211577228173 0.00120038371245 0.0 0.00027562371916 0.0 0.0 0.0 0.0 0.00201860336635 0.0 385111.154628 258580.536847 278078.22879 262666.285735 143240.186053 495654.966286 0.00572952525858 0.00183211351833 0.0 103660.398192 380152.49845 0.0 356928.170368 236182.166296 649592.091845 0.0129737342126 198363.572288 141934.727515 0.000178018138344 0.0 0.000121301034137 0.000213333327678 0.0 0.0 0.0 0.0 0.00309702893176 70478.1189442 11204.6262706 45852.5251728 0.0 44468.2162327 0.00142954935128 0.0 6.25073103709e-05 0.000103821923707 3335.09056103 0.00027329624637 0.000655505201804 0.0 46695.4263542 36441.3307912 0.000660643500244 0.0 9.47405665622e-05 0.0 0.0 10684.9342265 55954.1602984 0.0 0.00062594649675 31611.8105947 37569.9832342 42337.9342387
0.0 0.0 0.0 0.0 0.0 0.000398474048168 0.0 0.0 0.0 0.0 600254.533605 0.00536973528653 202421.078225 238575.887013 0.0116836393131 220269.716697 312033.132249 0.0 0.0 0.0 0.0 148468.324233 0.0 92011.2353842 327969.315549 473467.28051 125963.721857 0.00218110217434 181514.004281 0.00151689204368 0.000527381169835 0.0 0.0 0.000241220935552 0.0 0.0 0.0 0.000116445688618 77412.0817928 69078.4539956 65118.2841503 56901.1297499 42477.948834 0.00104608390587 58255.7840642 0.0 0.0 0.0 0.000288518999289 0.0 0.000299209154542 0.000725397584514 43103.4173909 59949.0930141 8.67327299265e-05 0.000396681655867 0.0 0.0 0.0 0.000516169668138 0.0 0.0 0.000157211275421 49695.8758165 0.000273308405188 62523.116199 30362.7675946
0.0 0.0 0.0 143901.499331 130618.293564 183305.530078 230383.946435 0.0 0.0 276744.231543 684692.118248 243402.494618 190433.128792 125639.676682 138087.832171 130924.015937 282929.690686 344750.876633 145409.280213 773598.140573 710404.750201 380093.054336 152592.486103 0.000353929908851 263401.505471 128298.122048 0.00266136910557 164768.261359 0.0 74494.5166626 0.0 0.0 0.0 0.000273143097851 0.000140568076749 71291.0527775 0.0 0.0 61642.1274552 0.0 0.0 54692.7760081 29305.1855667 34035.2311352 0.000136990503825 51421.3409566 50607.906005 8722.9566243 0.00016843590042 0.0 0.0 28501.5548727 7679.68824265 0.0 0.0 0.0 0.0 0.0 0.000374254400955 0.00060062546899 0.000815116218394 8.42524614953e-05 82817.3431738 13361.5186647 82976.6438944 0.0 0.000189545040682
229629.553372 277560.004457 318546.583334 182048.464057 515140.684957 444435.303312 709127.67746 194604.876838 94948.7598456 213508.531238 168310.42035 130202.101291 120462.572708 46338.2832533 0.0 0.0 59670.1969437 245093.551623 274478.750983 600587.557844 722879.038883 0.000829958567247 215120.070868 0.0 221067.997784 115318.911061 0.000471231746148 112338.614002 0.0 0.0 0.00134671321894 0.0 110030.065041 66968.1240423 0.0 0.000834517849069 0.000837712473735 39510.2049035 0.000441109285288 0.000511345668939 48198.2614831 63532.8205721 0.0 5.17717587837e-05 0.00056581032424 0.000990906973109 7751.12710532 0.000801903904891 0.000407496315644 0.000117126746434 0.0 0.0 30761.2101737 0.0 0.0 27628.5212798 0.0 0.0 61977.9368114 90760.1137191 0.00137708171111 10193.4737424 0.000422816629918 0.00136505303797 12794.3359833 999.254742735 -9999
333353.619665 292869.775102 186502.438634 173640.506319 193287.495641 200048.444758 215458.813192 189067.738352 165815.243112 127412.880271 104592.266588 0.0 0.000756335255663 2.85998351783e-06 0.000713094684311 47943.8031011 71361.1839999 130600.652593 327044.553665 59608.4530211 198228.498139 159094.98969 0.0 134395.359564 190255.44934 0.000110752515567 0.0 31865.61575 163618.597027 0.0 150827.912943 56022.2803326 56840.7127757 0.0 0.000246221039332 43156.8468429 31300.5709951 0.000385609071397 0.0 0.00066473456835 40692.6022694 6883.99225106 0.0 0.0 0.0 0.0 0.0 9.21063164312e-05 2.10754944173e-05 0.0 0.000359824906919 0.0 0.000699766348273 0.000140379713224 0.0 25490.5858123 49662.0471843 0.0 48277.7829488 40799.8820381 36567.2303499 10871.93345 55670.7634606 60020.3653485 0.0 3.74596576493e-06 -9999
0.0 0.000203256601672 0.00143058465589 0.00369664313531 38652.3064728 46079.159389 42617.6905408 0.000552989280765 0.0 0.000288744372846 0.000418113945434 0.0 0.0 39406.3702488 101267.652175 140673.299316 61838.3254082 59992.0554965 107300.784207 44132.6234834 168570.924872 740202.851291 104751.971341 101576.409198 0.0 95693.606262 0.000823744424119 0.0016875184319 0.00136917345186 0.00472997202129 0.0 0.0 58788.4896786 0.0 13064.9165583 51593.0442832 9.38959385205e-05 20931.6005053 0.0 0.000271665148616 8354.410381 62952.3425029 38984.1843147 28794.8224514 48585.231073 0.0 3.56997433537e-05 0.0 0.000173906374075 0.0 0.0 0.00011113235829 0.0 0.00021431172639 2.67078741211e-05 5.50142707859e-05 24211.4358793 43023.2753511 51242.1848461 50434.4033536 52857.5626072 54040.364811 0.000937107431305 0.000236413320717 4.6532889496e-05 -9999 -9999
0.0 0.0 6.38596235214e-05 0.000185242015254 0.000130865858662 0.000167683791262 4.84745235143e-05 0.0 0.0 0.000359885889771 6377.60713533 26954.0199685 48137.3468608 121034.870643 151979.194105 67527.1019831 30201.091244 13385.4227645 66585.2852972 53846.442951 161851.9305 0.00348400542885 0.00294712942674 0.00176742731977 0.0 0.0 133506.30693 73566.7094237 0.00121607200516 0.00411204059388 22593.8737765 0.0 0.000441948001853 97476.3990486 1.79215588599e-05 0.0 0.0 22683.4643683 42422.802527 39480.3449976 84723.528344 57392.9093729 38261.6082156 0.0 73330.0167227 0.0 0.0 0.000529945623331 0.00045831525869 0.0 19871.3714679 0.0 0.0 0.00069771431359 27326.8461012 0.000208867107429 30260.3767743 32578.4395431 39641.947758 0.0 0.0 61847.5310053 0.0 3.63897938175e-05 -9999 -9999 -9999
0.000107903483461 0.000238425757377 0.0 7.63496943063e-05 20922.9913948 24232.5730357 29289.7506498 30456.4858003 24790.2643712 18611.5676982 14664.0250258 37333.2045188 100714.438728 159286.742473 112042.901712 16083.4986864 55249.0540373 38219.1883735 61535.0462141 0.000194394939073 414471.57727 0.000641418959462 0.000476343782135 64752.2313364 9204.6692404 72711.3894937 69573.6583481 52740.4051324 0.000586198568952 72666.6738196 0.00120257931011 7.87058459439e-05 0.000373114105144 0.0 51617.964366 48308.6821076 0.0 0.000866617491593 0.000340234782061 34872.3855333 80558.4003061 0.000430876100799 62757.9878486 0.00177222539812 0.000344008824572 0.0 38233.535107 0.000498812689233 0.000360559023092 0.0 0.0 65751.6697747 0.0 0.0 0.000612518220253 25390.2811727 30824.584411 46657.5691979 62219.982555 0.000497048544254 60767.2544228 60705.0551344 40536.9642477 6.36336363297e-06 -9999 -9999 -9999
0.0 0.0 0.0 0.0 0.000653902625246 29984.4759036 25804.3544781 41707.2565677 28130.8623382 0.0 68723.9569949 378026.863623 87076.5808213 374975.093966 17439.9197267 12344.9457924 24479.9485096 27645.2742526 0.0 58353.2115156 0.00535600170516 0.00138831582622 53481.3144288 67836.6269189 53323.1889466 0.0 44181.1280927 10468.6164399 0.00162814367 0.00138451769174 0.0 0.000786375018285 43304.95726 43399.1424968 0.0 48158.576569 60528.2096086 66765.4747312 0.000207547544036 0.000763200695954 43395.1230108 0.0020370266053 0.0 0.000574705021596 8.7818079569e-05 0.0012210609608 7921.53835788 0.0 0.0 31402.0743787 0.0 0.0 0.0 5.05720011693e-05 30103.7288036 0.00155347884138 35980.2551746 56632.6496604 0.0 13147.2336465 0.0 31589.0995692 1.6430559351e-05 2.5111097902e-05 -9999 -9999 0.0
0.0 5075.60083367 0.0 0.0 3.21777772056e-05 0.000121744581415 6.49047111027e-05 1.38926069811e-07 0.000175183030061 0.00010383829056 179854.194918 61036.5951856 235202.43853 33475.8096084 10712.9120914 27857.8758584 32355.1948354 27068.9552628 88174.6174334 12420.7249558 0.0 0.0 0.0 0.0012918025761 109939.249692 0.00238930330399 0.000695620137394 0.0 0.000488512040298 0.00028072233513 0.0 0.000460953730531 0.000840005773468 50816.2328154 52964.4296882 0.0 66746.6750993 0.0 0.0 47829.8432192 0.000369006414731 0.0 0.0 30482.6982131 0.0 38232.7774903 0.0 11715.3738032 49566.4979101 0.000417393253686 0.0 0.0 8.03927075336e-05 0.000305082929607 32418.2812718 36626.304891 8582.7434585 0.00120818841452 57778.5712964 49219.3873899 0.0 8.92270630692e-05 -9999 -9999 -9999 4.64452467641e-05 0.000131233775142
0.0 6.89176798847e-05 0.0 0.000187468413476 0.000160774540811 2.42514513038e-05 5.62275313751e-05 10090.0154358 17344.4868529 59909.981513 263872.728457 51157.5659804 137578.029525 16443.5894993 16356.1677721 33012.8173523 15386.2216254 11815.2001812 120768.54992 50666.8523234 0.0 0.0010562888809 0.0 21807.4189172 0.0 97379.2585977 0.0 0.0 57558.4101763 0.0 0.00113362038767 0.000480982617894 51304.7134181 0.0 0.0 0.00103957181296 0.00222888732707 0.0 0.000282812089782 0.0 34671.5242173 0.000447306044557 0.0 0.000370023993678 54849.1092593 0.0 8.56167742063e-05 0.000750391672525 13801.4352264 45442.0968456 35045.548417 0.0 46071.6896731 0.0 0.0 7.22511050254e-05 0.0 0.0 0.0 20008.1281258 0.0 -9999 -9999 -9999 0.0 0.000273673759482 157549.328564
5.26346111705e-05 0.0 0.0 0.0 2.50258820512e-05 0.000114503377402 0.000251290670388 16845.2932978 45448.1267177 131325.852362 287149.214071 376270.699003 0.00074216374487 15376.3540555 11875.0371029 14724.9497187 10313.169145 14294.4349033 48043.4500413 44045.0234828 61404.0110599 82081.834842 108095.587986 104806.436 0.0 80696.142422 0.00017880323824 2.98706777342e-05 0.00173153245995 38595.6902192 44793.8301209 0.00118943741279 23789.3258019 7611.09583571 0.0 69582.8060289 12045.588547 0.0 0.000584966316096 8128.86796838 35189.8446157 0.0 0.0001302663245 0.000532659884211 0.00162657027247 0.0 0.000701634489036 0.000147937038119 30231.4200502 0.0 0.000246110058596 42442.1570701 0.000519727203965 30801.7097852 0.0 0.0 2.28934281238e-05 0.000204143699126 0.0 0.0 -9999 -9999 -9999 -9999.0 5.18708459973e-05 0.00132256805984 128078.11053
0.0 0.0 6.99319586674e-05 0.0 1.81228338624e-05 5.34638836932e-05 0.00019947401179 9904.18010416 24480.2768233 115963.024428 304613.207896 441027.41284 18785.3524569 14372.1373251 7141.261563 9248.90165772 0.0 37985.1156855 63108.0040478 30852.2100498 62455.3829396 83887.3191521 84638.6348416 18410.3246896 55736.5607486 0.0 0.00134676011302 0.0 108859.194434 0.0 15765.3462125 82875.7186298 38530.6943173 51340.2897202 64289.4859732 64746.9126225 25392.4242907 35372.4694218 0.00081391601549 0.0 0.0 24133.7957153 0.000551440288878 6.3766121573e-05 0.00010867775173 9.68122494311e-05 0.0 0.0 5.3487547773e-05 0.0 0.0 0.0 0.000149327268056 27536.8934616 0.0003322544851 37086.0028977 0.0 6.95023825957e-06 0.0 -9999 -9999 -9999 -9999 -9999 0.000141045607046 144207.878768 95656.9319423
0.0 0.000117522249505 5037.77963087 6.53556445971e-05 0.0 0.000111930170988 0.0 10689.9446338 15541.597474 104059.584145 334281.169845 362647.773702 99242.8172395 11902.3050616 0.000159437146607 0.0 43951.854849 54409.6328909 50664.83759 25592.6694469 45070.5298259 87819.0457706 84207.9829589 0.0 0.00150513714602 0.0 3.25105219349e-05 99235.7260951 0.0 0.0 117152.411467 117012.323944 81235.0572272 111890.745094 98472.3515443 82923.286318 33432.7570388 35505.2645945 0.000397520092224 0.000385272892193 0.0 0.000420453351973 0.0 0.000556522272808 2.20855351828e-05 37084.9191668 41824.6922432 27643.6075101 1.53914760998e-06 0.0 4.80672097753e-05 0.0 0.000333067764761 0.000428473786288 6.24839337889e-05 1.34038239068e-05 0.0 -9999 -9999 -9999 -9999 -9999 -9999 -9999 6.3705220366e-05 114881.197338 0.0
0.0 0.000144275568917 5052.15269709 4945.69552973 0.0 0.0 1.25288352877e-06 4.46879117285e-05 30002.0876559 0.0 366193.902349 262264.879037 32513.7765019 0.00064886131721 0.000217363874628 0.000227275687789 21172.2463984 25574.9332648 21294.2717958 24242.8446527 28822.7082729 82233.3911271 73586.0998689 0.000344782723831 11418.045669 0.00112575560841 0.0 54024.8279468 71186.8652589 104318.726487 104759.892494 115582.629317 67499.7973899 47355.2256559 54530.9575258 58473.0093953 36020.6297803 23831.7666292 19702.4573705 0.000447018942381 19271.4670323 1.74913288866e-05 0.000254042468035 0.000699735352644 0.0 0.000214151326095 56697.6264043 0.000411646842015 30219.4067827 0.0 0.0 449.272857974 0.0 -9999 -9999 -9999 -9999 -9999 -9999 -9999 -9999 -9999 -9999 -9999 0.0 14250.0949913 -9999
1517.09264777 1730.30789041 1310.03929255 531.067263209 526.0458987 -9999 -9999 0.0 31555.2018205 78952.0387832 344352.576963 324483.063983 25577.3284207 0.0 0.0 0.000137591632083 0.0 51222.7775903 27391.7244881 19516.2795268 5735.5091793 0.00176097938407 62160.3007433 61362.7296026 0.0 0.0 0.0 53783.697287 71295.3875813 57021.3612206 94331.4147986 79219.2707689 126925.040257 9252.0869898 21899.3457306 28975.4632442 30066.9872291 29087.9742481 0.000852453499831 0.000351310420779 15983.9013781 0.0 0.0 0.000235123370509 0.000227137077289 2.18115598789e-05 0.000317638962153 4.5500557274e-05 0.0 2469.70237235 -9999 -9999 -9999 -9999 -9999 -9999 -9999 -9999 -9999 -9999 -9999 -9999 -9999 -9999 -9999 0.0 -9999
-9999 -9999 -9999 -9999 -9999 -9999 -9999 -9999 19125.3346648 66486.1528384 96927.7650411 446956.793721 0.00141983727955 0.0 0.0 0.0 27354.5803553 38084.2374107 24719.3654204 17825.5888091 22287.4608778 0.0 66387.9591701 173823.664486 60271.0891151 68955.2290521 51553.0607587 47323.506007 77129.2356936 58997.3015124 69466.4876541 0.000816109871113 90586.9315382 84199.992445 0.0 0.0 0.000162312901625 29089.4726063 24634.2687138 0.0 -9999 -9999 0.0 0.0 0.0 0.0 -9999 -9999 -9999 -9999 -9999 -9999 -9999 -9999 -9999 -9999 -9999 -9999 -9999 -9999 -9999 -9999 -9999 -9999 -9999 -9999 -9999
-9999 -9999 -9999 -9999 -9999 -9999 -9999 -9999 1.63586189656e-05 19210.3994976 38123.5680774 344443.953669 0.0 5.93630685851e-05 0.000207131640368 0.0001172353405 0.00094775583433 20414.6311152 36393.5285971 22593.5424836 24684.5850344 0.000942432137113 58641.2011167 47422.711721 51970.4702702 46801.8606064 48894.3582035 37395.0338966 61133.908108 60978.2052175 70098.739407 81184.0107589 73920.8455793 0.0 48924.0052601 0.000174621204411 0.0 0.0 0.0 -9999 -9999 -9999 -9999 0.0 4.93455299403e-05 -9999.0 -9999 -9999 -9999 -9999 -9999 -9999 -9999 -9999 -9999 -9999 -9999 -9999 -9999 -9999 -9999 -9999 -9999 -9999 -9999 -9999 -9999
-9999 -9999 -9999 -9999 -9999 -9999 -9999 -9999 -9999 0.0 7697.76831105 66476.0223986 73013.7218759 0.0 0.000176156308872 13184.9356656 29742.6380593 33426.3791682 29011.4971946 39546.3180639 57416.4996939 0.00110237386014 51847.3754266 36423.8688367 26106.9083751 45138.7969524 51262.6581775 60513.8368556 0.0 70319.8318937 59305.9637306 63767.2468357 57925.548681 0.00342495927666 0.000451674911429 0.000616508065195 0.0 6.26533520908e-07 -9999 -9999 -9999 -9999 -9999 0.0 0.0 8.85075751671e-06 -9999 -9999 -9999 -9999 -9999 -9999 -9999 -9999 -9999 -9999 -9999 -9999 -9999 -9999 -9999 -9999 -9999 -9999 -9999 -9999 -9999
-9999 -9999 -9999 -9999 -9999 -9999 -9999 -9999 -9999 -9999 1498.27825856 7657.69316888 72779.0486119 0.0 8.26954098536e-05 12184.0081989 23162.2778676 51299.2183154 26151.988212 0.0 69419.1965563 51976.7323372 38353.2050118 22088.9657144 28324.221834 54051.0170635 0.00124106418815 65839.0956449 73565.4205703 60322.3200239 45708.2473492 64635.7928842 84378.5301023 77712.4727307 39702.8454214 0.0 -9999.0 -9999 -9999 -9999 -9999 -9999 3.16865842563e-05 0.0 0.0 4.6365648711e-05 239.670342543 -9999 -9999 -9999 -9999 -9999 -9999 -9999 -9999 -9999 -9999 -9999 -9999 -9999 -9999 -9999 -9999 -9999 -9999 -9999 -9999
-9999 -9999 -9999 -9999 -9999 -9999 -9999 -9999 -9999 -9999 -9999 0.0 40043.8027667 40339.0659788 0.0 18360.1825526 15563.6971405 61378.0235133 64021.7016915 58416.9077997 58587.9468031 49274.5930681 42522.5264998 20431.3669672 24674.4719456 45435.9900243 73662.81883 59901.7633343 80414.3256426 67787.1820339 59375.1931833 85687.9971888 97794.2872784 61110.7277837 21804.4897407 3.49945836604e-06 -9999 -9999 -9999 -9999 -9999 0.0 0.0 30369.0527532 0.0 4.9536226181e-05 -9999 -9999 -9999 -9999 -9999 -9999 -9999 -9999 -9999 -9999 -9999 -9999 -9999 -9999 -9999 -9999 -9999 -9999 -9999 -9999 121.933657889
-9999 -9999 -9999 -9999 -9999 -9999 -9999 -9999 -9999 -9999 -9999 4.46272672856e-05 16073.0625528 0.0 0.0 15935.0226941 15083.5805146 44389.5063639 60053.4077291 36571.8847323 54295.7353169 36610.1679429 30516.7792622 27582.2452229 29220.2233027 23584.3704109 62498.4913489 42542.4434682 32510.5944981 60768.8301805 82210.7317849 41773.8381115 69358.1971371 86942.5192463 25369.2661894 0.0 -9999 -9999 -9999 -9999 -9999 0.000191773578627 46178.9033724 49442.3307069 15415.9207145 -9999 -9999 -9999 -9999 -9999 -9999 -9999 -9999 -9999 -9999 -9999 -9999 -9999 -9999 -9999 -9999 -9999 -9999 -9999 -9999 8.59613791339e-07 1083.02298432
-9999 -9999 -9999 -9999 -9999 -9999 -9999 -9999 -9999 -9999 -9999 -9999 0.0 77358.2035277 0.0 0.0 18118.1837799 0.000756647756014 0.0 46866.7343856 51450.6620278 0.000562095932166 22104.1555993 22201.8411969 28302.0134133 39847.3386645 32982.5579422 21990.7074063 19645.3987806 0.0 10496.3829341 8797.26776309 39202.592818 46551.7860085 59092.0441372 32718.684282 4140.28360362 -9999 -9999 -9999 -9999 0.0 5367.08260434 4468.41855696 2.31633499942e-06 -9999 -9999 -9999 -9999 -9999 -9999 -9999 -9999 -9999 -9999 -9999 -9999 -9999 -9999 -9999 -9999 -9999 -9999 -9999 -9999 41516.1718284 45704.8831349
-9999 -9999 -9999 -9999 -9999 -9999 -9999 -9999 -9999 -9999 -9999 -9999 5.02060648392e-06 37019.9442766 0.000427468791134 0.000150944183356 13309.0341245 7.51669311498e-05 40932.6371098 63554.5293976 60154.7703679 39316.4164453 35865.1130993 23315.285016 4589.02067785 39186.7195458 32452.6233914 0.000518748577447 0.000225555701587 2.36673382723e-05 0.00061160052674 6854.52526824 0.0 42346.4608421 26432.4628472 47257.4346151 32846.5486062 2.39530404666e-06 -9999 -9999 -9999 -9999 -9999 -9999 -9999 -9999 -9999 -9999 -9999 -9999 -9999 -9999 -9999 -9999 -9999 -9999 -9999 -9999 -9999 -9999 -9999 -9999 -9999 -9999 2.47758067182e-05 79721.4645089 61944.2435856
-9999 -9999 -9999 -9999 -9999 -9999 -9999 -9999 -9999 -9999 -9999 -9999 -9999 0.0 8.00179787731e-05 0.0 7450.24616449 0.000130099354741 11278.8838791 15616.6343473 57550.9020664 61242.617027 17806.8514917 0.000199839499833 0.0 33580.5197905 33468.3498976 19338.1362062 8156.85162733 0.000454174041822 7865.60443298 10330.0904663 7054.85406353 0.000167371960113 16434.4162037 29550.1541431 45415.8660083 11290.9643699 1.28811088224e-05 -9999 -9999 -9999 -9999 -9999 -9999 -9999 -9999 -9999 -9999 -9999 -9999 -9999 -9999 -9999 -9999 -9999 -9999 -9999 -9999 -9999 -9999 -9999 -9999 -9999 0.0 74779.5318498 85302.2600841
-9999 -9999 -9999 -9999 -9999 -9999 -9999 -9999 -9999 -9999 -9999 -9999 1511.57273809 0.000149977521682 0.0 0.0 0.0 0.0 9.27831080801e-05 0.000437543262164 27171.9306408 31268.953437 13862.7406076 0.000263649715018 7.67049314339e-05 25169.6317269 29167.1912891 27080.3581196 0.0 0.0 8091.93201332 10131.6360738 17897.4571224 0.000409427076806 0.000110940456064 10797.5114143 28774.8820727 41230.5868364 0.000175586170653 3.4308874529e-07 -9999 -9999 -9999 -9999 -9999 -9999 -9999 -9999 -9999 -9999 -9999 -9999 -9999 -9999 -9999 -9999 -9999 -9999 -9999 -9999 -9999 -9999 -9999 -9999 0.0 120964.591444 49818.7406885
-9999 -9999 -9999 -9999 -9999 -9999 -9999 -9999 -9999 -9999 -9999 -9999 0.000115552079056 0.0 3.33178976334e-13 0.0 0.0 -9999 -9999.0 0.0 31179.151212 44905.5427054 37484.4524272 0.0 0.0 14987.9724347 23162.7204331 18088.9511055 0.0 0.000180890104771 8.46212042119e-05 0.000742291261932 8721.38868181 0.0 2.09876123272e-05 9375.2778837 23716.6442921 48085.8700238 72749.4024383 34852.1596663 2404.72998133 -9999 -9999 -9999 -9999 -9999 -9999 -9999 -9999 -9999 -9999 -9999 -9999 -9999 -9999 -9999 -9999 -9999 -9999 -9999 -9999 -9999 -9999 7.43533310073e-05 0.0 80899.3960884 77059.1649819
-9999 -9999 -9999 -9999 -9999 -9999 -9999 -9999 -9999 -9999 -9999 -9999 217.196657227 1008.19834884 879.771191177 545.825216149 -9999 -9999 -9999 5498.11122173 19823.5258764 38831.6317082 35038.0457321 2.60313344719e-05 0.0 0.00029257296025 2831.10363856 0.00040063989329 0.000464176832963 6938.57113003 0.0 0.000277052672907 0.000384029245731 0.000196897146396 0.0 0.000447258683173 16028.8655945 49548.1327235 68785.5357604 64973.0142465 21577.4778738 2.12293624984e-07 -9999 -9999 -9999 -9999 -9999 -9999 -9999 -9999 -9999 -9999 -9999 -9999 -9999 -9999 -9999 -9999 -9999 -9999 -9999 -9999 -9999 1.01754044511e-05 0.0 3.94404809071e-05 70655.165299
-9999 -9999 -9999 -9999 -9999 -9999 -9999 -9999 -9999 -9999 -9999 -9999 -9999 -9999 -9999 -9999 -9999 -9999 -9999 6586.19811412 41226.7647219 53516.8620256 45968.9025064 0.000132366779638 0.0 10496.9481898 9547.40074547 7100.16306206 0.0 0.0 0.0 0.0 0.0 0.000414453800746 0.00022666356162 0.0 25114.242812 31025.0215424 49719.645313 75186.6274611 71164.6037893 2.42741633351e-06 -9999 -9999 -9999 -9999 -9999 -9999 -9999 -9999 -9999 -9999 -9999 -9999 -9999 -9999 -9999 -9999 -9999 -9999 -9999 -9999 -9999 1.02458787785e-05 4.81513411859e-05 0.0 0.0
