critload/trunk/input/1999/nero_ag.asc
ncols 720
nrows 360
xllcorner -180
yllcorner -90
cellsize 0.5
NODATA_value -9999
[rows 87 to 115 of 360, columns 576 to 639 of 720]
34316.6409968 43166.1008319 43815.0686291 36713.7126554 37122.7613113 38474.6929994 39086.9562334 38048.2496988 31166.9472023 14534.8945926 42650.2905155 39562.7138434 38289.4420983 34695.6081386 30299.1142585 38133.2682754 23609.4127341 34801.3088377 81735.6192386 112330.051511 130695.871727 179395.962111 146685.45974 149196.05446 186190.883449 598735.559878 271231.216967 328565.473736 227567.273984 115014.533092 73926.0132484 45280.3447647 48197.7376847 87487.3426832 87897.9696213 38016.703331 69380.9089242 135268.245487 214614.819284 181545.948157 57878.5729171 127445.318702 155409.461884 192786.100558 122689.878231 283218.882117 83598.2467493 221277.084777 101770.22359 117460.960212 94561.8977313 55457.0602234 35648.3493764 0.0 0.0 0.0 0.0 8115.11780786 0.0 2817.94605015 23.9116394295 -9999.0 -9999.0 -9999.0
14616.5183204 3075.40125359 31045.4787249 22785.0168369 25587.6355619 35628.1544497 34566.7020282 14677.4200804 39879.0969122 15332.783124 30515.5500548 31329.1737033 34512.975048 39737.8469834 51950.2462156 47529.6467809 186539.026966 347982.60114 118484.982656 99755.4288321 76359.2254053 90651.6663714 104526.039473 268030.195535 371562.413112 473967.747121 682613.383062 233660.767314 239235.914691 102668.062235 70971.836534 49996.0100224 64451.6130246 29816.0282543 40675.5297387 75502.5708707 76336.4083141 127784.622159 311441.377065 407543.915456 125427.486758 219146.132857 67677.3123746 657951.428516 176367.981136 161643.381884 145043.832297 140661.107275 70991.5477812 17003.1043063 67189.1149067 24474.9248383 11108.4448965 5076.94803113 0.0 0.0 5052.98501661 6488.88756696 9667.46513133 0.0 -9999.0 -9999.0 -9999.0 -9999.0
8794.3515732 2870.31140996 3221.20917191 2686.79693941 3127.71716191 2984.19750927 3261.20270719 3647.39125282 3592.81728973 3461.77394012 30400.5254862 31931.912807 35537.2394619 205340.607959 223943.791972 218484.77092 189008.826407 73433.3232481 62028.8168549 39445.0419529 67770.0179647 92134.5092611 143137.131567 300267.885315 291898.32308 335389.424589 226506.567521 61659.9091156 54541.0209106 118215.677637 40656.6000161 19564.8237565 75790.8801579 62662.0285357 99993.0292873 119956.217138 140372.961097 170653.888182 214019.1897 406983.521529 327281.934933 112508.150814 31065.5538819 184701.377359 219887.412894 222263.032972 120896.439423 133596.903926 0.0 15538.7895746 217760.17438 19238.1992946 0.0 0.0 0.0 0.0 5993.35744491 4542.33094103 13.7616586545 -9999.0 -9999.0 -9999.0 -9999.0 -9999.0
10450.3085197 4014.29675107 4024.0896494 3858.09075934 3823.96905189 3742.27312497 3655.46331027 2345.07216206 11549.7166992 10728.3273492 116650.373501 106103.518562 188369.879072 208195.055984 175360.193407 156697.57461 60830.1419297 71183.5994349 83423.8886184 117528.319369 146664.915177 158351.146727 286953.443693 300704.798944 429083.414906 331784.502488 125939.377297 58677.6784253 65306.9031986 88060.8568109 87744.3813898 91101.2159813 93099.3482122 160126.709492 152165.785863 152651.925662 178373.158323 188830.362565 166433.152528 217623.399504 130396.088834 606307.076432 165973.950565 237099.967289 291424.529143 199300.815055 0.0 107768.676262 25428.1194706 438307.434189 64910.1023237 8851.62736054 0.0 0.0 0.0 0.0 1329.4837412 -9999.0 -9999.0 -9999.0 -9999.0 -9999.0 -9999.0 -9999.0
4180.24141183 9043.98457916 3364.62788872 9175.136421 9199.13645633 4006.10833462 4062.98806178 2561.10799166 2453.86290404 16865.4562183 2560.33487481 2371.26702472 116419.037337 168053.125048 192691.559964 98828.8122585 105372.211653 144734.032642 100108.537156 164140.070089 228150.217477 321969.733463 795198.750349 405336.053811 182007.284335 101276.686039 65118.6942386 97055.523833 72634.9019547 86181.2956332 101886.324866 143011.157543 96961.5287232 137398.078968 136860.62045 235784.551839 298339.606996 300069.277251 133526.445283 89440.7194583 117815.452923 139454.950684 294824.133402 150446.277009 55399.8100418 180485.681001 121469.030816 97500.0423241 148479.571919 57891.1322411 28514.4488594 11013.6136469 0.0 0.0 0.0 3443.26870965 -9999.0 -9999.0 -9999.0 -9999.0 -9999.0 -9999.0 -9999.0 -9999.0
10297.9098685 8104.40848416 8753.56607218 3530.72976519 3649.08473525 3583.61305255 3279.12287068 2720.20298124 2013.85183917 1750.31380711 1798.35443873 19221.8304408 172223.436422 190084.048709 70798.500032 93697.39568 118257.741789 127590.123691 239289.684337 672793.661214 489927.289434 310471.600568 249029.906696 165604.568217 99888.0263379 46119.8481151 109412.300521 84286.9797796 118166.394437 73841.3472732 70369.0515325 47297.9352455 152521.198758 160713.306806 255826.535245 258715.550045 125398.430512 130626.285286 144022.462548 103006.793194 183245.168603 392174.638874 108742.931366 42394.3071458 75399.1917967 65929.7809418 31751.3392267 70634.6834998 76106.4819901 9960.11049622 0.0 0.0 0.0 0.0 0.0 -9999.0 -9999.0 -9999.0 -9999.0 -9999.0 -9999.0 -9999.0 -9999.0 -9999.0
8702.81155668 2979.3830402 2949.0535053 3909.19009843 3605.48455151 3507.70381662 2790.21464157 1875.94578987 1629.55128689 17211.9890867 116422.517285 118474.605698 132420.214856 124398.117536 56197.9172608 53670.1081587 80110.3713761 63923.6415109 192118.062084 299434.587081 411928.761552 216784.0531 109690.051117 47093.8798216 61050.7862323 71341.5131714 45977.7151186 43786.1175165 42060.0539456 50283.1063772 57194.152366 68291.4589111 160145.654635 208256.049065 200221.779602 168173.111739 230289.681926 264819.619315 175049.385032 40142.7324839 363519.919697 141544.249752 51701.3513965 173471.812841 97045.1169872 77709.1481867 30819.9390544 3006.4165484 26573.3121649 4013.0440587 5356.79280757 0.0 0.0 0.0 -9999.0 -9999.0 -9999.0 -9999.0 -9999.0 -9999.0 -9999.0 -9999.0 -9999.0 -9999.0
2128.00194141 2651.89533935 4932.85444179 10014.5185721 9224.71053591 2219.33651682 1909.05379081 1968.46114002 18638.2316266 91142.6266754 142505.437182 160383.38871 82528.4629831 75476.4046036 79367.8623148 65891.0698328 50020.6032208 102565.010433 189768.734955 407119.685912 571259.185811 348524.623578 309508.575073 158605.784301 156159.471066 102175.825403 184350.00833 144598.809723 68824.8568453 103474.325916 258504.284601 115809.290698 225614.212918 360327.649334 166259.846956 44885.3369588 167973.302638 176212.749367 63863.4118598 41066.1661887 142947.504991 45934.6899981 230856.630777 216441.771868 393846.421671 65742.9186915 3666.93444475 -9999.0 546.973607569 4783.36769697 14815.2993567 0.0 -9999.0 -9999.0 -9999.0 -9999.0 -9999.0 -9999.0 -9999.0 -9999.0 -9999.0 -9999.0 -9999.0 0.0
2065.67311116 2661.91407817 2645.48705701 2360.11095199 2467.02061266 2072.49376459 2541.97317046 14686.7902522 171442.736121 161646.597426 243986.374105 127425.961867 119811.667473 176892.451852 175111.666154 127264.523927 155276.595468 209020.965207 292314.179972 631758.107447 869213.158996 538399.306937 358521.236231 505565.442326 350218.083594 465173.730307 298154.33341 454357.957768 196721.265901 29559.4505107 64135.8799944 203268.411035 257123.644202 206940.696824 158321.484117 177255.995646 130145.238784 105439.675757 250324.317509 94710.804128 66068.806483 61614.6231211 106771.019706 72371.5804097 75984.2027305 3394.20896109 -9999.0 -9999.0 -9999.0 -9999.0 -9999.0 -9999.0 -9999.0 -9999.0 -9999.0 -9999.0 -9999.0 -9999.0 -9999.0 -9999.0 -9999.0 -9999.0 0.0 0.0
30390.3676119 11070.9176767 9900.54170409 3119.21756776 20076.8961664 184854.868543 98986.6392702 110733.18048 130107.926382 114154.735791 119391.012009 135535.649054 117743.884285 104814.940966 128399.986732 167013.069212 300029.103654 133843.500905 415355.291124 397045.134651 259632.504359 820577.340488 401536.845173 631635.673507 341679.004565 565054.437162 548447.662146 220453.856673 86580.2706251 70475.9449745 164868.468073 220608.89759 194113.873426 128974.448344 155037.217021 307078.266919 159256.44397 98129.6396964 144204.889516 150970.674507 67273.609 49564.7671374 114553.82851 191270.424837 -9999.0 -9999.0 -9999.0 -9999.0 -9999.0 -9999.0 -9999.0 -9999.0 -9999.0 -9999.0 -9999.0 -9999.0 -9999.0 -9999.0 -9999.0 -9999.0 -9999.0 -9999.0 -9999.0 0.0
128752.990383 10944.3344889 21828.4449569 227350.625189 222767.998475 124514.997132 119272.907692 206105.964237 273134.011423 233384.377931 177376.898837 125692.849857 139635.277048 196339.549878 642646.850975 593619.963883 228114.91857 536314.992436 400639.639385 867496.383202 112139.881315 298759.890888 385370.374226 295230.504522 437246.596907 377381.302104 280394.867397 149152.49196 141261.505092 152875.672058 277556.956875 337364.385217 346599.290936 99764.4567368 180566.404696 136116.200365 70683.7530151 0.0 0.0 0.0 55885.3815198 0.0 83874.8091271 38447.2459417 -9999.0 -9999.0 -9999.0 -9999.0 -9999.0 -9999.0 -9999.0 -9999.0 -9999.0 -9999.0 -9999.0 -9999.0 -9999.0 -9999.0 -9999.0 -9999.0 -9999.0 -9999.0 -9999.0 -9999.0
108730.160617 82267.9210458 251858.785093 290241.871092 325939.665113 747568.52201 916923.737496 429034.09215 405294.766155 276663.546997 199449.882487 271560.948914 490578.761538 736806.742868 825649.32334 896080.349338 385616.152566 183383.868325 334035.29653 514297.505933 639525.564762 589556.549525 449218.968117 469272.628805 407373.933917 347126.185623 19401.1519366 11913.1852414 173825.18564 357132.869135 173800.258455 200462.670118 243022.927638 136427.712802 69660.0047493 26422.9479657 0.0 77137.5529896 0.0 0.0 0.0 115022.703354 173239.62616 0.0 -9999.0 -9999.0 -9999.0 -9999.0 -9999.0 -9999.0 -9999.0 -9999.0 -9999.0 -9999.0 -9999.0 -9999.0 -9999.0 -9999.0 -9999.0 -9999.0 -9999.0 -9999.0 -9999.0 0.0
8648.30505123 29499.4555648 163291.62304 54396.6792113 92095.2928915 149290.648607 162086.316615 211825.294138 235388.146746 274879.070141 265649.830905 338525.33637 399864.150765 503949.03677 330409.507543 957760.009425 612176.406141 416120.946085 496511.028638 522502.869644 425501.317813 436925.4777 544967.256762 302206.107982 108634.879809 8279.9340229 -9999.0 0.0 190163.786015 330327.032015 216644.083753 284971.915776 513972.625484 353225.940604 13132.7185322 83659.3001706 65492.2450104 0.0 97945.7989238 357634.770255 468697.866173 82655.6259345 -9999.0 -9999.0 -9999.0 -9999.0 -9999.0 -9999.0 -9999.0 -9999.0 -9999.0 -9999.0 -9999.0 -9999.0 -9999.0 -9999.0 -9999.0 -9999.0 -9999.0 -9999.0 -9999.0 -9999.0 -9999.0 9315.33243812
10696.8498903 156555.605644 60992.0933615 125014.904426 103687.175801 125853.765341 124188.077815 375876.257267 375651.634387 348207.679097 304836.843287 699345.068437 369784.99325 398018.270676 193846.905061 743461.227232 271055.180975 305536.63606 274111.321554 333740.822935 228088.975914 177005.882515 184480.483761 9482.687964 -9999.0 -9999.0 7240.39814296 138569.777964 352655.286913 211899.4423 104614.279615 80551.8322793 0.0 258042.56965 455167.194196 489515.240724 159618.63798 0.0 685395.010661 64158.5418134 -9999.0 -9999.0 -9999.0 -9999.0 -9999.0 -9999.0 -9999.0 -9999.0 -9999.0 -9999.0 -9999.0 -9999.0 -9999.0 -9999.0 -9999.0 -9999.0 -9999.0 -9999.0 -9999.0 -9999.0 -9999.0 -9999.0 -9999.0 8359.11262585
70783.3770517 54803.1166228 38392.1701649 66879.4353634 265554.308457 53176.4546345 96884.2221061 241957.5885 575379.549009 452750.270259 409993.897271 762880.493473 683643.927707 578902.503243 499536.979145 213961.123526 288860.127422 219602.491564 164221.309243 106768.744932 112169.975276 129431.414698 37099.2014675 -9999.0 -9999.0 -9999.0 5116.66149776 136290.959087 60480.3196561 -9999.0 -9999.0 -9999.0 -9999.0 -9999.0 94373.291194 512193.404769 252859.894831 0.0 557232.709254 53691.6127212 -9999.0 -9999.0 -9999.0 -9999.0 -9999.0 -9999.0 -9999.0 -9999.0 -9999.0 -9999.0 -9999.0 -9999.0 -9999.0 -9999.0 -9999.0 -9999.0 -9999.0 -9999.0 -9999.0 -9999.0 -9999.0 -9999.0 -9999.0 6539.76550927
49947.9765465 74474.8670096 49057.0570996 96484.8281538 105457.480573 129242.979202 151764.84012 301242.154846 725834.575319 240952.031321 1067471.92812 341994.013098 411643.216718 251056.273935 231479.192086 254429.823546 249660.506339 221531.764983 141284.797037 19286.2560194 -9999.0 -9999.0 -9999.0 -9999.0 -9999.0 -9999.0 55056.6946128 3372.05596679 -9999.0 -9999.0 -9999.0 -9999.0 -9999.0 -9999.0 321053.320226 483195.351993 98034.5496285 301834.018822 75640.4020931 187465.863339 92086.9058413 -9999.0 -9999.0 -9999.0 -9999.0 -9999.0 -9999.0 -9999.0 -9999.0 -9999.0 -9999.0 -9999.0 -9999.0 -9999.0 -9999.0 -9999.0 -9999.0 -9999.0 -9999.0 -9999.0 -9999.0 -9999.0 -9999.0 160298.748159
2989.93834022 26338.118824 124486.019516 188860.089997 134429.763337 267571.325195 240505.901993 355617.781619 388341.596091 271812.707538 482691.585517 773766.017212 348822.107583 146695.007725 292944.438272 259485.408351 222535.754171 209201.109695 186466.443483 97424.5904869 17824.105573 13963.9381767 -9999.0 -9999.0 -9999.0 -9999.0 -9999.0 -9999.0 -9999.0 -9999.0 -9999.0 -9999.0 -9999.0 62507.5317161 580395.19144 415724.892403 380754.66316 287679.115594 90530.5339368 0.0 89743.2589415 63731.2957039 -9999.0 -9999.0 -9999.0 -9999.0 -9999.0 -9999.0 -9999.0 -9999.0 -9999.0 -9999.0 -9999.0 -9999.0 -9999.0 -9999.0 -9999.0 -9999.0 -9999.0 -9999.0 0.0 0.0 21557.7412539 0.0
40827.9628958 87476.7314951 150083.665949 174654.952781 80503.3358801 172596.69513 274218.330215 513158.534321 534901.665626 232842.249806 418729.438667 548300.271155 630832.603147 301386.609537 246600.620655 211667.756753 269149.242785 254909.071511 210825.667535 217138.421952 191593.017445 117205.570942 -9999.0 -9999.0 32744.477917 171857.557212 35590.4023096 -9999.0 -9999.0 -9999.0 -9999.0 -9999.0 -9999.0 -9999.0 111900.501997 68143.8975511 127939.401581 250691.433915 107175.713384 0.0 0.0 241981.549642 6622.91070959 -9999.0 -9999.0 0.0 -9999.0 -9999.0 -9999.0 -9999.0 -9999.0 -9999.0 -9999.0 -9999.0 -9999.0 -9999.0 -9999.0 -9999.0 -9999.0 -9999.0 0.0 56988.0953544 658498.820155 1727636.41963
99303.7896536 74019.9848484 204677.392742 279917.799956 151749.525969 329914.073062 373872.554851 832149.726606 752637.766936 566568.052374 381610.409159 451003.915744 460555.82591 164143.335248 74979.7787172 235075.776557 291382.435206 212634.812659 262500.712773 288611.218389 291266.044356 165933.609593 33077.8422006 93157.4838568 253097.370907 265878.637784 320185.709172 165101.855438 116798.796836 8101.16441165 -9999.0 -9999.0 -9999.0 -9999.0 -9999.0 -9999.0 -9999.0 118316.693529 275162.035636 149870.743426 84509.3585538 0.0 204553.094261 -9999.0 -9999.0 -9999.0 -9999.0 -9999.0 -9999.0 -9999.0 -9999.0 -9999.0 -9999.0 -9999.0 -9999.0 -9999.0 -9999.0 44843.0805809 0.0 7376.30711037 191602.283525 466642.103431 0.0 53603.1045131
200838.757485 237924.991263 255987.871432 313066.794932 290150.120378 406409.291927 320300.994798 494906.780281 271582.034898 517835.746695 605354.066427 841470.76994 470952.493318 167659.185549 157213.059723 289771.412189 280871.784631 122152.690436 225971.15814 282774.906507 949911.375821 469009.303267 336077.051317 336985.294227 358097.748378 197675.235227 144112.858271 44325.152524 24399.6107369 -9999.0 -9999.0 -9999.0 -9999.0 -9999.0 -9999.0 -9999.0 106881.656597 392743.206134 355069.39627 254394.167178 357498.044088 268385.346728 244780.432358 -9999.0 -9999.0 -9999.0 -9999.0 -9999.0 -9999.0 -9999.0 -9999.0 -9999.0 -9999.0 -9999.0 -9999.0 -9999.0 -9999.0 205135.169386 326531.846467 857737.386579 293786.761785 0.0 82842.4540812 2486002.76618
268165.864089 125741.588381 423801.812615 220991.128577 635667.327088 427572.021834 439825.100731 533936.546759 202729.537268 429931.66237 343474.522891 981760.461633 394885.993163 196019.046116 178095.156134 272210.238237 145169.528986 393021.843981 501187.736288 439139.624418 664137.79032 420019.436528 277224.64261 224771.467676 135447.673707 68606.9629307 -9999.0 -9999.0 -9999.0 -9999.0 -9999.0 -9999.0 -9999.0 -9999.0 -9999.0 -9999.0 4077.56396064 315722.215779 363534.392631 0.0 298531.038302 89017.547247 187630.691416 0.0 -9999.0 -9999.0 -9999.0 -9999.0 -9999.0 -9999.0 0.0 -9999.0 -9999.0 -9999.0 -9999.0 -9999.0 129616.92938 583324.831477 0.0 138959.058851 631861.652216 1223827.85143 2088757.41536 1606992.15206
285003.870777 44012.2044906 487006.084524 276831.744207 352883.45887 521757.880033 477343.002965 626036.539572 392974.457166 555366.6689 462233.183627 833297.489419 517365.535543 282267.669494 288491.959096 258305.235738 326378.038345 148839.517116 164430.470833 147318.73654 409417.155872 259109.939773 370042.069702 98675.111809 9788.57389877 -9999.0 -9999.0 -9999.0 -9999.0 -9999.0 -9999.0 -9999.0 -9999.0 -9999.0 -9999.0 -9999.0 -9999.0 246353.928269 373254.547871 0.0 437081.652917 413630.334715 221759.037964 0.0 -9999.0 -9999.0 -9999.0 -9999.0 -9999.0 0.0 7361.59165236 0.0 10627.6951792 35931.4034371 10900.3544796 0.0 15144.1790311 0.0 0.0 695192.122208 0.0 465927.110977 941620.530777 36771.9961375
471052.889476 236716.477323 436886.55298 576383.433847 397098.897155 227257.752018 484259.269656 496938.857686 622528.548236 593881.61944 601639.424313 196927.247605 101524.38309 249468.129751 81751.4063695 84226.0827247 307680.24662 123535.033132 202330.366452 373121.495386 210610.540136 278726.835008 154012.546634 2182.25141631 -9999.0 -9999.0 -9999.0 -9999.0 -9999.0 -9999.0 -9999.0 -9999.0 -9999.0 -9999.0 -9999.0 -9999.0 59948.6022411 429472.386393 76605.5721269 137902.00651 376480.804952 137756.705823 96598.1414645 -9999.0 -9999.0 -9999.0 -9999.0 -9999.0 5925.00402463 96681.2158833 314378.914538 181660.388227 278097.549559 0.0 0.0 127183.103748 243696.562677 192304.617901 336460.685179 0.0 0.0 1351973.7741 600941.85852 77071.9025183
541985.034614 566409.549151 413472.741496 213753.84949 564667.888665 480779.763521 599016.003308 717627.719082 494976.096047 423874.538732 597264.501374 103383.576582 88185.8865511 80088.4846306 254927.906713 252539.179816 244586.938106 277228.435281 68978.8897489 167108.311825 169703.376132 172935.793774 143613.795944 0.0 -9999.0 -9999.0 -9999.0 -9999.0 -9999.0 -9999.0 -9999.0 -9999.0 -9999.0 -9999.0 -9999.0 -9999.0 101909.826135 203200.633955 257176.364993 125935.78118 33921.5070414 9837.77828269 6214.67338931 -9999.0 -9999.0 -9999.0 0.0 40059.1328407 116159.024676 10436.5825192 122796.765623 222768.916696 142201.269254 150764.634855 105558.014994 140215.431694 311743.111723 78517.1890119 149977.427832 183859.273544 150803.72606 0.0 0.0 18688.6835305
686226.559642 227507.568062 640390.009643 678462.051916 619456.801536 698295.630448 774189.599564 754472.047162 750635.902126 495782.570592 496232.028116 229583.233756 132589.108988 149794.185057 267658.589826 158095.831424 233239.649969 230022.359522 94549.1760838 192606.069786 319070.319445 330842.835289 176941.199903 201293.623568 118324.931409 -9999.0 -9999.0 -9999.0 -9999.0 -9999.0 -9999.0 -9999.0 -9999.0 -9999.0 -9999.0 -9999.0 20242.3598534 53253.3529293 -9999.0 -9999.0 -9999.0 -9999.0 37201.4788536 -9999.0 -9999.0 6384.03489984 162324.254063 125964.709511 46832.8780352 113445.101969 59777.2307425 69312.098855 128519.961465 44891.7733578 143004.212787 1015880.28224 0.0 40995.4090987 -9999.0 -9999.0 -9999.0 -9999.0 -9999.0 -9999.0
281441.113011 263284.797209 320363.664701 563350.922012 307546.26223 403615.32994 359844.555912 337040.243355 346353.734629 415309.039384 285644.042239 198064.674011 117444.656594 114446.314267 161795.438358 108124.200054 94020.1468367 199956.099418 244475.494958 185888.637431 304709.506645 108229.921573 104311.478925 295951.684296 204646.23036 2120.46593528 -9999.0 -9999.0 -9999.0 -9999.0 -9999.0 -9999.0 -9999.0 -9999.0 -9999.0 -9999.0 -9999.0 138249.968642 -9999.0 -9999.0 -9999.0 -9999.0 -9999.0 7233.37342762 17358.3103388 200014.555354 68416.8656319 31911.7394617 8990.09513564 187783.736057 1676330.50007 1297378.82175 0.0 24203.0277962 82782.4149749 123058.045133 8770.46722784 -9999.0 -9999.0 -9999.0 -9999.0 -9999.0 -9999.0 -9999.0
128856.989583 154095.799007 421070.508403 729498.210465 685393.234752 271226.624807 444680.150249 531787.115129 592185.309976 273669.221739 289210.151785 200057.770817 134414.114853 156327.496909 166988.506482 122445.174751 195760.789692 178222.360865 174916.91484 144526.596271 237148.234567 101989.994688 165849.723568 133030.425865 238074.730504 104478.732969 -9999.0 -9999.0 -9999.0 -9999.0 -9999.0 -9999.0 -9999.0 -9999.0 -9999.0 -9999.0 855557.723619 983783.16412 -9999.0 -9999.0 -9999.0 -9999.0 2120.04004054 64952.6285959 1574979.26408 1491964.4541 129719.585902 98744.8281073 0.0 78125.4799068 33865.1133079 2202.33863423 0.0 -9999.0 -9999.0 -9999.0 -9999.0 -9999.0 -9999.0 -9999.0 -9999.0 -9999.0 -9999.0 0.0
860359.778714 679346.086834 720170.562488 494805.61162 511314.468275 637035.773826 617328.081078 233952.94248 176751.888247 187063.279544 243512.076284 349916.607573 139806.401654 164127.629473 254082.019418 242374.507986 297997.940691 177277.295979 225011.76742 254758.956457 276363.889971 213470.889976 127821.715774 180457.856866 155321.801821 211520.396669 0.0 -9999.0 -9999.0 -9999.0 -9999.0 -9999.0 -9999.0 -9999.0 -9999.0 -9999.0 -9999.0 -9999.0 -9999.0 -9999.0 -9999.0 8010.62060392 0.0 16198.4194432 104099.719342 1851230.95239 446576.646841 85591.39516 -9999.0 28580.1495105 -9999.0 -9999.0 -9999.0 -9999.0 -9999.0 -9999.0 -9999.0 -9999.0 -9999.0 -9999.0 -9999.0 -9999.0 -9999.0 -9999.0
305254.361471 325765.399858 319452.64368 802546.491899 365565.988087 291045.424649 312002.743154 288961.861485 192920.37961 216033.440193 571050.379849 606547.076697 277851.477238 229567.952238 241262.437454 246152.99978 207318.866276 212237.696947 204045.104052 223830.995876 190869.970771 211854.14089 245563.844605 173415.092551 198521.854268 152970.876539 236231.041199 25632.9094582 -9999.0 -9999.0 -9999.0 -9999.0 -9999.0 -9999.0 -9999.0 -9999.0 -9999.0 -9999.0 -9999.0 -9999.0 -9999.0 -9999.0 -9999.0 -9999.0 61414.0374461 616831.186881 1640529.76425 35407.7331003 -9999.0 -9999.0 -9999.0 -9999.0 -9999.0 -9999.0 -9999.0 -9999.0 -9999.0 -9999.0 -9999.0 -9999.0 -9999.0 -9999.0 -9999.0 -9999.0
