critload/trunk/input/1999/nero_ag.asc
ncols 720
nrows 360
xllcorner -180
yllcorner -90
cellsize 0.5
NODATA_value -9999
[rows 203 to 231 of 360, columns 384 to 447 of 720]
-9999.0 -9999.0 -9999.0 13248.4282793 109786.168247 129673.539158 60838.093019 93460.6125485 58812.3038183 117513.990807 56463.6482092 9277.61585394 449.707835651 768.30361909 1619.64255442 3073.3816507 1491.40413069 16558.0407837 0.0 0.0 14473.7804535 14003.128879 1248.54356908 7352.72216574 999.918786117 6958.21540274 12795.7794878 10854.148308 6950.90421415 3099.94694234 39053.8459573 43500.9708062 6236.11970126 22927.0635169 21370.8860277 77936.875646 3595.71392429 14302.3534026 20783.1388821 25918.7648638 14198.4905954 3597.78311803 170158.030411 284913.693107 21582.7969859 2101.45532307 28419.11345 18909.3435899 18673.5048679 21854.3749545 19819.2085808 20587.1247265 35100.775978 22781.882227 25595.0516995 17193.6348021 5430.85292079 -9999.0 -9999.0 -9999.0 -9999.0 -9999.0 127294.539108 -9999.0
-9999.0 -9999.0 -9999.0 52207.0003828 75809.3624146 87016.6882935 108786.491631 66264.0907423 76839.1829075 8109.68838442 71239.2899722 1606.08864455 1352.0421458 948.106369974 1964.36654246 1943.94723984 503.211577754 15393.0908081 21702.5669694 17437.7411879 4668.07947571 1395.34494496 11472.3301556 10672.445697 649.400442549 4045.98910524 4375.16968943 17779.4783095 18462.3918729 10059.8365273 10369.7180094 66295.7253277 12292.4574004 10688.8121032 15813.0550114 5638.03240084 0.0 7530.05009584 12701.3185624 0.0 0.0 33472.3235299 196090.849304 315009.458124 12325.3969074 26586.9931134 45947.9193541 22128.0233295 18367.337741 22245.0663252 25220.4677424 44860.6631313 27870.3623704 30448.8291333 33849.9721499 32303.3909756 40449.4324495 -9999.0 -9999.0 -9999.0 -9999.0 -9999.0 -9999.0 10569.1574195
-9999.0 -9999.0 34218.1387681 74257.9476783 205427.230475 140137.329809 270210.376532 156099.086648 92423.7187306 15697.0571179 17760.7091994 2094.5946451 2243.84827033 2031.64696142 1374.26064937 1510.6826474 1386.95470089 1844.84900887 39987.6166873 39271.7867258 30873.5820916 15174.834643 1694.54434791 2535.59630838 6065.53637965 0.0 7247.55559195 5123.96471246 3893.53376663 5178.40742437 8818.65483178 44062.2623235 49041.0820262 19822.28737 8499.5405668 14222.5282616 33218.120065 32356.7745696 8623.47887375 0.0 0.0 51056.1693999 183537.99452 434186.328686 65764.0127961 32158.6139443 138478.476665 81647.5881051 38592.1921659 9948.48180191 21520.9493542 61290.0382234 58473.7010303 73864.5854228 69180.6421315 75739.7341466 57342.2488529 3600.23592865 -9999.0 -9999.0 -9999.0 -9999.0 -9999.0 -9999.0
-9999.0 16294.2078606 53775.5378777 55485.8192587 150338.258682 167854.956458 87439.428499 51241.879599 37779.6494939 1566.94332173 1236.84947467 1271.89693502 2882.35703648 5311.2961172 3003.78137942 2199.75329806 0.0 673.351154622 2047.85293203 29008.3549077 15473.3256541 18512.8999578 457.209919419 1465.38597936 14204.9805551 1311.05084023 2396.92501256 1359.12874922 4394.90288904 5236.59814167 11692.38778 17545.1988488 41936.9167478 40290.0320496 16929.865506 36343.5274572 57768.986791 31922.4786101 27372.4808148 0.0 26723.000892 108809.59565 208604.232227 256500.045338 102346.794774 6993.52865483 165924.667825 106206.998961 36469.8926335 30154.4416821 58054.5106902 81681.776813 66595.6986205 182221.931764 170915.855499 117857.156077 123724.982538 11947.8354605 -9999.0 -9999.0 -9999.0 -9999.0 -9999.0 -9999.0
-9999.0 35119.4138705 13783.4619819 39417.8666293 143670.24103 211383.735334 93129.3072497 26328.8453758 13701.775098 1068.88920134 1353.49640381 1460.48584848 2366.11888804 2625.34050478 2356.8189423 6966.18322898 5717.59276114 2058.81144584 0.0 12203.4016643 6799.45073451 30073.6638371 5467.7288641 955.438669686 2230.88465796 0.0 1252.56434354 17406.897819 14144.404711 16447.8813338 9987.30968883 29530.8514047 34530.4969895 46233.8466515 80278.9085289 12165.8776719 24456.1166057 28256.2959688 68709.9854532 92892.9578415 165016.68806 265196.566581 186033.244748 196799.671825 318473.121338 15601.7261893 120966.579884 48951.6510566 37616.7006916 51212.5544304 164279.102829 36053.7483984 48241.533831 80243.9706577 53544.7516058 204407.719983 85811.0926957 12664.8792695 -9999.0 -9999.0 -9999.0 -9999.0 -9999.0 -9999.0
4743.11461562 35629.4917314 31929.8724323 61796.9662702 126230.326229 66872.3180777 37930.115926 10523.6669548 17126.2112268 3011.11041925 621.75289349 1550.55691908 2878.6992546 1388.09189157 1860.70885623 9094.36826901 223.594574067 0.0 0.0 320.026022592 0.0 0.0 7941.09888812 7320.14235117 0.0 603.407215366 692.380657845 0.0 1955.98849768 14759.061237 15852.1889699 15095.9734582 91561.8207199 65160.7313601 39647.2285196 3415.51506763 6880.88502971 28030.357607 164780.600733 226275.240347 186415.522468 85642.1310699 195748.929108 194813.104707 192213.540115 94747.6951035 253519.515826 159988.557494 44038.4288966 59991.4143763 63503.4818277 18332.5125376 42245.3996714 37647.3197526 78556.0878696 159162.119349 132565.938889 66923.1391877 -9999.0 -9999.0 -9999.0 -9999.0 -9999.0 -9999.0
8267.06469201 42415.3149091 88336.9669381 151508.563697 174720.989757 197979.725079 98355.2969883 28122.6548898 40865.9983072 24252.0581455 1562.66446696 4395.84943044 1851.68312318 19332.7165875 27659.547815 18228.3428895 0.0 212.363817535 0.0 0.0 0.0 0.0 56631.8378304 24089.8353906 1784.27111057 16687.2169881 4147.35874113 0.0 0.0 31044.3821465 43269.5452396 68580.974141 35258.3485517 139250.612354 9560.83399102 0.0 29294.0712393 24678.7373196 87136.8542259 92375.2565165 84538.8919021 41049.29847 65958.8751674 618809.93089 215377.541809 319738.030046 159068.972014 81133.9113418 34714.2450741 68332.3691689 95505.8507471 123272.631115 233925.499346 167480.695057 91925.3056295 195369.320843 64472.1757692 70794.0872741 -9999.0 -9999.0 -9999.0 -9999.0 -9999.0 -9999.0
6703.10977314 33654.4494027 33597.1432395 119654.436006 9609.22801381 0.0 8355.63599617 43576.8077195 29225.0620697 4388.70225012 3734.47418846 2741.63922949 2664.54681292 29988.4232725 55831.6123858 1797.27152756 0.0 0.0 0.0 0.0 4894.91488916 14167.0680904 78162.8996728 59753.7015939 653.964620763 92.1125777763 0.0 0.0 1521.40043346 13877.8162309 24281.0885795 62258.3810676 51745.6481687 115448.497142 24698.5464167 0.0 9923.7220586 5329.91020863 8790.66851845 27045.0853059 49607.2727675 50944.7428327 79177.8457954 240951.558858 307083.519119 467253.527321 331985.692021 37128.2029834 39573.149598 309984.28768 631857.057033 198145.508242 211424.290744 112772.703108 185657.280789 76352.9284362 38982.7635279 5240.53239774 -9999.0 -9999.0 -9999.0 -9999.0 -9999.0 -9999.0
3102.17206309 19818.7297972 34199.6239865 63525.9401148 5078.26644388 2403.59193471 2976.0452949 5734.53466697 9029.17615554 9194.9804788 16482.2073775 22110.5901321 0.0 0.0 0.0 0.0 0.0 0.0 0.0 573.730304163 7659.57587878 4052.80820291 10880.3297763 1474.48742499 0.0 0.0 492.104106867 0.0 36771.8968866 34831.8277681 2638.68986729 49098.7647609 143156.486153 90956.4628301 7190.5612811 0.0 33168.0832513 28530.1221758 28597.5098903 30697.8733255 34954.9762217 58272.6706431 87720.4288612 61076.4787622 92932.286331 215053.943452 267536.991383 252912.724215 175579.441006 113044.4348 396335.058466 167827.205216 61488.1432927 167585.424933 180138.272069 149687.011173 23494.5787965 -9999.0 -9999.0 -9999.0 -9999.0 -9999.0 -9999.0 -9999.0
7079.0493578 46327.3590854 64599.8079004 66122.4170637 21780.4008133 1341.19185694 8705.1314109 23077.1513073 3255.74398347 2429.77590035 0.0 0.0 0.0 0.0 0.0 0.0 0.0 0.0 0.0 0.0 0.0 0.0 3008.49256764 0.0 651.594544719 816.066790629 474.348505418 0.0 14137.7435335 52057.6208548 99296.5601968 120737.761613 119477.994429 101776.610056 25485.0250492 18628.6424466 64747.7004167 49895.6174784 61682.6054941 67992.1272681 49352.150793 41912.9246662 62811.9950251 77988.0890937 59507.1711022 288228.259229 376741.004681 219369.816864 88815.4535967 45111.3983512 318569.403215 196142.008638 62638.4773547 47094.3816934 75933.5681364 60901.227653 614.721063715 -9999.0 -9999.0 -9999.0 -9999.0 -9999.0 -9999.0 -9999.0
15352.5836547 53988.2962001 42685.3847416 60300.7346817 36632.7727272 18566.1782524 2125.49405145 12477.2004485 4555.92836294 55.0430377451 0.0 801.707393361 0.0 0.0 0.0 0.0 0.0 0.0 0.0 0.0 0.0 0.0 468.356185721 632.789666687 191.185008707 1105.47081043 3151.61753589 1792.89170996 83278.9301223 102368.065406 83434.2278312 57654.3927872 16007.386809 0.0 125082.060951 109538.940559 129030.917266 84545.6340575 74226.3079987 52512.0858812 125112.041699 53676.6361372 58391.5763184 68227.7331958 80633.0468719 56192.3741727 157525.445976 64909.6183021 19987.0365043 140408.013357 58238.4267624 12165.9548426 30795.3624308 47289.8294253 66300.0479416 5233.36573407 -9999.0 -9999.0 -9999.0 -9999.0 -9999.0 -9999.0 -9999.0 -9999.0
12995.250625 104003.146487 40818.6704217 39656.4333954 20030.8648314 16377.7654618 11291.7701015 15759.5380348 5294.81208486 4517.55563601 5902.44259305 21370.2430284 29571.0491308 1224.01123854 0.0 0.0 0.0 0.0 0.0 0.0 0.0 24606.4402617 0.0 0.0 1721.31364474 2637.80870146 28643.0351069 42669.9765367 85957.6149597 61581.671579 103374.748094 12152.5148782 35384.1710635 81254.9165634 65642.4750047 34767.3809077 22318.7251746 15232.4672936 26521.9691395 119225.707548 65367.300902 114835.2164 60786.8942023 18565.6252856 56834.1586512 89775.6308764 131481.156043 164158.821541 13251.3744722 30686.257335 5662.90050017 6344.96551112 5642.54708795 4870.62364484 -9999.0 -9999.0 -9999.0 -9999.0 -9999.0 -9999.0 -9999.0 -9999.0 -9999.0 -9999.0
1414.99035982 27263.5817845 24700.4381136 37248.1479507 13574.7324819 1502.28932065 6643.3917769 6270.88034377 9211.4047372 3154.50160099 4594.21107498 5068.36081076 4674.12448526 6786.75377954 9697.5049417 5711.50681904 7024.73459024 9386.95220854 38137.0701626 29818.5082668 4242.97266642 3470.76132556 4325.29406321 0.0 2169.97137501 2124.46389801 30040.0715575 5330.52025965 41009.258991 38184.9107551 45102.0143408 98969.9679827 84674.2074469 76521.8828399 33444.9489291 42916.0332739 26339.5625944 17632.5751704 24536.8691736 34368.2786283 66663.1003563 58842.0360366 39937.80416 30164.6684725 37738.0977435 39175.6874875 61517.8545068 6583.32748034 24080.2968429 37011.3013134 22149.4810288 1801.15283765 -9999.0 -9999.0 -9999.0 -9999.0 -9999.0 -9999.0 -9999.0 -9999.0 -9999.0 -9999.0 -9999.0 -9999.0
1414.49294879 26074.3741079 32304.9763001 25611.304151 8677.18562505 1183.70199651 5630.61055043 3704.96315564 6776.41900066 2433.92336252 3659.41032324 4940.70572392 3548.19969802 4546.88140633 3321.33307537 1712.23244505 2436.02705944 1754.5799019 2102.95201351 1685.28660097 772.862714083 802.347062086 959.587628663 2281.83813774 819.564461252 143.870618274 3225.44010886 2286.53232196 57292.0164842 53120.9254323 21626.558173 26037.9360524 28406.6272374 52965.5486095 30489.9607967 11830.8937168 12908.3121627 15352.5247726 21871.5295947 24623.514507 15987.2596561 146404.067602 31298.1991094 25404.0211536 79697.8734904 44993.8132192 1825.51552902 7622.92902053 60332.8561047 32437.1355902 -9999.0 -9999.0 -9999.0 -9999.0 -9999.0 -9999.0 -9999.0 -9999.0 -9999.0 -9999.0 -9999.0 -9999.0 -9999.0 -9999.0
0.0 4786.91183274 21571.8078725 36173.6309013 17438.198954 1030.34750664 491.144333411 2279.68676686 0.0 0.0 19493.4860782 13613.8848586 1741.63137176 2732.67092655 3943.01740224 2716.66919306 1657.22194194 410.572525275 1044.47472824 1109.6903107 3310.48107295 638.864268155 647.371740224 594.523612635 0.0 691.245360709 311.809675298 7701.65978286 0.0 2361.0625157 4189.97817641 2421.69952621 4173.30453989 4894.48076825 57700.8145403 5955.96372879 12537.250326 12638.714116 30542.2875854 76790.5558377 43060.9099656 111638.484119 154910.506236 56464.4902621 67982.5853315 1606.59927163 374.654577352 2089.4194827 23618.3569233 -9999.0 -9999.0 -9999.0 -9999.0 -9999.0 -9999.0 -9999.0 -9999.0 -9999.0 -9999.0 -9999.0 -9999.0 -9999.0 -9999.0 -9999.0
-9999.0 490.075077869 3447.07852742 23926.7449145 21827.498244 7308.1658072 13988.4527845 7872.13089571 3664.34068897 7831.46464894 35136.9900608 74908.6456784 41030.0070302 1935.24499835 3599.57278625 2211.31203124 2010.98794469 2523.61553361 1091.46546906 1076.61336475 4693.31908017 1572.60685482 2845.48438298 3349.25619855 355.672504354 355.779511215 351.485048817 289.380648441 335.967410258 765.768809342 1578.08317736 644.444261035 3293.91869323 18141.8090176 24290.384933 8285.38480641 9233.20874964 14606.9738026 35108.72621 142435.096469 137140.613511 308976.863262 248700.662737 169301.841838 58397.385144 2006.94067661 1829.93933975 2664.41777132 -9999.0 -9999.0 -9999.0 -9999.0 -9999.0 -9999.0 -9999.0 -9999.0 -9999.0 -9999.0 -9999.0 -9999.0 -9999.0 -9999.0 -9999.0 -9999.0
-9999.0 0.0 0.0 11779.9259703 26663.3159325 15857.5047063 11279.2043482 9211.1716647 13584.2747481 27105.0718879 29481.9186641 29263.2907578 18399.894368 1613.13435024 2303.79250743 2248.20589126 2430.26088613 2588.50946227 1284.98519273 1181.6390431 6631.52461855 4417.63780478 4768.6961065 761.433274541 407.041714066 626.217281135 584.984141302 729.155680522 1040.51221289 3466.96846064 5478.06712001 5464.69054776 19137.6793469 18647.2434416 17074.3108921 13591.6394647 41904.0072285 37549.8231817 71898.0257442 71205.469614 102529.668703 333171.908709 68705.1247185 11097.7577695 1637.45696137 20547.1274361 3511.1923408 -9999.0 -9999.0 -9999.0 -9999.0 -9999.0 -9999.0 -9999.0 -9999.0 -9999.0 -9999.0 -9999.0 -9999.0 -9999.0 -9999.0 -9999.0 -9999.0 -9999.0
-9999.0 -9999.0 0.0 6126.41841637 26747.2509999 21669.8098485 14139.5257025 12447.4092306 2547.75018568 3544.08979509 2418.67959963 2096.11514756 1657.90713382 1570.81930225 1670.14344828 1530.86531885 1886.21650699 1967.5452291 1321.88730734 1039.08254236 1141.48371255 1115.3292366 7276.53564582 1161.18918549 1068.24752648 303.323017819 970.182718109 4718.23715117 874.892193451 459.433446469 8049.09658518 6097.31276225 1774.17189216 30760.9295897 45763.7575747 34240.9876251 61808.8811414 56521.3600216 72918.4368995 90217.7434933 75211.9172044 68249.1423497 25327.8728414 3664.62761058 1840.29378398 957.205072836 -9999.0 -9999.0 -9999.0 -9999.0 -9999.0 -9999.0 -9999.0 -9999.0 -9999.0 -9999.0 -9999.0 -9999.0 -9999.0 -9999.0 -9999.0 -9999.0 -9999.0 -9999.0
-9999.0 -9999.0 0.0 5434.49425148 8118.89241063 11959.380438 17030.0042566 11278.8724318 11292.2524104 2500.44782273 1707.58428358 1506.42744792 1647.732429 1996.59146546 1594.03705772 1862.73419049 2005.11253241 1828.31011378 1173.97801405 1490.74749543 7695.59801459 1412.09894218 1312.78970011 1370.70877652 1170.86391854 4862.82644468 1183.24889691 1414.48161991 5494.39340111 9533.71752025 11767.5346915 13188.4753812 11830.6315239 13519.6461448 102131.636456 65743.1410112 59256.6719665 43283.6840765 47172.3371981 27777.8927495 63459.511519 155084.969234 2940.85456212 4675.31869284 6193.58048783 2637.54183099 367.373869235 -9999.0 -9999.0 -9999.0 -9999.0 -9999.0 -9999.0 -9999.0 -9999.0 -9999.0 -9999.0 -9999.0 -9999.0 -9999.0 -9999.0 -9999.0 -9999.0 1033.93463117
-9999.0 -9999.0 -9999.0 2324.7764039 7159.22599981 9351.02645217 7750.10092685 12623.4800748 12940.4158561 1200.84728593 1019.57898511 1626.33299033 1669.18715194 1784.78299021 1717.32455087 1926.93053322 2064.03923764 2083.15263189 1307.13339083 1374.15578041 1354.84486065 1132.90303246 1316.37573488 1379.95123674 1085.25139848 6587.18018993 1279.52610213 1155.79676672 1066.60046464 19814.1541287 10454.6717515 63723.1340174 19225.9465741 33375.4789998 20718.0409325 24039.0926333 14107.4578349 21740.3983386 24074.6620105 69066.4816438 24175.8519764 35264.8804574 4535.54681094 2520.21996775 2080.21259936 2240.10273901 939.719373383 -9999.0 -9999.0 -9999.0 -9999.0 -9999.0 -9999.0 -9999.0 -9999.0 -9999.0 -9999.0 -9999.0 -9999.0 -9999.0 -9999.0 -9999.0 -9999.0 2110.63202942
-9999.0 -9999.0 -9999.0 319.817226819 1615.63020809 1704.24674915 3494.97825935 25615.7645474 10757.5863987 10270.9759191 10285.3879041 13916.5877939 1673.85474587 1854.11050552 2016.61290035 2073.40561863 1675.63792745 1336.28091985 1283.578442 1059.09478156 986.567256205 927.176942047 1164.42743761 1155.91959334 1229.63930264 1271.07890727 1449.8713273 2141.693141 1512.74898713 1509.80418733 1634.25037504 14179.9080411 12021.885197 7801.48801489 6344.64188686 14314.0954225 9381.11263723 15696.3645886 26080.2759064 1367.2607538 0.0 716.466675451 1252.30722814 1422.4527857 4017.40739844 1424.01841514 3023.63723322 -9999.0 -9999.0 -9999.0 -9999.0 -9999.0 -9999.0 -9999.0 -9999.0 -9999.0 -9999.0 -9999.0 -9999.0 -9999.0 -9999.0 -9999.0 938.680774169 3913.28054148
-9999.0 -9999.0 -9999.0 -9999.0 240.467229634 497.147853882 5438.8257421 18796.5923558 19446.0950349 20496.1723564 21995.9029515 10793.4816779 1826.43458577 1621.76782763 1370.86440031 1979.28335018 916.552623109 868.821724154 978.778739512 1140.71920392 1045.45756448 964.03821228 1068.49330563 1206.60493887 1261.26389732 1166.73557181 1247.91288164 2074.82404539 1422.8499166 5282.87893094 15413.7229994 22320.7816922 12710.2996231 9863.40766904 14959.9116758 17215.6878446 10870.6202634 10599.3783467 18612.1832431 2957.94589944 2378.30904121 586.704229034 0.0 2345.20517123 2441.74939467 1837.58039191 5210.52649015 353.813973787 -9999.0 -9999.0 -9999.0 -9999.0 -9999.0 -9999.0 -9999.0 -9999.0 -9999.0 -9999.0 -9999.0 -9999.0 -9999.0 -9999.0 1396.29180113 5649.42568342
-9999.0 -9999.0 -9999.0 -9999.0 26.0732145146 2482.91961957 4717.20713676 19613.3693254 40491.7323556 20009.0093288 21441.3992794 2049.51973687 1671.55866694 1541.12965421 1773.56276144 1457.16175896 962.861352763 1048.86792448 1194.62841243 1277.1127713 1268.01425019 1113.36854244 964.08827221 1063.37327683 1064.55549418 1093.77252737 1312.24839566 1390.20903063 2156.355969 24999.0033398 29593.1317245 23904.0458839 36479.3305761 32055.656097 27111.214983 28589.839747 588380.914476 502973.430678 83043.6863242 14627.4086794 2277.19769639 0.0 178.408950711 2262.95598231 2979.86705475 1696.3982082 3179.7905233 658.653759917 -9999.0 -9999.0 -9999.0 -9999.0 -9999.0 -9999.0 -9999.0 -9999.0 -9999.0 -9999.0 -9999.0 -9999.0 -9999.0 -9999.0 727.602496179 24678.1756065
-9999.0 -9999.0 -9999.0 -9999.0 -9999.0 782.494559529 414.551773461 11454.5630785 33827.3524722 14663.0456589 11097.8328131 1740.45675401 1396.05313367 1580.8487297 1674.77050145 1299.10217428 1184.83990855 868.523537687 918.423239674 1166.12141134 1067.41593883 880.918662384 897.707942493 1241.14729582 1284.59659991 1201.15620847 1960.59515766 2269.66986022 1892.11072627 12352.5195166 32046.8118444 9956.501218 62147.2469293 7500.95477987 85132.8830835 394596.613716 270559.706758 306243.673119 8443.32220746 1898.92743845 13960.9192208 454.851890289 1665.52451732 1829.56209826 3230.32758518 2303.6597507 6949.32757953 0.0 -9999.0 -9999.0 -9999.0 -9999.0 -9999.0 -9999.0 -9999.0 -9999.0 -9999.0 -9999.0 -9999.0 -9999.0 -9999.0 -9999.0 -9999.0 16580.2786765
-9999.0 -9999.0 -9999.0 -9999.0 -9999.0 0.0 2186.70217119 6205.30915786 26008.647963 12912.5506705 9025.52483107 1490.71134241 1495.82511369 1558.2466787 1488.12225018 1442.59353706 1236.56375806 1170.28308772 1170.84848823 1151.92674628 1011.5719099 965.707959271 1049.29660296 1189.53208862 1197.01236448 1381.57266362 3139.2730878 2563.80111226 1663.05907215 2979.97823919 2719.23629072 8638.65034526 7189.5104137 44244.4033193 106951.486001 116179.69648 465715.072833 130490.760907 32644.5199067 16395.8108124 5298.64307794 993.666188986 1750.91928913 1978.61566734 2530.00688905 7929.73429463 25748.6287594 0.0 -9999.0 -9999.0 -9999.0 -9999.0 -9999.0 -9999.0 -9999.0 -9999.0 -9999.0 -9999.0 -9999.0 -9999.0 -9999.0 -9999.0 -9999.0 12210.3751238
-9999.0 -9999.0 -9999.0 -9999.0 -9999.0 0.0 3786.6964608 9433.12247073 34779.7173989 9728.79272401 10227.279099 8676.86664335 1558.33426684 1476.03607132 1546.43168635 1534.52132263 1175.26815723 1238.4067071 1210.90576063 1127.26082813 1060.14606197 1028.47646422 1061.23208772 992.788354826 1036.78045323 1236.07972879 3780.01830456 5290.35253268 1467.61726163 5227.9340879 9230.40782553 14299.5774917 16910.5833644 43147.9903023 268949.815072 240639.128837 316153.872859 69147.620588 22216.3171948 75809.4619859 24875.0107446 44360.4206643 2425.67152473 4239.27340931 4115.08523234 10692.7449047 11200.5743206 -9999.0 -9999.0 -9999.0 -9999.0 -9999.0 -9999.0 -9999.0 -9999.0 -9999.0 -9999.0 -9999.0 -9999.0 -9999.0 -9999.0 -9999.0 -9999.0 7687.16672296
-9999.0 -9999.0 -9999.0 -9999.0 -9999.0 0.0 2237.67868726 11100.0343035 27312.7212052 8866.83113631 12002.1402477 9988.48599147 6578.91868691 1425.68628311 1486.31395828 1508.2247367 0.0 0.0 646.449859261 1180.99618161 1180.94382962 1109.63106964 972.819637278 1103.15901279 1244.61735161 1417.39817699 2330.19646063 55362.9305377 54271.3046393 4998.95741248 77564.8674107 130309.935139 16135.775138 144594.327634 19348.7163748 395742.637893 212252.876341 211245.499262 118928.31526 78437.8537886 10656.6204703 3434.35182439 11461.524567 10986.1510859 12089.633269 9525.09740293 704.159295977 -9999.0 -9999.0 -9999.0 -9999.0 -9999.0 -9999.0 -9999.0 -9999.0 -9999.0 -9999.0 -9999.0 -9999.0 -9999.0 -9999.0 -9999.0 -9999.0 2667.71047716
-9999.0 -9999.0 -9999.0 -9999.0 -9999.0 0.0 1815.14751994 13238.0745086 15892.4296133 16298.3462886 18328.1604707 9308.68495466 7305.35551335 6637.3230597 1704.51218283 1458.3775618 0.0 0.0 0.0 128.77295832 1122.01367604 1108.55085605 1587.19100081 1469.96904352 1460.3246329 4241.77872364 3100.57918611 43282.6037104 51690.5594963 54208.1223336 104565.955915 158462.580718 122042.726423 79822.5380227 39730.9709404 286400.032901 27880.5982079 0.0 217976.195186 83834.0578148 41355.2054399 55324.0294573 4520.79975506 20193.4368839 -9999.0 -9999.0 -9999.0 -9999.0 -9999.0 -9999.0 -9999.0 -9999.0 -9999.0 -9999.0 -9999.0 -9999.0 -9999.0 -9999.0 -9999.0 -9999.0 -9999.0 -9999.0 -9999.0 -9999.0
-9999.0 -9999.0 -9999.0 -9999.0 -9999.0 69.4180017177 782.561267884 3466.24979143 24636.7785756 21132.708688 18145.2447399 10711.8556667 7707.40293263 6597.70346459 7685.5739816 1673.32372584 66.9450031542 0.0 62.6156408375 1169.92540794 1147.77742008 1679.84411511 2211.4197438 2179.51404285 1707.37174292 3872.54715376 4636.97145078 46387.5862261 57613.484789 117456.28115 244836.931932 259793.657384 122112.634198 168458.322998 170607.069366 122160.218244 29211.3653581 200123.581662 270788.500971 139853.918406 53733.1126307 6566.26981953 -9999.0 -9999.0 -9999.0 -9999.0 -9999.0 -9999.0 -9999.0 -9999.0 -9999.0 -9999.0 -9999.0 -9999.0 -9999.0 -9999.0 -9999.0 -9999.0 -9999.0 -9999.0 -9999.0 -9999.0 -9999.0 -9999.0
