critload/trunk/input/1999/nero_nat.asc
ncols 720
nrows 360
xllcorner -180
yllcorner -90
cellsize 0.5
NODATA_value -9999
[rows 60 to 89 of 360, columns 603 to 669 of 720]
34715.7836452 23893.8371679 30016.4681483 28093.313613 23216.3153119 17504.966057 17746.8010878 20005.9280895 23848.5563125 27484.4502213 28527.5910159 29980.7804886 29800.1499482 30267.2012259 24564.6115848 20448.4703333 16092.1120449 16148.2154609 18937.2565889 22201.4977557 27193.5335734 26778.5020186 22083.7528757 16403.2616642 15898.9989651 22072.7881951 19747.3643947 28029.3460189 25692.7760931 30267.2589652 61821.7702733 80201.7901828 79150.9941247 79240.352093 59846.5014642 64802.1153703 32139.7484793 56375.9116215 51125.4829801 55509.9742829 67969.643829 51608.4230609 9215.82734599 15682.5539911 56280.5622289 73077.0407491 77351.0031209 68497.5204815 22569.3818767 23530.5584876 22905.7820858 127079.245439 89841.888228 31161.8933096 22800.8512887 7361.37596689 13119.9062052 15699.5657841 44316.3055194 27069.686519 24037.3835672 45598.4166591 28735.7710569 20338.3846608 13473.9305558 43457.2028628 -9999
31653.729286 25753.9965712 24154.3818841 31186.569596 29101.1836666 24947.6328645 24892.7449826 30987.8888829 25905.621914 24387.6936442 21898.5779153 25886.5525708 22673.9577792 22659.5467183 21578.8415831 21126.1590953 23008.0893443 16782.2038947 16798.2592231 19103.3784173 16589.6620071 22909.0642237 24576.599615 29847.1932865 32765.6176848 37376.037707 34332.9815721 29126.6898647 31744.0567683 39168.4897244 52493.2799391 77829.2383502 76844.3923171 51247.2170314 44459.0047635 40750.9799971 44803.3232549 67364.1693073 65644.5068333 69630.6303789 64568.4211916 39293.6382707 4006.65071255 2889.72727065 1962.27064087 2210.63573826 2581.17363253 2813.74605763 7690.57228158 12901.9295975 2397.67215355 6945.71254937 57492.278593 3582.99924733 5150.29879835 359.564208084 -9999 -9999 1951.28021831 2886.20435295 19627.1568952 28881.9939605 55730.2908836 37822.0958722 19380.7853207 128033.982658 135665.727841
34462.1944947 20667.3849395 37419.7335943 38170.6570202 26650.3884014 26832.0143385 31231.9479077 33806.1069817 41152.0623724 56454.9753686 40953.5539602 42607.2272877 40887.8711393 46549.3859882 36607.8954229 28573.2781167 27409.583296 18544.5077244 10974.8788602 25637.0970786 33342.4537917 28982.6074524 31198.1910009 50700.8814696 51490.1640909 45987.7757482 51906.3770513 51205.8750121 36741.128303 29412.5401243 54176.77215 52546.5805589 54232.1397464 46623.6605836 41553.9998464 37011.9093911 46155.4985318 72401.4939826 72179.6568063 81005.8574768 9691.14086102 -9999 -9999 -9999 -9999 -9999 -9999 -9999 -9999 -9999 -9999 -9999 -9999 -9999 -9999 -9999 -9999 -9999 -9999 2038.6549101 8837.88743931 1159.02814657 1801.37297666 -9999 -9999 -9999 -9999
51368.1670047 22243.4674435 29357.2728823 32443.9685992 33066.0636869 33794.5829066 24273.6658821 26749.4696619 40034.9759385 35393.8504091 37094.5247304 64150.1108296 34778.9845524 42460.0950759 106365.282122 110374.486319 110429.807833 113455.983396 92028.9089118 71157.5632467 41416.2586953 34853.8121858 45891.7452341 44561.7947559 34558.6544729 42750.318006 56145.0007643 46321.4861283 39837.2077894 33757.5226801 43140.5389717 44193.0892303 56702.6518619 44162.0374001 49911.8102545 55727.4335404 70416.3914009 81401.253095 19438.9001589 298.551759671 -9999 -9999 -9999 -9999 -9999 -9999 -9999 -9999 -9999 -9999 -9999 -9999 -9999 -9999 -9999 -9999 -9999 -9999 -9999 -9999 -9999 -9999 -9999 -9999 -9999 -9999 -9999
64032.0422785 21646.7623825 20668.1669828 36217.4258923 49008.7888526 44882.0807731 41480.8187947 24999.908106 16515.5423996 23902.4913881 88429.195998 108929.08281 54978.5419879 74835.5289398 111214.30326 117072.629022 83042.5956038 84818.2793447 72002.7265447 88613.2334407 70880.5119984 56468.6651502 43585.0107358 44796.4853547 44488.227881 38061.7681023 52938.6084469 41702.9905628 37486.8257226 26604.6233873 24176.1164542 32205.4661454 56039.2401506 58444.7943298 82589.3300359 90661.630275 84290.4047927 26586.2435601 -9999 -9999 -9999 -9999 -9999 -9999 -9999 -9999 -9999 -9999 -9999 -9999 -9999 -9999 -9999 -9999 -9999 -9999 -9999 -9999 -9999 -9999 -9999 -9999 -9999 -9999 -9999 -9999 -9999
50556.1068666 26680.489592 21973.8872468 30636.1681814 37774.5594321 36996.2022144 33309.6180685 20184.6866409 40608.0463144 78202.0677396 114478.608396 146049.84445 102276.843491 62098.0637931 56646.6009 61477.4030511 70401.1899315 77900.1910241 113613.926849 111985.707106 92925.000377 69950.2822942 47747.7383588 42665.5907707 32422.2999391 46785.5096011 45356.3827085 44500.8969186 40361.4369953 47709.6069244 50783.2836394 69630.7046532 95504.7912535 95618.7960225 89079.1894446 20398.6338865 462.297978315 -9999 -9999 -9999 -9999 -9999 -9999 -9999 -9999 -9999 -9999 -9999 -9999 -9999 -9999 -9999 -9999 -9999 -9999 -9999 -9999 -9999 -9999 -9999 -9999 -9999 -9999 -9999 -9999 -9999 -9999
74276.1751452 78005.8462458 33012.4700093 45524.7858696 77576.3143307 57831.1858824 30866.5380181 55161.2436291 71315.359818 73809.6203311 96673.0869843 77043.5667683 106545.541151 76299.2298121 86702.1782955 151355.019122 122791.772783 84672.4558058 112092.735224 118642.495399 129354.835283 128664.842857 76774.7091367 42162.5316507 39339.8218562 31430.1545106 43924.2834528 37397.5028372 45158.0565125 43943.8382129 72566.0425562 104679.199244 112258.690595 46328.2006605 792.724612288 -9999 -9999 -9999 -9999 -9999 -9999 -9999 -9999 -9999 -9999 -9999 -9999 -9999 -9999 -9999 -9999 -9999 -9999 -9999 -9999 -9999 -9999 -9999 -9999 -9999 -9999 -9999 -9999 -9999 -9999 -9999 -9999
89041.7928321 79768.4184884 75598.9469402 62137.6517727 63751.4307567 63982.0183014 43063.3212418 45365.1406672 48860.6357164 41747.79653 41469.4669684 68805.0846421 76415.7243716 89188.0421571 103143.230996 134202.054151 80909.1113312 75716.1789515 53607.8111492 34002.1671836 52562.8816887 103618.344653 87537.711121 59654.0499536 64802.4581273 79289.074661 74415.1415387 46086.7872805 56846.5579143 70574.3351232 82553.4053469 96285.6288267 27747.4056626 617.769799304 -9999 -9999 -9999 -9999 -9999 -9999 -9999 -9999 -9999 -9999 -9999 -9999 -9999 -9999 -9999 -9999 -9999 -9999 -9999 -9999 -9999 -9999 -9999 -9999 -9999 -9999 -9999 -9999 -9999 -9999 -9999 -9999 -9999
62001.7237803 49046.0676271 41788.5416154 46470.9135234 57448.2737181 55910.6554068 56964.5783622 50947.1217771 39545.752489 42946.3541101 49577.4954361 49612.5478239 53449.5087776 68594.019337 64863.8810758 67105.928816 85709.3531498 134986.651399 154397.263265 137239.930599 109477.771819 85347.3178529 98801.155332 121200.402267 117144.080348 92812.4002983 81563.2539385 86175.1790055 90294.4696392 72880.2575488 36476.7700324 3679.22617404 -9999 -9999 -9999 -9999 -9999 -9999 -9999 -9999 -9999 -9999 -9999 -9999 -9999 -9999 -9999 -9999 -9999 -9999 -9999 -9999 -9999 -9999 -9999 -9999 -9999 -9999 -9999 -9999 -9999 -9999 -9999 -9999 -9999 -9999 -9999
37074.7969184 33113.2401887 38774.7279967 42089.4085812 40177.1297836 38512.4471223 34114.9163797 33775.7668897 31889.8610135 32930.5943463 24241.2169228 34063.4364543 32954.5972498 34720.045671 37763.8906068 45504.0771172 66434.063424 78284.7956355 101232.257856 108626.111907 119920.531815 133238.998819 161310.894916 142199.77459 113909.51402 115681.638758 113990.493189 118711.413609 52043.3943263 6482.41758159 349.796437385 179.878619348 3925.54884744 -9999.0 -9999 -9999 -9999 -9999 -9999 -9999 -9999 -9999 -9999 -9999 -9999 -9999 -9999 -9999 -9999 -9999 -9999 -9999 -9999 -9999 -9999 -9999 -9999 -9999 -9999 -9999 -9999 -9999 -9999 -9999 -9999 -9999 -9999
33675.1649722 48912.8937093 66401.1535766 61709.435681 53375.7751898 45915.4967996 52831.7180413 50472.912657 52401.6334989 36399.9298199 11908.4740323 13079.497811 9482.57078704 9941.25763921 10960.1016837 10928.4571846 10725.4610755 25468.0446926 44382.1396697 80158.6172494 105645.213494 126639.08374 129075.939563 135463.139064 122485.996269 476792.454517 216017.474846 95899.684628 13284.6873606 2799.51886916 3720.11518238 2473.16172474 15640.45924 165.739565215 -9999 -9999 -9999 -9999 -9999 -9999 -9999 -9999 -9999 -9999 -9999 -9999 -9999 -9999 -9999 -9999 -9999 -9999 -9999 -9999 -9999 -9999 -9999 -9999 -9999 -9999 -9999 -9999 -9999 -9999 -9999 -9999 -9999
62574.1817556 51954.8501156 46304.7189226 38757.7220576 31002.2033731 40375.0070049 36959.1978996 45918.0272804 58605.8851914 53787.1003174 54953.3849719 58839.7815591 11689.9040086 9462.03999388 6156.49057833 5959.73781093 10113.5367797 6614.60041208 16658.4698814 40905.1298363 53785.70293 50730.9890846 248873.367982 208054.777017 207701.606872 50417.6551442 115400.624842 114784.851674 267829.757957 65492.2647148 149045.422911 3323.85981974 1323.27565033 -9999 16684.8013283 6398.64530422 10693.9503739 426.315352774 -9999 -9999 -9999 361.309504942 9069.17822196 -9999 -9999 -9999 -9999 -9999 -9999 -9999 -9999 -9999 -9999 -9999 -9999 -9999 -9999 -9999 -9999 -9999 -9999 -9999 -9999 -9999 -9999 -9999 -9999
33351.7270723 32070.689207 28705.8973114 25997.5643141 30118.7474323 32436.2340984 21822.2859173 13999.8555676 13275.2858819 15341.706214 13850.1959909 22225.3589591 32922.2097255 24994.1420834 14598.1030495 21632.5169546 75844.2818337 87565.8644266 63741.6387199 60434.9163704 68454.4246028 56101.8553758 240562.849998 56888.162482 115395.466991 154237.425655 201579.976749 65759.3837397 244962.873209 292700.320731 115564.662225 24102.8993653 4594.97653657 44585.669004 200648.518435 295859.560078 213703.29621 145139.480342 1240.54545556 -9999 -9999 -9999 4987.68808448 139.668212805 -9999 -9999 -9999 -9999 -9999 -9999 -9999 -9999 -9999 -9999 -9999 -9999 -9999 -9999 -9999 -9999 -9999 -9999 -9999 -9999 -9999 -9999 -9999
45934.9137233 37533.7892399 36163.4433871 33466.4164953 34070.7733082 26475.5234157 22787.2980856 17564.239685 14514.6148082 7811.9180411 8642.06095793 13908.6931395 9129.60659264 7242.76193208 10088.9415117 11059.8980263 8939.65424869 8931.74514169 29137.7487786 52629.4323195 56516.1604561 63646.9327326 88384.5870412 97361.8119994 94138.5958797 96634.7579826 137574.033921 97520.5745208 44543.1207791 120612.487983 356807.826935 316097.507172 41865.5861108 38068.4612187 42467.2495069 207297.025409 105139.543073 180426.069495 35865.8350332 7864.46837382 1530.55254426 9099.10070881 11399.3607756 2393.13228009 -9999 -9999 -9999 -9999 -9999 -9999 -9999 -9999 -9999 -9999 -9999 -9999 -9999 -9999 -9999 -9999 -9999 -9999 -9999 -9999 -9999 -9999 -9999
45073.0768114 43175.8070676 42060.4945506 41511.7111719 50879.898848 37453.672971 33410.5454882 21908.998526 8900.76581489 14521.0349215 9761.12992932 7998.07928435 10260.2689558 7958.88130809 6986.0972331 9708.77758309 9068.9744039 5373.09117413 7998.44550423 24407.5163198 31177.5200662 52331.1165901 64704.9623471 66436.0606524 85201.9998969 104768.172828 193160.383392 132326.716271 343406.956411 100269.642869 205644.436196 384431.646939 57978.8384005 56914.3903435 60622.2376187 202876.29143 186719.389102 20010.4006374 34331.829699 2431.73541103 1346.19202022 14205.2086107 13533.138045 4486.6197341 -9999 -9999 -9999 -9999 -9999 -9999 -9999 -9999 -9999 -9999 -9999 -9999 -9999 -9999 -9999 -9999 -9999 -9999 -9999 -9999 -9999 -9999 -9999
55516.0189287 46466.9635469 59063.6218585 71193.2399014 59571.1491916 55494.5390581 39636.0665588 28274.3310765 8397.76386018 20099.6651281 12666.7346287 4794.68357053 6195.32430973 8105.88822754 6231.75240933 4853.17229184 5415.25365118 5010.50849754 6744.86363828 7247.96031768 18334.2562449 54760.9288514 112979.702409 59523.9832301 51166.5942488 110125.860567 186532.185851 119437.342674 51082.919365 67008.4813741 91386.9439285 45426.9560425 49343.7836155 49655.4674072 61444.6221043 42796.9195048 115010.494934 12456.6322371 461153.855228 7047.90135896 3537.21389806 16408.3102663 18113.3647995 1977.56458811 -9999 -9999 -9999 -9999 -9999 -9999 -9999 -9999 -9999 -9999 -9999 -9999 -9999 -9999 -9999 -9999 -9999 -9999 -9999 -9999 -9999 -9999 -9999
52317.6095736 60128.2360922 50602.785592 74504.5685765 67148.4720603 63668.0541612 49442.0263353 17113.4214561 14081.3655059 24943.5621089 14314.0653956 7188.96842528 6632.64387802 6819.3144806 90234.6713842 9929.30601348 72757.6103155 78384.8667108 12575.5026267 23958.2662811 34787.6783441 43726.5709081 33373.4563632 342377.903277 63789.0729316 69286.3964241 80479.3305393 66109.8867227 299810.961688 120605.624002 77266.8533477 13046.8944656 32676.1666088 70435.4699822 39090.6690772 137098.996596 55216.7067526 66508.3234908 18609.3256793 2033.60025247 2053.96169054 16804.9840576 19554.4868366 4314.7316111 -9999 -9999 -9999 -9999 -9999 -9999 -9999 -9999 -9999 -9999 -9999 -9999 -9999 -9999 -9999 -9999 -9999 -9999 -9999 -9999 -9999 -9999 -9999
44609.6010731 46568.6827317 40955.3518286 62618.9544006 11212.1675928 49613.619301 18398.4739478 2248.31614792 9242.7449346 8630.93610855 2192.16685912 13929.1932202 7990.22126856 8592.81726147 10098.6484888 10965.2729101 4709.43281478 78345.4152664 18622.1468378 32145.8263774 50955.4524849 32707.1881128 124980.500168 273283.109387 63367.2830444 78224.798714 627232.520583 37346.8704772 36816.700258 207267.022831 113214.755918 164644.253245 53410.0437871 49469.1370495 34700.0112994 37111.812652 44942.6918638 23684.8265804 5057.09114962 -9999 -9999 16729.2772198 28644.7340101 30406.5769035 314.959715008 -9999 -9999 -9999 -9999 -9999 -9999 -9999 -9999 -9999 -9999 -9999 -9999 -9999 -9999 -9999 -9999 -9999 -9999 -9999 -9999 -9999 -9999
48695.8351312 41199.2248213 25361.2802551 25140.4504609 20341.7473389 0.0 14192.0291477 11900.6982473 0.000774361040477 0.00042772955144 11106.6404786 17019.4206077 6416.2123669 8853.85624683 4765.63105264 4855.44397254 5209.77662652 7719.19080739 37344.4712618 41360.8018749 41801.124724 29729.7527328 29301.1070316 500547.920091 44046.5952419 53666.9326318 93890.7992133 74519.3933943 46337.400916 47518.0852454 15128.6382056 14280.1766961 14738.5156856 53074.0447612 79005.5793927 29546.3563475 43803.6849535 35589.6743114 118.270598208 -9999 -9999 36085.2714674 35491.0544292 101988.42992 8635.01792409 -9999 -9999 -9999 -9999 -9999 -9999 -9999 -9999 -9999 -9999 -9999 -9999 -9999 -9999 -9999 -9999 -9999 -9999 -9999 -9999 -9999 -9999
44758.3309509 47083.9716841 21782.3439009 22910.4886575 0.000114751228162 0.000150158853757 0.0 0.000327131314581 10839.4292051 0.0 13889.531053 0.000112106054716 3985.05329344 8466.21529544 13835.2011407 10093.0812509 12470.0453048 11126.0488713 14844.0791932 21583.6399509 30146.3468391 33550.5014356 34733.2987058 34620.4883629 51965.8081108 108013.50987 94287.7332636 57932.0251666 44057.3690571 30643.8713726 6622.11227916 6462.3060752 15415.1464307 30596.745193 31966.9327746 49012.3116738 49665.4723722 36483.7715782 191.022857851 -9999 -9999 36999.6297018 21957.7113984 88548.2942951 28629.8260721 -9999 -9999 -9999 -9999 -9999 -9999 -9999 -9999 -9999 -9999 -9999 -9999 -9999 -9999 -9999 -9999 -9999 -9999 -9999 -9999 -9999 -9999
39224.3371313 51550.5949257 24295.836132 20349.3720286 0.000141754159284 0.000284298448532 0.0 20834.7085635 2352.40820712 10534.0374839 0.0 0.0 5009.76571187 10341.6079011 12483.4423088 10795.6747998 11512.0956575 11962.5092553 11607.142033 15417.4958494 227541.054331 28769.4997783 35283.1637155 25851.8090689 31229.3395315 37335.0489044 20981.6117191 8019.99991355 3700.00075792 3002.08575538 3211.41334273 9063.44349212 22422.1524924 30748.4859818 46940.0886815 48919.0546895 57207.9061874 40434.0126659 -9999 -9999 -9999 42959.7151935 35680.5218302 22903.4217675 64395.5789393 1748.61991266 -9999 -9999 -9999 -9999 -9999 -9999 -9999 -9999 -9999 -9999 -9999 -9999 -9999 -9999 -9999 -9999 -9999 -9999 -9999 -9999.0 1433.37740055
46055.6346231 20528.0309551 25467.6371896 20004.4982844 31240.4988654 0.0 4434.17815826 0.0 0.000361774826186 5435.08377989 28686.2589936 9318.95177389 10142.1588561 15903.143633 9363.32123336 8528.73966577 5478.6311778 85967.3157721 15641.1499511 20289.9595143 25968.0235952 37624.1826516 32161.9428525 16774.3168137 21158.3640555 16327.039369 10318.9160292 8665.88291559 3064.97282826 2604.08356818 71534.7733965 17596.8032 40958.3674462 51858.4323651 56795.7177048 39271.7729319 20125.4120971 13815.5443367 -9999 -9999 -9999 49313.1564468 63663.5965533 2099.75723932 2737.16676179 4072.96794037 -9999 -9999 -9999 -9999 -9999 -9999 -9999 -9999 -9999 -9999 -9999 -9999 -9999 -9999 -9999 -9999 -9999 -9999 -9999 446.879568374 9648.37437629
22564.1076893 26167.5878035 25823.9933931 18926.6663818 0.000327825066714 24919.9944707 3521.44227638 15876.1019166 7571.47648997 0.00029322970133 0.0 20359.1949953 10737.6451318 6813.11418515 7541.25422817 11420.0312134 14146.13605 9737.37568821 16220.9419345 233053.502887 24792.9132438 13266.3404496 12316.7417906 3433.28678182 3153.33075598 3562.81288207 4604.77008151 4.58253561713e-10 4905.05633005 53537.2352238 20427.2850067 23837.8737894 59697.7282618 73319.7439571 60167.7773011 50495.7695412 34291.646801 5524.0219594 -9999 -9999 1928.58545224 58391.8994676 32691.8855842 -9999 -9999 154.199164383 491.737048525 -9999 -9999 -9999 -9999 -9999 -9999 -9999 -9999 -9999 -9999 -9999 -9999 -9999 -9999 -9999 -9999 -9999 -9999 1187.99551422 -9999
5798.75768448 26789.1664525 0.000325682992306 0.0 18499.9920622 0.0 0.000263735411917 0.0 0.0 0.000100284135791 13410.0950168 16660.3634183 17794.9707249 7491.95141217 12412.5184417 15021.8047711 17874.1871676 19239.6720349 29826.2728972 30285.3632026 127224.851849 97581.2052738 9321.15386229 3894.70622681 2999.97966348 0.0 8194.49503838 0.0 4161.26050505 9823.88438466 29731.8202003 40663.8444859 59513.4747014 66189.7822501 68663.7645942 50671.9721081 19157.4191042 399.431875685 -9999 -9999 -9999 24403.6117757 3670.48024759 -9999 -9999 -9999 -9999 -9999 -9999 -9999 -9999 -9999 -9999 -9999 -9999 -9999 -9999 -9999 -9999 -9999 -9999 -9999 -9999 455.75644582 -9999 -9999 -9999
29953.099679 22441.7311628 0.000856782084759 15006.4850516 1224.75861475 5906.54315772 0.0 4.03255350884e-05 4.87291670702e-06 0.0 12992.2955406 0.000110912469587 17385.2895872 14504.946431 16328.3737503 23256.312425 30637.2708267 15129.3781459 0.000311721113042 0.0 6.4978451531e-05 0.0 8590.69044222 6739.8819669 2777.47446055 1242.42999879 8478.61534285 6954.92327795 12565.2382962 33389.5526572 47071.096761 42122.0635537 49156.8759613 51149.8007671 47084.8791787 7784.09157095 -9999 -9999 -9999 -9999 162.156723924 44518.4536274 1057.93669858 -9999 -9999 -9999 -9999 -9999 -9999 -9999 -9999 -9999 -9999 -9999 -9999 -9999 -9999 -9999 -9999 -9999 -9999 -9999 460.141333408 474.627264968 -9999 -9999 -9999
24926.0590637 0.0 25186.137667 1161.17446599 0.0 6086.10486559 0.0 4146.65982682 0.0 0.000124765952979 0.0 0.000100656693871 0.0 15461.4830084 29503.6378613 62661.4487626 29984.6756305 0.0 6.71908771856e-05 6107.55957508 3284.8564028 0.0 5973.40150001 9421.96348495 7074.83861086 16034.0707053 22533.1694011 17621.5654007 21593.1693328 32423.2808694 73587.3660251 52949.3040651 54585.0818462 59263.9679264 11959.3380112 -9999 -9999 -9999 -9999 -9999 136.59759223 21757.2479158 30752.8230296 -9999 -9999 -9999 -9999 -9999 -9999 -9999 -9999 -9999 -9999 -9999 -9999 -9999 -9999 -9999 -9999 -9999 -9999 1865.93091409 -9999 -9999 -9999 -9999 -9999
0.0 0.0 1.00303127077e-05 0.0 0.0 4908.71290666 3.61517499582e-05 4216.492414 5602.92062422 0.0 10757.3340397 0.000141227775544 0.0 16346.8864711 34432.7336764 37953.3175175 24123.469449 14130.6096471 3682.37851988 13505.4453464 6465.22004625 5731.11163141 0.0 15315.5619959 19566.9969718 208073.488102 11310.2764982 16716.6278642 22209.0618306 36972.729012 46241.4915968 41534.0882853 33265.6367222 26090.46769 -9999 -9999 -9999 -9999 -9999 -9999 1259.31981447 18951.880292 112961.430166 3271.73501489 -9999 -9999 -9999 -9999 -9999 -9999 -9999 -9999 -9999 -9999 -9999 -9999 -9999 -9999 -9999 -9999 2451.19280345 1241.56688496 -9999 -9999 -9999 -9999 -9999
0.000439816121033 0.000323108939481 0.000168188554124 0.00027978668056 0.0 0.0 3.05280423912e-07 0.000140013506648 4962.29668476 0.0 0.0 0.0 0.00044588555143 16503.7982672 22508.2454502 25746.4204136 15843.430067 8742.42964156 21003.1707817 17781.658077 20244.2593003 8693.76810433 13216.2093041 10680.3815833 16709.8416628 9465.76338195 13933.1261257 23537.3466688 54680.0063211 59726.8626019 58371.0595219 50627.2184206 43451.1787594 841.374038904 -9999 -9999 -9999 -9999 -9999 -9999 1489.93429612 5652.98028475 -9999 2711.85095725 619.374079349 -9999 -9999 -9999 -9999 -9999 -9999 -9999 -9999 -9999 -9999 -9999 -9999 4504.47620083 -9999 -9999 -9999 -9999 -9999 -9999 -9999 -9999 -9999
0.0 0.000528992672824 0.0 6531.50088436 0.0 0.000111350790998 4901.46077913 4904.08063372 0.000217801437102 7694.97119845 0.0 0.0 30621.0807495 11449.7897928 13982.0936763 26833.556882 63550.8109391 22776.6699105 12351.4820257 15197.3350386 12451.4863736 10569.7273301 3661.82479703 6945.47429794 7.351640448e-05 12062.0029721 17680.7737464 31231.7504342 59064.0662522 53618.9393463 68752.4724262 57122.1261127 1654.76652211 -9999 -9999 -9999 -9999 -9999 -9999 -9999 70.5139508614 -9999 -9999 -9999 -9999 -9999 -9999 -9999 -9999 -9999 -9999 -9999 -9999 -9999 -9999 -9999.0 9507.39082024 931.563245743 -9999 -9999 -9999 -9999 -9999 -9999 -9999 -9999 -9999
0.0 0.000233743013166 6.48177240514e-05 4783.58965814 0.0 0.0 0.0 5.76636641063e-05 0.0 0.0 0.0 0.0 35992.3790719 22561.8389569 18826.6816346 45137.3244865 35527.3389839 19047.5125005 18702.4011987 12964.1301542 2.88114389587e-05 2797.56861646 8.24186417946e-06 0.0 17101.0998952 20096.4927198 36023.4815322 43769.0037472 41310.4687847 63585.9980711 27752.6818065 493.033610313 -9999 -9999 -9999 -9999 -9999 -9999 71.1646755295 0.0 5353.62791485 4446.95852964 -9999 -9999 -9999 -9999 -9999 -9999 -9999 -9999 -9999 -9999 13663.2664941 3228.15568057 4289.24454772 -9999 -9999 -9999 -9999 -9999 -9999 -9999 -9999 -9999 -9999 -9999 -9999
