critload/trunk/input/1999/nero_ag.asc
ncols 720
nrows 360
xllcorner -180
yllcorner -90
cellsize 0.5
NODATA_value -9999
[rows 62 to 92 of 360, columns 483 to 551 of 720]
0.0 0.0 0.0 0.0 0.0 0.0 0.0 0.0 0.0 0.0 0.0 0.0 0.0 0.0 0.0 0.0 0.0 0.0 0.0 0.0 0.0 0.0 0.0 0.0 0.0 0.0 0.0 0.0 0.0 0.0 0.0 0.0 0.0 0.0 0.0 0.0 0.0 0.0 0.0 0.0 0.0 0.0 0.0 0.0 0.0 0.0 0.0 0.0 0.0 0.0 0.0 0.0 0.0 0.0 0.0 0.0 0.0 0.0 0.0 0.0 0.0 0.0 0.0 0.0 0.0 0.0 0.0 0.0 0.0
0.0 0.0 0.0 0.0 0.0 0.0 0.0 0.0 0.0 0.0 0.0 0.0 0.0 0.0 0.0 0.0 0.0 0.0 0.0 0.0 0.0 0.0 0.0 0.0 0.0 0.0 0.0 0.0 0.0 0.0 0.0 0.0 0.0 0.0 0.0 0.0 0.0 0.0 0.0 0.0 0.0 0.0 0.0 0.0 0.0 0.0 0.0 0.0 0.0 0.0 0.0 0.0 0.0 0.0 0.0 0.0 0.0 0.0 0.0 0.0 0.0 0.0 0.0 0.0 0.0 0.0 0.0 0.0 0.0
0.0 0.0 0.0 0.0 0.0 0.0 0.0 0.0 0.0 0.0 0.0 0.0 0.0 0.0 0.0 0.0 0.0 0.0 0.0 0.0 0.0 0.0 0.0 0.0 0.0 0.0 0.0 0.0 0.0 0.0 0.0 0.0 0.0 0.0 0.0 0.0 0.0 0.0 0.0 0.0 0.0 0.0 0.0 0.0 0.0 0.0 0.0 0.0 0.0 0.0 0.0 0.0 0.0 0.0 0.0 0.0 0.0 0.0 0.0 0.0 0.0 0.0 0.0 0.0 0.0 0.0 0.0 0.0 0.0
0.0 0.0 0.0 0.0 290996.979305 0.0 0.0 174325.403074 0.0 0.0 169246.479544 0.0 0.0 0.0 0.0 0.0 0.0 0.0 0.0 0.0 0.0 0.0 0.0 0.0 0.0 0.0 0.0 0.0 0.0 0.0 0.0 0.0 0.0 0.0 0.0 0.0 0.0 0.0 0.0 0.0 0.0 0.0 0.0 0.0 0.0 0.0 0.0 0.0 0.0 0.0 0.0 0.0 0.0 0.0 0.0 0.0 0.0 0.0 0.0 0.0 0.0 0.0 0.0 0.0 0.0 0.0 0.0 0.0 0.0
0.0 200517.860939 186082.684966 0.0 0.0 150427.498646 0.0 175301.703375 156383.270037 182152.137844 226332.303072 0.0 202021.925294 0.0 0.0 0.0 168472.718608 237359.710984 135470.548697 0.0 0.0 0.0 0.0 0.0 0.0 129054.670198 0.0 0.0 0.0 0.0 0.0 0.0 0.0 0.0 0.0 0.0 0.0 0.0 0.0 0.0 0.0 0.0 0.0 0.0 0.0 0.0 0.0 0.0 0.0 0.0 0.0 0.0 0.0 0.0 0.0 0.0 0.0 0.0 0.0 0.0 0.0 0.0 0.0 0.0 0.0 0.0 0.0 0.0 0.0
181039.294367 172555.691756 185503.853261 221100.05065 207619.988731 190826.572178 177234.694536 156797.83878 84274.7684807 259374.603495 248958.235403 0.0 0.0 359857.043404 0.0 0.0 141637.013159 0.0 263747.128882 0.0 0.0 0.0 0.0 346030.919157 306977.426316 148678.599391 84699.234326 303033.560799 0.0 0.0 0.0 0.0 0.0 0.0 0.0 0.0 0.0 0.0 0.0 0.0 0.0 0.0 0.0 0.0 243405.539476 0.0 0.0 581400.077518 0.0 0.0 0.0 0.0 0.0 0.0 0.0 0.0 0.0 0.0 0.0 0.0 0.0 0.0 0.0 1152493.14381 0.0 0.0 0.0 0.0 0.0
0.0 203712.244977 159868.057946 190798.598139 224525.193661 210051.141623 0.0 90634.645874 0.0 160237.351325 191705.434753 0.0 0.0 347404.457487 0.0 156850.623271 0.0 0.0 0.0 0.0 0.0 0.0 0.0 192889.055503 177380.777461 153650.456579 199024.923988 0.0 0.0 0.0 0.0 0.0 0.0 0.0 0.0 0.0 0.0 0.0 0.0 0.0 0.0 0.0 0.0 263765.42762 346133.878713 452124.686432 351110.086912 347062.004571 0.0 0.0 0.0 0.0 0.0 0.0 0.0 0.0 0.0 0.0 0.0 0.0 0.0 0.0 0.0 0.0 0.0 0.0 0.0 0.0 0.0
225018.937405 0.0 192295.498147 177287.8669 163519.073778 170149.022887 150058.69319 131652.379571 0.0 334128.426187 0.0 0.0 0.0 346478.399803 26309.2974201 68543.2184317 0.0 172572.816913 269388.730646 0.0 154019.85205 0.0 135777.073886 179487.373571 169811.758157 194548.637343 216689.894592 0.0 0.0 0.0 0.0 0.0 0.0 0.0 0.0 0.0 0.0 0.0 0.0 0.0 0.0 172509.860393 153179.030418 515429.730959 244065.628028 449785.260587 424247.445609 300405.554009 343105.909781 320894.008848 0.0 0.0 0.0 0.0 0.0 0.0 0.0 0.0 413449.318371 0.0 0.0 0.0 0.0 0.0 0.0 0.0 0.0 0.0 0.0
0.0 0.0 330125.348928 0.0 0.0 210992.614574 183228.583675 173447.074821 325480.288883 341865.465797 189487.082565 26144.5754731 89796.6784214 215597.203748 74991.5182033 66899.7551423 25256.0590406 24209.2022353 23875.5578827 150261.395001 160090.478415 147942.300676 152848.72905 141349.906704 62942.0911693 197606.682873 184547.854828 0.0 0.0 0.0 0.0 0.0 0.0 0.0 0.0 0.0 0.0 0.0 159760.386679 162093.569485 199307.022554 168769.385318 104261.958597 328060.960152 0.0 0.0 0.0 665910.805328 275171.954191 321055.029253 382146.415379 0.0 0.0 0.0 0.0 0.0 0.0 0.0 0.0 0.0 0.0 0.0 0.0 0.0 0.0 0.0 0.0 0.0 0.0
222178.839354 186889.34573 392712.400306 190471.529784 224852.118737 86344.5436024 20701.3539981 71729.6168534 37282.2558582 26913.1258261 119627.189286 74551.2441459 81001.1630256 0.0 131684.057401 24041.5621779 199436.077555 82276.0088629 153739.146868 246721.341559 193819.147814 138948.763394 126687.757209 140892.884533 134397.496195 173749.424769 186468.65146 186922.803606 0.0 24760.4030439 193790.613643 0.0 0.0 0.0 0.0 381263.599917 184970.759771 188364.854564 0.0 0.0 200499.530133 258101.421451 287293.559318 332382.370842 278874.705807 642567.218265 0.0 0.0 0.0 478093.067968 521756.17063 0.0 0.0 0.0 0.0 0.0 0.0 0.0 0.0 0.0 718940.172877 0.0 0.0 0.0 0.0 0.0 0.0 0.0 0.0
88780.9987047 91995.4955524 78167.1629664 59859.2600188 84261.1524071 89381.4507035 4059.52006968 43112.9915767 76696.8846075 105730.078292 72766.5028375 78253.538792 80616.8868118 29037.1580493 0.0 175946.018396 28073.8252134 0.0 137989.532145 15764.8212545 84712.5766167 22979.0348672 61565.1957615 26340.2137519 176268.139857 145860.801467 19595.9123987 112580.435483 210833.858833 19800.0877424 16332.1374843 125449.373865 0.0 107017.785433 0.0 0.0 0.0 426320.636135 239084.291055 0.0 272418.231369 203746.866612 0.0 404380.46172 228576.298159 389837.354507 444303.23736 0.0 0.0 0.0 0.0 0.0 0.0 0.0 0.0 0.0 0.0 0.0 0.0 329844.680585 533782.155455 0.0 0.0 0.0 0.0 0.0 0.0 0.0 0.0
74512.691999 29828.2823932 174588.106783 64905.8283149 70392.7611774 59148.1751005 37856.4512704 48149.6220154 59444.5678111 40046.210373 75082.3971438 102138.265762 222616.124904 349738.516194 149380.635827 346341.243651 35749.5060038 45338.7037749 45470.8843192 45162.2990028 26042.2732755 23859.399915 19291.6202402 15285.3764711 38045.1151496 72829.3815057 21614.1340474 48324.3443921 95310.3840716 45587.7720821 0.0 0.0 0.0 92188.7373803 92415.8545476 263352.628914 0.0 329536.075928 149774.388422 362265.903764 493730.26501 233790.59014 474138.15003 300521.796376 96526.9272745 0.0 0.0 512568.346761 551182.566351 643270.384238 0.0 0.0 0.0 0.0 0.0 0.0 0.0 0.0 0.0 531412.678176 464669.940475 0.0 0.0 0.0 0.0 0.0 0.0 0.0 0.0
62191.7180612 64643.1800677 69676.0592688 65933.6913302 65761.7256318 68463.0662646 36957.0930377 0.0 54292.8729187 59733.908075 91458.6420912 492640.457311 44809.4904383 189586.544669 314004.025768 71699.6192777 60227.3325188 65299.6633841 34397.7207273 36929.9826276 25360.0000627 29818.2630427 60547.5058687 58278.7748898 51285.5550359 26715.2720401 61526.054439 17752.5014789 75857.4641032 70742.1428101 0.0 0.0 0.0 98577.9492597 95362.3057774 78964.8361978 0.0 307834.592281 156120.253152 363872.148766 467731.414374 477778.707979 216812.189194 358111.337193 0.0 0.0 191431.61083 380241.199285 503819.266006 652962.084007 0.0 0.0 0.0 0.0 0.0 0.0 0.0 0.0 0.0 0.0 0.0 0.0 0.0 0.0 0.0 0.0 0.0 0.0 0.0
72396.6148876 70299.4266534 55651.8577985 46964.6619229 59810.671729 172136.841227 93808.1392342 18575.9225166 49844.9376057 80471.5480635 89388.7706377 167518.923986 138548.270051 103346.122729 109109.000782 119675.456882 119831.518461 32077.6627246 99675.5621834 37566.3364799 202308.351969 83607.8501213 81274.2586335 77914.5056168 69857.7205218 30677.7924536 26965.7718435 16137.0520327 119727.20348 0.0 27603.5533978 0.0 0.0 167654.014847 0.0 97224.7721461 152008.481297 430002.847386 0.0 0.0 216121.762996 230529.197029 255249.07176 360172.351578 348449.876441 310716.845659 275836.788322 329335.236512 571763.001991 0.0 0.0 0.0 0.0 0.0 0.0 0.0 0.0 0.0 0.0 0.0 0.0 0.0 0.0 0.0 0.0 0.0 0.0 0.0 0.0
53189.6820483 17549.2915156 16370.1995629 83224.8823818 55413.6354406 13750.7192269 147150.330328 112027.036448 19217.8842474 0.0 146758.248896 256364.121943 220089.591898 214655.057366 131867.644614 251067.211437 213595.198548 216344.407573 411644.646833 250579.496398 85489.539742 72967.6014516 79170.3578183 112333.332353 91148.0851924 71464.6450373 74122.9881649 68520.4428324 33933.9817468 25667.493407 0.0 63764.0396772 0.0 0.0 0.0 0.0 0.0 0.0 0.0 124082.800799 187239.317681 268475.766034 916424.064779 1424173.28527 0.0 0.0 0.0 0.0 0.0 0.0 0.0 0.0 0.0 0.0 0.0 0.0 0.0 0.0 0.0 0.0 0.0 0.0 0.0 0.0 0.0 0.0 0.0 0.0 0.0
57514.14936 64904.5453754 67258.6244155 68022.2481521 87692.0201092 8922.94711903 40096.7346554 38682.2182875 0.0 136574.033338 0.0 20012.8553657 21799.3237273 176682.556988 0.0 159442.381821 79352.735694 34869.25261 81469.7361998 46748.5106751 65166.4381583 75545.7563908 31703.984096 464480.903652 133493.539552 88024.5253165 96112.6809532 99196.6807486 94225.699734 77245.0637173 137610.594302 156718.745398 101891.458871 230700.762083 0.0 60845.6134126 0.0 265731.726539 94039.2845455 85133.4388513 363790.291068 0.0 0.0 0.0 0.0 0.0 0.0 0.0 0.0 0.0 0.0 0.0 0.0 0.0 0.0 0.0 0.0 0.0 0.0 0.0 0.0 0.0 0.0 0.0 0.0 0.0 0.0 0.0 0.0
0.0 20902.5824512 0.0 216249.018056 0.0 10214.0850851 7663.67382646 16305.029854 0.0 0.0 302407.383799 38228.9557507 0.0 20914.0074525 0.0 0.0 20222.7421547 221218.590812 124962.240308 58795.8621469 69379.8969265 76275.9037231 125131.478366 184802.363063 87456.1340723 114434.281892 108108.195229 113939.351067 157130.069987 106684.148799 80702.9914295 144718.371177 165063.614059 0.0 16338.2916012 0.0 0.0 176449.615817 23570.8436382 72131.9241975 227563.465944 1814777.78384 461559.831472 245205.389024 0.0 0.0 0.0 0.0 0.0 0.0 0.0 0.0 0.0 0.0 0.0 0.0 0.0 0.0 0.0 0.0 0.0 526637.694518 0.0 0.0 0.0 0.0 0.0 0.0 0.0
9525.70025538 19978.0374088 19159.3155461 18323.4216342 14188.7305346 19989.9847031 32392.586315 63541.8298039 25708.8748933 21808.5187026 21671.6932651 0.0 0.0 10174.1563688 2596.3001423 0.0 0.0 28668.5607997 77569.7938175 90465.154986 68937.9362644 30276.7732809 92849.9715088 96530.3510313 105978.541124 133129.620683 70678.7535128 136760.546706 166345.183568 169135.259618 118679.923909 151072.818798 0.0 13835.2450351 0.0 0.0 87045.3586999 61925.3553149 84786.2558933 92671.4964916 141280.432465 473536.847579 0.0 520013.597625 1815207.21529 0.0 4494886.61774 0.0 0.0 0.0 4010634.60297 0.0 0.0 0.0 0.0 0.0 0.0 0.0 268662.527527 201596.459172 270412.198898 1606.56822577 0.0 1540.57058952 0.0 3904.93651822 0.0 0.0 0.0
36719.1283615 58491.9334757 40359.334523 28678.6170095 16988.2347502 12066.1988785 8719.09095845 10966.8616106 19836.0205625 21919.7976539 27891.177895 0.0 0.0 25842.1478468 12849.4323596 10942.9330866 11168.8829942 86287.0462919 78142.256006 70146.6701806 87121.8076377 87739.1202575 75572.5697372 83970.0712041 93372.0224886 120151.303939 120153.202326 101947.697959 106284.811162 162507.014576 169594.555965 172651.625074 127884.527099 136609.676607 97951.3072978 112157.090259 89494.2472164 24351.0567214 136703.979064 139883.420959 104288.096143 381755.262736 132249.660292 229915.898627 470811.034814 0.0 1925650.92904 0.0 0.0 0.0 968499.736573 0.0 0.0 0.0 0.0 0.0 494829.112496 57760.1220195 234950.720737 714436.213464 243524.455256 66106.6562657 0.0 252117.077585 0.0 46249.8046104 49065.3094245 0.0 305580.717998
46826.1310409 24566.6361706 18882.5919333 10693.7085194 9791.75405828 10281.6132331 11321.5555852 11268.7261594 10722.9346275 22896.6611581 31848.7846976 33686.2394835 30969.7134902 27246.1632902 13275.4522864 12416.9910893 12443.0509919 26262.9270326 100771.80748 38848.5553362 73186.4674085 69899.3104612 84747.0861445 142565.81216 127815.152414 136758.69741 168756.460159 141463.607378 176217.785963 233763.953199 119621.254137 186355.168796 161466.681507 164076.894046 189171.134112 146124.035121 51465.8297488 119559.997136 148244.023424 108148.37113 50672.3384814 88431.6886843 137536.233947 341714.597109 104905.827782 180646.222322 1674008.33645 2763057.4028 2159374.31311 440616.182126 446396.779224 0.0 0.0 0.0 214231.648126 216085.120203 183577.624323 134556.104913 82263.9778104 162935.476355 98142.4026071 56404.1356792 34684.3517225 24133.7365773 70704.9260938 11076.4839236 180519.918206 121945.191122 85310.939369
0.0 0.0 2478.455998 0.0 0.0 11719.451441 11262.3280944 10889.3589898 11247.6157645 23555.8010354 39485.8403499 37447.8900734 32643.5833682 28186.3071902 20967.0006284 23058.754893 23786.1475645 20917.3739471 26998.7295197 28412.4745691 22372.3437861 136194.077614 98334.9629233 237545.616149 111435.721807 195618.221832 222833.754344 231980.10136 200013.673831 223364.495959 118698.690422 158367.851641 111492.204455 54080.9892374 70018.8914046 164995.34137 49530.7673689 105111.706944 78836.7746859 86401.8331212 191675.696775 140668.56991 191495.160922 33713.3701311 501027.691883 187879.993111 334745.661778 1743483.43621 193485.625921 1476348.1902 543292.447445 0.0 754909.495587 0.0 191559.424917 243863.784642 163531.478711 304042.986608 243440.479169 160830.7299 134045.597773 64745.9563231 37351.8346872 2272.20790393 3900.14850792 4797.77173421 45345.7577861 56501.0579859 84726.041332
1925.94749636 7423.58212466 0.0 0.0 8922.76783143 2274.08906536 2054.61249547 2089.8403751 11699.277441 28673.2671853 35748.666078 34292.1863882 16927.0937601 13776.1606215 22691.3205138 9716.27883362 16708.0179995 20032.9472848 25072.6211181 11396.2784608 14092.5519644 43584.5944283 31408.5967484 28713.241126 102145.964475 139313.437599 143868.512302 188578.750623 133537.455988 84153.3522685 120565.224115 102899.258933 83610.8366939 95053.0606737 123902.221282 65403.3900302 174307.753799 158589.8194 145701.43809 75722.3343721 147286.291342 278611.788371 148844.133816 54865.4182292 13464.0138728 9144.21844604 174274.453718 228863.342632 107520.133592 138655.567337 0.0 396949.280453 0.0 365762.708582 518567.898407 621495.202384 211813.689093 189288.836471 314228.082575 179726.068838 48522.544837 21478.2989203 3914.0538554 2047.02165767 3202.66946428 7009.87461228 54312.9720545 53975.1756514 78926.5874175
2165.81370583 2043.40170192 7104.73785389 0.0 7198.26719768 1836.86443174 8816.34734589 2054.2466154 2401.14577865 15338.5255837 35002.5674982 2802.7586417 12367.7459508 0.0 10988.3937171 17469.7353575 9696.26908034 22314.2577208 26819.6247643 25356.2176644 41411.0321287 46906.2060695 48215.6095998 37706.3707 28617.9319092 24824.4302199 33382.9104656 3543.57510819 2575.86160249 26518.3326391 2905.06405053 3819.55121566 16988.0618631 3270.40335644 144393.470373 73527.6721222 118228.112391 192483.247286 192024.925284 315931.789052 557366.909052 95155.0940301 110689.944145 99876.8052115 144077.928046 31478.0425383 77252.1248177 8054.07968886 11698.1969161 0.0 18555.7565488 90475.2346089 96863.5893677 176319.63557 0.0 0.0 415585.811382 840056.890663 230471.77854 390318.840935 142796.123407 6973.29352126 13962.8085477 2595.22221238 2903.36560286 5224.0445114 55057.8893175 51317.3757098 48583.8542168
2059.96915284 1996.92620903 2054.47110745 2139.26152822 8233.71363465 1949.06016134 9006.81149639 1871.46813156 2296.56731744 2603.3697877 15777.3091087 11972.3920293 11744.3124585 2236.61579813 0.0 2277.93979817 1970.61472217 18851.7543697 28288.1504586 27946.5567425 31237.5064401 30609.673083 4543.35629885 3259.80564276 2857.80189309 2638.56406892 31623.7868793 7653.57379795 7991.21656146 8310.19714427 48420.1774725 52758.94175 9509.08261618 3704.67851082 3176.92097125 0.0 2368.77961549 3051.5278053 48957.8582994 663939.039727 118095.587187 175558.768708 0.0 358842.053459 1420728.41741 80596.3679165 486323.474183 3023171.80061 1185898.31976 11107.7898375 0.0 5922.44991592 6686.67496851 9305.51791148 0.0 18697.5973051 0.0 0.0 693078.323575 572212.756697 361840.940537 148273.625377 66529.0033307 11801.0772679 4468.32029206 3577.88398026 5302.16403217 7208.60690702 5445.143377
0.0 0.0 2101.34818798 9060.95314137 9891.13166795 9880.26406842 0.0 0.0 10618.9910697 12688.8215771 11624.5439215 2254.78460099 2353.49802676 2124.91582333 2116.81459612 2458.87147334 2323.96358094 2501.04292867 2805.05570066 2742.46656324 2812.08919606 2556.62391622 2941.43260471 7919.26908999 2480.72651181 6207.13930938 0.0 0.0 0.0 0.0 0.0 0.0 6324.99691746 6361.15310724 52127.1551228 0.0 7461.29366093 307653.030186 198864.321422 0.0 18374.2033646 4723.39229704 0.0 0.0 1218023.85314 1707363.36832 809031.807994 70163.8532579 0.0 0.0 0.0 0.0 9277.14872494 10554.5881603 0.0 0.0 7844.26334362 214370.223241 0.0 433306.735298 741686.136095 496072.517968 228177.260022 189904.265725 173344.184539 8746.44342677 4913.27536132 8054.89335721 195999.944639
5605.96283436 5690.31649178 5539.5258718 8104.38300928 6017.17795695 0.0 0.0 0.0 2054.8515185 0.0 2359.44991427 2141.02453151 2180.72609804 2030.74315787 0.0 10459.7255132 2221.42331856 2448.45303665 7210.482264 7573.08323416 13174.487878 8077.04487388 8275.26664946 0.0 3583.00625588 0.0 0.0 0.0 0.0 0.0 7372.27113434 0.0 0.0 46628.0235138 11538.3573688 8334.6815572 15654.7183569 24683.4072545 24803.9396773 5718.02701808 7264.32009413 13963.2018271 10927.7350916 0.0 11014.5146766 0.0 0.0 0.0 0.0 0.0 0.0 0.0 0.0 0.0 0.0 0.0 0.0 8684.17871423 0.0 16223.6235272 28968.4598924 21829.8984169 25234.0804766 218975.732215 154897.777774 8331.493125 0.0 0.0 6253.414947
276925.924169 4886.71948104 0.0 0.0 0.0 0.0 0.0 0.0 0.0 0.0 0.0 9535.72295662 0.0 9767.31516087 5398.58931875 5295.75097283 5581.97678517 6234.51705914 7606.12487832 13729.1081674 8516.04763747 13929.4808069 12367.8183085 7627.00741891 0.0 286918.281931 474345.540505 0.0 0.0 0.0 0.0 64863.6583615 79810.4399047 21887.3981356 13622.9965893 59683.6719164 49116.8449382 66477.765949 228327.316762 491849.470802 1348830.52061 0.0 1239271.46472 0.0 0.0 0.0 0.0 0.0 0.0 0.0 0.0 0.0 0.0 0.0 0.0 0.0 0.0 0.0 0.0 0.0 0.0 0.0 0.0 31696.5003318 49615.9817365 18963.4108821 13222.8883627 13316.8511144 14921.2471913
0.0 0.0 0.0 0.0 0.0 17347.3151737 0.0 0.0 0.0 0.0 0.0 0.0 0.0 6474.17362315 6186.29351933 6353.18855524 6272.05370109 0.0 6872.97644583 0.0 0.0 0.0 9204.72412152 8565.54134518 3712.41219937 0.0 23557.7332577 1166421.88781 0.0 0.0 4948.90950357 5523.31627023 95073.9735849 270115.057423 88053.5688123 217658.279337 95228.380627 226781.971858 888761.537668 17405.8198436 148165.545317 97596.6918198 21704.6892458 0.0 0.0 0.0 0.0 0.0 0.0 0.0 0.0 0.0 0.0 0.0 0.0 0.0 0.0 0.0 55221.2576968 0.0 18180.0972141 21059.7469149 20258.0840547 0.0 0.0 37667.7159861 0.0 28610.9327967 26920.1155032
0.0 0.0 0.0 0.0 0.0 0.0 0.0 5270.62653523 12456.0939809 0.0 0.0 10287.9596394 0.0 14651.3868786 5141.96450943 0.0 0.0 17770.114757 0.0 0.0 0.0 0.0 0.0 11043.8953742 9689.89329585 5395.72075335 10232.3959538 19544.3341848 40516.3452003 47979.7200897 32248.5310497 74895.7630406 135540.42506 555742.713201 1420880.6363 770614.393434 0.0 0.0 0.0 39815.3179961 170854.419019 57495.5245187 0.0 0.0 0.0 0.0 0.0 0.0 0.0 0.0 0.0 0.0 0.0 0.0 0.0 0.0 0.0 0.0 0.0 0.0 0.0 0.0 0.0 0.0 0.0 0.0 30555.8580301 49172.5907154 22056.9948156
5217.88593417 0.0 0.0 0.0 0.0 0.0 0.0 0.0 0.0 12513.2373576 8911.20936174 20715.670891 37667.1418747 14620.7598508 7718.52526765 4964.98405681 25971.2137834 11509.9265723 11260.1639159 2113.30486086 9720.23008928 15078.3274089 10657.5191957 5553.99608541 80662.4595477 95797.7446419 86593.6160706 98793.6270005 84566.3145065 119371.231964 26888.568915 116756.272733 82666.0992913 82706.7436926 60062.5646951 68918.3607587 342691.108125 0.0 202273.976527 363987.059352 694404.051072 0.0 0.0 0.0 0.0 0.0 415335.550755 232405.436712 24376.8413169 21151.8846559 15688.3986087 0.0 12259.2761169 25863.1847201 0.0 0.0 0.0 0.0 0.0 0.0 0.0 0.0 0.0 0.0 0.0 0.0 0.0 0.0 0.0
0.0 0.0 0.0 0.0 0.0 2544.26376073 2483.25346607 0.0 0.0 0.0 5473.42922211 18680.8950834 23101.3407882 60015.957917 73513.0252714 18814.276881 17318.0742841 13711.7985719 12339.926267 5947.29089628 2006.57922281 2167.00039484 2200.95322573 43401.3744136 65493.3063617 136600.943233 143389.648124 103707.920224 89492.0171592 69950.664553 73756.516882 52462.389846 217559.527607 105597.811107 38833.4423365 143651.528315 44460.2448112 10558.8769818 229560.22251 80637.995179 80254.9701177 64359.2436931 62302.4093404 0.0 0.0 0.0 0.0 0.0 0.0 0.0 799689.470233 13716.4943299 0.0 0.0 1295495.20749 800698.055777 55418.0595642 54635.1942237 0.0 0.0 0.0 0.0 0.0 238883.932852 0.0 0.0 0.0 0.0 0.0
