critload/trunk/input/1999/nero_ag.asc
ncols 720
nrows 360
xllcorner -180
yllcorner -90
cellsize 0.5
NODATA_value -9999
[rows 224 to 251 of 360, columns 567 to 629 of 720]
-9999.0 -9999.0 -9999.0 -9999.0 -9999.0 -9999.0 -9999.0 -9999.0 -9999.0 -9999.0 -9999.0 -9999.0 -9999.0 -9999.0 -9999.0 -9999.0 -9999.0 -9999.0 -9999.0 -9999.0 1177.76087451 861.176547651 5974.70815761 7088.99263798 6936.61592326 8394.08502164 12545.09292 12583.1215546 11584.4788326 12370.5263355 9231.00276414 6910.72110829 10462.8872463 10377.6612498 9212.31427043 2918.64946878 2947.86764013 7495.96134974 902.78549206 977.617882363 2147.84901527 2518.28462833 2579.92483737 2437.54203134 2624.51109788 2593.80962927 2425.27367685 2284.75864443 2272.80099821 1902.27873297 4680.08140112 1714.75568387 2010.68790336 2084.79542467 2280.05903264 2394.7094387 6779.64199461 6466.21984027 4248.07902304 2082.97732851 1654.66510542 2422.71648691 6565.18283444
-9999.0 -9999.0 -9999.0 -9999.0 -9999.0 -9999.0 -9999.0 -9999.0 -9999.0 -9999.0 -9999.0 -9999.0 -9999.0 -9999.0 -9999.0 -9999.0 -9999.0 -9999.0 -9999.0 -9999.0 1609.57665031 11954.138750039 5876.24871843 6757.27720689 3768.14500049 8766.98822045 14755.8706711 18342.4791564 15239.5644303 584.278008101 11888.0991706 9899.6465827 4935.18136136 6748.68940257 7736.22580658 2345.41655275 1896.44875314 1132.76629563 3105.31289851 9127.24876472 2169.35557236 2355.10899844 2474.24167954 2435.12593986 2553.21791451 2734.17369204 2817.9733237 2611.66688431 2190.33724748 1884.67016312 1344.81379848 1836.31017728 1910.431996 1955.62501878 14951.9548245 1898.93262297 1855.8107398 1620.28611724 1743.38648627 2175.07364199 1643.4136498 5378.43743587 6260.44108299
-9999.0 -9999.0 -9999.0 -9999.0 -9999.0 -9999.0 -9999.0 -9999.0 -9999.0 -9999.0 -9999.0 -9999.0 -9999.0 -9999.0 -9999.0 -9999.0 -9999.0 -9999.0 -9999.0 -9999.0 1133.92611769 8042.43723925 7502.31351239 6633.91720827 4577.21721042 5294.97034108 13374.2961172 12418.2415624 11741.2766903 13463.2562305 11820.2534879 8514.89558583 8540.3152368 6187.12289998 6753.96776636 2735.4034534 2497.53307747 2179.29921601 1861.96612147 2216.61245181 2423.88716736 2257.3656048 2378.22304165 2564.0284317 2545.37769763 2648.85144388 18151.8696458 19411.8181779 19106.7517836 19090.2205054 2052.22765845 2021.89475251 1991.36775714 16453.9034907 15786.4617727 20798.9401238 20838.2786343 2661.07583094 2459.92824191 1992.27287731 5421.61244265 5100.07035778 6384.72872147
-9999.0 -9999.0 -9999.0 -9999.0 -9999.0 -9999.0 -9999.0 -9999.0 -9999.0 -9999.0 -9999.0 -9999.0 -9999.0 -9999.0 -9999.0 -9999.0 -9999.0 -9999.0 -9999.0 0.0 5903.75356227 6843.76941231 9038.16655261 8908.0849121 9771.31504118 9091.77787563 6179.32719537 13650.0372264 11444.2266554 14425.3862011 7666.9026259 7795.39306515 6782.84378745 6702.93990479 2629.1303561 2607.30446352 2628.61029102 2490.29832212 2010.33405257 2300.99915914 2308.73477408 2252.66341339 2412.30155076 2532.65276452 2673.72672432 16406.5497859 0.0 0.0 0.0 0.0 0.0 2411.60974961 2381.57724835 2323.521334 2543.19611695 2486.98960325 5887.67152521 5385.58711106 5301.44440885 4245.20862677 4544.6207308631 6000.43209149 5704.52030682
-9999.0 -9999.0 -9999.0 -9999.0 -9999.0 -9999.0 -9999.0 -9999.0 -9999.0 -9999.0 -9999.0 -9999.0 -9999.0 -9999.0 -9999.0 -9999.0 -9999.0 -9999.0 -9999.0 1954.571967457 5315.87903466 1918.80224444 10907.5119867 9500.29611821 8227.91428957 9419.38898648 8999.66478397 9590.56100276 14634.7844862 14571.7066126 12093.8063188 11103.5026778 6704.98853565 2864.05449871 2958.91605396 2760.89973956 2627.90928851 2411.04829172 2510.78477441 2505.88487933 2354.54847735 2250.94276389 2241.53074147 2260.73704637 2709.21120482 1867.68585704 0.0 0.0 0.0 0.0 0.0 2159.44299334 2078.92315403 2514.83912432 2910.22217967 2886.53031987 5716.45893397 6999.15757823 6533.9783252 5289.78696194 2852.66798073 4166.59199371 21439.5449561
-9999.0 -9999.0 -9999.0 -9999.0 -9999.0 -9999.0 -9999.0 -9999.0 -9999.0 -9999.0 -9999.0 -9999.0 -9999.0 -9999.0 -9999.0 -9999.0 -9999.0 -9999.0 -9999.0 370.072555658 6592.20244599 6780.71623458 2385.83075649 9623.73374133 9229.71735306 9352.01559908 4022.91737044 7831.79075062 11818.4945426 8226.71577599 7351.67321595 6026.15981875 7394.8402041 2719.95757624 2809.65787585 2705.17021781 2448.06102147 2432.12259408 2688.32965187 2454.94864158 3235.60463543 2159.96605353 912.252351583 0.0 0.0 188.732224146 0.0 0.0 0.0 0.0 0.0 4009.55636508 2194.23028283 1900.95428305 1910.59054781 1891.44714488 2328.62512274 2487.31698142 2377.96804082 2362.33478791 18613.3460869 19857.1200284 20001.2773185
-9999.0 -9999.0 -9999.0 -9999.0 -9999.0 -9999.0 -9999.0 -9999.0 -9999.0 -9999.0 -9999.0 -9999.0 -9999.0 -9999.0 -9999.0 -9999.0 -9999.0 -9999.0 -9999.0 -9999.0 2149.87699367 2490.46192123 2109.11348123 7999.28324968 8691.03011511 9580.3938733 5889.06569536 5950.52318927 6111.30898584 0.0 6969.54445007 5764.10493074 8241.18029008 8485.28817804 2664.22361847 7403.51320472 7407.50203309 6450.5297239 6854.01415904 2226.21495407 2250.9280786 6350.01222308 3713.2698398 1563.80331002 965.559458736 0.0 0.0 0.0 0.0 0.0 0.0 2442.57877117 2560.35658233 2119.50723036 1957.24853442 1709.82759015 2043.37952618 1977.08898008 2202.47137789 2169.57962031 2043.9423424 17183.8031651 18040.6040175
-9999.0 -9999.0 -9999.0 -9999.0 -9999.0 -9999.0 -9999.0 -9999.0 -9999.0 -9999.0 -9999.0 -9999.0 -9999.0 -9999.0 -9999.0 -9999.0 -9999.0 -9999.0 659.566609479 1319.1874599882 2376.15900197 10008.841030524 2113.21930038 2031.97070796 8808.40024412 6483.70014061 6144.57506546 6112.68197747 8216.66663177 7272.22447091 6845.19628961 6865.35235123 6355.50420856 6034.101347 6038.7766979 6232.03819219 8136.50811256 10279.9325509 6281.73378298 6108.27014739 2167.21000591 6721.18431661 6628.27860909 7515.32610475 2045.54228725 0.0 0.0 0.0 0.0 0.0 0.0 2264.6715887 2341.37866534 2257.91717044 2416.64065833 2270.40188222 2043.54088041 1847.45881734 1976.2539024 2197.44260174 11717.8252423 19363.8355765 13630.2965581
-9999.0 -9999.0 -9999.0 -9999.0 -9999.0 -9999.0 -9999.0 -9999.0 -9999.0 -9999.0 -9999.0 -9999.0 -9999.0 -9999.0 -9999.0 -9999.0 -9999.0 -9999.0 -9999.0 4705.78702535 2628.571228787 5602.992982304399 2153.3523965 2130.05962734 6080.86188758 6791.23829587 8196.35928154 6430.13340086 6430.00546456 2333.00568593 6183.625509 6715.92661096 6449.85632858 2402.80783803 2080.93491759 6357.88435571 11259.1535861 5568.59733528 2931.24437125 6264.88779899 2315.76662066 2220.43573768 2350.8377509 2468.71828513 2577.00337296 569.983732002 542.093142953 0.0 0.0 0.0 0.0 8046.89633373 2740.82804413 4151.29038847 2825.38697786 12840.9971262 16339.5958013 11041.5248368 2281.71540175 2126.70369082 11761.1317714 10855.2332817 11786.4308237
-9999.0 -9999.0 -9999.0 -9999.0 -9999.0 -9999.0 -9999.0 -9999.0 -9999.0 -9999.0 -9999.0 -9999.0 -9999.0 -9999.0 -9999.0 -9999.0 -9999.0 -9999.0 -9999.0 245.623138856 9048.710939820001 5564.00512891 1856.16781374 1360.84351267 6558.26314172 6254.92210203 6091.34864767 6900.5564716 6903.06565618 5866.0452933 6398.31199624 2447.7663547 6901.28831902 6041.29103025 6174.04597745 15279.8375575 2294.71497826 3150.73985402 2214.43191044 8617.92099482 2417.47710465 2467.47330748 2170.24798807 2397.86117836 2733.38600194 2698.20757395 3005.57751185 1622.38718655 11057.6521049 12966.8393838 10475.0377555 2101.65697897 2313.95516236 2303.7553772 2072.02920267 2334.46587648 6580.80168055 6114.53749717 6701.21827751 7041.35803344 10237.0803657 15721.5871941 18836.7183516
-9999.0 -9999.0 -9999.0 -9999.0 -9999.0 -9999.0 -9999.0 -9999.0 -9999.0 -9999.0 -9999.0 -9999.0 -9999.0 -9999.0 -9999.0 -9999.0 -9999.0 -9999.0 -9999.0 -9999.0 1050.43678195 15638.571356736 1763.78273115 1810.03713036 7222.92760587 6198.05043441 6922.40644025 6660.1323689 6153.44543456 6829.3156563 8815.168816270001 6713.1206722 7124.44999305 6674.47025482 2235.01654579 6103.43545658 2399.72609857 2306.62787831 2253.7313716 2459.93194757 2812.83250135 2412.35695852 2197.12003751 2564.16109075 2501.57920904 2686.31117593 2994.76808835 3046.61344708 21080.466312 25952.6235344 18944.9557237 18047.1380744 2474.4975058 2240.63667526 2229.62817028 2044.6986813 238.510832704 2405.76874446 6905.84521779 7261.76748423 12697.2254483 14284.1497049 10321.9755508
-9999.0 -9999.0 -9999.0 -9999.0 -9999.0 -9999.0 -9999.0 -9999.0 -9999.0 -9999.0 -9999.0 -9999.0 -9999.0 -9999.0 -9999.0 -9999.0 -9999.0 -9999.0 -9999.0 -9999.0 -9999.0 54269.229133839995 14875.16703604 2804.35878416 7314.70629726 7214.90362697 7713.99692226 7457.30350334 6196.28692506 5668.72335347 7008.6846582 7024.4197422 6686.42222258 6570.3697075 6409.40379935 5729.67249323 5883.39058065 6636.7780301 2552.85308872 2324.42825308 2562.89107091 4438.52287828 2254.89227479 2442.9302631 2569.75250546 2835.933489 2863.64947584 25092.6357497 22770.9140069 26363.0431075 22969.1008156 20973.0581154 21436.9901574 19730.5380903 19745.845536 18363.4334345 0.0 10271.7491373 18333.2344403 16360.335177 15598.0565802 12951.7171109 12228.4087175
-9999.0 -9999.0 -9999.0 -9999.0 -9999.0 -9999.0 -9999.0 -9999.0 -9999.0 -9999.0 -9999.0 -9999.0 -9999.0 -9999.0 -9999.0 -9999.0 -9999.0 -9999.0 -9999.0 -9999.0 -9999.0 87717.97565138695 39951.545974063556 31617.139872296 22800.4306188 7089.12116702 7146.78003823 2371.30031496 2214.17543749 6790.68492109 6467.79770542 6955.12566707 2031.93804839 2117.38019423 6745.6969608 6343.66848761 5827.87022809 6138.63798111 2415.09413012 7044.15552651 2564.51933884 4787.0881703 2319.52868687 2616.11145485 0.0 0.0 2511.30628557 23286.8872493 24159.6634563 26196.8681271 26292.648434 5375.38249244 5975.15523548 5449.43277274 5282.84237099 21177.7797649 25489.3186065 22483.1289935 17467.9514921 1408.5129142 1187.56126241 7473.07624859 11062.0482012
-9999.0 -9999.0 -9999.0 -9999.0 -9999.0 -9999.0 -9999.0 -9999.0 -9999.0 -9999.0 -9999.0 -9999.0 -9999.0 -9999.0 -9999.0 -9999.0 -9999.0 -9999.0 -9999.0 -9999.0 -9999.0 -9999.0 242784.62932902988 39665.303987102394 125371.287713587 9108.49979891 2374.24872807 7016.59493786 7352.87242954 6742.10004097 6073.37793364 6078.5581594 6487.13805042 2088.26400923 5997.5894889 6420.22872194 6989.04825034 5767.59358648 2358.74287954 7326.22928636 2677.78909579 2354.28036066 2267.94646337 2067.25073386 2144.03908317 1997.78833822 2327.31410323 19067.3341101 17903.3126749 18155.8809514 20051.6290125 0.0 14163.4324448 14410.7047539 14344.5657008 21747.6766002 19147.3890585 17923.942519 6487.61914841 0.0 1202.06916309 7088.03673759 9292.61939787
-9999.0 -9999.0 -9999.0 -9999.0 -9999.0 -9999.0 -9999.0 -9999.0 -9999.0 -9999.0 -9999.0 -9999.0 -9999.0 -9999.0 -9999.0 -9999.0 -9999.0 -9999.0 -9999.0 -9999.0 -9999.0 -9999.0 43317.520450448144 50655.32001740253 143732.06256188525 83112.55823817999 3470.63647298 6993.40376538 2295.63786295 1976.97525493 1816.54866785 1760.96720606 1571.04313485 1703.33203879 5039.0214288 6180.87612875 5995.07318712 6135.65044256 2120.24927588 2292.80551581 2705.03729232 2591.19323324 2458.67389138 8622.26913132 8852.31215086 9228.20824275 8396.58458337 874.855229079 0.0 0.0 0.0 0.0 16695.309616 17171.6871771 15221.8852149 17888.779532 2338.93528906 6771.08754582 6735.01030498 237.732806632 3627.84362415 8113.59659245 10256.1900664
-9999.0 -9999.0 -9999.0 -9999.0 -9999.0 -9999.0 -9999.0 -9999.0 -9999.0 -9999.0 -9999.0 -9999.0 -9999.0 -9999.0 -9999.0 -9999.0 -9999.0 -9999.0 -9999.0 -9999.0 -9999.0 -9999.0 0.0 118101.66236024 37821.09612828314 142615.43533139073 74475.91901531 12575.20341433 5498.9316593 4799.08532867 2077.92294824 5287.04945886 1774.18861594 1751.34391842 5141.89565986 5192.58646574 5713.26403319 5910.69671152 2019.35944044 5971.9219825 7118.69185887 2177.21745909 1891.06073637 5931.20843487 7866.2429801 8113.39558494 7916.33112924 5821.92999837 0.0 0.0 0.0 0.0 7918.38198816 15821.6179607 19687.596026 10961.6139928 9114.0580286 21689.2467562 10833.6915131 10090.6349282 9234.70108342 8251.09544517 7818.49827954
-9999.0 -9999.0 -9999.0 -9999.0 -9999.0 -9999.0 -9999.0 -9999.0 -9999.0 -9999.0 -9999.0 -9999.0 -9999.0 -9999.0 -9999.0 -9999.0 -9999.0 -9999.0 -9999.0 -9999.0 -9999.0 -9999.0 -9999.0 150221.434108268 29085.366694415 46351.199281113135 135107.24002937166 94244.080597611 85821.934193904 22179.48993159 6103.631832263 5351.9898396 587.623746684 5484.01429881 5062.10034427 4698.57152602 4915.75728806 5236.12851707 5411.5933777 6108.65828029 1790.77855842 5218.68375554 7748.88802325 7648.88121598 7196.99772072 7352.37914637 7710.60907221 8038.37231238 3363.82261752 3406.30908242 3355.4228106 6639.26150695 7832.37547206 7807.0032386 8200.57140116 17546.6580074 21852.4626745 20976.0015667 21452.8631859 10659.5102088 10212.4564415 9798.49075559 9063.5416124
-9999.0 -9999.0 -9999.0 -9999.0 -9999.0 -9999.0 -9999.0 -9999.0 -9999.0 -9999.0 -9999.0 -9999.0 -9999.0 -9999.0 -9999.0 -9999.0 -9999.0 -9999.0 -9999.0 -9999.0 -9999.0 -9999.0 -9999.0 86466.66183072 51189.1676988048 188533.8065994828 141033.7354763621 241586.6610997483 134763.85345737392 192318.70406207498 9028.807509704999 6272.68891705 2037.71781454 5929.14046687 5911.47163351 5299.78622249 5009.28731731 5074.47647777 5432.68612171 5986.26875301 4480.00300696 4571.78172603 7644.50476756 7609.17299394 7701.58922887 7626.83747447 7328.27601107 7513.5054909 7676.92274799 7723.06631283 7622.23394237 4860.54030944 3281.32328238 2470.291715 1647.28503146 0.0 0.0 0.0 2327.65108869 3750.43144261 10392.2708313 9374.96481782 9951.14101711
-9999.0 -9999.0 -9999.0 -9999.0 -9999.0 -9999.0 -9999.0 -9999.0 -9999.0 -9999.0 -9999.0 -9999.0 -9999.0 -9999.0 -9999.0 -9999.0 -9999.0 -9999.0 -9999.0 -9999.0 -9999.0 -9999.0 -9999.0 17134.9688181748 252628.54342477 181472.22786706 154446.49318280577 215293.6105634911 207599.47490272069 183282.2757264815 102701.67414488799 66241.05977702 2273.362650323231 1970.96741972 6719.60429438 7183.91612502 4873.9219523 6927.396134 6894.86670483 5688.06645763 4697.93552296 6933.29596568 7777.04565052 7736.42110162 7793.66440947 7782.17764689 7851.52577764 7725.40643169 7788.91518545 7780.54079698 7595.23833928 3221.72289937 3282.03662308 3299.16504312 3542.98276801 5689.99348649 6717.04367413 1042.65805966 9305.97089817 0.0 0.0 0.0 16645.506254
-9999.0 -9999.0 -9999.0 -9999.0 -9999.0 -9999.0 -9999.0 -9999.0 -9999.0 -9999.0 -9999.0 -9999.0 -9999.0 -9999.0 -9999.0 -9999.0 -9999.0 -9999.0 -9999.0 -9999.0 -9999.0 -9999.0 -9999.0 -9999.0 60725.27221753 724453.66304 228338.19094723475 182931.0214962764 213816.94383434273 184396.004418745 82435.79542484999 2602.632354287 7517.67635162 2182.25103726 11076.9831204 10917.7790814 9403.44275995 8470.83319506 10361.5609461 10580.68653 7614.70089306 7327.84163546 7764.38018169 7702.49141277 7698.47411271 7816.68841261 7963.22933913 7988.03857031 7292.55537474 6717.78065836 3602.68215017 1859.37294305 1181.19270995 1428.38333311 1184.30887423 386.175273438 3578.44599036 20699.8457934 32055.46924791 43172.7675873 5992.836892839 0.0 11566.0437535
-9999.0 -9999.0 -9999.0 -9999.0 -9999.0 -9999.0 -9999.0 -9999.0 -9999.0 -9999.0 -9999.0 -9999.0 -9999.0 -9999.0 -9999.0 -9999.0 -9999.0 -9999.0 -9999.0 -9999.0 -9999.0 -9999.0 -9999.0 -9999.0 73555.17567804 11057.77861351 219354.88754747 171418.147906101 114207.996540656 42088.193030023 104098.48176112 42789.068364319995 12063.8495015 2270.02165645 10803.9456869 12816.9038579 12371.2907543 4256.13945369 8691.37569276 10420.6355537 7022.88527388 7003.38331479 7187.65808003 7205.94711148 5056.86401424 3649.3767759 4150.65489788 2789.90900266 1486.61334428 298.86260373 -9999.0 -9999.0 -9999.0 -9999.0 -9999.0 -9999.0 -9999.0 199.94312801590002 180.152288683 19330.394079525 57600.5225012003 109107.59405733601 29982.30215752
-9999.0 -9999.0 -9999.0 -9999.0 -9999.0 -9999.0 -9999.0 -9999.0 -9999.0 -9999.0 -9999.0 -9999.0 -9999.0 -9999.0 -9999.0 -9999.0 -9999.0 -9999.0 -9999.0 -9999.0 -9999.0 -9999.0 -9999.0 -9999.0 137955.67250493998 19096.085508789998 261850.81033988 212106.576062637 44871.518985459996 43442.224894347 26002.20582588 94292.22517225001 22296.98883301 17770.4046433 16916.1292809 18979.397034759997 50211.60140969 6193.65416814 6413.94636468 7054.759222099 5628.7480054152 5392.64034318 4529.80820606 1545.563793 -9999.0 -9999.0 -9999.0 -9999.0 -9999.0 -9999.0 -9999.0 -9999.0 -9999.0 -9999.0 -9999.0 -9999.0 -9999.0 -9999.0 -9999.0 -9999.0 -9999.0 15851.860597777 29581.865941614
-9999.0 -9999.0 -9999.0 -9999.0 -9999.0 -9999.0 -9999.0 -9999.0 -9999.0 -9999.0 -9999.0 -9999.0 -9999.0 -9999.0 -9999.0 -9999.0 -9999.0 -9999.0 -9999.0 -9999.0 -9999.0 -9999.0 -9999.0 -9999.0 83376.96696589 12961.23591897 225644.61107142098 162805.13539922232 144207.739629183 26462.905422519998 128004.267082 102362.995927263 77231.08966936999 20122.35988214 25902.350163969997 110193.23905618 109460.02044257663 20415.82930678 41641.895958170004 13134.545743390001 7899.36411034 1285.62612484 -9999.0 -9999.0 -9999.0 -9999.0 -9999.0 -9999.0 -9999.0 -9999.0 -9999.0 -9999.0 -9999.0 -9999.0 -9999.0 -9999.0 -9999.0 -9999.0 -9999.0 -9999.0 -9999.0 3838.960144304 13015.557750384001
-9999.0 -9999.0 -9999.0 -9999.0 -9999.0 -9999.0 -9999.0 -9999.0 -9999.0 -9999.0 -9999.0 -9999.0 -9999.0 -9999.0 -9999.0 -9999.0 -9999.0 -9999.0 -9999.0 -9999.0 -9999.0 -9999.0 0.0 76738.01577284 154675.6223297 188165.53796885 181922.8854286084 173056.4504365851 161105.49562311402 128850.039192654 109388.603741052 115036.67215485 88238.11620488 73164.03778053 166188.17925793 66977.97780767892 69308.2098503388 67012.11377960199 59198.495405236405 6990.16683289 4623.27921276 -9999.0 -9999.0 -9999.0 -9999.0 -9999.0 -9999.0 -9999.0 -9999.0 -9999.0 -9999.0 -9999.0 -9999.0 -9999.0 -9999.0 -9999.0 -9999.0 -9999.0 -9999.0 -9999.0 -9999.0 -9999.0 2889.1089123436
-9999.0 -9999.0 -9999.0 -9999.0 -9999.0 -9999.0 -9999.0 -9999.0 -9999.0 -9999.0 -9999.0 -9999.0 -9999.0 -9999.0 -9999.0 -9999.0 -9999.0 -9999.0 -9999.0 -9999.0 -9999.0 -9999.0 -9999.0 39594.25799629 32681.149591499998 134648.9156747 137433.879559 183018.4796485074 150364.51782555002 175675.33096684748 155323.7763063934 71114.67923064 1392.86150191 -9999.0 -9999.0 -9999.0 -9999.0 -9999.0 -9999.0 -9999.0 -9999.0 -9999.0 -9999.0 -9999.0 -9999.0 -9999.0 -9999.0 -9999.0 -9999.0 -9999.0 -9999.0 -9999.0 -9999.0 -9999.0 -9999.0 -9999.0 -9999.0 -9999.0 -9999.0 -9999.0 -9999.0 -9999.0 -9999.0
-9999.0 -9999.0 -9999.0 -9999.0 -9999.0 -9999.0 -9999.0 -9999.0 -9999.0 -9999.0 -9999.0 -9999.0 -9999.0 -9999.0 -9999.0 -9999.0 -9999.0 -9999.0 -9999.0 -9999.0 -9999.0 -9999.0 -9999.0 -9999.0 2295.906729181 23396.918936799997 2830.8821695770002 252717.31584904 322698.975204747 77485.116862917 2494.407293348 -9999.0 -9999.0 -9999.0 -9999.0 -9999.0 -9999.0 -9999.0 -9999.0 -9999.0 -9999.0 -9999.0 -9999.0 -9999.0 -9999.0 -9999.0 -9999.0 -9999.0 -9999.0 -9999.0 -9999.0 -9999.0 -9999.0 -9999.0 -9999.0 -9999.0 -9999.0 -9999.0 -9999.0 -9999.0 -9999.0 -9999.0 -9999.0
-9999.0 -9999.0 -9999.0 -9999.0 -9999.0 -9999.0 -9999.0 -9999.0 -9999.0 -9999.0 -9999.0 -9999.0 -9999.0 -9999.0 -9999.0 -9999.0 -9999.0 -9999.0 -9999.0 -9999.0 -9999.0 -9999.0 -9999.0 -9999.0 -9999.0 -9999.0 1261.7399903150001 5029.9711268558 13903.907244889 -9999.0 -9999.0 -9999.0 -9999.0 -9999.0 -9999.0 -9999.0 -9999.0 -9999.0 -9999.0 -9999.0 -9999.0 -9999.0 -9999.0 -9999.0 -9999.0 -9999.0 -9999.0 -9999.0 -9999.0 -9999.0 -9999.0 -9999.0 -9999.0 -9999.0 -9999.0 -9999.0 -9999.0 -9999.0 -9999.0 -9999.0 -9999.0 -9999.0 -9999.0
-9999.0 -9999.0 -9999.0 -9999.0 -9999.0 -9999.0 -9999.0 -9999.0 -9999.0 -9999.0 -9999.0 -9999.0 -9999.0 -9999.0 -9999.0 -9999.0 -9999.0 -9999.0 -9999.0 -9999.0 -9999.0 -9999.0 -9999.0 -9999.0 -9999.0 -9999.0 -9999.0 -9999.0 -9999.0 -9999.0 -9999.0 -9999.0 -9999.0 -9999.0 -9999.0 -9999.0 -9999.0 -9999.0 -9999.0 -9999.0 -9999.0 -9999.0 -9999.0 -9999.0 -9999.0 -9999.0 -9999.0 -9999.0 -9999.0 -9999.0 -9999.0 -9999.0 -9999.0 -9999.0 -9999.0 -9999.0 -9999.0 -9999.0 -9999.0 -9999.0 -9999.0 -9999.0 -9999.0
