critload/trunk/input/1999/nero_ag.asc
ncols 720
nrows 360
xllcorner -180
yllcorner -90
cellsize 0.5
NODATA_value -9999
[rows 140 to 167 of 360, columns 378 to 440 of 720]
0.0 0.0 0.0 0.0 0.0 0.0 0.0 0.0 0.0 0.0 0.0 0.0 0.0 0.0 0.0 0.0 0.0 0.0 0.0 0.0 0.0 0.0 0.0 0.0 0.0 0.0 0.0 0.0 0.0 0.0 0.0 0.0 0.0 0.0 0.0 0.0 0.0 0.0 0.0 0.0 0.0 0.0 4584.2549883970005 442.179090356 0.0 0.0 0.0 0.0 371.51028277 0.0 0.0 0.0 0.0 444.899674437 501.762448047 1164.75673446 1523.37996197 -9999.0 -9999.0 -9999.0 -9999.0 -9999.0 -9999.0
0.0 0.0 0.0 0.0 0.0 0.0 0.0 0.0 0.0 0.0 0.0 0.0 0.0 0.0 0.0 0.0 0.0 0.0 0.0 0.0 0.0 0.0 0.0 0.0 0.0 0.0 0.0 1809.24153516 594.361857457 0.0 0.0 0.0 0.0 0.0 0.0 0.0 0.0 0.0 0.0 0.0 0.0 0.0 3544.2434620569998 3103.4975882830004 0.0 0.0 0.0 0.0 938.753222881 219.61548079309998 0.0 0.0 826.92673322 741.774154345 610.396886873 0.0 3822.06666905 -9999.0 -9999.0 -9999.0 -9999.0 -9999.0 -9999.0
0.0 0.0 0.0 0.0 0.0 0.0 0.0 0.0 0.0 0.0 0.0 0.0 0.0 0.0 0.0 0.0 0.0 0.0 0.0 0.0 0.0 0.0 0.0 0.0 0.0 0.0 634.463772444 414.141339107 1337.95652702 0.0 257.575328436 211.542756358 205.182566547 201.355970002 0.0 0.0 0.0 0.0 0.0 0.0 0.0 0.0 0.0 1091.908258762 0.0 776.4228604709999 415.27930023600004 0.0 0.0 326.825747919 0.0 0.0 0.0 960.055604841 535.133920509 811.988656258 5402.9705522 4801.13759115 -9999.0 -9999.0 -9999.0 -9999.0 -9999.0
0.0 0.0 0.0 0.0 0.0 0.0 0.0 0.0 0.0 0.0 0.0 0.0 0.0 0.0 0.0 0.0 0.0 0.0 0.0 0.0 0.0 0.0 0.0 0.0 0.0 0.0 0.0 511.765139702 407.389483923 0.0 0.0 0.0 0.0 0.0 0.0 0.0 0.0 0.0 0.0 0.0 0.0 0.0 0.0 3344.121738248 1496.870274261 3302.4626158700003 0.0 0.0 0.0 2966.3489612900003 0.0 0.0 2071.60745892 1867.70452093 1014.20481256 2882.21388011 904.348453351 10766.793206409999 1741.49195711 0.0 -9999.0 -9999.0 -9999.0
0.0 0.0 0.0 0.0 0.0 0.0 0.0 0.0 0.0 0.0 0.0 0.0 0.0 0.0 0.0 0.0 0.0 0.0 0.0 0.0 0.0 0.0 0.0 0.0 0.0 0.0 0.0 0.0 0.0 0.0 0.0 0.0 0.0 0.0 0.0 0.0 0.0 0.0 0.0 0.0 0.0 0.0 0.0 0.0 437.09423497299997 0.0 0.0 368.276924364 260.963631001 4608.69327886 1537.207542614 341.240041617 1071.80854259 1168.19972313 699.002834996 1565.4739137 1451.329331205 7413.32891277 29232.4640779 1814.74593148 -9999.0 -9999.0 -9999.0
0.0 0.0 0.0 0.0 0.0 0.0 0.0 0.0 0.0 0.0 0.0 0.0 0.0 0.0 0.0 0.0 0.0 0.0 0.0 0.0 0.0 0.0 0.0 235.57283451 0.0 664.940372733 4384.13978254 3259.33375649 450.149157723 0.0 0.0 0.0 0.0 0.0 0.0 0.0 300.37052629 0.0 0.0 0.0 0.0 0.0 0.0 2206.02978687 0.0 0.0 0.0 0.0 428.701855972 8668.00874749 1400.7472636527 3165.026029963 442.620638592 2943.58901941 704.848912198 3035.62428389 1938.79717636 36864.0530653 358972.237771 9528.77743658 -9999.0 -9999.0 -9999.0
0.0 0.0 0.0 0.0 0.0 0.0 0.0 0.0 0.0 0.0 0.0 0.0 0.0 0.0 0.0 0.0 0.0 0.0 0.0 0.0 0.0 0.0 0.0 229.464562641 4413.22548823 2164.49776376 12633.826401 2564.80866529 0.0 0.0 0.0 0.0 0.0 0.0 0.0 0.0 0.0 0.0 0.0 0.0 0.0 0.0 0.0 1614.5953234 641.31262904 396.823877809 110.784680701 2929.502641866 7679.84045426 8515.72772995 664.967859343 324.299971584 1097.98145312 3607.37239609 6165.26349044 4911.56460888 21552.1894423 36059.2665823 697774.4469142 27666.0705732 803.936797725 -9999.0 -9999.0
0.0 0.0 0.0 0.0 0.0 0.0 0.0 0.0 0.0 0.0 0.0 0.0 0.0 0.0 0.0 0.0 0.0 0.0 0.0 0.0 0.0 505.008713447 1102.42190998 1492.55343204 12577.9218986 14323.863937 18833.3116178 2224.76618232 0.0 0.0 0.0 122.197042568 156.110926261 0.0 443.121238477 0.0 0.0 0.0 0.0 205.339463117 237.448713098 0.0 294.49795536 531.765186133 501.823441683 407.56288902 118.73620711 7635.17324415 4894.57587391 7067.91153141 7112.66186594 4105.46912908 5102.45838917 7042.25353962 45810.2189568 13367.6600048 6667.68154831 37073.8825769 683331.9046746 209512.3657281 2140.94820729 -9999.0 0.0
688.561392317 0.0 0.0 0.0 0.0 0.0 0.0 0.0 0.0 0.0 0.0 0.0 0.0 0.0 0.0 0.0 0.0 0.0 215.422746795 720.643413895 335.834408885 598.620682714 1612.35505437 8923.34794875 18443.9133317 25792.9533432 27858.3085429 2117.05889055 1967.61111932 710.916101212 1076.41461358 1378.53014599 0.0 205.169791253 1960.86963719 1576.8570243 1139.21815686 0.0 0.0 375.220312144 467.906048011 434.984072112 457.680824906 1015.79692148 1876.13919269 409.198115757 4049.01966143 33780.86945297 1744.58623448 12219.4089694 12551.2073654 10449.2097612 49151.8723109 29140.3367945 32941.88388738 11367.147256551 14254.810620081002 25376.029084399997 425885.3756868 722983.9965188 6954.90280642 -9999.0 640.810301399
1060.44014807 316.831892139 429.882033715 1007.86009885 433.046816245 721.187219945 259.437453629 110.565886898 144.825178813 382.019793919 475.212500107 669.098524601 515.263993555 231.918771254 350.63736392 845.962005618 758.34295663 834.343751405 694.679143044 1071.35877536 1352.01722029 1345.17345435 1890.24586569 2243.71656783 23638.0493432 46008.1774998 28144.536544 2894.02330425 18911.73081541 32691.9141955 22346.05566112 4237.48529476 1770.76901841 3870.72094445 10814.2305435 8980.91198601 548.693684971 577.067339421 438.347480453 1133.16432951 1598.26550942 2963.22206398 3031.36171718 1521.80270947 2798.57836135 346.453296287 9706.06678116 116850.71441550001 70010.8887018 11543.2951847 29169.9142062 29607.7083204 35512.5431521 76813.21469199 20316.26625485 24669.76662822 31913.795481870002 26404.50266578 56082.99934772 194711.8754644 768375.2517454 11107.84391867 467.182705413
1486.73507902 1446.03634657 1831.67710513 2100.85674003 1517.2836504 1412.66374172 1184.76946743 1236.37151216 1104.10535101 1305.97953846 2390.05215081 2963.18422143 2990.37749479 3273.63163437 1652.65722852 1551.28481897 1275.61796279 1580.32571671 1835.95305047 1585.76468765 1786.09021996 1870.48513224 2722.035446842 14556.0286932 31150.134507 37650.2008564 35597.40054346 39260.7302114 9017.36585492 57267.895444099995 25064.5765964 22681.39427583 16677.13872731 15293.475391 8582.95082705 733.431075881 1686.79244421 2706.58700378 3457.56155058 3137.36738916 9637.78843224 8237.27170776 6458.43789387 3653.77275686 5924.93825153 1536.4479069 6173.66612112 154202.68970146 197636.2540913 25026.641556000002 15585.449725980001 16711.65674676 32365.5376686 14162.0714442 6276.01447005 10722.464543040001 18792.60273123 75998.0904867 943989.1087849999 641346.7432510001 630875.098125 846996.938092 8279.153358407
4152.17651553 3060.096777639 2761.28311999 2285.85079143 1764.25591797 1521.31733907 1445.63266426 1691.1374526 1014.78762948 1536.6553479 2217.60816191 2062.37531149 3123.11524464537 2877.72630116 3124.54440918 2180.06190241 2026.39589406 1961.38949954 2113.58673035 8282.32497914 2083.75877307 2054.86651801 20523.11369711 17363.910068538 62946.6021856 31254.6228902 32391.770530759997 9648.288578970001 5967.4163357 5841.66173156 7579.417146063 11496.94412398 33202.3147128 19898.089443329998 1894.20733048 2950.1889591500003 23755.0251022 24263.8433813 16895.27463308 3240.361954359 5751.54283034 7561.96585362 2284.58941521 551.584950457 420.439337343 4241.89162825 58844.6168128 219109.73266463 192977.02284071 88940.09671556999 59398.08555382 56932.420472449994 100090.249977 97652.6653674 10492.1058727 11243.8979074 31247.22603755 197757.0575396 387835.6633945 1281626.425909 1243722.5299224 495957.21950500004 14831.7408235654
5338.53191985 4783.7296272700005 3721.07070778 2429.993065686 2178.43812753 2004.4533759 2734.059675427 13545.6189784 1614.2081164671001 0.0 2028.4577792804998 2664.009831562 2653.796393606 2812.53598317401 2676.1730629711 2783.10174816 2081.10832624 2021.34824201 3611.06497503 2059.05621688 2096.88046918 4407.26749295 12309.774311788 4271.537655706999 51328.4336302 53657.497191899995 96784.315037 10891.39676386 12809.71149194 6746.347733729999 13197.197005679998 11259.49591327 5213.1795643 5490.29927435 4721.27745105 3434.30817193 4383.31367814 28815.0388253 6539.10362628 6021.39676068 2521.1667426940003 4416.02428984 6093.75057615 1803.37383735 1718.81543385 5619.56359669 10225.74343542 124951.5477078 94161.68135160001 90313.29352636 55375.97000068 72303.13640251 95127.51856187999 216179.32954411 137464.5907712 60032.5815784 86441.2958764 255430.3943139 557433.5036927 1413713.6646984 383519.1810071 585545.8492657 4696.02908398
6521.574000709999 7985.67440385 4245.37892424 16672.8138565 5138.1103706 4098.39778651 4573.6902755 5170.90429278 2697.091449725 1428.947968405 0.0 0.0 3342.37959616 4177.7863140300005 3209.168615381 2200.68656915 1897.76200618 1723.30856037 1825.67212351 2497.511521196 2627.868653089 10054.495814262 10489.418242845 25887.67937091 45235.1409586 61977.9029031 24242.60830687 28538.91760863 11271.332517 42404.949200200004 153857.9744571 11874.28513901 5361.55517985 3956.5892809399998 3183.0273512109998 2859.6764446529996 2981.261007393 4370.23117088 3547.193457268 5935.28504656 4130.53098458 3860.06864263 6440.867020289999 4057.37932867 5413.79885848 5157.40125983 4950.37234628 83927.3803173 136211.40986090002 88607.74663223 86888.99550368 117534.14350029 95100.110651228 210966.6449528 230883.4756171 23259.842474026 73598.4435529 210647.2758453 239240.2850251 329020.42806099996 40763.933391700004 27375.5190094 7902.87789464
68862.2252357 65326.191536 5693.12017692 6298.818503029999 6255.37330904 5487.89496713 2975.397280994 1894.40009294 5987.73478465 3112.45739185 3979.9429480589997 1681.1733100840001 2570.7932367 15654.27203894 1525.04194340963 2407.201569215 22929.643224400003 21310.16677272 45886.5284758 21681.05811497 45981.4052001 22431.77444564 26210.944468449998 28163.98916524 33374.4618951 39543.1075519 26142.45196824 20090.19352307 23990.41284993 49400.698409799996 203750.1779206 5973.97749605 28636.235058800004 5038.3813665 3317.33379722 4037.29706789 4244.50986914 4953.47232952 6247.95839858 30243.5412305 42038.7455801 31981.950183599998 25581.9823683 46717.2571285 12491.16296643 8453.78903113 3419.83878188 6724.4871450400005 59413.462101419995 82274.77469592 122327.70332832 57948.512980850006 24336.237405071002 41369.41178594001 123213.54830550001 45167.2931605 395931.038834 432140.0815021 370015.0656408 155331.4600491 231217.8766276 270314.77575050003 4224.91077365
25555.877809889 9520.3604031 8908.17875669 8502.48411582 6568.652865120001 5874.40406637 6003.4966819 3988.3231513500004 39803.71790506 30265.47848852 11604.22779571 9418.99318029 9038.50995525 2142.821896085 2345.30158618 1902.880912667 3634.061253554 78576.542097 62629.1678002 140860.7504928 69712.6352683 49401.1271715 19025.13350123 43008.4270933 31886.7656681 43064.7886486 69591.2891316 59153.9905956 27083.268994109996 171917.6869867 50311.6778469 19212.73687593 32704.224505000002 4518.61684961 3767.68372403 6947.99544771 6451.00280759 8964.55841752 6535.92231387 36179.9772833 63288.348341699995 68732.1032845 43112.9841769 82119.6639653 125287.8039303 64490.094703099996 19992.851955680002 13024.7844507 70660.36890564 74027.330441 94345.82114095999 47510.571343690004 2315.7956207 16820.9220532 93984.5964825 364966.5709567 211929.874588585 671015.16781765 259266.6331427 201657.22194249998 231862.9747195 228018.9460612 4025.10538545
56926.5097623025 28528.852508392 26831.945261306 31566.190493940998 35174.27359233 17364.372724598 16215.275129972 15115.797909518 5370.1840423799995 40061.09003691 47094.249242599995 82066.86901940001 27941.206121440002 5345.18607371 12939.899503576 12582.92816731 11384.21038346 102064.1836927 16643.49627089 18167.145348089998 36331.4592486 26209.993264459998 19172.585207509997 30271.31644682 31822.08681489 25408.40107237 33414.343453 32672.214627 67659.84621609999 144227.9390229 79967.2997728 10238.09053012 6327.30625355 7745.209124290001 5872.65333361 8666.73716282 8461.80714125 7646.22426015 5459.21733433 9237.47521875 107816.4926648 97174.8488693 87901.9661655 111682.0401902 184879.24139779998 95177.641095 64582.66077922 13995.71208312 83513.97896168001 192201.45332081 147159.71041877 104772.2199862 3703.1547913229997 9751.1052381 25996.64788901 343520.3936832 132902.01126424 832075.02055463 467612.52282722003 214545.0216489 545264.7719639 309671.5574679 16652.3764139
78965.26490333 66299.0928389174 332189.69017077 374111.54125090997 411405.52604925 189780.75729089 121824.14712618 125682.34215725001 65250.031071620004 95790.59403030999 138074.41882169002 65840.7051009 42373.56499238 10006.54611969 106446.47691449 99968.0377254 66378.4109162 74882.19224860001 16289.51260868 21452.61078572 29979.2326105 16479.01107919 28364.29762574 51829.3030001 36165.644622299995 31055.3765082 24046.1865284 61677.6756493 69195.28851962 100194.97245444 72089.3712077 8674.05257996 12046.002935851 11021.542984250002 6851.470951597999 13007.56962017 9380.29094323 3534.9112502999997 8009.345344740001 16240.82268995 74344.3000793 147457.6749671 99206.2347268 97889.213571 93487.24112581 62035.7263576 37123.71777892 74357.75129406 90505.8306072 123976.8368908 202084.6374757 34616.66618431 6120.46571142 8203.82242905 62111.5828901 494098.28681119997 848211.4613522 56083.694856959 40056.49354169 32639.7554591 154932.2791563 652449.9517887 4920.0603859089
331696.63927008 304869.76884134003 334522.91836972994 411247.93014167 410205.80234861 210329.49409614003 659180.1598264 45561.59864667 308855.8337793 72045.25741713 362687.51933670003 125090.51682154 82582.3902317 88342.85948744 9987.01719398 9963.50989496 27400.906186729997 23240.170641639997 13730.64846337 20439.78292002 13818.94697685 22230.43735572 50458.909191900006 22371.447092720002 16728.73980427 12220.73687213 41595.813230060005 9913.172967692 13464.62384925 10136.39042063 13223.26378063 13688.575501270001 10133.541347594999 9778.60691187 14093.226347290001 6722.08578883 7258.74467439 13288.53593549 10288.02112238 10356.07337937 7424.3639548 9385.86536149 97165.12680580001 57084.723358 54622.580648799994 35616.3405778 40403.929752 24592.694940100002 76343.4624487 51140.759334300004 16871.99873534 13173.570703919999 28136.6124007 700603.388208 627735.986541 574357.5643502 769308.89616607 863768.4119258 617417.1902402 429124.6082268 139958.3026577 725769.4508175 10263.97356846
318532.98137386004 250608.45253767 439876.48848192004 500119.98432414 619136.55327076 83983.83384848 100870.27802616 69555.04196717 112044.68684453 57648.723311042 281692.25800434896 199473.94317508972 233616.08131553 46215.5537252 35768.6699253 49021.6777309 29945.462111 17749.14594269 25342.79246669 19877.49170382 11016.41218837 22817.19703163 22254.62102206 30568.300701300002 20383.089760820003 6245.43528619 43136.33466571 43747.38302338999 35507.60364864 21950.370580820003 2796.94070782 9359.283594717 5107.9656517 4567.81692466 4920.04137019 5694.06331054 5575.06350003 116801.11392860001 4597.827435069999 43665.3257603 4339.7192251100005 20924.87466765 20226.42327375 48073.060990900005 32932.1914222 23472.86447412 30857.195665 56695.6511524 69995.88243545 52300.7327059 275934.035628 19501.26560553 44835.21414176001 252670.836706 400433.609369 491573.59874000004 715967.9861932 824519.4745594 706971.1216806001 286582.8257858 455646.4454864 614852.6004873 6881.96828139
451962.43672796997 340001.84641611 407658.78254204994 366257.23769962 445430.98427618004 583852.5872991 98208.65775836 315979.68509691 70842.98193866 318310.77784741 33245.64036345 15819.92631957 19436.07595059 84604.6984336 41072.3463541 32702.4054924 17152.96548198 19070.73808123 22954.479012080003 59325.03799582001 24866.9840541 17595.80536159 28664.7900931 9701.610296218 4903.46714628 5821.328092870001 8013.12053958 7661.2220258 5877.48056072 15571.27722016 9400.24598698 0.0 8808.14992254 39557.080874299994 27464.42231288 38611.633653 19045.66634105 29971.2175373 30574.829578899997 24531.1937449 35293.2711713 20120.07403198 35584.6329862 23267.801550509997 29225.49376796 38768.838527 29120.03067601 36765.0929586 39151.7246278 39119.977777 165764.8098425 70894.2894685 844637.493989 375587.77258899994 570374.719098 1034490.88761 87630.31403738 74618.2338151 1240812.5774148 89529.88357955801 987721.1295379399 608682.1744611 1498.1480216
505241.28178124 534556.0269489001 348475.9238429 266391.03499903 375641.45447328 322327.6005074 267273.67526101 226797.03196363 157208.87668073003 174998.41375082 87084.63834198 77128.132724 17383.55095048 162669.06090470002 117498.0224818 58264.92994499 71254.10476639999 26998.830573619998 50476.8491993 37040.4069077 29501.672862400002 9738.75924882 12935.3227914 4408.40996138 0.0 4467.191892273 6585.745155930999 10998.593593099999 7293.67336594 34174.1018917 26268.92181031 23156.5922313 25701.4017101 66835.1534659 45447.759868299996 52831.8129198 48579.8410181 55650.5371718 49664.894862999994 31657.045073 36074.5281922 17134.24416168 7218.67848348 7200.286695217 16320.307087000001 15793.70820144 19768.6999813 15035.40190194 40809.7674338 26018.236985199997 158677.9873053 291633.50589130004 358603.32929240004 1725067.8814726 392740.170042 200651.1138334 477068.9847232 1992945.8671229999 877028.6854907 596799.3745376 851929.6362986 151289.9511957 13163.607323984
253205.60762163 315373.86102407 260513.35236941 288451.75104209996 333786.07213526 770879.0560831 340860.01031048 313317.47365289996 41222.91066478 69546.49737256 38064.24072627 16235.40794786 102178.395287 135495.0814399 175644.19101319998 86978.8635402 60128.51770641 93718.30144488 94187.44013282 22635.7736699 6003.5884738 2415.235404887 2932.60243834 3789.140883319 2832.6151915 29493.2384887 2358.4250835 0.0 0.0 15599.7080288 32816.0806479 35091.2489394 29108.8254734 44558.0342578 17323.1867816 31851.98381235 50894.7113232 58807.8134194 59724.1286034 23623.421972620003 11099.01709128 22543.25955833 2154.299999793 0.0 11466.940449779999 26981.3917037 23692.6737621 15050.77739069 37356.8587506 19169.33037846 38398.044824000004 885570.6204171 1405611.2504774 1649499.4799106 638327.716992 153612.1563801 318079.4661461 616450.49949687 513798.3158918 629734.3195994201 520169.40271123004 95397.5923902 215887.2054272
202299.2605401 236025.79155284 186741.11320094 173380.46326518 172265.0021939 317017.8125034 184548.71698816 7962.398105769999 12723.422840004 5262.628101169999 5920.519304281999 1812.501361467 2506.54084144 50515.786686399995 61681.588716800004 19844.30587203 82545.14366670001 100742.33309906999 56825.20640532 16838.175258889998 1649.70134299 640.652540858 1691.62012139 476.227569441 311.713420439 161.110591769 0.0 0.0 0.0 0.0 11154.4816586 21669.3714684 32171.49273 40581.81923474 0.0 18292.459017242 31513.21536145 73806.8336586 101715.0793449 80863.9563304 43675.8339217 11515.36413072 15959.48292407 7995.29253988 25170.374849400003 27494.3417884 48366.83875548 22617.187592000002 10080.733636902 7823.75100547 0.0 336555.686763 661927.5359067001 761600.8259334 189331.14630904 343446.63182560005 326903.3072788 447639.65342419996 566979.462584 215109.01249660001 296175.00536129 537359.1046975 158360.2961715
221061.01750326 227792.26385222998 183685.81723251002 124867.6783163 95527.07122 49585.69069335 35033.11698894 11944.5374463 10830.142648085 65669.19310046 22114.5394152 23571.04015846 7588.271758108 18760.39803291 15034.679160400001 16581.554602340002 18059.3721747 7523.24877367 2072.12116232 5648.586261338 3159.83966632 836.099779404 872.468157797 2176.69480972 164.081257424 0.0 0.0 0.0 0.0 0.0 0.0 0.0 27150.6874198 62429.2908528 51811.96511367 31012.9783207908 31926.84263845 60101.4643435 53471.3901742 45526.467031399996 41565.0810526 29834.090179500003 22132.98269334 14515.173852169999 14547.7211711 18470.82527819 16419.06823597 11139.154217383999 9672.21769611 3898.69588334 1725.0956233089998 30255.79901597 61299.73685080001 75716.5049184 238080.6288904 380769.4145487 399836.210978 743314.0925313 491731.16753131 105675.8496565 21704.51431701 684116.3984963 127180.56392079999
285280.60310279 309149.01688868995 119433.8367793 94033.94539210001 360540.240016 442847.0991314 106071.0394229 12330.41844723 25654.58409618 129271.77398689999 142785.22448520001 11182.015120529999 1910.77234554 40188.30621752 75233.36306429 15023.40653326 19674.69063157 17018.29918332 3579.3728307700003 2440.03828965 2722.00124629 1464.67425838 1398.59727516 1571.33801335 3175.23055165 0.0 0.0 0.0 0.0 0.0 0.0 0.0 7919.77597753 34744.4347192 45456.01463554 38984.7504199 34553.8632046 48709.02947603 53523.249301799995 44709.8326528 26818.6262514 23395.05946786 17003.241721071 10352.80399219 19523.07147062 15810.244763589999 14181.25490186 15643.97477733 20087.82995462 22396.2180779 11971.357774996 25412.9426834 63493.1113506 319404.7074015 229959.5100901 225856.9685563 228899.842843 739901.0395147699 346976.23203640996 325462.7977853 12724.23753561 171182.20853509998 351879.10987090005
525954.6146802 274438.3298063 43744.0181898 150249.5787052 1088472.551113 155779.85247470002 15600.63466997 5006.61859975 10113.74451681 9564.6383281 21404.80847276 7885.71357272 29140.45389085 26179.17956656 54601.7471104 45763.8451836 44023.5400555 23490.28126746 4964.19058468 0.0 4445.03322944 4236.78026125 1553.03939739 3358.29683348 1702.12389966 4349.387129209999 0.0 0.0 0.0 0.0 0.0 0.0 0.0 0.0 26268.0197787 39410.9110251 30154.8724254 57788.343840899994 1350.35993161 2525.1426142 38518.6349383 66643.5833122 33130.2889373 28693.092345899997 11261.902327204 9080.020787238 13822.93847659 13935.73852759 7567.46317144 6999.00357677 11861.16999808 12266.2958613 69891.8100069 133694.2196527 81795.2367447 125073.1079749 118266.2318149 3010822.077029 329275.51794219995 487244.9535758 26632.211006999998 34689.786126107 38099.8540028
158556.05799220002 182276.20013920002 282112.905592 615295.6195948999 21022.956845840003 13218.36536918 6010.39999218 6235.03816699 7389.70170904 7147.766584540001 16672.469533260002 9172.28018737 14756.567444690001 12102.400966322 11203.2409144 6692.42321152 10320.825357239999 1547.22308799 0.0 0.0 2183.799777236 1527.13165278 0.0 0.0 2738.91221601 1359.24983184 1331.39815872 0.0 0.0 0.0 0.0 0.0 0.0 0.0 7713.01134537 43486.6366035 44965.6228227 52014.52701473 20862.4406108 6597.18775807 14727.93160682 54404.3890424 50212.5765154 27930.48423524 20428.76092846 21644.660099499997 37776.7699026 26546.850297 485.14104368899996 0.0 0.0 33672.8399905 79467.4592074 42184.35265022 56131.02212803 656846.6945488 1496712.021011 1023822.930162 328066.2407642 144221.1027714 71022.7538955 8329.885796710001 16743.4455223
