critload/trunk/input/1999/nero_ag.asc
ncols 720
nrows 360
xllcorner -180
yllcorner -90
cellsize 0.5
NODATA_value -9999
[rows 168 to 195 of 360, columns 378 to 440 of 720]
32119.0302678 17989.53662358 802510.5258640001 142327.1696882 24488.7624383 3720.31224783 3018.81230629 2295.23432031 17184.867184035 7523.86042539 14838.40361819 18022.48205262 16761.84116095 71022.89598860001 869.651879281 8970.81369567 3149.18415027 2571.81967813 0.0 0.0 23331.83494338 2063.056236637 2665.0787374399997 5777.68375081 2891.37464695 2598.59144307 0.0 0.0 0.0 0.0 0.0 0.0 0.0 0.0 0.0 4376.23057526 67358.1282049 57077.825811400005 35551.0379852 59646.4755864 41828.57359889 54966.7494327 60870.7599501 28336.79706508 27182.03431536 6989.341968520001 5787.06037389 10665.59490736 0.0 0.0 0.0 50223.58570647 47302.884764004004 7159.08633064 25434.0248184 75753.1784344 2029991.066146 1445983.136037 108993.06731740001 20368.53018979 26943.90787454 19503.0391286 32046.1776242
9327.41712204 187714.3721337 339784.98127 66494.0689379 24785.97716403 4632.68631986 16686.92702802 3683.8105237 12413.579489267 7398.4742240900005 28682.805592800003 12219.3665815 3042.093769858 1374.94916304 1388.11182812 1496.49746197 8096.536578165 5991.32001506 1628.38641437 0.0 3324.33720043 6461.7358404999995 7907.206857986999 1568.39582137 12158.31426807 597.040160069 0.0 0.0 0.0 0.0 0.0 26545.8910372 2782.90538003 2133.6896272040003 16972.2729683 0.0 44071.7628236 65816.80197530001 49374.84078926 36891.1749055 75514.8343533 64134.1889359 80100.0657513 62549.8161158 30977.70014955 0.0 0.0 8593.19937518 22687.142936490003 29461.793750099998 16714.62437384 34778.35958923 25688.7723332 14801.5530831 5490.1768876482 16032.535118650001 105560.4773729 35183.00877355 25352.0531867 15515.2599278 12787.5925418 32311.215952739 37710.7287565
199059.8600636 586470.9651187999 27287.058705279997 31811.191635069998 87246.38334324 49775.34355809 42281.73383263 25209.64377191 25382.05285185 28964.37331839 80242.12660404 16734.95174424 10504.6951771 2243.812679381 1112.097339 714.860991816 5627.1242548 3838.36339278 18333.64724976 0.0 4367.21472738 9193.68015213 7091.6865784 26740.199374850003 32561.33107054 2969.7529547970003 1430.7078828435 26729.467891 14365.796756815998 13342.131882916 1555.0199841 1570.69275082 0.0 0.0 0.0 0.0 2394.87468641 41523.0047472 219479.8653948 115634.26905989999 113564.3888317 83705.1277668 74186.1166822 128056.9394493 83007.9365729 19531.71940609 26874.9374797 57192.653201099994 40562.5930747 36807.0079021 17397.54641259 39016.7643531 11119.2744319 24896.0068096 375.14302343 6859.76954169 6293.38468936 915.0757074 8910.50983971 16446.4193164 8971.04983794 16854.9581845 36482.1860219
493785.56047910004 76911.6143775 85216.8564635 170183.80650153 431184.12875980005 154907.32986640002 20468.09869737 17204.91688079 12885.76638571 5568.5917284 44652.64129221 63280.65825801 46634.31030994 34775.040799359995 0.0 232.462894544 1119.690128527 5051.62066442 17185.78296411 34523.30680896 6857.60731011 2970.967427 10914.19082051 16799.923184400002 45955.584962069996 11104.772470240001 1251.1801016269999 8840.720330518001 0.0 0.0 0.0 0.0 9452.657507646001 0.0 1462.16184175 1344.08569856 2533.4855287279997 1635.541449594 45870.438538940005 16921.63382959 7910.75851896 6749.199872331001 67687.8044796 130097.96610729999 193817.7295755 41745.362259500005 77815.7994126 160495.6227566 151723.5384521 123957.2454347 20918.72820442 6144.2424374 2137.15804878 4061.92369629 2372.39359636 12459.4425095 20520.919396987 0.0 0.0 0.0 0.0 0.0 2956.372290011
-9999.0 39295.2772473 152539.9807784 127451.31136519 177949.14272402 148642.83558509 42681.30158436 19778.27125645 8352.746495923999 0.0 4837.91965052 0.0 28181.49167259 9431.21434908 17702.89633177 0.0 0.0 19697.21865903 22687.38196976 8672.0012085 22233.41919286 17957.63336583 15312.12873877 17315.212371460002 0.0 0.0 13385.651352379999 25610.46136254 4012.12363675 16150.962109740001 0.0 6537.2793385840005 3287.030573276 9728.83923623 12793.55766973 3298.30109906 2956.2915511710003 4814.24609744 7922.44020774 9037.95834351 1066.1101697 18567.250615279998 36974.224243209996 214034.2883625 198482.327663 53803.44308897 85569.8161007 125661.5214203 89055.6631089 130072.707276 27876.822746820002 2688.85749955 3490.73747148 2066.83389602 4531.93348272 11425.3416515 6016.79052838 11689.500145 4119.26407344 14094.12140283 0.0 6728.03320877 4735.94569664
-9999.0 7049.09755314 84695.2666059 74125.0619403 78617.21561166 81921.12631994001 47385.79301075 16428.932506064004 0.0 7599.5419765 0.0 8303.15773254 15086.833536741 0.0 24626.03606767 182.296628182 0.0 0.0 905.249234953 9100.26694168 12289.20261427 42226.57892146 37585.125035360004 20023.18891968 0.0 0.0 4645.82263647 5036.20799725 0.0 7821.942080605 0.0 0.0 5474.800482129 15585.32635523 4640.1234478999995 12394.018325609999 6477.0129009580005 6267.177189737 1161.76758236 1644.343206353 3165.05900904 30753.82699393 25960.585346320004 159003.29078806 258301.06498916 32142.41196664 18112.44441415 257931.37927566 170368.4378679 158686.3693561 54048.7550313 6446.36749019 13205.014682 2405.590431844 3415.17957745 9484.8320254 2081.47644748 4087.5778371 4482.191530191 5190.92103651 8070.903033091 5285.1333509494 4480.240882731
-9999.0 15253.464880020001 143948.50858892998 22075.111194229998 84391.9079853 39758.6899689 20416.92404448 31158.228127836 11407.74627364 6015.23263665 5645.47165753 0.0 4508.806875820001 0.0 6353.030271199999 0.0 0.0 1341.66827764 2164.2643964 5278.744333728 19760.69601493 18015.99213893 23961.4311907 13612.82083552 9367.77996868 17929.06916104 42149.04321142 23768.926872879998 9851.465632561 16054.32452156 0.0 15074.60324786 0.0 13379.96132 6263.604753061 0.0 21317.15160654 33748.04604504 2905.085128893 5940.91160643 1432.71321886 6995.32085753 55134.998720899996 655130.2610339 44325.94063595 20774.6510746 291676.81717523 248098.82069401 159820.81976069 104078.19132849999 74506.17618339 15083.03475362 8271.80135636 2924.78650757 2094.35892924976 16245.7660862 7006.06916522 1868.71680709 2222.73403201 1910.79118216 3839.9925395678997 6388.983065089 8266.89401962
-9999.0 3262.2842125241 110811.87096761 46293.70239512 54215.69309637 9413.95020462 6369.577522284 3475.62395422 1464.14535711 0.0 30769.20726637 4478.48828975 24622.78848766 0.0 1239.90025192 0.0 1792.28254608 11381.4471651 3277.202622713 0.0 2861.042192503 2731.700320334 9310.1091278 4425.85330704 6467.542508850001 27809.656269239997 19502.16135643 16793.49282426 19514.57957077 0.0 0.0 0.0 0.0 0.0 0.0 0.0 3942.8984273899996 18202.007779120002 9818.66334144 0.0 4326.76018149 9478.21519202 133810.7634463 595707.5760778 345653.0895532 0.0 281741.54434620996 324379.38631499 340509.8879475 185861.9421782 101056.7552091 79418.98205980001 15124.38775054 3454.82510387 4139.614875222 8731.64291607 5191.168284357 4232.83117891 3322.74015402 2063.09817684 4505.7298163618 4799.014028247 4910.96225043
-9999.0 2559.014389255 75798.64669565001 36608.470330200005 28286.16456606 8384.50834273 2566.79078713 3047.89844861 1202.95562948 3517.628035923 1451.76651082 125411.1761317 8723.3927309 14594.97401201 4165.986620600001 0.0 4706.81661859 27362.8062678 4252.34107156 0.0 1086.200132752 3658.1750524930003 3588.5362787560002 3631.81869964 2222.872872395 6826.41315337 0.0 890.375395085 2522.321219839 1443.131370995 0.0 0.0 5817.779114272 3223.549241332 2236.211258804 0.0 1301.97979466 0.0 0.0 0.0 12998.1618562 48421.0074037 676799.2754896 146164.5425127 91565.72314922001 233577.90538441 223620.33406532998 187450.67675190998 333434.43865294 292194.1560496 98664.29732419999 158316.30797650001 44337.3904556 8331.67125884 4290.45876112 10804.63162574 21958.256855 3524.72859736 6915.44544651 5684.07012754 4165.63942151 3938.35256116 4661.48320422
10.6105979421 11932.7143235 44675.25309557 23844.537302840003 4341.427097690001 5895.96447443 4206.31751864 0.0 0.0 1694.228999 3876.59061824 2200.86622994 8425.32701865 4374.48467766 1662.66367993 0.0 6545.30046466 5758.08478656 1345.946928467 0.0 0.0 4440.457421974 0.0 0.0 0.0 0.0 0.0 0.0 7641.153356457 9219.09410161 2494.7740067699997 1468.944692241 7961.53736631 0.0 0.0 0.0 1257.00088158 4355.31478847 0.0 0.0 18206.96717627 80963.793383 234829.92920910002 87159.11279048999 222044.61373766 182580.60688262 231821.3817613 203297.63597237002 232808.64464655 339140.77584161004 988078.5411997 1374491.2119735999 707386.7585369999 21977.50948102 8448.36126622 25036.18621091 23566.4436477 8044.23760276 3433.78165333 7142.876324962001 7882.30942289 4113.14917879 5660.06834817
2388.43245208 12697.8838917 26192.1006044 10855.1416687 5856.702559746001 2685.8828081 0.0 5059.97703715 1675.91791168 1276.40516484 10906.717508237 16736.61891335 9472.3708646 7302.204341471001 0.0 2459.71835293 20177.90726105 8639.05535466 0.0 0.0 0.0 0.0 0.0 0.0 0.0 0.0 5277.184620104 5689.44635457 0.0 11629.53216989 25905.16484157 10557.87618035 22764.21776829 0.0 0.0 0.0 0.0 0.0 0.0 8980.20030467 141019.7309238 154193.09304920002 1778536.1545874001 469478.77016931004 153085.27769907 320361.1532558 266097.6964132 421368.3234131 492881.6064437 437420.40600588004 1050596.55108987 1993066.1865737399 650863.58765039 25659.95876309 13395.09097085 101480.36160019999 7687.233088542 8779.115153284 7938.11584086 6128.7928528600005 5271.71817731 4774.00353605 3745.28497075
1651.079006447 53930.0740834 49781.965071 34072.2712466 5286.88348486 14442.0002301 11395.9676542 4800.29768115 4923.42130958 4752.96218719 1424.1981567 102719.59075034999 49229.10737917 15711.96380537 6961.393475500001 4517.30366762 19622.244709 2706.11008456 6173.69697241 0.0 0.0 0.0 0.0 0.0 0.0 0.0 3660.317595826 6281.42259005 0.0 9242.80843915 9644.65754281 19262.636648387997 24002.207444300002 6279.9388261369995 0.0 0.0 0.0 0.0 4234.40872415 21152.08295419 486116.9231183 721557.2583105 365204.6101186 201321.39376414 202365.21806506 260191.56017148 648410.3733711101 402246.4098357 14230.080523046001 243873.668171409 745847.62804209 1858220.26357756 1086493.29804763 50470.51686499 75385.21548599999 43722.6305942 35255.53677829 46714.333090579996 6876.03443252 8990.35403501 4780.26503981 3948.11465335 3929.22366457
10439.02420866 2321.062900209 14207.146537569999 27349.112907289 45510.7544517 68504.6859101 5487.58627775 14278.7468457 5922.04944676 1264.98654012 38210.33142768 49353.99107046 28221.56075004 48162.5440955 8352.33734619 2182.19379277 26657.38937133 8044.04036466 2162.54117326 2150.656031714 4549.769263372 0.0 1065.859074379 5052.93940678 3818.081791221 3936.614722552 0.0 0.0 0.0 14070.524831399998 11105.36239145 0.0 7338.392134122 3847.599839643 0.0 0.0 0.0 0.0 1742.4512723 34173.86579011 749215.3172424 13019.30048711 350662.7480115 356829.80724659003 398809.31244800997 2042344.7373052 3586.199348538 0.0 0.0 0.0 193339.9322820979 448439.32265186997 1264562.57746533 371027.08031958 90087.75377396 217097.80416970002 1642979.702051 613860.7008514 88915.4757006 6614.40330066 10542.79494977 5632.000426116 3478.51000729
22532.816005300003 17343.11899584 15862.12979793 26104.9124271 7737.34564653 10684.94478103 14007.1720399 14779.832821490001 1206.23629453 2375.69969728 20669.46449343 8815.52070724 46240.9531016 38501.2910534 42844.3271676 11733.718346500002 54415.932713300004 4704.04686297 17748.77265941 766.768501674 0.0 0.0 0.0 0.0 0.0 2530.8275939220002 7281.00942687 5544.90762575 2149.129668168 3783.082787677 10326.05097316 0.0 1181.43905656 533.474734226 4463.267769564 8078.5585390119995 0.0 0.0 20574.667704389998 265099.73171170003 559839.4022625 568991.929663506 1640319.9173792 706568.6471857 494869.61164251005 402504.40332996 0.0 0.0 0.0 0.0 492039.95704313 2687846.912290293 1622025.13176135 1076611.0458482 980574.678502 1594721.756633 663869.0389038 389558.93228899996 178956.04899098002 15683.64228373 6261.15614889 7915.7501694699995 6329.870072982
8366.8602164 6184.6631229 1780.66466594 19760.5037197 24471.5028738 8324.9122524 32243.44222723 11306.5251535 36368.16601428 38530.87078754 26937.988154939998 8430.38999313 122818.350844 28622.3499694 29753.5634171 42901.6705505 8982.786573469999 0.0 685.627936479 654.619586084 0.0 0.0 0.0 0.0 0.0 0.0 2911.033092409 5382.384210300001 4526.77811369 2087.053734131 0.0 0.0 0.0 2939.287119812 2933.997578229 0.0 0.0 0.0 10651.020643 546491.8739169 801050.2250949 3301102.0774204 2636065.7836124 221776.9097748 55325.8184275 42314.760282480005 0.0 0.0 0.0 15976.846527827 584405.5697726699 384262.66478847 42393.79021421 34802.2375476 64117.8354848 770582.3881346 330754.63455089997 431286.5890093 196503.66071178002 17193.46640555 7024.241807361 7671.94920266 4768.1194407353
3727.76692152 1015.10117611 38019.1372105 17712.8101658 54602.48479809 8144.00955171 4962.603773 9402.61377525 86860.80936066 6214.42656665 28502.27093837 9426.23178179 6421.585709528 95421.20733969999 143385.55171879998 4637.27715819 0.0 3036.0511993 2228.47252675 578.601559364 588.216070809 0.0 0.0 0.0 0.0 0.0 0.0 0.0 0.0 0.0 0.0 0.0 699.834827114 762.379298546 1941.64397328 3198.31397072 8456.84931937 4290.3116562 69460.0670658 362691.8471768 1249044.9409481 3223415.1219572704 1323206.5133872 517678.8306136 48493.0349459 30427.629718940003 0.0 0.0 11535.2297780922 413413.40482391004 346109.6030275 229095.71365730002 31946.15388717 59959.74342679999 17781.1610872 45842.1643247 160921.7071879 410301.7640491 162584.52946256998 7165.95280465 5573.30115904 5073.08069737 6388.7402987840005
0.0 9829.63496972 19634.2462495 11216.08328633 110546.34127757 11727.6221988 3877.7393026 16778.44286425 9585.790966965 48431.3243916 26740.1776704 277461.8438573 7351.03992073 8072.684981840001 3324.06407326 2469.046571708 3424.43431628 1727.1988568329998 4006.981448076 625.979151612 531.314390184 0.0 0.0 0.0 0.0 0.0 0.0 0.0 0.0 0.0 2824.34103873 0.0 0.0 0.0 1828.19741331 1327.49298651 11820.53303444 40068.7340133 154165.1757052 254536.79712220002 565703.89093203 3486675.4001682 973295.44875737 718408.158238 28512.15993182 12523.02097874 15565.381838776 11093.200539472999 35157.950611238004 212605.66527486 75759.5122887 11906.498668299999 36611.6710104 3384.455961478 6887.799092296 46853.610015700004 38754.2827346 70928.2055946 116297.60431166 891.020337106 6717.99764772 9377.3200893 14199.280821960001
-9999.0 1848.70152027 18240.51081567 94387.96231850999 74532.77291926 87195.394654 31351.667149 18222.94810745 17853.6633173 22652.14162035 13072.86993312 13264.162855969 348154.76341570006 8443.54056904 3323.1979044199998 3550.27710918 3149.27064325 8679.36886834 9427.32360311 4846.45742196 0.0 0.0 0.0 0.0 0.0 0.0 0.0 0.0 4883.14372923 0.0 0.0 0.0 1411.6652478719998 9379.918680323 13480.69738577 10039.125832370999 18654.19921541 31280.92492594 53516.7459296 550410.7246414999 3309034.5965393 1518427.47409522 2006393.5159403998 459709.4065636 65200.57529569999 138628.24386329 332431.7104013 217952.40073743 300284.95980396 128911.79418126 102822.11932165001 3043.24635772 1810.53305282 0.0 87569.5830745 45915.952781500004 94753.0808812 62016.624507600005 54891.451008640004 0.0 7508.7626351789995 1549.3944487 2245.149013201
-9999.0 -9999.0 1701.510190357 22661.5735131 184171.4018797 122994.44572409999 31788.343323099998 24818.252786629997 12708.4426381 27610.39968931 48291.2635064 15519.60300947 15477.68122444 4837.1027456 2404.590008 634.589542128 10246.61656164 8215.56317046 21610.65754926 4564.18895937 0.0 0.0 0.0 0.0 0.0 3185.4046123200005 5123.60094468 3754.26459742 17170.15026137 23859.58738855 12672.045130299999 2147.79030694 1386.0537752 9567.88062546 9169.92091941 2927.008468 2829.51260281 16011.645975750002 190283.41516439998 118763.8817558 973163.5682883 1829277.8521273 1614527.3166951 681119.9189219 51462.5549052 88960.6239728 254594.0468985 213589.9255588 211704.6720409 198175.19027166 96680.11961793 37350.3162205 142994.80569494 450468.30370560003 565164.736078 274486.1129408 716413.2677449 158074.0192884 107589.7356545 2175.1341780400003 16349.372164740002 12973.208638012999 2548.1612997669
-9999.0 -9999.0 -9999.0 1393.98100423 21890.856501449998 65692.3537954 52618.7105613 46513.8247905 42022.4547048 83416.3098389 77132.1174775 14752.53599871 20897.29136282 119425.8165014 953.747935708 1569.324390284 852.934737479 1256.596098492 776.2148839609999 6295.92317206 2264.05347742 0.0 0.0 0.0 2546.7054299 13412.088622930001 6768.25579561 0.0 42179.73362776 60357.1655782 37907.57979257 17673.638500459998 3109.70222029 10387.52109054 12977.57405818 5473.038857175 8882.25175758 17895.48350888 53272.2723739 360228.89930050005 857796.5409703 1373445.8484657002 776803.3835402001 85230.03595233001 7624.8016589300005 13899.038443550002 134766.91390604002 175887.82815468 217496.08968109 96942.38398033 83192.76765604 43984.1812804 88109.055994 85016.1623689 112577.962512 137981.8776886 81712.0856529 86566.5421535 41703.3905425 27088.78163158 97254.26187159 115976.30384754999 -9999.0
-9999.0 -9999.0 -9999.0 -9999.0 4769.52838377 36732.818847200004 43190.72840488 121074.65968059999 76446.96645390001 144104.6599711 71757.6934969 73330.7146261 141982.1477055 9576.73096712 3619.4467646499997 48353.8952325 1316.689566989 1991.441827073 3054.987269928 1943.1617427850001 1550.9445321990002 2934.504507536 17711.778101 24788.62694109 11101.862883310001 18123.554388149998 10921.19733617 9183.00035097 3256.74942551 2461.33097633 44912.2430566 30108.7407074 4987.71237148 3659.4393238000002 14505.40736849 16991.64227813 19317.48448586 4903.07839943 53692.822291599994 73438.60016234999 55815.556049889994 1920060.3042841 142684.9475984 8711.50741944 5176.594105637 6004.141043510001 52290.4695304 149919.661761 138027.19421212998 83754.30114173 129937.17465415 176850.576919 152203.9371475 198242.1320574 19606.120253330002 37063.339663399995 46404.3206921 198529.689007 39453.4249639 20824.5467029 95001.25232802 3297.7916315879997 -9999.0
-9999.0 -9999.0 -9999.0 -9999.0 -9999.0 1738.033150365 4336.08204814 16492.721076050002 57344.728183800005 55869.3647539 26242.1636368 66172.4304919 2024.680889738 2390.633162446 2242.775139665 4185.64495164 52494.9648084 5003.9651986 5014.81218258 4582.150169385 2519.48704758 14234.859368770001 4128.63841968 1169.503463168 37672.76949004 44559.37142414 23038.39585666 18724.09160128 8155.097170684 4683.47816715 20617.28506486 32540.6350397 4082.6212254800002 1382.408806717 6783.31469417 9740.64879752 12697.330493020001 0.0 4788.744522207 91427.8976662 0.0 168961.89844566002 77087.4659834 8912.05484814 5685.490209552 10750.35052367 116734.89973353999 69427.1524887 81395.55866170999 34101.92197942 103312.51389655999 195105.54550399998 110219.5306435 204595.3612426 55239.345228000006 23339.61893447 37733.4560096 36361.01763584 194913.3590852 92903.643999 5711.618017977 0.0 -9999.0
-9999.0 -9999.0 -9999.0 -9999.0 -9999.0 -9999.0 3023.94566383 54247.945246330004 12440.41141773 68804.6503545 26867.55822622 34234.9585951 24834.079119989998 1151.99026861 1687.55833383 3171.78863375 21714.5508034 1431.431885195 5037.15302306 26215.78055237 2983.924611985 15656.31937796 14902.047604759999 2532.78657844 38089.58618368 31500.74817039 28420.5507703 10520.73942611 6890.51163257 11664.12168163 22105.3931468 31677.2650649 11834.10790739 8669.71167461 5006.92380812 13942.75100816 34577.22231709 2776.19464177 2500.61564833 4143.55741455 12100.0437802 16889.60304284 45945.7444913 17392.24474043 11236.75062083 27833.913086149998 67295.8873088 95404.35935356999 96436.73083419999 60879.009258699996 47576.1662542 133382.97054802 75077.50144739999 208732.0028674 176779.5929468 32783.4884055 36590.644814 24571.2508963 107795.7756961 175887.99701214 1581.302555214 4609.642059087 -9999.0
-9999.0 -9999.0 -9999.0 -9999.0 -9999.0 -9999.0 20582.43186936 3130.410049055 55338.7305663 67741.1837759 44895.923665199996 63738.840259699995 22301.61563798 1166.85741681 10215.030536839999 28087.1403059 43237.4212272 1577.966787442 5210.00477502 3837.67048844 7196.81692628 3973.44072848 33955.17269301 15983.15318325 17320.63820699 9047.61980707 37088.52935795 21733.66927556 38322.48895877 26424.220228090002 11157.47646465 26607.3999836 9287.830697239999 6486.1807049 7128.43235886 18058.58076603 16076.1064577 8521.220091160001 7713.40746071 15425.02040499 8952.76508828 8838.969552581 54839.099734999996 9412.36050873 8542.264777831999 8546.71517194 14602.465660419999 72873.4438976 19853.39909164 17346.83056278 59806.2290439 105179.0120365 67909.2601408 223991.59268429 116827.4803317 77028.7183386 154164.97016660002 30785.70144855 98305.8039939 37972.664251199996 2547.4398861027 -9999.0 -9999.0
-9999.0 -9999.0 -9999.0 -9999.0 -9999.0 -9999.0 778.866430074 8371.33187549 22233.760200149998 113656.1592028 146510.02020959998 140132.06382850002 4612.02942594 2940.749655311 7512.46393417 5940.27052454 13413.661005729999 953.2947318659999 1903.66154847 2678.2446234090003 3858.4329317399997 17042.20173525 2642.31677352 63950.767100900004 22758.09923315 20392.11904738 36250.15231777 40094.4446014 81777.82309979999 132330.8845594 13468.49064383 15649.26727188 15869.28108528 6287.2480586599995 4969.528794100001 13909.334542069999 7021.0958595600005 11333.899776049999 12380.26429805 5874.22180224 17573.73637065 9124.46173178 58544.660298400006 54236.3702999 99172.17245905 18904.14387604 23869.4582753 11855.60555287 17597.48613032 24773.91782305 66918.0539123 73449.37760010001 35532.9135156 190818.1698396 278530.9859135 431174.97078150004 189231.5997568 38996.365254899996 79395.2303804 3672.6605290790003 5903.349855154001 10014.984821389999 -9999.0
-9999.0 -9999.0 -9999.0 -9999.0 -9999.0 -9999.0 -9999.0 132.9061032258 76742.6541512 80797.8704302 84064.9392089 110493.375334 3531.025637222 2725.2936360999997 3089.88106466 1304.71741048 2718.25532267 1169.5720012 183.620124346 297.15967773399996 669.494968601 287.811022696 251.253863801 4904.09476407 19997.73515768 28500.8860628 21893.48755836 10492.93760642 31349.114069839998 130963.19765019999 51100.675191300004 6269.689134599999 19605.75863093 24216.019298 9376.1619233 9472.17182244 2950.51937818 7337.75371566 4104.67648197 13591.8195295 24244.4039171 0.0 9615.87120808 28815.60179082 14537.6249417 16784.68030727 43069.5363822 18118.01685506 24607.3778725 46304.0130237 81293.4315793 44447.9884688 30610.979791600002 90557.22450770001 417884.32104959997 290891.48242059996 48366.243850599996 132309.7320327 30231.05630854 32186.13909469 74096.58498068001 -9999.0 -9999.0
-9999.0 -9999.0 -9999.0 -9999.0 -9999.0 -9999.0 -9999.0 1927.2372265440001 33964.115521800006 82935.9829223 150029.9311215 124211.7581737 33658.428404139995 1872.45240281 1409.61879728 6579.03055505 1167.1018097820001 5839.461793660001 2359.80542022 343.6148087001 129.518006072 2807.3232084250003 1112.42169352 678.723190646 1169.94450476 15162.41647908 9145.50152714 3302.67328543 19540.44200761 34806.1880977 20911.55922096 13246.56804766 10480.79574795 19417.72524478 1733.49616188 8469.14178015 20364.198799780002 4833.01893386 25611.31109148 38662.85055537 66517.9487719 396969.8348696 0.0 77913.81375510001 166165.47629289998 21200.503469709998 19850.922336 14504.109362119 21595.76870529 29297.3961728 20422.085869230003 9101.98506585 38263.8608354 94437.79326490001 281907.0709249 122998.3945619 55550.182212700005 69081.477006 12089.58839134 13471.95310779 69716.33864952 -9999.0 -9999.0
-9999.0 -9999.0 -9999.0 -9999.0 -9999.0 -9999.0 -9999.0 -9999.0 1378.70466209 28038.54754701 91516.7914998 122477.9580896 46804.6425094 1653.13908898 1103.55960741 4191.2676767699995 2711.48753102 298.500230856 2348.0865631 170.841645633 757.0448968810999 4129.098646334 4557.313744432 2644.43629374 5214.15582284 19761.6098501 3144.0567729 1660.09787543 12163.2962042 12367.84789528 9941.45499206 10504.86561044 16463.39409383 2734.34611236 8112.97279844 44950.999682220005 15299.88440965 603.791409502 15809.78334816 25227.0828979 12432.678661 185461.589058 24646.69832525 40756.9159382 124560.2056016 70040.60603395 3198.213925119 21378.143905618 36899.85579346 28455.14602442 0.0 4823.17234992 288425.3264697 340090.5120083 289063.2711483 216355.78340390002 5381.74084418 15583.605812060001 14460.375465090001 13212.97600538 36502.67731129 1870.68182917 -9999.0
