critload/trunk/input/1999/nfix_nat.asc
ncols 720
nrows 360
xllcorner -180.0
yllcorner -90.0
cellsize 0.5
NODATA_value -9999.0
[rows 29 to 57 of 360, columns 130 to 194 of 720]
0.0 68847.0 0.0 128203.0 105775.0 116513.0 135690.0 168100.0 217732.0 225080.0 220069.0 179954.0 201251.0 225080.0 214779.0 225080.0 225078.0 213444.0 72468.4 -9999.0 55203.7 175677.0 77245.3 -9999.0 -9999.0 -9999.0 -9999.0 -9999.0 1026.97 146133.0 222198.0 214534.0 0.0 196518.0 51008.4 3488.57 43609.4 102058.0 194120.0 225080.0 223559.0 223538.0 150021.0 -9999.0 -9999.0 130100.0 224479.0 224770.0 225080.0 225080.0 225080.0 221460.0 205957.0 222437.0 223303.0 223024.0 212843.0 178699.0 172217.0 151116.0 87500.2 0.0 0.0 0.0 0.0
-9999.0 55094.5 149045.0 172984.0 226406.0 232532.0 229225.0 192682.0 144952.0 78110.5 60716.8 19034.6 -9999.0 32195.3 -9999.0 31581.1 9030.11 -9999.0 -9999.0 -9999.0 -9999.0 -9999.0 -9999.0 -9999.0 -9999.0 -9999.0 -9999.0 -9999.0 -9999.0 -9999.0 -9999.0 -9999.0 -9999.0 -9999.0 7271.9 10591.5 -9999.0 17887.6 97624.7 116970.0 151696.0 152122.0 149543.0 -9999.0 -9999.0 4333.67 125337.0 133513.0 124280.0 194433.0 194845.0 163278.0 95467.4 221211.0 200861.0 176435.0 194017.0 174426.0 163653.0 99828.2 147406.0 191908.0 197470.0 86950.4 153097.0
-9999.0 -9999.0 12402.0 38203.0 39478.5 29881.6 -9999.0 -9999.0 -9999.0 -9999.0 -9999.0 -9999.0 -9999.0 -9999.0 -9999.0 -9999.0 -9999.0 -9999.0 -9999.0 -9999.0 -9999.0 -9999.0 -9999.0 -9999.0 -9999.0 -9999.0 -9999.0 -9999.0 -9999.0 -9999.0 -9999.0 -9999.0 -9999.0 31235.9 25559.7 -9999.0 -9999.0 -9999.0 -9999.0 -9999.0 30589.8 55325.6 64370.1 78047.2 49501.4 9504.24 -9999.0 -9999.0 -9999.0 -9999.0 -9999.0 -9999.0 -9999.0 -9999.0 -9999.0 -9999.0 -9999.0 -9999.0 -9999.0 -9999.0 -9999.0 -9999.0 -9999.0 -9999.0 -9999.0
-9999.0 -9999.0 -9999.0 -9999.0 -9999.0 -9999.0 -9999.0 -9999.0 -9999.0 -9999.0 -9999.0 -9999.0 -9999.0 -9999.0 -9999.0 -9999.0 -9999.0 -9999.0 -9999.0 -9999.0 -9999.0 -9999.0 -9999.0 -9999.0 -9999.0 -9999.0 -9999.0 36204.0 113652.0 161225.0 174277.0 162904.0 211809.0 211278.0 180873.0 121442.0 -9999.0 -9999.0 31237.7 145427.0 228221.0 247381.0 247381.0 247381.0 247381.0 232575.0 236909.0 223694.0 163750.0 17435.4 -9999.0 -9999.0 -9999.0 28852.4 97113.3 131611.0 163874.0 163265.0 142344.0 93285.7 6337.76 -9999.0 23754.8 43325.5 104091.0
169804.0 154887.0 4958.95 -9999.0 -9999.0 -9999.0 -9999.0 -9999.0 -9999.0 -9999.0 -9999.0 -9999.0 -9999.0 -9999.0 -9999.0 105798.0 139783.0 126441.0 -9999.0 -9999.0 -9999.0 -9999.0 -9999.0 -9999.0 -9999.0 11652.1 2818.2 58282.8 97549.8 162252.0 239798.0 253714.0 254276.0 206582.0 115565.0 56354.4 59919.4 -9999.0 53935.1 187699.0 250298.0 253655.0 254779.0 254779.0 254779.0 254779.0 245710.0 93567.2 -9999.0 -9999.0 -9999.0 41345.7 175334.0 252651.0 254779.0 254779.0 254779.0 179431.0 29846.7 49446.9 131173.0 198305.0 207874.0 199574.0 208592.0
257674.0 173553.0 87344.5 -9999.0 251749.0 213499.0 172250.0 60055.9 34878.1 116101.0 175690.0 125721.0 34602.1 6972.41 214060.0 230650.0 206766.0 239698.0 218158.0 -9999.0 -9999.0 -9999.0 -9999.0 -9999.0 22846.7 206592.0 215151.0 99070.0 95145.2 173032.0 239349.0 249548.0 253639.0 226454.0 262156.0 190186.0 167821.0 15821.0 43083.7 205006.0 176610.0 243923.0 178594.0 98137.0 125121.0 134440.0 40568.3 -9999.0 -9999.0 -9999.0 30521.7 208218.0 261057.0 262156.0 261839.0 262156.0 188008.0 5578.82 63969.6 229426.0 228648.0 246518.0 258333.0 261829.0 261843.0
269422.0 269514.0 265970.0 263967.0 268211.0 267082.0 210316.0 193293.0 264028.0 258708.0 266730.0 267846.0 235990.0 18145.5 121857.0 244896.0 238131.0 201302.0 224426.0 221799.0 -9999.0 -9999.0 -9999.0 -9999.0 -9999.0 -9999.0 63305.6 97466.0 154388.0 240361.0 224402.0 226205.0 254938.0 256360.0 251316.0 267084.0 234333.0 21829.7 -9999.0 86546.7 257402.0 243688.0 98279.8 -9999.0 -9999.0 -9999.0 -9999.0 -9999.0 -9999.0 -9999.0 176870.0 268972.0 268680.0 269514.0 269514.0 269514.0 261863.0 66481.1 13310.3 170394.0 183005.0 250278.0 265223.0 269514.0 269514.0
275054.0 275049.0 273785.0 275409.0 276851.0 276851.0 276851.0 276851.0 276306.0 271654.0 276851.0 276209.0 261325.0 179576.0 87647.4 221752.0 240105.0 255432.0 256318.0 271081.0 195502.0 -9999.0 -9999.0 -9999.0 -9999.0 -9999.0 -9999.0 -9999.0 -9999.0 19254.7 111066.0 245897.0 260234.0 187309.0 190805.0 174399.0 89242.9 -9999.0 51806.0 199577.0 240782.0 124011.0 79210.8 -9999.0 -9999.0 -9999.0 -9999.0 -9999.0 -9999.0 -9999.0 229563.0 276851.0 276851.0 276528.0 271923.0 268848.0 275732.0 212121.0 89409.6 164319.0 193883.0 267596.0 276851.0 276851.0 276851.0
268049.0 279348.0 275304.0 284167.0 284167.0 272819.0 281252.0 284167.0 284167.0 280345.0 280021.0 284167.0 275722.0 259413.0 244775.0 256869.0 245526.0 250315.0 265672.0 275265.0 269577.0 -9999.0 -9999.0 -9999.0 -9999.0 -9999.0 -9999.0 -9999.0 -9999.0 -9999.0 -9999.0 36033.8 97340.6 37524.1 -9999.0 -9999.0 -9999.0 180859.0 186258.0 281022.0 282882.0 274896.0 282082.0 247527.0 42093.2 -9999.0 -9999.0 -9999.0 -9999.0 -9999.0 -9999.0 130850.0 158244.0 125978.0 175301.0 246085.0 248796.0 236725.0 243688.0 204620.0 161558.0 281876.0 279850.0 281747.0 284167.0
213573.0 185303.0 170293.0 202146.0 248806.0 247793.0 285418.0 291009.0 287016.0 278207.0 286108.0 283196.0 287146.0 256841.0 283600.0 276051.0 276702.0 256715.0 264202.0 270183.0 264085.0 248478.0 108793.0 44745.0 -9999.0 -9999.0 -9999.0 -9999.0 -9999.0 -9999.0 -9999.0 -9999.0 -9999.0 -9999.0 -9999.0 -9999.0 9694.17 205101.0 280146.0 288881.0 290900.0 290317.0 286552.0 287356.0 154839.0 43742.0 -9999.0 -9999.0 -9999.0 -9999.0 -9999.0 -9999.0 -9999.0 252917.0 224448.0 260129.0 279113.0 280716.0 279154.0 284491.0 273959.0 290924.0 291462.0 291462.0 291462.0
172955.0 191406.0 150275.0 154879.0 129030.0 155588.0 227154.0 297230.0 298734.0 298734.0 282696.0 285102.0 266122.0 260707.0 266492.0 255031.0 281085.0 265035.0 285599.0 275593.0 291728.0 262727.0 275594.0 293386.0 269819.0 195634.0 117535.0 77390.8 12051.8 256.69 -9999.0 -9999.0 -9999.0 -9999.0 -9999.0 -9999.0 3975.45 258155.0 293467.0 289109.0 293881.0 294983.0 292446.0 295724.0 275739.0 226072.0 64416.6 -9999.0 -9999.0 -9999.0 -9999.0 -9999.0 -9999.0 -9999.0 105453.0 107464.0 125081.0 210717.0 269461.0 239916.0 251549.0 275578.0 285209.0 286885.0 272350.0
286599.0 295703.0 287661.0 269118.0 273515.0 263873.0 276219.0 288472.0 293874.0 267799.0 290201.0 268541.0 250005.0 253132.0 262856.0 257543.0 295472.0 276594.0 292740.0 285769.0 279643.0 252831.0 254083.0 177927.0 234788.0 88745.2 138414.0 171654.0 28143.7 -9999.0 -9999.0 -9999.0 4291.63 103215.0 171952.0 76067.4 -9999.0 50705.8 161134.0 208906.0 221372.0 263217.0 238961.0 254349.0 215084.0 120226.0 34515.3 54424.3 2574.98 636.18 -9999.0 -9999.0 -9999.0 -9999.0 -9999.0 -9999.0 -9999.0 -9999.0 853.764 153748.0 198642.0 182859.0 158743.0 94531.6 139863.0
131675.0 128914.0 179093.0 308368.0 299408.0 276807.0 269068.0 275543.0 217701.0 208741.0 278837.0 275685.0 273346.0 275523.0 301447.0 245984.0 42838.9 111422.0 111705.0 203172.0 222965.0 286725.0 299571.0 264253.0 222530.0 265645.0 76263.2 13540.6 -9999.0 -9999.0 2823.35 88375.8 134785.0 261022.0 294746.0 284617.0 284282.0 200736.0 62671.1 18532.0 -9999.0 99106.6 170338.0 197975.0 250194.0 229841.0 300690.0 291259.0 175181.0 -9999.0 -9999.0 135290.0 64152.2 -9999.0 -9999.0 -9999.0 -9999.0 -9999.0 -9999.0 172757.0 269427.0 305232.0 310616.0 310465.0 289678.0
162099.0 39923.3 22945.9 244242.0 302287.0 292470.0 230088.0 207315.0 226586.0 195840.0 206691.0 175181.0 107191.0 80011.6 106932.0 127742.0 186602.0 185938.0 114301.0 21712.4 124280.0 56612.0 96361.1 105448.0 92813.3 -9999.0 68950.2 -9999.0 21621.5 92276.5 -9999.0 59522.6 88716.6 147374.0 224940.0 273181.0 258217.0 262852.0 120894.0 34951.2 16999.6 135921.0 75748.6 306669.0 316992.0 302754.0 299023.0 303966.0 299321.0 7884.05 198139.0 280146.0 283101.0 251770.0 26304.9 -9999.0 -9999.0 -9999.0 -9999.0 154551.0 268132.0 293793.0 318597.0 312755.0 283567.0
164649.0 110620.0 -9999.0 -9999.0 -9999.0 -9999.0 -9999.0 -9999.0 -9999.0 -9999.0 -9999.0 -9999.0 23790.5 168691.0 112162.0 112735.0 132510.0 162782.0 284799.0 218810.0 178926.0 12658.7 19812.8 -9999.0 -9999.0 -9999.0 -9999.0 -9999.0 -9999.0 -9999.0 -9999.0 1606.96 41865.5 188140.0 288244.0 272146.0 111600.0 111515.0 -9999.0 36964.1 38775.7 185153.0 314823.0 325819.0 316056.0 300848.0 321959.0 319391.0 315820.0 205775.0 300681.0 309294.0 312355.0 191216.0 -9999.0 -9999.0 -9999.0 -9999.0 196388.0 310516.0 301960.0 295986.0 327590.0 327590.0 317594.0
187854.0 147845.0 110627.0 111853.0 110049.0 124695.0 142446.0 166305.0 201466.0 272635.0 175917.0 145518.0 21457.4 17138.3 119857.0 158103.0 309042.0 313490.0 324503.0 330487.0 292694.0 332061.0 330295.0 310592.0 224862.0 163518.0 134251.0 156639.0 198605.0 222030.0 214174.0 164569.0 186089.0 287639.0 106274.0 223935.0 319530.0 179344.0 21105.0 283187.0 303129.0 331618.0 334743.0 328135.0 310915.0 316733.0 331428.0 332975.0 323311.0 331888.0 334743.0 333571.0 332067.0 211003.0 18137.5 -9999.0 107041.0 269899.0 327807.0 327206.0 325477.0 332287.0 314443.0 332665.0 324318.0
318152.0 297048.0 278443.0 259082.0 267705.0 261818.0 272008.0 313954.0 318437.0 309523.0 323721.0 338769.0 270819.0 183496.0 59309.5 277731.0 333800.0 324447.0 315575.0 327155.0 334099.0 338383.0 323062.0 331866.0 302241.0 327948.0 338249.0 318570.0 319836.0 329938.0 335590.0 324804.0 321679.0 282746.0 306378.0 328856.0 326592.0 233690.0 182888.0 198153.0 335452.0 336566.0 337368.0 335768.0 334754.0 341575.0 340841.0 341277.0 331748.0 337961.0 340999.0 341633.0 340128.0 341870.0 303865.0 134755.0 245735.0 332282.0 333731.0 328385.0 326535.0 324644.0 320543.0 327220.0 333706.0
300557.0 278547.0 261513.0 275878.0 277498.0 289731.0 309793.0 334619.0 344515.0 342100.0 341782.0 346871.0 348609.0 303398.0 145174.0 266208.0 345045.0 343715.0 347106.0 342695.0 348459.0 344480.0 340021.0 317456.0 280877.0 342836.0 332521.0 333921.0 323392.0 340271.0 325799.0 316605.0 329809.0 315298.0 314377.0 301528.0 327122.0 299548.0 288203.0 324566.0 344144.0 340693.0 340878.0 343128.0 341149.0 338036.0 341270.0 345241.0 315965.0 342761.0 334172.0 300674.0 292666.0 321312.0 329265.0 317711.0 315127.0 320423.0 314055.0 288460.0 276091.0 244501.0 285466.0 342946.0 275311.0
329219.0 325773.0 306380.0 165514.0 232724.0 338576.0 330957.0 343358.0 330235.0 334891.0 337763.0 336091.0 352380.0 348846.0 345522.0 314122.0 349285.0 344992.0 347803.0 354948.0 352744.0 336347.0 332942.0 308021.0 318705.0 333712.0 337069.0 346474.0 318285.0 294029.0 338128.0 304472.0 298437.0 304186.0 263852.0 289539.0 329019.0 344954.0 352604.0 351102.0 350508.0 331040.0 327136.0 331761.0 331417.0 346342.0 342075.0 347612.0 348637.0 344328.0 339411.0 334192.0 317837.0 336652.0 335637.0 341604.0 283743.0 174922.0 -9999.0 94274.2 164154.0 183433.0 82996.3 76606.7 -9999.0
347380.0 328908.0 310436.0 332141.0 301259.0 264330.0 337602.0 267519.0 267644.0 324927.0 336798.0 354632.0 349332.0 360100.0 348783.0 351581.0 356497.0 355246.0 355842.0 359974.0 339412.0 356003.0 351651.0 356982.0 352062.0 341808.0 334228.0 314602.0 310282.0 283817.0 253023.0 309672.0 320994.0 345603.0 296457.0 335677.0 356213.0 354254.0 356244.0 346036.0 363094.0 353659.0 352196.0 349465.0 353909.0 355452.0 359329.0 300602.0 347007.0 319586.0 203006.0 143142.0 239642.0 333448.0 345075.0 338047.0 259415.0 61249.0 212861.0 212284.0 145166.0 38784.2 118573.0 24920.2 -9999.0
204295.0 193473.0 171128.0 308247.0 308269.0 289485.0 334837.0 304091.0 315005.0 295933.0 337893.0 346224.0 342156.0 350606.0 347710.0 361864.0 351935.0 360667.0 367162.0 363740.0 367810.0 368448.0 363412.0 334110.0 327928.0 339071.0 359485.0 357998.0 368850.0 353624.0 335522.0 355676.0 367210.0 351940.0 341183.0 340827.0 341250.0 318119.0 345786.0 327955.0 346818.0 348907.0 352900.0 359976.0 366262.0 359617.0 364828.0 357135.0 366636.0 367054.0 367857.0 321538.0 231703.0 217122.0 313094.0 233230.0 -9999.0 95203.5 366824.0 355319.0 237581.0 241981.0 119123.0 28302.4 -9999.0
190849.0 182983.0 179098.0 179042.0 187182.0 186095.0 163939.0 309769.0 288822.0 286958.0 335278.0 328125.0 339538.0 357932.0 368805.0 366685.0 359113.0 366640.0 372741.0 375374.0 373612.0 368002.0 374047.0 362340.0 356825.0 367585.0 344447.0 351829.0 345946.0 305649.0 326341.0 309391.0 320265.0 318537.0 305465.0 290555.0 360370.0 344648.0 269868.0 315378.0 314376.0 335800.0 289123.0 331712.0 361616.0 371228.0 352298.0 359612.0 366034.0 368271.0 371095.0 371076.0 370617.0 370341.0 337340.0 87347.9 -9999.0 190995.0 363973.0 369494.0 371717.0 377106.0 377106.0 343984.0 222551.0
199198.0 203642.0 195761.0 199739.0 197825.0 200749.0 191968.0 170214.0 172012.0 158373.0 197852.0 181986.0 168675.0 170185.0 198071.0 174340.0 189852.0 368328.0 378271.0 382202.0 381646.0 382334.0 381456.0 379419.0 373639.0 375510.0 361979.0 374877.0 356432.0 362981.0 289555.0 310092.0 284903.0 305144.0 307070.0 360610.0 299997.0 318076.0 193239.0 218194.0 246604.0 304630.0 312732.0 345497.0 348290.0 340613.0 332624.0 367125.0 352638.0 339096.0 270565.0 317283.0 352471.0 262077.0 36826.7 -9999.0 -9999.0 239760.0 384069.0 366429.0 376410.0 382253.0 362384.0 269034.0 377176.0
211965.0 207833.0 195710.0 200398.0 200656.0 197080.0 173319.0 132290.0 182181.0 177674.0 194103.0 192292.0 193871.0 203358.0 204707.0 201989.0 203854.0 212613.0 209588.0 214650.0 387158.0 383526.0 379500.0 389039.0 389915.0 389045.0 372717.0 341598.0 303765.0 345064.0 332799.0 280720.0 273268.0 306037.0 271033.0 315924.0 297859.0 320407.0 367062.0 330490.0 343350.0 328742.0 319360.0 312703.0 323064.0 287086.0 308655.0 255077.0 288415.0 168065.0 4923.29 -9999.0 -9999.0 -9999.0 -9999.0 60217.7 256333.0 257305.0 237146.0 372786.0 387591.0 313458.0 151611.0 7392.73 -9999.0
212376.0 214453.0 207383.0 196831.0 211470.0 198181.0 195315.0 195592.0 201201.0 207381.0 209711.0 209039.0 206890.0 198088.0 183897.0 203853.0 200824.0 203770.0 199932.0 205739.0 204788.0 217149.0 216485.0 218003.0 206226.0 191335.0 81871.0 55302.4 300495.0 366940.0 327401.0 335683.0 376838.0 343077.0 360787.0 301779.0 349988.0 350677.0 360085.0 325458.0 193347.0 296356.0 380343.0 377406.0 325496.0 332645.0 383967.0 376725.0 169546.0 -9999.0 -9999.0 -9999.0 -9999.0 -9999.0 -9999.0 -9999.0 -9999.0 -9999.0 71051.9 286065.0 182976.0 -9999.0 -9999.0 -9999.0 -9999.0
221616.0 210257.0 197364.0 211952.0 216132.0 218243.0 208345.0 134977.0 95703.7 86849.8 125661.0 141384.0 215647.0 216208.0 222703.0 220836.0 191346.0 204158.0 216424.0 219125.0 221203.0 204316.0 219220.0 177375.0 176379.0 201098.0 125103.0 111570.0 181067.0 187073.0 161052.0 302442.0 383456.0 135293.0 102367.0 364103.0 373535.0 371684.0 280934.0 367965.0 371104.0 399504.0 400857.0 383876.0 337642.0 213420.0 134710.0 103610.0 21695.9 -9999.0 -9999.0 -9999.0 -9999.0 -9999.0 -9999.0 -9999.0 -9999.0 -9999.0 -9999.0 -9999.0 -9999.0 -9999.0 67587.2 297284.0 311470.0
59969.5 73199.5 172747.0 210828.0 192906.0 160250.0 91457.6 122523.0 172847.0 197872.0 213246.0 202489.0 218949.0 211770.0 199242.0 220630.0 220262.0 210198.0 217433.0 227103.0 225217.0 224803.0 220338.0 193602.0 187568.0 158011.0 133050.0 169810.0 192322.0 179830.0 183497.0 210890.0 210612.0 201044.0 182667.0 204356.0 208849.0 369776.0 364226.0 291087.0 311590.0 350178.0 380172.0 340579.0 114167.0 -9999.0 -9999.0 -9999.0 -9999.0 -9999.0 -9999.0 -9999.0 -9999.0 -9999.0 -9999.0 -9999.0 -9999.0 -9999.0 -9999.0 -9999.0 -9999.0 -9999.0 169645.0 215346.0 133630.0
66481.0 -9999.0 -9999.0 -9999.0 106857.0 105067.0 174263.0 225528.0 193585.0 196916.0 159796.0 156448.0 208819.0 193257.0 199991.0 191554.0 226064.0 224641.0 224674.0 217675.0 225986.0 229568.0 229597.0 204853.0 188535.0 150484.0 189144.0 204097.0 202587.0 205966.0 197277.0 204992.0 214588.0 211008.0 163050.0 184250.0 215678.0 195800.0 348850.0 349780.0 389557.0 393389.0 278915.0 60308.8 -9999.0 -9999.0 -9999.0 -9999.0 -9999.0 -9999.0 -9999.0 -9999.0 -9999.0 -9999.0 -9999.0 -9999.0 -9999.0 -9999.0 -9999.0 -9999.0 -9999.0 -9999.0 -9999.0 -9999.0 -9999.0
-9999.0 -9999.0 68742.7 199011.0 209592.0 229926.0 208296.0 226733.0 195237.0 154763.0 164497.0 200286.0 216923.0 199147.0 197959.0 207437.0 228554.0 225304.0 225121.0 227856.0 224249.0 225646.0 234747.0 227163.0 200869.0 184853.0 207172.0 204095.0 201074.0 189010.0 167718.0 170495.0 196505.0 208834.0 207281.0 171947.0 216436.0 214212.0 225409.0 404192.0 358152.0 308958.0 20987.3 -9999.0 -9999.0 -9999.0 -9999.0 -9999.0 -9999.0 -9999.0 -9999.0 -9999.0 -9999.0 -9999.0 -9999.0 -9999.0 -9999.0 -9999.0 -9999.0 -9999.0 -9999.0 -9999.0 -9999.0 -9999.0 -9999.0
