critload/trunk/input/1999/nfix_nat.asc
ncols 720
nrows 360
xllcorner -180.0
yllcorner -90.0
cellsize 0.5
NODATA_value -9999.0
[rows 87 to 115 of 360, columns 390 to 454 of 720]
890109.0 547977.0 312849.0 195731.0 586540.0 638779.0 317302.0 156574.0 455915.0 789068.0 0.160889 156514.0 78138.0 587358.0 1135230.0 1251870.0 1095240.0 547619.0 548511.0 821846.0 781973.0 861003.0 1095180.0 744479.0 367979.0 222125.0 128501.0 125696.0 111583.0 27906.5 207.059 4124.83 -9999.0 14360.4 257147.0 68082.4 16907.1 83819.1 115671.0 47067.9 77786.1 12024.8 -9999.0 -9999.0 -9999.0 10157.8 61425.9 183243.0 312729.0 273300.0 85786.8 36204.1 47332.8 27970.0 82188.6 160260.0 113915.0 96807.3 111859.0 125696.0 172859.0 223633.0 265503.0 195485.0 191147.0
827848.0 392721.0 237137.0 355618.0 474275.0 356089.0 78849.4 118539.0 0.0 0.0 39630.9 118480.0 197742.0 591340.0 1105840.0 908506.0 987532.0 988122.0 736762.0 434408.0 790084.0 711411.0 1105160.0 1105780.0 53093.0 39381.6 112524.0 80710.0 39738.0 130919.0 73255.0 -9999.0 -9999.0 -9999.0 -9999.0 1897.99 2302.29 17818.1 19551.8 30461.2 27200.7 -9999.0 -9999.0 -9999.0 -9999.0 2070.36 82382.2 144522.0 354717.0 276474.0 315515.0 474157.0 45064.1 38167.7 45017.8 14132.4 78914.7 42166.1 162999.0 134536.0 168811.0 281661.0 295331.0 211020.0 28237.5
1235350.0 637256.0 796774.0 478088.0 437463.0 358201.0 198916.0 119887.0 79963.5 39865.2 0.0 119361.0 278763.0 597199.0 1036080.0 1274450.0 908460.0 954657.0 914967.0 995222.0 915784.0 915083.0 636086.0 238722.0 142596.0 0.057373 103411.0 56984.8 220898.0 103378.0 -9999.0 -9999.0 -9999.0 -9999.0 -9999.0 6290.37 48299.7 41349.8 76895.0 150198.0 85390.5 61922.6 188123.0 2246.56 33181.4 165377.0 79554.6 15202.4 39927.3 199734.0 279697.0 79671.6 318277.0 447944.0 365881.0 438456.0 85362.1 113540.0 127693.0 133752.0 210013.0 212370.0 269840.0 199040.0 110396.0
1083520.0 884185.0 844377.0 684216.0 684273.0 483435.0 563226.0 281845.0 200953.0 40214.1 40214.2 9447.06 39660.2 919580.0 1196560.0 400864.0 803814.0 281150.0 208707.0 450293.0 407945.0 100580.0 100732.0 79007.0 37194.0 42737.8 53256.6 64448.9 340220.0 79246.3 -9999.0 -9999.0 -9999.0 -9999.0 -9999.0 -9999.0 9134.56 139920.0 836468.0 149014.0 138809.0 -9999.0 -9999.0 -9999.0 58519.3 453278.0 755342.0 684679.0 449779.0 402776.0 643248.0 217167.0 297398.0 369110.0 603093.0 538750.0 378289.0 88288.2 28742.6 54298.9 85959.4 163500.0 229693.0 114605.0 68971.1
492560.0 566229.0 769028.0 972113.0 1012960.0 1094020.0 1175370.0 1013770.0 1095110.0 690320.0 324651.0 121909.0 40559.9 1094540.0 358238.0 40617.1 121220.0 285703.0 72754.8 72950.3 40560.0 73007.9 107921.0 43302.8 86442.5 151594.0 43370.4 56141.5 -9999.0 -9999.0 -9999.0 -9999.0 -9999.0 -9999.0 -9999.0 -9999.0 -9999.0 172246.0 58898.9 -9999.0 -9999.0 -9999.0 -9999.0 -9999.0 -9999.0 -9999.0 196514.0 578357.0 1308110.0 1054610.0 1337780.0 931790.0 690320.0 452280.0 346528.0 444652.0 349717.0 251299.0 405482.0 37589.2 34790.6 112624.0 213140.0 135983.0 154956.0
99469.4 529869.0 379941.0 447558.0 551536.0 936814.0 864810.0 1063120.0 1226280.0 817139.0 900196.0 695854.0 122366.0 816741.0 490773.0 481100.0 102539.0 236700.0 87231.8 75472.0 154511.0 99183.7 147074.0 710178.0 400180.0 231500.0 157629.0 20846.3 -9999.0 -9999.0 -9999.0 -9999.0 -9999.0 -9999.0 -9999.0 -9999.0 -9999.0 -9999.0 -9999.0 -9999.0 -9999.0 -9999.0 -9999.0 -9999.0 -9999.0 -9999.0 -9999.0 -9999.0 188902.0 1091040.0 1307400.0 303747.0 1144990.0 1060590.0 982343.0 818847.0 491797.0 163439.0 245358.0 138624.0 40718.7 34896.5 58262.2 14545.3 97311.0
-9999.0 -9999.0 104172.0 169140.0 417220.0 448599.0 658633.0 1029590.0 989698.0 987099.0 947328.0 865352.0 907270.0 329768.0 782924.0 946934.0 989611.0 750362.0 635557.0 658669.0 454039.0 659328.0 808199.0 566068.0 748832.0 541674.0 98471.8 0.0 -9999.0 -9999.0 -9999.0 -9999.0 -9999.0 -9999.0 -9999.0 -9999.0 -9999.0 -9999.0 -9999.0 -9999.0 -9999.0 -9999.0 -9999.0 -9999.0 -9999.0 -9999.0 -9999.0 -9999.0 -9999.0 15947.2 490636.0 826594.0 1112800.0 276408.0 276542.0 534521.0 306396.0 783939.0 536147.0 288864.0 454565.0 246848.0 537162.0 131532.0 70665.2
-9999.0 -9999.0 -9999.0 56652.7 104035.0 176225.0 466109.0 913193.0 996658.0 1246860.0 872369.0 372978.0 622674.0 831183.0 1203610.0 1080090.0 658492.0 1033710.0 1244040.0 1201180.0 997106.0 1162690.0 954354.0 871252.0 713954.0 457321.0 -9999.0 -9999.0 -9999.0 -9999.0 -9999.0 -9999.0 -9999.0 -9999.0 -9999.0 -9999.0 -9999.0 -9999.0 -9999.0 -9999.0 -9999.0 -9999.0 -9999.0 -9999.0 -9999.0 -9999.0 -9999.0 -9999.0 -9999.0 -9999.0 -9999.0 -9999.0 131170.0 787911.0 1038960.0 1122400.0 1454300.0 288827.0 298675.0 288733.0 298755.0 1329960.0 1158960.0 954372.0 665121.0
-9999.0 -9999.0 -9999.0 -9999.0 -9999.0 -9999.0 33904.4 330465.0 602745.0 1212230.0 960896.0 621193.0 536186.0 401980.0 1046530.0 921344.0 961128.0 1202560.0 377441.0 188724.0 485282.0 167482.0 495314.0 230359.0 804877.0 305906.0 -9999.0 -9999.0 -9999.0 -9999.0 -9999.0 -9999.0 -9999.0 -9999.0 -9999.0 -9999.0 -9999.0 -9999.0 -9999.0 -9999.0 297.965 -9999.0 -9999.0 -9999.0 -9999.0 -9999.0 -9999.0 -9999.0 -9999.0 -9999.0 -9999.0 -9999.0 -9999.0 303210.0 418897.0 753363.0 1208620.0 920626.0 921124.0 1047630.0 963589.0 291173.0 291014.0 290962.0 1004880.0
78971.6 678108.0 339727.0 -9999.0 -9999.0 -9999.0 -9999.0 -9999.0 69322.7 797819.0 1011990.0 1093930.0 887084.0 189590.0 189707.0 836241.0 1139990.0 1220110.0 1361290.0 1427140.0 756905.0 576404.0 295256.0 18025.5 9006.88 72090.1 0.00717163 -9999.0 -9999.0 -9999.0 -9999.0 -9999.0 -9999.0 -9999.0 86057.9 177429.0 1054810.0 666112.0 830078.0 741200.0 59260.2 3020.53 0.0 -9999.0 -9999.0 -9999.0 -9999.0 -9999.0 -9999.0 -9999.0 -9999.0 -9999.0 -9999.0 508447.0 1097800.0 970417.0 1096430.0 966910.0 922618.0 603459.0 632043.0 463896.0 674065.0 1097090.0 293353.0
106242.0 0.0 2901.81 0.0 6817.28 -9999.0 -9999.0 -9999.0 6044.15 425202.0 1019400.0 1011120.0 672005.0 791610.0 765592.0 133493.0 174006.0 756296.0 679802.0 722317.0 652667.0 595261.0 151821.0 3039.91 0.057373 0.057373 14663.5 0.0286865 42677.5 6087.52 3048.92 15218.8 66979.3 115829.0 255479.0 765591.0 851109.0 182491.0 197420.0 303454.0 45494.0 212116.0 174751.0 42677.5 3043.77 0.0 -9999.0 -9999.0 48860.6 -9999.0 -9999.0 288588.0 173440.0 1271000.0 934912.0 211949.0 825515.0 623583.0 850946.0 722426.0 212350.0 60836.7 639132.0 623784.0 965771.0
634931.0 151319.0 308730.0 0.231201 10935.7 0.0 5495.1 -9999.0 2878.43 492919.0 985969.0 830242.0 562483.0 563386.0 91305.4 22674.1 115486.0 92342.1 42886.7 28683.4 12714.6 16211.6 4720.4 4218.78 16849.7 1817.73 -9999.0 0.00358582 24716.9 185817.0 120196.0 128700.0 566463.0 857316.0 642906.0 514083.0 152622.0 323203.0 334943.0 280324.0 250464.0 219838.0 351607.0 813672.0 299927.0 684833.0 728265.0 904435.0 986479.0 814228.0 716059.0 1028780.0 1071510.0 1113900.0 686015.0 257572.0 128463.0 91562.6 767895.0 1018060.0 1000400.0 772552.0 199609.0 199518.0 163003.0
1346980.0 724197.0 146624.0 21433.2 0.0 0.115601 0.0 -9999.0 105193.0 1166960.0 1068720.0 1122760.0 475557.0 257548.0 230920.0 7182.29 58372.4 263566.0 48151.0 -9999.0 -9999.0 16736.1 10815.9 226664.0 84727.6 53638.8 36149.0 16742.7 593838.0 229777.0 61568.7 172347.0 244439.0 367227.0 279913.0 276714.0 326385.0 157150.0 169356.0 218547.0 356726.0 311038.0 338808.0 384478.0 446595.0 415475.0 384035.0 430835.0 384442.0 326132.0 906681.0 1166170.0 733331.0 603502.0 906040.0 820894.0 776846.0 83025.7 122937.0 277263.0 569366.0 837430.0 1165950.0 307460.0 61544.6
-9999.0 567838.0 861022.0 128341.0 -9999.0 -9999.0 855.618 -9999.0 -9999.0 317582.0 1174290.0 900814.0 913345.0 167420.0 170734.0 123760.0 24006.2 4153.33 -9999.0 -9999.0 18411.1 -9999.0 324089.0 259376.0 263608.0 232356.0 62058.0 278944.0 155004.0 185862.0 247214.0 178527.0 288433.0 251205.0 145574.0 70615.7 154985.0 80595.2 186031.0 173425.0 154835.0 282119.0 341411.0 185848.0 217020.0 341617.0 387716.0 402977.0 372087.0 374755.0 329063.0 326038.0 849726.0 912851.0 1086860.0 869552.0 251167.0 262364.0 282525.0 139500.0 309511.0 956658.0 1128340.0 1082880.0 155136.0
-9999.0 -9999.0 1286790.0 1376070.0 4858.06 -9999.0 -9999.0 -9999.0 -9999.0 22989.9 499649.0 786046.0 308268.0 263709.0 631172.0 627443.0 361889.0 50470.1 -9999.0 -9999.0 -9999.0 204954.0 483120.0 354538.0 1132970.0 301964.0 328176.0 336175.0 228012.0 133523.0 190355.0 312715.0 34381.8 202296.0 81308.7 126965.0 60772.2 43465.4 54076.6 15579.1 37564.4 247095.0 174772.0 96754.1 124688.0 237393.0 312567.0 312158.0 405874.0 421166.0 390292.0 390456.0 284128.0 236543.0 187321.0 96761.5 318317.0 302956.0 218702.0 109370.0 107264.0 249842.0 1135580.0 296783.0 78137.0
-9999.0 76541.0 831274.0 122458.0 2669.59 -9999.0 -9999.0 -9999.0 -9999.0 -9999.0 -9999.0 461869.0 973111.0 320784.0 251786.0 635112.0 338046.0 159310.0 76568.6 82643.6 -9999.0 0.0 245118.0 282314.0 1091290.0 600626.0 241085.0 301782.0 97604.0 223252.0 188791.0 147407.0 267554.0 110981.0 110053.0 113294.0 154490.0 154153.0 63074.0 66083.1 206755.0 155033.0 182744.0 210876.0 220235.0 226559.0 138650.0 140419.0 83214.1 174792.0 282945.0 314168.0 361451.0 222963.0 166074.0 74557.3 73259.4 268306.0 241951.0 110219.0 122889.0 141208.0 236073.0 251580.0 157253.0
483288.0 722296.0 781255.0 14868.9 -9999.0 -9999.0 -9999.0 -9999.0 -9999.0 -9999.0 119300.0 561342.0 129859.0 642054.0 431646.0 227389.0 428718.0 233466.0 186737.0 0.0 -9999.0 14182.1 144133.0 895726.0 981067.0 1404680.0 348346.0 319917.0 225273.0 193181.0 269427.0 264172.0 242383.0 223990.0 190406.0 111022.0 174187.0 204485.0 142554.0 129596.0 268055.0 241258.0 316665.0 269034.0 158660.0 243512.0 214614.0 272498.0 241196.0 110695.0 63202.0 145682.0 177220.0 363963.0 408812.0 359084.0 232799.0 317028.0 300828.0 101331.0 60120.3 120847.0 127663.0 94948.6 126786.0
554315.0 0.0 0.00722504 -9999.0 -9999.0 -9999.0 -9999.0 -9999.0 -9999.0 -9999.0 -9999.0 279176.0 7698.02 705584.0 223451.0 375702.0 171895.0 45526.9 51621.9 70490.6 47004.4 -9999.0 90589.0 252585.0 667387.0 1051340.0 1286140.0 303179.0 258492.0 270847.0 299556.0 314832.0 333298.0 217723.0 306248.0 109337.0 206806.0 267597.0 159346.0 239468.0 398959.0 414599.0 414527.0 366870.0 286922.0 190617.0 123939.0 106341.0 35004.3 86144.8 0.0 15999.3 86227.5 287167.0 302943.0 414831.0 430939.0 414403.0 306016.0 175741.0 38810.0 170074.0 143814.0 95834.0 79763.2
15386.9 -9999.0 -9999.0 -9999.0 -9999.0 -9999.0 -9999.0 -9999.0 -9999.0 -9999.0 -9999.0 -9999.0 -9999.0 491572.0 1229200.0 483906.0 41729.5 -9999.0 -9999.0 4328.01 85312.6 0.0 -9999.0 20190.2 351227.0 1705930.0 1538600.0 453134.0 369496.0 224862.0 289179.0 1487990.0 465954.0 417356.0 340095.0 273408.0 194497.0 163855.0 417708.0 417405.0 572116.0 0.231201 582486.0 292219.0 96405.0 96440.6 32105.5 449412.0 96547.0 80458.8 64246.3 112298.0 112369.0 90378.2 322872.0 160051.0 176348.0 304895.0 401279.0 337227.0 121160.0 103294.0 32034.2 96458.0 96529.3
2610.32 -9999.0 -9999.0 -9999.0 -9999.0 -9999.0 -9999.0 -9999.0 -9999.0 -9999.0 -9999.0 -9999.0 -9999.0 65457.7 369228.0 146395.0 69538.7 -9999.0 0.0 22640.6 36437.6 10113.0 17935.4 115967.0 93389.2 117074.0 113660.0 626483.0 1588240.0 326611.0 404302.0 65116.6 148606.0 1191780.0 404443.0 358846.0 375400.0 330166.0 1172030.0 88513.2 54217.6 0.115601 846301.0 416249.0 143157.0 0.0 1016580.0 756794.0 638381.0 650809.0 195631.0 469588.0 0.0 65328.4 260677.0 391336.0 1107760.0 371810.0 533573.0 339562.0 216822.0 113305.0 64740.2 193923.0 194239.0
-9999.0 -9999.0 -9999.0 -9999.0 -9999.0 -9999.0 -9999.0 -9999.0 -9999.0 -9999.0 -9999.0 -9999.0 -9999.0 -9999.0 16436.2 30475.5 19765.2 -9999.0 -9999.0 -9999.0 20586.8 -9999.0 -9999.0 -9999.0 -9999.0 143491.0 45247.6 -9999.0 422300.0 1192880.0 570900.0 39511.9 -9999.0 -9999.0 293248.0 337906.0 1194300.0 895199.0 0.0 -9999.0 -9999.0 337161.0 196477.0 65609.1 121234.0 103959.0 205144.0 367571.0 328802.0 81404.9 81213.7 81231.3 260374.0 1442900.0 1049810.0 1181590.0 328394.0 786327.0 227725.0 332581.0 260478.0 396582.0 114175.0 130404.0 113654.0
-9999.0 -9999.0 -9999.0 -9999.0 -9999.0 -9999.0 -9999.0 -9999.0 -9999.0 -9999.0 -9999.0 -9999.0 -9999.0 -9999.0 -9999.0 -9999.0 -9999.0 41779.7 15783.8 -9999.0 -9999.0 -9999.0 -9999.0 -9999.0 46641.0 19503.3 -9999.0 -9999.0 -9999.0 -9999.0 -9999.0 -9999.0 -9999.0 -9999.0 -9999.0 -9999.0 -9999.0 -9999.0 283177.0 -9999.0 -9999.0 53633.1 197593.0 0.231201 0.0 13093.8 17411.2 101376.0 337589.0 337343.0 566228.0 202575.0 344089.0 475181.0 458762.0 425839.0 343900.0 360542.0 199920.0 421295.0 310874.0 262219.0 422254.0 196458.0 98426.1
-9999.0 -9999.0 -9999.0 -9999.0 -9999.0 -9999.0 -9999.0 -9999.0 -9999.0 -9999.0 -9999.0 -9999.0 -9999.0 -9999.0 -9999.0 -9999.0 -9999.0 257915.0 201847.0 194499.0 121569.0 108591.0 69647.9 -9999.0 0.0 -9999.0 -9999.0 -9999.0 -9999.0 -9999.0 -9999.0 -9999.0 -9999.0 -9999.0 151316.0 814221.0 982485.0 1226040.0 274514.0 -9999.0 -9999.0 0.0 0.0 0.0 280220.0 0.0 135577.0 440998.0 577447.0 882521.0 271781.0 780760.0 848147.0 1119750.0 510828.0 494477.0 362720.0 115371.0 165000.0 197662.0 996829.0 858387.0 362619.0 131994.0 65861.3
-9999.0 -9999.0 -9999.0 -9999.0 -9999.0 -9999.0 -9999.0 -9999.0 -9999.0 -9999.0 -9999.0 -9999.0 -9999.0 -9999.0 -9999.0 -9999.0 -9999.0 -9999.0 -9999.0 0.0 -9999.0 -9999.0 -9999.0 -9999.0 -9999.0 -9999.0 -9999.0 -9999.0 -9999.0 -9999.0 -9999.0 -9999.0 -9999.0 -9999.0 287782.0 1503810.0 1203980.0 153522.0 -9999.0 -9999.0 -9999.0 0.0 726181.0 86036.9 69566.6 376378.0 307914.0 580254.0 613866.0 443154.0 511480.0 409370.0 819808.0 1092840.0 1127070.0 1092840.0 922332.0 314860.0 414468.0 334995.0 331564.0 467434.0 66249.2 149237.0 149136.0
-9999.0 -9999.0 -9999.0 -9999.0 -9999.0 -9999.0 -9999.0 -9999.0 -9999.0 -9999.0 -9999.0 -9999.0 -9999.0 -9999.0 -9999.0 -9999.0 -9999.0 -9999.0 -9999.0 -9999.0 -9999.0 -9999.0 -9999.0 -9999.0 -9999.0 -9999.0 -9999.0 -9999.0 -9999.0 -9999.0 -9999.0 -9999.0 -9999.0 -9999.0 -9999.0 -9999.0 -9999.0 -9999.0 -9999.0 -9999.0 -9999.0 967369.0 349062.0 166871.0 266745.0 721324.0 755624.0 309177.0 343717.0 618186.0 412758.0 722140.0 859341.0 927805.0 893414.0 1167840.0 858313.0 790435.0 583648.0 693540.0 156697.0 236996.0 183541.0 133447.0 124789.0
-9999.0 -9999.0 -9999.0 -9999.0 -9999.0 -9999.0 -9999.0 -9999.0 -9999.0 -9999.0 -9999.0 -9999.0 -9999.0 -9999.0 -9999.0 -9999.0 -9999.0 -9999.0 -9999.0 -9999.0 -9999.0 -9999.0 -9999.0 -9999.0 -9999.0 -9999.0 -9999.0 -9999.0 -9999.0 -9999.0 -9999.0 -9999.0 -9999.0 -9999.0 -9999.0 -9999.0 -9999.0 -9999.0 -9999.0 -9999.0 0.0289001 851203.0 82757.6 83796.4 587870.0 379909.0 379506.0 241525.0 311371.0 795464.0 1105860.0 1140200.0 1174800.0 1174670.0 1071120.0 898403.0 722761.0 1002120.0 172854.0 345943.0 684340.0 322204.0 184737.0 100598.0 184297.0
-9999.0 -9999.0 -9999.0 -9999.0 -9999.0 -9999.0 -9999.0 -9999.0 -9999.0 -9999.0 -9999.0 -9999.0 -9999.0 -9999.0 -9999.0 -9999.0 -9999.0 -9999.0 -9999.0 -9999.0 -9999.0 -9999.0 -9999.0 -9999.0 -9999.0 -9999.0 -9999.0 -9999.0 -9999.0 -9999.0 -9999.0 -9999.0 -9999.0 -9999.0 -9999.0 -9999.0 -9999.0 -9999.0 -9999.0 -9999.0 201341.0 741573.0 0.0 556000.0 694387.0 694884.0 417811.0 800058.0 1077260.0 1112170.0 1181640.0 1181570.0 1181570.0 1147000.0 1111870.0 1146740.0 897413.0 684159.0 174229.0 451323.0 945352.0 1007590.0 354339.0 253382.0 151891.0
-9999.0 -9999.0 -9999.0 -9999.0 -9999.0 -9999.0 -9999.0 -9999.0 -9999.0 -9999.0 -9999.0 0.0 0.0 11796.7 0.115601 0.0 0.0 -9999.0 -9999.0 -9999.0 -9999.0 -9999.0 -9999.0 -9999.0 -9999.0 -9999.0 -9999.0 -9999.0 -9999.0 -9999.0 -9999.0 -9999.0 -9999.0 -9999.0 -9999.0 -9999.0 -9999.0 -9999.0 -9999.0 7139.65 1433750.0 994923.0 40543.3 181123.0 349876.0 839461.0 1118370.0 1153520.0 1153580.0 1118650.0 1153220.0 1223320.0 1188360.0 1188290.0 1188390.0 1118580.0 1073230.0 710472.0 291693.0 139905.0 384092.0 943319.0 733773.0 366623.0 271446.0
49807.8 -9999.0 -9999.0 -9999.0 -9999.0 -9999.0 -9999.0 -9999.0 -9999.0 -9999.0 7775.4 0.0 68862.8 481409.0 170649.0 85379.7 0.0 3057.08 -9999.0 -9999.0 -9999.0 -9999.0 -9999.0 -9999.0 -9999.0 -9999.0 -9999.0 -9999.0 -9999.0 -9999.0 -9999.0 -9999.0 -9999.0 -9999.0 -9999.0 -9999.0 -9999.0 -9999.0 -9999.0 0.0578003 539940.0 451738.0 665153.0 871322.0 1089350.0 1089490.0 1194820.0 1159630.0 913615.0 913680.0 1089620.0 1160080.0 1194980.0 1159820.0 1160010.0 1195050.0 1124660.0 1124910.0 527408.0 422210.0 840969.0 597926.0 878486.0 737996.0 259356.0
