critload/trunk/input/1999/nfix_nat.asc
ncols 720
nrows 360
xllcorner -180.0
yllcorner -90.0
cellsize 0.5
NODATA_value -9999.0
[rows 29 to 57 of 360, columns 65 to 129 of 720]
-9999.0 -9999.0 -9999.0 -9999.0 -9999.0 -9999.0 -9999.0 -9999.0 -9999.0 -9999.0 -9999.0 -9999.0 -9999.0 -9999.0 -9999.0 -9999.0 -9999.0 -9999.0 -9999.0 -9999.0 -9999.0 -9999.0 -9999.0 -9999.0 -9999.0 -9999.0 -9999.0 -9999.0 -9999.0 -9999.0 -9999.0 -9999.0 -9999.0 -9999.0 -9999.0 -9999.0 -9999.0 -9999.0 -9999.0 -9999.0 -9999.0 -9999.0 -9999.0 -9999.0 -9999.0 -9999.0 -9999.0 -9999.0 -9999.0 -9999.0 -9999.0 -9999.0 -9999.0 -9999.0 -9999.0 -9999.0 -9999.0 -9999.0 -9999.0 8170.02 116924.0 138904.0 139513.0 163086.0 115557.0
-9999.0 -9999.0 -9999.0 -9999.0 -9999.0 -9999.0 -9999.0 -9999.0 -9999.0 -9999.0 -9999.0 -9999.0 -9999.0 -9999.0 -9999.0 -9999.0 -9999.0 -9999.0 -9999.0 -9999.0 -9999.0 -9999.0 -9999.0 -9999.0 -9999.0 -9999.0 -9999.0 -9999.0 -9999.0 -9999.0 -9999.0 -9999.0 -9999.0 -9999.0 -9999.0 -9999.0 -9999.0 -9999.0 -9999.0 -9999.0 -9999.0 -9999.0 -9999.0 -9999.0 -9999.0 -9999.0 -9999.0 -9999.0 -9999.0 -9999.0 -9999.0 -9999.0 -9999.0 -9999.0 -9999.0 -9999.0 -9999.0 -9999.0 -9999.0 -9999.0 -9999.0 -9999.0 -9999.0 -9999.0 -9999.0
-9999.0 -9999.0 -9999.0 -9999.0 -9999.0 -9999.0 -9999.0 -9999.0 -9999.0 -9999.0 -9999.0 -9999.0 -9999.0 -9999.0 -9999.0 -9999.0 -9999.0 -9999.0 -9999.0 -9999.0 -9999.0 -9999.0 -9999.0 -9999.0 -9999.0 -9999.0 -9999.0 -9999.0 -9999.0 -9999.0 -9999.0 -9999.0 -9999.0 -9999.0 -9999.0 -9999.0 -9999.0 -9999.0 -9999.0 -9999.0 -9999.0 -9999.0 -9999.0 -9999.0 -9999.0 -9999.0 163999.0 200119.0 200487.0 205608.0 237931.0 239966.0 239966.0 180645.0 140775.0 96209.1 79986.3 76355.5 120911.0 120911.0 90622.7 18674.0 -9999.0 -9999.0 -9999.0
-9999.0 -9999.0 -9999.0 -9999.0 -9999.0 -9999.0 -9999.0 -9999.0 -9999.0 -9999.0 -9999.0 -9999.0 -9999.0 -9999.0 -9999.0 -9999.0 -9999.0 -9999.0 -9999.0 -9999.0 -9999.0 -9999.0 -9999.0 -9999.0 -9999.0 -9999.0 -9999.0 -9999.0 -9999.0 -9999.0 -9999.0 -9999.0 -9999.0 -9999.0 -9999.0 -9999.0 -9999.0 -9999.0 -9999.0 -9999.0 -9999.0 -9999.0 -9999.0 -9999.0 -9999.0 -9999.0 36389.4 213855.0 247381.0 247381.0 247381.0 247381.0 247381.0 247381.0 246582.0 246920.0 247381.0 247381.0 247381.0 247381.0 247381.0 240219.0 171028.0 92050.6 13065.6
-9999.0 -9999.0 -9999.0 -9999.0 -9999.0 -9999.0 -9999.0 -9999.0 -9999.0 -9999.0 -9999.0 -9999.0 -9999.0 -9999.0 -9999.0 -9999.0 -9999.0 -9999.0 -9999.0 -9999.0 -9999.0 -9999.0 -9999.0 -9999.0 -9999.0 -9999.0 -9999.0 -9999.0 -9999.0 -9999.0 -9999.0 -9999.0 -9999.0 -9999.0 -9999.0 -9999.0 -9999.0 -9999.0 -9999.0 -9999.0 -9999.0 -9999.0 -9999.0 -9999.0 -9999.0 -9999.0 234557.0 254779.0 254779.0 254779.0 254779.0 254602.0 254779.0 254779.0 254779.0 254779.0 253763.0 241495.0 247342.0 251903.0 210205.0 161464.0 157600.0 149914.0 137610.0
-9999.0 -9999.0 -9999.0 -9999.0 -9999.0 -9999.0 -9999.0 -9999.0 -9999.0 -9999.0 -9999.0 -9999.0 -9999.0 -9999.0 -9999.0 -9999.0 -9999.0 -9999.0 -9999.0 -9999.0 -9999.0 -9999.0 -9999.0 -9999.0 -9999.0 -9999.0 -9999.0 -9999.0 -9999.0 -9999.0 -9999.0 -9999.0 -9999.0 -9999.0 -9999.0 -9999.0 -9999.0 -9999.0 -9999.0 -9999.0 -9999.0 -9999.0 -9999.0 -9999.0 -9999.0 -9999.0 260469.0 262156.0 262156.0 262156.0 262156.0 262156.0 262156.0 262156.0 260542.0 257693.0 222195.0 136789.0 128794.0 137599.0 207539.0 253363.0 262156.0 262156.0 262156.0
-9999.0 -9999.0 -9999.0 -9999.0 -9999.0 -9999.0 -9999.0 -9999.0 -9999.0 -9999.0 -9999.0 -9999.0 -9999.0 -9999.0 -9999.0 -9999.0 -9999.0 -9999.0 -9999.0 -9999.0 -9999.0 -9999.0 -9999.0 -9999.0 -9999.0 -9999.0 -9999.0 -9999.0 -9999.0 -9999.0 -9999.0 -9999.0 -9999.0 -9999.0 -9999.0 -9999.0 -9999.0 -9999.0 -9999.0 -9999.0 -9999.0 -9999.0 -9999.0 -9999.0 244199.0 269514.0 269514.0 269514.0 269514.0 269514.0 269514.0 269514.0 269514.0 269514.0 205310.0 123186.0 29123.0 -9999.0 196916.0 266118.0 267124.0 269514.0 269514.0 269514.0 266981.0
-9999.0 -9999.0 -9999.0 -9999.0 -9999.0 -9999.0 -9999.0 -9999.0 -9999.0 -9999.0 -9999.0 -9999.0 -9999.0 -9999.0 -9999.0 -9999.0 -9999.0 -9999.0 -9999.0 -9999.0 -9999.0 -9999.0 -9999.0 -9999.0 -9999.0 -9999.0 -9999.0 -9999.0 -9999.0 -9999.0 -9999.0 -9999.0 -9999.0 -9999.0 -9999.0 -9999.0 -9999.0 -9999.0 -9999.0 -9999.0 -9999.0 -9999.0 -9999.0 -9999.0 -9999.0 87419.6 138111.0 240751.0 276851.0 276851.0 276851.0 276851.0 276851.0 273449.0 37689.9 -9999.0 -9999.0 187791.0 209090.0 252243.0 276137.0 275996.0 263390.0 229258.0 256035.0
-9999.0 -9999.0 -9999.0 -9999.0 -9999.0 -9999.0 -9999.0 -9999.0 -9999.0 -9999.0 -9999.0 -9999.0 -9999.0 -9999.0 -9999.0 -9999.0 -9999.0 -9999.0 -9999.0 -9999.0 -9999.0 -9999.0 -9999.0 -9999.0 -9999.0 -9999.0 -9999.0 -9999.0 -9999.0 -9999.0 -9999.0 -9999.0 -9999.0 -9999.0 -9999.0 -9999.0 -9999.0 -9999.0 -9999.0 -9999.0 -9999.0 -9999.0 -9999.0 -9999.0 -9999.0 -9999.0 -9999.0 7808.94 194792.0 209219.0 133504.0 30732.6 46177.6 14141.9 -9999.0 -9999.0 -9999.0 -9999.0 63908.4 138148.0 149324.0 173521.0 182957.0 266203.0 276471.0
-9999.0 -9999.0 -9999.0 -9999.0 -9999.0 -9999.0 -9999.0 -9999.0 -9999.0 -9999.0 -9999.0 -9999.0 -9999.0 -9999.0 -9999.0 -9999.0 -9999.0 -9999.0 -9999.0 -9999.0 -9999.0 -9999.0 -9999.0 -9999.0 -9999.0 -9999.0 -9999.0 -9999.0 -9999.0 -9999.0 -9999.0 -9999.0 -9999.0 -9999.0 -9999.0 -9999.0 -9999.0 -9999.0 -9999.0 -9999.0 -9999.0 -9999.0 -9999.0 -9999.0 -9999.0 -9999.0 -9999.0 -9999.0 -9999.0 -9999.0 -9999.0 -9999.0 -9999.0 -9999.0 -9999.0 -9999.0 -9999.0 -9999.0 59072.4 168832.0 210515.0 218726.0 207018.0 231675.0 231809.0
91523.2 97493.0 87346.5 35639.5 -9999.0 -9999.0 15425.9 40011.1 50803.9 10955.5 -9999.0 -9999.0 -9999.0 -9999.0 -9999.0 -9999.0 -9999.0 -9999.0 -9999.0 -9999.0 -9999.0 -9999.0 -9999.0 -9999.0 -9999.0 -9999.0 -9999.0 -9999.0 -9999.0 -9999.0 -9999.0 -9999.0 -9999.0 31343.0 27103.4 41199.9 -9999.0 -9999.0 57527.3 221686.0 152373.0 4659.03 -9999.0 -9999.0 -9999.0 20033.3 10005.2 -9999.0 -9999.0 -9999.0 -9999.0 -9999.0 -9999.0 -9999.0 -9999.0 -9999.0 -9999.0 -9999.0 -9999.0 -9999.0 -9999.0 87710.6 107675.0 147853.0 150275.0
305983.0 305983.0 298599.0 305983.0 299091.0 287415.0 305879.0 305327.0 300583.0 301830.0 221573.0 148463.0 88320.3 60126.1 50069.6 36194.4 14877.6 -9999.0 -9999.0 -9999.0 -9999.0 -9999.0 -9999.0 -9999.0 -9999.0 -9999.0 39876.4 -9999.0 -9999.0 60243.7 83586.2 102040.0 152797.0 147358.0 144360.0 145963.0 154446.0 160743.0 268904.0 305453.0 302352.0 193516.0 20797.5 -9999.0 79196.0 248350.0 73877.0 -9999.0 29350.9 184272.0 187226.0 175118.0 130147.0 46752.5 -9999.0 -9999.0 -9999.0 -9999.0 -9999.0 -9999.0 -9999.0 238642.0 298125.0 297284.0 301720.0
313209.0 313209.0 312430.0 313209.0 295838.0 288382.0 274608.0 260283.0 311369.0 312950.0 308861.0 311759.0 313209.0 313209.0 312643.0 312361.0 297282.0 193836.0 92511.2 21323.9 -9999.0 -9999.0 -9999.0 101881.0 105135.0 138991.0 141097.0 106678.0 187727.0 178668.0 151067.0 187840.0 231972.0 216228.0 300520.0 297030.0 311208.0 310152.0 310537.0 311898.0 313209.0 313209.0 299758.0 221908.0 246765.0 278438.0 205415.0 212203.0 291234.0 313209.0 313209.0 313209.0 313209.0 312891.0 235337.0 203852.0 177749.0 135921.0 39381.7 -9999.0 -9999.0 -9999.0 73512.2 115158.0 128431.0
319979.0 320412.0 320412.0 320412.0 319231.0 320412.0 318053.0 319203.0 320412.0 320412.0 320412.0 320412.0 320412.0 320412.0 320412.0 320412.0 320412.0 320412.0 320412.0 319558.0 277066.0 224174.0 123309.0 111213.0 138778.0 124991.0 162579.0 155520.0 108129.0 78954.6 159908.0 319237.0 320412.0 317591.0 313827.0 297486.0 313732.0 318168.0 320124.0 313079.0 317463.0 303710.0 291958.0 302222.0 305125.0 316716.0 309779.0 315591.0 316723.0 311051.0 319092.0 320412.0 313091.0 289028.0 311158.0 217288.0 281542.0 313301.0 298673.0 295868.0 252310.0 239456.0 235255.0 283254.0 249588.0
327590.0 327590.0 327590.0 327590.0 324470.0 326314.0 327590.0 327590.0 327590.0 327590.0 327590.0 327590.0 326711.0 308613.0 273851.0 295974.0 305521.0 326078.0 327590.0 327590.0 327590.0 327590.0 327590.0 327590.0 159173.0 148607.0 126685.0 154853.0 176763.0 160660.0 174836.0 178391.0 170040.0 174008.0 180819.0 179575.0 180544.0 177656.0 176137.0 317798.0 319494.0 290035.0 311073.0 309622.0 305491.0 324336.0 322298.0 326555.0 327590.0 312919.0 322195.0 325499.0 325099.0 325348.0 326136.0 205746.0 294337.0 313672.0 317678.0 294329.0 284541.0 244096.0 292224.0 310723.0 256417.0
334743.0 334743.0 334743.0 334743.0 334743.0 332658.0 331865.0 334743.0 334743.0 334743.0 334743.0 334743.0 334743.0 333879.0 287600.0 285318.0 299979.0 331062.0 334743.0 334743.0 334743.0 333224.0 332381.0 334743.0 179438.0 176897.0 158721.0 175357.0 176237.0 165136.0 153828.0 138399.0 170159.0 174104.0 179538.0 184928.0 183838.0 183348.0 181527.0 182029.0 161746.0 295042.0 304394.0 286376.0 306460.0 295784.0 323077.0 322364.0 325767.0 332737.0 315560.0 324613.0 326815.0 332578.0 319906.0 287969.0 313208.0 311239.0 286629.0 326540.0 316295.0 320593.0 314400.0 306449.0 225167.0
341870.0 341870.0 280661.0 280907.0 280907.0 277526.0 280907.0 336361.0 308578.0 341870.0 341870.0 341870.0 341870.0 340977.0 340677.0 310877.0 337134.0 341870.0 341870.0 341870.0 187139.0 341870.0 341867.0 188862.0 188695.0 182107.0 171614.0 160923.0 170831.0 176226.0 176950.0 172224.0 172314.0 174092.0 173096.0 187923.0 185876.0 170371.0 184014.0 183938.0 171372.0 166147.0 99035.7 134908.0 310336.0 288495.0 321860.0 331203.0 334855.0 325456.0 316544.0 328891.0 332405.0 337956.0 321849.0 309481.0 297795.0 302688.0 313419.0 320344.0 295973.0 315157.0 332359.0 326294.0 333670.0
286314.0 286742.0 286255.0 286532.0 286742.0 285165.0 286742.0 283765.0 284197.0 348971.0 348971.0 348971.0 348971.0 348971.0 348971.0 348971.0 348971.0 348971.0 348971.0 192788.0 192788.0 192788.0 348971.0 348971.0 192656.0 192305.0 191458.0 187295.0 187499.0 186954.0 186271.0 190599.0 188016.0 186777.0 180396.0 183474.0 177484.0 182009.0 179913.0 190652.0 182811.0 180831.0 143327.0 185097.0 122487.0 178667.0 188492.0 181645.0 184825.0 174032.0 152092.0 121370.0 65348.6 41954.8 30733.6 59684.4 130281.0 329143.0 310370.0 277718.0 327431.0 319165.0 327051.0 322090.0 319365.0
196526.0 196520.0 291667.0 291823.0 292556.0 292556.0 292556.0 292556.0 279388.0 289972.0 356046.0 356046.0 356046.0 355737.0 356046.0 356046.0 356046.0 355270.0 196414.0 196356.0 188978.0 196697.0 196408.0 356046.0 195847.0 196056.0 195057.0 196697.0 196697.0 196214.0 196697.0 196697.0 196053.0 196697.0 196697.0 195028.0 188321.0 181797.0 194534.0 194246.0 180053.0 195182.0 194263.0 180556.0 173506.0 102065.0 127173.0 91604.2 62607.1 95220.4 100547.0 70657.8 19747.5 -9999.0 33005.4 59039.8 63008.1 62485.9 19077.6 84981.8 281333.0 295046.0 303226.0 311203.0 305932.0
200591.0 298347.0 298347.0 298347.0 287224.0 298347.0 298347.0 298347.0 298347.0 363094.0 363094.0 363094.0 363094.0 362297.0 363094.0 363094.0 363094.0 363094.0 362824.0 354167.0 195925.0 200591.0 199685.0 200591.0 200591.0 198284.0 200591.0 200591.0 200591.0 200154.0 200009.0 200591.0 200038.0 200591.0 200443.0 200591.0 197242.0 195785.0 191918.0 193254.0 188282.0 188573.0 195020.0 197596.0 186005.0 190674.0 198791.0 200116.0 183960.0 177113.0 61353.0 28505.4 12995.7 34052.9 10022.2 74015.3 111316.0 73895.0 113517.0 152353.0 158389.0 175683.0 178537.0 181539.0 173395.0
204469.0 304115.0 304115.0 304115.0 304115.0 370114.0 304115.0 370114.0 370114.0 304115.0 370114.0 370114.0 370114.0 370114.0 370114.0 370114.0 370114.0 370114.0 370114.0 369320.0 358441.0 370114.0 369226.0 197994.0 203902.0 204297.0 203577.0 204469.0 369842.0 369818.0 370114.0 204469.0 204302.0 370114.0 369222.0 204469.0 204469.0 204469.0 204320.0 200420.0 190520.0 190608.0 181996.0 198570.0 178871.0 203793.0 203421.0 203153.0 156955.0 53151.9 -9999.0 32605.5 180287.0 132328.0 72034.3 146083.0 195778.0 149717.0 152228.0 176164.0 186557.0 195229.0 196108.0 197559.0 203994.0
206253.0 208331.0 208331.0 309860.0 309860.0 377106.0 377106.0 377106.0 377106.0 377106.0 377106.0 377106.0 208331.0 208331.0 377106.0 377106.0 377106.0 377106.0 377106.0 377106.0 377106.0 374996.0 374853.0 375914.0 374383.0 377106.0 377106.0 376552.0 377106.0 375559.0 376507.0 376012.0 377106.0 374262.0 377106.0 377106.0 375427.0 377106.0 377106.0 377106.0 208331.0 207710.0 206118.0 201715.0 198595.0 204746.0 206708.0 205070.0 204142.0 205204.0 196508.0 191466.0 147016.0 191946.0 203922.0 205538.0 204678.0 188779.0 167957.0 161761.0 193012.0 194492.0 192716.0 198852.0 203839.0
212178.0 212178.0 212178.0 212178.0 212178.0 314487.0 384069.0 384069.0 384069.0 384069.0 384069.0 384069.0 384069.0 384069.0 384069.0 382790.0 383532.0 383270.0 384069.0 384069.0 384069.0 384069.0 384069.0 383129.0 373733.0 382038.0 378710.0 382457.0 384069.0 383532.0 384069.0 384069.0 369387.0 378568.0 383715.0 384069.0 384069.0 384069.0 384069.0 384069.0 212178.0 212178.0 212178.0 212162.0 207300.0 211282.0 212178.0 212178.0 204384.0 209237.0 211097.0 194308.0 211265.0 206842.0 195300.0 198217.0 178656.0 202319.0 206972.0 192247.0 159753.0 296904.0 172302.0 195004.0 192295.0
238548.0 263053.0 187095.0 208928.0 201400.0 212356.0 214960.0 216009.0 215663.0 216009.0 216009.0 391003.0 391003.0 391003.0 391003.0 390150.0 391003.0 321279.0 321279.0 319474.0 321279.0 318960.0 319338.0 315548.0 302869.0 310404.0 319063.0 321056.0 318074.0 389449.0 216009.0 391003.0 390691.0 391003.0 391003.0 391003.0 391003.0 391003.0 391003.0 391003.0 391003.0 216009.0 211678.0 216009.0 216009.0 216009.0 215668.0 216009.0 196911.0 207969.0 215858.0 183527.0 195454.0 215839.0 210360.0 199622.0 198549.0 203397.0 196067.0 210909.0 224897.0 304939.0 303396.0 192746.0 209196.0
390928.0 325984.0 289134.0 192360.0 209871.0 304707.0 361916.0 397908.0 216734.0 209703.0 219823.0 219823.0 219823.0 219823.0 219823.0 219823.0 325154.0 326952.0 326952.0 325169.0 321316.0 326952.0 320245.0 321695.0 326730.0 319515.0 318546.0 397653.0 397908.0 397316.0 216989.0 397908.0 397908.0 397908.0 394354.0 397908.0 397908.0 397908.0 397908.0 397267.0 397908.0 219823.0 219823.0 219823.0 219823.0 219823.0 219823.0 219756.0 218249.0 209594.0 211146.0 216916.0 211990.0 219823.0 219823.0 219048.0 218162.0 199879.0 102473.0 104741.0 269913.0 320488.0 302517.0 307711.0 215725.0
223620.0 222118.0 223620.0 218544.0 223620.0 223620.0 223620.0 223620.0 404781.0 404781.0 221749.0 223472.0 223620.0 223620.0 223620.0 223620.0 223620.0 404781.0 404469.0 321774.0 331584.0 331701.0 329222.0 322188.0 332178.0 332600.0 394461.0 400420.0 404502.0 404781.0 222506.0 223620.0 222252.0 404781.0 404781.0 404781.0 401536.0 404781.0 404781.0 403929.0 404781.0 404781.0 404781.0 404781.0 404781.0 223620.0 223620.0 223620.0 218342.0 223620.0 211659.0 222345.0 221412.0 205382.0 223620.0 220238.0 222474.0 220653.0 210338.0 205851.0 221228.0 330294.0 279757.0 243560.0 293430.0
227401.0 210254.0 220399.0 220608.0 227401.0 218275.0 245060.0 288818.0 371749.0 335524.0 385954.0 407286.0 402503.0 227386.0 226458.0 216033.0 227401.0 411624.0 411624.0 411624.0 411340.0 338223.0 334514.0 330919.0 338223.0 321659.0 407624.0 411624.0 411252.0 335430.0 224929.0 226895.0 226684.0 227091.0 227052.0 227401.0 411624.0 411624.0 394466.0 387639.0 410791.0 411624.0 411624.0 411624.0 411624.0 227401.0 227401.0 227401.0 225720.0 226881.0 222519.0 225723.0 226166.0 227229.0 225557.0 221208.0 205432.0 223455.0 226151.0 222458.0 331234.0 217661.0 218155.0 207334.0 147704.0
289600.0 165511.0 207766.0 221614.0 231164.0 231164.0 204100.0 219852.0 95885.7 154705.0 217543.0 318493.0 362674.0 410609.0 418436.0 231164.0 230863.0 407617.0 418436.0 414395.0 328990.0 418436.0 342718.0 341790.0 333904.0 342882.0 343820.0 418436.0 418436.0 418436.0 230977.0 231009.0 225760.0 227917.0 227823.0 229779.0 415715.0 417334.0 417592.0 416769.0 418436.0 418436.0 231164.0 231164.0 231164.0 231164.0 231164.0 231164.0 221355.0 225629.0 231164.0 225485.0 226783.0 227503.0 230074.0 231164.0 230728.0 231011.0 218850.0 227351.0 229775.0 220626.0 219990.0 195897.0 113595.0
117810.0 60628.0 121579.0 175828.0 196523.0 339827.0 223397.0 229017.0 232668.0 234451.0 344504.0 173573.0 0.0 0.0 0.0 286247.0 403913.0 344716.0 395745.0 420599.0 221521.0 231531.0 231470.0 347317.0 303388.0 347325.0 348472.0 425216.0 404160.0 234909.0 232896.0 425216.0 425216.0 234909.0 425216.0 230411.0 224422.0 425216.0 425216.0 425216.0 425216.0 234909.0 234909.0 234909.0 234909.0 234909.0 234909.0 234909.0 234909.0 234909.0 234909.0 234909.0 234909.0 234901.0 234598.0 222345.0 228842.0 224799.0 203056.0 223476.0 202658.0 174276.0 112097.0 40672.5 -9999.0
