critload/trunk/input/1999/nfix_nat.asc
ncols 720
nrows 360
xllcorner -180.0
yllcorner -90.0
cellsize 0.5
NODATA_value -9999.0
[rows 58 to 86 of 360, columns 585 to 649 of 720]
238637.0 238637.0 238637.0 236930.0 229511.0 232634.0 228950.0 232007.0 238637.0 238637.0 238637.0 238040.0 238637.0 238637.0 238637.0 238637.0 234914.0 229544.0 229924.0 229309.0 228991.0 229747.0 227883.0 229502.0 226677.0 227786.0 226016.0 236755.0 238637.0 238637.0 238637.0 238637.0 238632.0 238637.0 238620.0 238621.0 238637.0 238603.0 238564.0 238366.0 238634.0 238637.0 238637.0 238635.0 226843.0 224976.0 238637.0 238637.0 238637.0 238637.0 238633.0 431963.0 431963.0 431963.0 431699.0 431263.0 428146.0 431697.0 431963.0 430050.0 430926.0 431963.0 431963.0 431963.0 431963.0
242263.0 242347.0 240741.0 236924.0 242263.0 242271.0 241017.0 238130.0 231547.0 224110.0 228764.0 242347.0 242347.0 242179.0 241724.0 215888.0 226467.0 241804.0 242347.0 242347.0 242347.0 242347.0 242347.0 242347.0 242347.0 242346.0 242346.0 242347.0 242347.0 242344.0 242347.0 242347.0 242347.0 242344.0 242347.0 242316.0 242341.0 242341.0 242347.0 242347.0 242347.0 242347.0 237650.0 230885.0 211944.0 233681.0 242347.0 242347.0 242347.0 242026.0 242333.0 438678.0 429455.0 433123.0 233806.0 239276.0 437722.0 438678.0 438678.0 242347.0 242347.0 438230.0 438678.0 438678.0 438118.0
242868.0 242721.0 245584.0 246038.0 246038.0 246038.0 246038.0 246038.0 246038.0 244229.0 238824.0 234427.0 237990.0 240392.0 243090.0 242156.0 244108.0 241517.0 245572.0 246038.0 246038.0 246038.0 246038.0 246034.0 246038.0 246035.0 246038.0 246038.0 246038.0 246034.0 246038.0 246035.0 246038.0 246038.0 246038.0 225471.0 232329.0 239246.0 246038.0 239212.0 232366.0 223701.0 238857.0 246038.0 238759.0 240783.0 244454.0 246038.0 246038.0 439712.0 241548.0 242534.0 244366.0 445359.0 445359.0 246038.0 246038.0 246038.0 246038.0 246038.0 244676.0 245826.0 246038.0 246038.0 244365.0
246271.0 249710.0 249710.0 249710.0 249710.0 249710.0 249710.0 249710.0 249710.0 249710.0 249710.0 249710.0 245012.0 241852.0 249707.0 249710.0 249624.0 246464.0 248747.0 249710.0 249710.0 249707.0 249710.0 249710.0 249710.0 249707.0 249710.0 249710.0 249696.0 249710.0 249710.0 249710.0 249710.0 249710.0 249710.0 249707.0 242728.0 235854.0 235700.0 242502.0 240414.0 246731.0 249710.0 249710.0 249474.0 233928.0 247278.0 247020.0 247255.0 249072.0 249710.0 249710.0 249710.0 249710.0 452006.0 249710.0 249710.0 249710.0 249710.0 191260.0 114059.0 70940.5 49779.0 50435.8 55603.9
250008.0 253363.0 253363.0 253363.0 253363.0 253363.0 253363.0 253363.0 253363.0 253363.0 253190.0 245200.0 250829.0 253358.0 253363.0 253363.0 253363.0 253363.0 253363.0 253363.0 253363.0 253363.0 253363.0 253363.0 253363.0 252756.0 253323.0 251647.0 252319.0 251562.0 250145.0 245711.0 248684.0 248794.0 250725.0 248559.0 227226.0 241326.0 249278.0 253363.0 253363.0 251163.0 250744.0 244628.0 245599.0 249143.0 253363.0 252810.0 253363.0 251537.0 251854.0 253363.0 253363.0 458619.0 253363.0 458619.0 246283.0 242349.0 118723.0 -9999.0 -9999.0 -9999.0 -9999.0 -9999.0 -9999.0
256997.0 256487.0 256997.0 256997.0 256997.0 256997.0 256997.0 256997.0 256997.0 256997.0 256997.0 252099.0 256997.0 256997.0 256991.0 256997.0 256997.0 256997.0 256997.0 256997.0 256997.0 256997.0 256994.0 256987.0 256988.0 256929.0 256986.0 256989.0 256966.0 256997.0 256993.0 256997.0 249900.0 255387.0 255018.0 256997.0 256997.0 253621.0 256997.0 256997.0 256997.0 254616.0 256997.0 256997.0 251572.0 253687.0 256997.0 255720.0 251869.0 253198.0 256997.0 465197.0 465197.0 465197.0 256997.0 256997.0 124471.0 8410.53 -9999.0 -9999.0 -9999.0 -9999.0 -9999.0 -9999.0 -9999.0
260539.0 260311.0 258899.0 257546.0 257865.0 258611.0 260432.0 260531.0 260343.0 260281.0 251034.0 260611.0 260611.0 260611.0 260304.0 260611.0 259207.0 260611.0 260611.0 260611.0 260611.0 260611.0 260611.0 260611.0 260609.0 260596.0 260540.0 260594.0 260611.0 260611.0 260585.0 260574.0 260611.0 260611.0 260611.0 260611.0 260611.0 259515.0 260611.0 260611.0 259188.0 260611.0 260611.0 260611.0 260611.0 255118.0 258986.0 252813.0 257793.0 260611.0 260611.0 471740.0 471740.0 471740.0 223434.0 105508.0 -9999.0 -9999.0 -9999.0 -9999.0 -9999.0 -9999.0 -9999.0 -9999.0 -9999.0
264206.0 264206.0 264115.0 264206.0 264206.0 263864.0 263608.0 257358.0 258311.0 263986.0 478246.0 264206.0 263723.0 264206.0 263668.0 262753.0 263702.0 264206.0 264206.0 264201.0 264173.0 264206.0 264206.0 264200.0 264146.0 264150.0 264190.0 264203.0 264206.0 264206.0 264206.0 264206.0 264206.0 264206.0 264206.0 264206.0 262014.0 259129.0 262347.0 263235.0 259788.0 254977.0 264206.0 264206.0 263822.0 260628.0 264024.0 264206.0 478246.0 476430.0 478246.0 464916.0 442001.0 117288.0 6662.97 -9999.0 -9999.0 -9999.0 -9999.0 -9999.0 -9999.0 -9999.0 -9999.0 -9999.0 -9999.0
267780.0 267780.0 267780.0 267697.0 267780.0 265459.0 254379.0 267780.0 267780.0 479893.0 266287.0 267780.0 267780.0 267153.0 267780.0 267597.0 267780.0 263693.0 265852.0 267776.0 267768.0 267778.0 267596.0 267780.0 265518.0 267780.0 267780.0 267777.0 267780.0 267780.0 267780.0 267780.0 267780.0 267780.0 267780.0 267780.0 267780.0 267780.0 267780.0 267616.0 267780.0 267780.0 256518.0 266805.0 267780.0 266637.0 267698.0 267286.0 484716.0 484716.0 266177.0 171799.0 8043.15 -9999.0 -9999.0 -9999.0 -9999.0 -9999.0 -9999.0 -9999.0 -9999.0 -9999.0 -9999.0 -9999.0 -9999.0
271334.0 271334.0 491149.0 271334.0 271334.0 263822.0 264499.0 271334.0 269221.0 271242.0 270197.0 271334.0 271241.0 271148.0 270113.0 271334.0 271334.0 271334.0 270797.0 269884.0 271334.0 271334.0 271334.0 271334.0 271278.0 271318.0 270672.0 271311.0 271330.0 271331.0 271334.0 271334.0 271334.0 271334.0 271334.0 271334.0 258281.0 271334.0 271334.0 271334.0 271334.0 271334.0 271084.0 270767.0 271147.0 270891.0 270963.0 271334.0 491149.0 263610.0 139951.0 10592.2 -9999.0 -9999.0 -9999.0 -9999.0 -9999.0 -9999.0 -9999.0 -9999.0 -9999.0 -9999.0 -9999.0 -9999.0 -9999.0
274868.0 274868.0 496216.0 496954.0 274868.0 274868.0 272535.0 274868.0 274059.0 274217.0 274868.0 274868.0 274868.0 274868.0 274868.0 274868.0 274133.0 274091.0 273641.0 274868.0 274583.0 274868.0 274868.0 274868.0 274838.0 274868.0 274848.0 274868.0 274868.0 274868.0 274865.0 274868.0 274868.0 274868.0 274868.0 274679.0 273940.0 274258.0 274868.0 274868.0 274868.0 274868.0 274868.0 274868.0 274868.0 274868.0 274868.0 259516.0 167714.0 41292.3 -9999.0 -9999.0 -9999.0 -9999.0 -9999.0 -9999.0 -9999.0 -9999.0 -9999.0 -9999.0 -9999.0 -9999.0 -9999.0 -9999.0 -9999.0
270986.0 267259.0 276234.0 277799.0 278380.0 278380.0 278038.0 278063.0 278380.0 278380.0 278380.0 278380.0 278380.0 278380.0 278294.0 278063.0 277953.0 278380.0 278380.0 278380.0 278380.0 270090.0 270688.0 270623.0 277013.0 278380.0 278380.0 278380.0 278380.0 278380.0 278380.0 278380.0 278380.0 278380.0 278380.0 278380.0 278188.0 278380.0 278380.0 278380.0 278380.0 270655.0 278380.0 278380.0 278380.0 262746.0 187373.0 53962.1 9311.16 9463.13 60335.9 -9999.0 -9999.0 -9999.0 -9999.0 -9999.0 -9999.0 -9999.0 -9999.0 -9999.0 -9999.0 -9999.0 -9999.0 -9999.0 -9999.0
281437.0 281871.0 281871.0 281871.0 281871.0 281871.0 281871.0 281871.0 281871.0 281871.0 281871.0 281871.0 281871.0 281871.0 281871.0 281871.0 281871.0 281871.0 281871.0 281871.0 281871.0 281871.0 281871.0 281871.0 281793.0 274033.0 281871.0 281871.0 281871.0 276827.0 231498.0 214193.0 252700.0 279199.0 270595.0 279960.0 280051.0 281871.0 281871.0 281871.0 281871.0 281871.0 281871.0 281871.0 281871.0 181025.0 56278.2 47546.7 46345.2 33637.4 121139.0 -9999.0 -9999.0 -9999.0 -9999.0 -9999.0 -9999.0 -9999.0 -9999.0 -9999.0 -9999.0 -9999.0 -9999.0 -9999.0 -9999.0
285341.0 285341.0 285213.0 285341.0 285341.0 285341.0 277391.0 285341.0 285341.0 285341.0 285341.0 285341.0 285341.0 285341.0 285341.0 285341.0 285341.0 285341.0 285341.0 285341.0 285257.0 285341.0 285231.0 285341.0 285283.0 285341.0 285341.0 285341.0 285341.0 282931.0 128082.0 263483.0 285341.0 285341.0 285341.0 285341.0 285341.0 285341.0 285341.0 285341.0 268795.0 285341.0 285243.0 284001.0 285341.0 285341.0 285341.0 285341.0 140679.0 51144.2 7427.74 -9999.0 66916.4 95922.8 115911.0 17577.8 -9999.0 -9999.0 -9999.0 15371.6 134801.0 -9999.0 -9999.0 -9999.0 -9999.0
288700.0 288789.0 288789.0 288789.0 288789.0 280759.0 280791.0 280775.0 288789.0 288789.0 288789.0 288789.0 288703.0 288612.0 288437.0 288729.0 288536.0 288789.0 288688.0 288689.0 288689.0 286073.0 286952.0 288696.0 288684.0 288789.0 288789.0 280743.0 272666.0 260498.0 280645.0 288789.0 288700.0 288414.0 288789.0 288789.0 288789.0 288789.0 288789.0 288789.0 288789.0 288789.0 288789.0 288789.0 522745.0 288789.0 288789.0 280743.0 199329.0 196988.0 64850.9 85808.1 201888.0 288789.0 268005.0 221185.0 40212.4 -9999.0 -9999.0 -9999.0 149679.0 4727.33 -9999.0 -9999.0 -9999.0
275898.0 292215.0 284090.0 284058.0 292215.0 292215.0 284137.0 292215.0 292215.0 292189.0 292161.0 292215.0 292215.0 290564.0 291184.0 290357.0 289301.0 287784.0 274474.0 256272.0 260447.0 262582.0 277070.0 280330.0 287309.0 287944.0 281551.0 284015.0 274999.0 282773.0 284058.0 259636.0 284064.0 292215.0 284058.0 284090.0 292215.0 292215.0 292215.0 292215.0 292215.0 292215.0 292215.0 292215.0 292215.0 292215.0 284106.0 275902.0 284058.0 292215.0 292215.0 292215.0 292215.0 274892.0 238712.0 259265.0 258621.0 129978.0 83259.6 252419.0 289192.0 64192.4 -9999.0 -9999.0 -9999.0
279227.0 279211.0 279243.0 254584.0 246239.0 295491.0 295619.0 279117.0 287251.0 287287.0 295619.0 295619.0 294460.0 295064.0 295619.0 289031.0 295619.0 295619.0 295619.0 271102.0 246522.0 271039.0 279211.0 254631.0 279211.0 270929.0 267108.0 284139.0 262494.0 279117.0 267583.0 254146.0 270913.0 279133.0 270976.0 262882.0 279148.0 295619.0 295619.0 295619.0 295619.0 295619.0 295619.0 295619.0 295619.0 295619.0 287446.0 270728.0 287446.0 293911.0 284929.0 293502.0 294851.0 287450.0 280244.0 274028.0 290852.0 96822.3 88859.6 295619.0 295619.0 613530.0 -9999.0 -9999.0 -9999.0
248081.0 234988.0 272075.0 282342.0 290734.0 282389.0 282124.0 257387.0 257137.0 282128.0 290371.0 299000.0 299000.0 299000.0 299000.0 299000.0 290275.0 275695.0 259024.0 275660.0 292337.0 290656.0 299000.0 299000.0 290687.0 282467.0 235928.0 277296.0 281285.0 282436.0 273788.0 254159.0 232524.0 207045.0 278741.0 257449.0 290586.0 290687.0 299000.0 299000.0 299000.0 299000.0 299000.0 299000.0 299000.0 299000.0 299000.0 256265.0 246228.0 299000.0 290702.0 299000.0 299000.0 299000.0 256790.0 260411.0 299000.0 170264.0 186372.0 299000.0 299000.0 322710.0 -9999.0 -9999.0 -9999.0
265798.0 260344.0 268188.0 268435.0 268722.0 268794.0 260019.0 268725.0 276392.0 285485.0 285458.0 302224.0 302359.0 302359.0 302359.0 293828.0 293818.0 236700.0 193119.0 213202.0 260233.0 278826.0 287186.0 302359.0 302359.0 293921.0 288920.0 294795.0 282106.0 285545.0 285140.0 259892.0 210192.0 232479.0 268763.0 260372.0 293921.0 302359.0 302359.0 302359.0 302359.0 302359.0 302359.0 302359.0 302359.0 302359.0 302359.0 273054.0 240057.0 277108.0 285545.0 302359.0 302359.0 290366.0 258284.0 233525.0 258975.0 76914.7 106873.0 301605.0 302359.0 571422.0 -9999.0 -9999.0 -9999.0
280335.0 280258.0 271673.0 245948.0 237712.0 212151.0 220481.0 237788.0 254467.0 280135.0 297124.0 288588.0 297179.0 280063.0 245990.0 208699.0 208917.0 195328.0 105270.0 105384.0 123827.0 208865.0 247887.0 256383.0 266542.0 186844.0 195235.0 239222.0 263708.0 263033.0 267955.0 194043.0 169830.0 254883.0 237731.0 263244.0 288726.0 305694.0 305694.0 304578.0 297164.0 305694.0 305694.0 297179.0 305694.0 305694.0 305694.0 295548.0 276853.0 271651.0 288649.0 293768.0 289054.0 277094.0 304034.0 305694.0 116329.0 -9999.0 -9999.0 818055.0 305694.0 277446.0 8072.98 -9999.0 -9999.0
283230.0 274478.0 248511.0 231367.0 212401.0 162852.0 179577.0 205727.0 240047.0 283233.0 283083.0 265959.0 248523.0 188610.0 113128.0 138831.0 205897.0 156127.0 183526.0 154763.0 235437.0 250282.0 192096.0 188623.0 162835.0 119986.0 180139.0 257551.0 257398.0 245748.0 179715.0 179294.0 188577.0 180044.0 266096.0 291900.0 309006.0 309006.0 309006.0 295743.0 300446.0 309006.0 300415.0 283248.0 291824.0 300415.0 309006.0 309006.0 291446.0 262511.0 267351.0 290075.0 309006.0 309006.0 309006.0 284856.0 8042.61 -9999.0 -9999.0 246595.0 308785.0 309006.0 90496.0 -9999.0 -9999.0
277397.0 268823.0 251423.0 192382.0 231030.0 200720.0 153508.0 174966.0 361199.0 198578.0 260231.0 206171.0 190589.0 88391.0 0.0192871 17349.7 69480.7 98713.0 138585.0 184122.0 220370.0 246202.0 197656.0 45063.8 25925.9 86900.3 155905.0 242820.0 268913.0 232285.0 176602.0 190548.0 147510.0 172840.0 233971.0 284598.0 312295.0 312295.0 312295.0 294960.0 294930.0 294900.0 286217.0 277595.0 286308.0 303643.0 312295.0 286172.0 247580.0 239343.0 277520.0 303628.0 303643.0 312295.0 312295.0 299938.0 8984.16 -9999.0 -9999.0 222242.0 312295.0 312295.0 197624.0 -9999.0 -9999.0
414349.0 169026.0 0.0 0.0 51925.3 71254.8 23557.3 0.0286865 62261.7 135989.0 193337.0 156090.0 38944.0 0.0286865 0.0 17494.9 34962.8 26259.0 131400.0 186040.0 266410.0 219041.0 122552.0 34986.9 8742.96 87580.3 134789.0 227874.0 248984.0 187611.0 129964.0 158146.0 135172.0 148014.0 162804.0 288180.0 315560.0 315560.0 297983.0 306832.0 298089.0 315560.0 306832.0 306757.0 280392.0 262846.0 271694.0 217837.0 196554.0 268068.0 306832.0 315560.0 306832.0 315560.0 315560.0 294874.0 -9999.0 -9999.0 -9999.0 223370.0 315462.0 1314350.0 315259.0 64094.8 -9999.0
26253.6 0.0 118353.0 39680.4 26453.6 0.0 0.0 0.0 0.0 0.0286865 3430.45 8801.11 0.0 0.0 0.0286865 0.0 0.0192871 35377.5 125715.0 221277.0 230424.0 256745.0 114683.0 53208.3 44285.5 0.0385742 54711.6 171626.0 256670.0 138228.0 230409.0 161334.0 237928.0 211701.0 207248.0 212503.0 318801.0 318616.0 318726.0 318727.0 309982.0 292137.0 301030.0 309908.0 283438.0 212444.0 230007.0 171967.0 265039.0 318801.0 318801.0 309967.0 318801.0 309967.0 318801.0 917664.0 -9999.0 -9999.0 -9999.0 269953.0 311840.0 461049.0 434684.0 441851.0 -9999.0
0.0 0.0 13271.1 321462.0 237279.0 0.0 0.0286865 0.0 0.0286865 0.0 0.0 0.0286865 0.0286865 0.0 0.0 0.0 94989.6 96830.6 188014.0 250413.0 268318.0 187495.0 46391.9 44657.8 21414.4 1790.48 44741.0 176977.0 57274.1 254187.0 305918.0 277166.0 207504.0 270082.0 304127.0 223690.0 288117.0 321955.0 312985.0 250240.0 258488.0 205488.0 232390.0 230793.0 185234.0 99734.2 137396.0 240135.0 322017.0 322017.0 313094.0 313094.0 322017.0 313050.0 322017.0 499150.0 -9999.0 -9999.0 184370.0 318520.0 234930.0 -9999.0 -9999.0 -9999.0 -9999.0
322824.0 296009.0 188280.0 0.057373 0.0 0.0 0.0 12121.1 0.0 0.0 0.0 0.0 0.0 0.0 35019.1 36178.6 126438.0 164486.0 261967.0 207721.0 144302.0 10822.7 117194.0 153652.0 116571.0 99214.7 153328.0 0.0 162443.0 153449.0 223874.0 240389.0 260129.0 198812.0 251238.0 307157.0 325209.0 307083.0 234579.0 234810.0 209556.0 180424.0 126308.0 91718.6 155293.0 176303.0 207868.0 307127.0 325209.0 316168.0 316198.0 325209.0 325209.0 325209.0 859311.0 90014.0 -9999.0 -9999.0 -9999.0 929922.0 359904.0 -9999.0 -9999.0 -9999.0 -9999.0
121678.0 0.0 0.0 0.0 0.0 0.0 0.0 0.0 0.0 0.0 6223.57 0.057373 0.057373 5426.8 43314.0 69312.3 85674.1 164291.0 209803.0 109240.0 9085.0 0.0 182460.0 200601.0 182212.0 136524.0 0.0 0.0 21807.0 43657.8 200531.0 313817.0 188034.0 273626.0 328376.0 291861.0 145594.0 63726.8 127789.0 82087.0 46476.1 255258.0 255419.0 255331.0 95947.3 253787.0 300484.0 328376.0 328376.0 328376.0 328376.0 328376.0 328376.0 646240.0 -9999.0 -9999.0 -9999.0 -9999.0 27101.6 1069160.0 43296.1 -9999.0 -9999.0 -9999.0 -9999.0
0.0 0.0 0.0 0.0 0.0 0.0 0.0 0.0 0.0 0.0 0.0 0.0 0.0 96103.2 219492.0 71963.7 134625.0 156456.0 101131.0 36719.5 66335.8 956907.0 679670.0 181553.0 183967.0 221056.0 119592.0 0.0 0.0 0.0 115801.0 277938.0 296445.0 254136.0 313043.0 101073.0 257787.0 257717.0 193422.0 138227.0 230127.0 22179.4 66532.5 169588.0 304001.0 331519.0 331519.0 331519.0 313058.0 322274.0 331519.0 331519.0 865726.0 -9999.0 -9999.0 -9999.0 -9999.0 -9999.0 23172.6 303382.0 969206.0 -9999.0 -9999.0 -9999.0 -9999.0
0.0 0.0 0.0 0.0 0.0 0.0 0.0 67563.7 124846.0 277002.0 207565.0 96746.7 0.0 220994.0 290133.0 88213.8 92753.1 55109.4 41444.3 13772.0 0.0 0.0 0.0 0.0804443 195097.0 195039.0 223119.0 185923.0 195226.0 176434.0 61563.9 210331.0 280816.0 278892.0 133673.0 41037.8 106257.0 211738.0 232163.0 250840.0 223033.0 204629.0 277247.0 211091.0 315973.0 334636.0 334636.0 334636.0 325333.0 1356990.0 325362.0 1124480.0 -9999.0 -9999.0 -9999.0 -9999.0 -9999.0 -9999.0 237640.0 1234140.0 681445.0 581121.0 -9999.0 -9999.0 -9999.0
