critload/trunk/input/1999/nfix_grass_ext.asc
ncols 720
nrows 360
xllcorner -180
yllcorner -90
cellsize 0.5
NODATA_value -2
[rows 128 to 159 of 360, columns 504 to 575 of 720]
303119.44427468954 237653.31878683678 276241.0675043873 227977.08091715677 234196.34201147791 0.0 0.0 0.0 0.0 0.0 139467.2656882962 0.0 0.0 0.0 0.0 0.0 0.0 0.0 0.0 0.0 0.0 0.0 0.0 0.0 0.0 0.0 0.0 0.0 0.0 0.0 0.0 0.0 0.0 0.0 0.0 0.0 4992.160719755919 0.018868531014954903 0.022586273689801303 0.020317840244441436 638.5724568963412 0.02624169324003434 1824.4694128343874 42.657823545265465 0.0013203476555668052 0.0 8192.538452162506 0.0 0.0 0.00785007468949938 0.0 0.0 95231.62422185138 422252.1923065599 0.0 0.0 0.0 0.0 0.0 0.0 0.0 0.0 1000167.461204006 939558.5613268497 966138.4199138305 0.0 0.0 0.0 0.0 101647.71642677221 476377.0914071851 92794.44704055114
263948.80065950623 0.0 0.0 126360.68265444072 0.0 0.0 0.0 0.0 0.0 0.0 0.053186806144398927 0.0 0.0 0.0 0.0 0.0 0.0 0.0 0.0 0.0 0.0 0.0 0.0 0.0 0.0 0.0 0.0 0.0 0.0 0.0 0.0 0.0 0.0 0.0 0.0 0.0 1191.5630327644717 106648.6075953361 54106.853441840474 22417.35186683412 25024.23409478321 111.57712787373902 131.21963386999502 0.0 0.011104163922912004 0.0 2753.839826575224 0.0 3733.737277986187 5441.452775437651 1804.409497892037 77299.80163572523 237519.14424856962 0.0 0.0 544527.3065562586 0.0 0.0 0.0 0.0 0.0 0.0 0.0 0.0 0.0 0.0 934429.9728878767 0.0 288599.7930524874 390592.22183177684 459665.31295771647 489906.5528866209
0.0 1327.485499532752 0.019042145231691267 0.0 0.0 0.0 0.0 0.0 0.0 0.0 0.09517310904805801 0.0 0.0 0.0 0.0 0.06334601530398731 0.04831465757900222 0.0 0.0 0.0 0.0 0.0 0.0 1844.4217347953295 0.0 0.0 0.0 0.0 0.0 0.0 0.0 0.0 0.0 0.0 0.0 0.0 0.0 0.0 0.0 0.0 0.0 0.0 158.31958234296206 1192.585489158632 0.020327745096491164 0.039492198811816814 0.0037169455026709063 0.0 7760.466988123294 0.0 4.609012603762852 274764.72187064076 400755.1174157305 0.0 0.0 0.0 0.0 348017.29545591073 498109.8712920571 0.0 0.0 380067.5042152873 1000507.3223088956 725998.7483989563 0.0 0.0 0.0 444195.47080958966 384710.4450230042 500372.69897475495 424733.95118667476 430996.4690212757
0.0 0.01920620699699666 0.011682861713776124 0.05069528424425743 0.0482525150117626 0.0 0.0 0.0 0.0 0.0 0.0 0.0 0.0 0.0 0.0 0.0 134.13084330068583 909.3157294293213 0.0 0.0 0.0 8865.751125224411 0.0 0.0 0.0 4968.003807064588 0.0 0.0 0.0 0.0 0.0 0.0 0.0 0.0 0.0 0.0 0.0 0.0 0.0 0.0 33062.33411327328 0.011180605360990943 0.0 0.005690557316031913 0.0 3750.5684173424115 0.028965862111391162 0.0 6471.734462329524 2364.589570424376 0.028438867820994623 168668.73383506841 311225.1159674166 474040.9107211788 0.0 0.0 0.0 438519.9038973801 352028.53622400213 0.0 0.0 0.0 738606.2496169313 1035176.6602499901 0.0 0.0 292873.22807382984 116006.26296993784 408232.7377316254 0.0 813387.7048487886 0.0
0.0 0.0 0.0 0.0 0.0 0.0 0.0 0.0 0.0 0.0 0.05437905765579812 0.0 0.0 0.0 0.0 0.0 0.0 0.0 0.0 0.03558509838524789 181.0354083783039 200.29395551128175 0.05663090441898572 0.026702872582905365 0.013582581232206797 0.037933734756781655 131.0148086515553 0.0 0.0 0.0 0.0 0.0 0.0 0.0 0.0 0.0 0.0 0.0 0.0 2234.3452081344963 1231.7788038655442 47.945206612276095 0.0 0.0 2468.758230498055 0.009359836440133959 14552.687856518985 15761.317266407437 19225.015433588156 0.0 0.0 61829.06490305507 0.0 328768.52073720243 0.0 0.0 554963.1024355331 514985.14633127133 441288.9202123631 0.0 0.0 0.0 0.0 1047657.8869834626 0.0 994954.8904417616 1039778.2449728004 743931.4209004376 467945.34406715713 0.0 0.0 0.0
0.0 0.0 0.0 0.0 0.0 0.0 0.0 0.0 0.0 0.0 0.0 0.0 0.0 0.0 0.0 0.0 0.0 0.0 0.03809071065463115 0.07451494638539087 0.06928643833805276 0.05323797481651544 0.08015589251045821 0.007991305483304666 0.018969263817322526 0.07483534042179382 0.0 3501.915265981425 0.0 0.0 0.0 0.0 0.0 0.0 0.0 0.0 0.0 0.0 0.0 0.0 0.0 0.0 0.0 0.0 6327.70347936623 0.0 35503.08559135628 25671.529219373366 0.005700886623581526 6998.726435934297 0.0 0.0017618058336589892 544.5486903194104 37387.65716553817 398010.196303352 0.0 0.0 408467.2193526878 455086.08150350826 766598.8998414589 0.0 0.0 922041.1229115245 1027970.0050375209 0.0 942844.1397657283 479855.3339005201 0.0 0.0 0.0 0.0 974388.7069702627
0.0 0.0 0.0 0.0 0.0 0.0 0.0 0.0 0.0 0.0 0.0 0.0 0.0 0.0 0.0 0.0 0.0 0.0 432.7416304493072 745.9292161533742 1730.682973664614 634.1780870424147 0.023153549591323576 0.034492551230711134 0.03610389779848756 0.08212145175998312 2185.66437565245 7052.490775284872 50079.6720449104 0.0 0.0 0.0 0.0 0.0 0.0 0.0 0.0 0.0 0.0 0.0 0.0 0.006613594541687354 0.0 0.0 6458.161164589482 1735.8500530901913 0.0 0.0 1844.7521187239672 0.0 0.0036058485420665948 0.023981205595175296 0.009690652768772491 0.0 133539.49737531116 0.0 0.0 565816.6589744481 336178.43398963916 463727.8491973053 363515.77377285174 0.0 0.0 0.0 456426.1621472187 221614.07089212778 0.0 76002.27584830915 103032.75355006623 331243.09978333325 0.0 0.0
97779.97891884873 0.0 0.0 0.0 0.0 0.0 0.0 0.0 0.0 0.0 0.0 0.055200666565578885 0.03271844884699948 0.0 0.0 0.0 0.0 0.08411875128905374 570.0779814869976 0.0 0.0 0.0 206.38716584855817 0.0374124009796047 0.04332145689448976 0.05350408173396864 195.83870075922417 6947.523413836003 7272.763832674333 0.0 0.0 0.0 0.0 0.0 0.0 0.0 0.0 0.0 0.0 0.0 0.0 44728.78112795218 0.0 0.0 5403.6478909611915 0.0 0.0 0.0 8.919930370313562 0.007574324627065303 0.010979578109960812 0.008986429747898103 667.1382546427928 0.0 287201.00632810255 0.0 0.0 394750.4496565304 144684.23728998186 94841.49379732093 74030.46417244489 0.0 0.0 1646.4265346567213 42938.647050818705 29357.91060921178 11355.167090631185 5393.726029590107 16923.74820717714 0.0 0.0 0.0
0.0 0.0 0.0 0.0 0.0789210601397867 0.0 0.0 0.0 0.0 0.0 1375.0229977669255 0.0 0.0 0.033484413324923405 540.4864020658911 0.08136422430321838 0.0 0.06563465667578265 0.0 0.0 0.0 0.0 0.0 0.03207550389555012 0.07448271121575911 0.012829640400037314 0.022831161550164812 0.0 0.05753745972481349 0.0 0.0 0.0 0.0 1131.1586727622685 0.0 0.0 0.0 -2.0 -2.0 0.0 0.0 0.0 0.0 0.0 8405.39447605329 0.0 0.0 0.0 7614.110335758403 0.0 0.0 0.0 0.00047465800889789347 0.0 0.0 0.0 362376.1461751334 467140.9090047765 92486.39411938145 0.0 0.0 0.0 0.0 0.0 13855.764770529251 34381.07998913594 26649.677609196846 5541.812994765414 12377.905235463815 38592.535034622895 177335.41526816206 375346.0594179638
0.0 0.0 0.0 0.0 0.0 0.0 0.0 0.0 0.0 5865.77461519496 35002.982330276405 0.0 755.7817016205579 5341.79753618332 0.0 0.0 2093.2845767793274 50814.25649024433 0.0 0.0 0.0 0.0 1406.828847418004 0.0 0.0362328260052493 0.044156219723844384 5360.798465620978 0.034301125151610455 1335.6035579485879 0.0 -2.0 -2.0 -2.0 -2.0 -2.0 -2.0 -2.0 -2.0 -2.0 -2.0 10295.980298730698 0.0 0.0 0.0 19626.33287287524 0.0 0.0 0.0 15258.647872503305 9440.52490630196 3191.999459267824 4695.3207755551 6689.945650099431 0.0 0.0 1820.9870270169527 0.0 0.0 65204.75730905942 33045.09124747712 0.0 2043.8764095265367 9882.52811432273 0.005645659985016831 0.017138710973058892 37649.87144463676 0.0 0.0 0.0 0.00762962099541281 15009.223830669309 0.0
-2.0 0.0 0.0 0.015785869481932852 0.0 0.0 0.0 0.0 0.0 0.0 0.0 0.0 0.0 0.0 0.0 0.0 0.015789554345296705 417.1375721132642 0.0 0.0 126.36497342695513 0.0627542461530352 0.0 0.0 814.518577928502 0.014968677237336823 7209.354398908625 0.0 0.0 0.0 -2.0 -2.0 -2.0 -2.0 -2.0 -2.0 -2.0 -2.0 -2.0 -2.0 0.0 2557.5543030382105 7483.523382312214 0.0 3736.8702366835987 0.0 0.0 0.0 22888.941178102046 31203.099200675064 3491.738480018794 11089.909581560596 3623.898172371965 0.0 0.0 1941.2761807701454 0.0 0.0 0.0 0.008066468944890997 0.0 0.0 0.0 0.0 0.0 0.0 23728.647214517074 0.0 0.0 0.0 1030.1569640360885 -2.0
-2.0 0.0 0.07152163079809461 0.0 0.0 0.0 0.0 0.0 0.0 0.0 0.0 0.0 0.0 0.0 0.0 12908.826028166013 1681.4586429688654 0.0052779179895939225 122.94107880139876 0.027361564434583645 367.12233800573904 501.541466327082 0.0 0.01246947081200428 0.025909824171364105 0.0408484367653432 0.0 0.0 0.0 0.0 -2.0 -2.0 -2.0 -2.0 -2.0 -2.0 -2.0 -2.0 -2.0 -2.0 -2.0 0.0 20219.912418206222 0.0 3272.02410699143 0.0 0.0 18023.44966919931 21666.94526489648 1242.2498550683717 7137.823997686291 70.00721345538837 0.0019190598322955505 0.0 1955.8292865685871 13184.948933518526 15360.447512789196 0.006720330475229497 0.009984592588823595 7326.441287997149 1832.1625948046071 5988.866519931763 0.0 0.0 0.0 0.0 21558.571859153642 0.0 0.0 0.0 -2.0 -2.0
-2.0 0.0 0.0 0.0 0.0 0.0 0.0 0.0 0.0 0.0 0.0 0.0 0.0 0.0 0.0 0.08524764189149606 3102.7859797246992 0.0 0.003161096083211636 0.05087288518554817 0.08644403520184364 9065.88919758109 0.03223171415809903 0.0 0.010595687263056725 0.0 9516.348150879232 0.0 0.0 -2.0 -2.0 -2.0 -2.0 -2.0 -2.0 -2.0 -2.0 -2.0 -2.0 -2.0 -2.0 -2.0 816.8152451517882 15873.982125551467 0.0 28860.354020961746 0.0 15818.220331470138 15958.138220628764 5150.063660191081 1901.1719490791836 17387.188720687744 0.0 0.0 8506.763946272098 9673.854881934833 17212.773364099223 0.011087291568415666 90.45122116820752 309.12375897210336 8925.593312225941 4065.4924392686607 3161.46170502974 240.99818469500173 0.0 0.0 0.03348707477931475 0.0 -2.0 -2.0 -2.0 -2.0
-2.0 564.0270269640282 0.0 0.07094053016784717 372.73433240855013 0.0 0.0 0.0 0.0 0.0 0.0 0.0 0.0 0.0 12838.232329950355 35167.78707511324 138.36502531124225 0.0 108.4482416510164 0.05471365867616301 0.0 0.039426793137007234 0.020288259884127902 0.02126122003574505 0.03816708012888537 0.0 0.0 -2.0 -2.0 -2.0 -2.0 -2.0 -2.0 -2.0 -2.0 -2.0 -2.0 -2.0 -2.0 -2.0 -2.0 -2.0 -2.0 13393.05832799161 16797.235298129566 13754.900476249697 0.0 2239.3508967300636 2881.501876465216 0.0 1527.9116630543708 0.0 0.0 0.0009673190106709723 0.0019321918443966747 5587.4578803620425 6226.4075820708895 0.017347906214100522 0.0 0.010212569242197102 5359.74493026943 0.0 0.00767882149829353 3533.744668971033 0.0 8013.353633870002 171.80857411568607 0.0 -2.0 -2.0 -2.0 -2.0
-2.0 0.0 119.60426985697133 0.0 0.0 0.0 0.0 0.0 0.0 0.0 0.0 0.0 0.0 0.0 0.0 0.0 2133.6739448764374 0.010181745437901284 5302.734649186414 3617.0473068990464 528.011191194075 0.04696022115221503 0.06279717263188023 35594.24376764916 0.0 0.0 -2.0 -2.0 -2.0 -2.0 -2.0 -2.0 -2.0 -2.0 -2.0 -2.0 -2.0 -2.0 -2.0 -2.0 -2.0 -2.0 -2.0 0.0 19566.361033995625 1173.368301609179 0.0 4123.228308024951 4477.817145212068 2038.6322588437815 0.0 0.0 16350.875854477901 0.00872678110680553 0.0024249106900345392 2658.879804604739 11904.794414341672 5441.834894600374 0.0 8583.508300787504 0.004200531429896962 7323.090362559714 0.0 0.0 0.0 0.0 19408.56615031816 0.0 -2.0 -2.0 -2.0 -2.0
-2.0 74.11049809302098 0.023949365981964656 0.06509633890345203 0.0 0.0 0.0 0.0 0.0 0.0 0.0 0.0 0.0 0.0 0.0 0.0 0.09495239564778558 0.061885348714040875 0.012152073077220833 0.03159902189511172 0.014080102209809212 0.009933469709744657 0.05446759879540458 0.0 0.0 -2.0 -2.0 -2.0 -2.0 -2.0 -2.0 -2.0 -2.0 -2.0 -2.0 -2.0 -2.0 -2.0 -2.0 -2.0 -2.0 -2.0 -2.0 -2.0 0.0 0.0 0.0 0.0 211.83391235754863 9645.91551668168 0.0 0.0 0.0 1485.3726631795619 0.043082450793093835 10499.31554263991 0.018960798615854594 29605.594798607963 3505.099544535482 0.009245804176312065 2041.3980012215025 10246.682250907746 0.0 32056.897987187218 0.009085628300903538 15239.331817690647 0.00825275164970662 14573.852267552995 405.60635026520714 -2.0 -2.0 -2.0
-2.0 -2.0 102.76174206650549 0.02121704205830577 0.0 0.06470881858150716 0.0 0.0 0.0 0.0 0.0 0.0 0.0 0.0 0.0 0.0 877.6418783713973 0.0 0.0559364512810849 0.0038948106521313843 493.60906332756963 414.4343714396194 0.0 0.0 -2.0 -2.0 -2.0 -2.0 -2.0 -2.0 -2.0 -2.0 -2.0 -2.0 -2.0 -2.0 -2.0 -2.0 -2.0 -2.0 -2.0 -2.0 -2.0 -2.0 0.0 4399.968989918119 0.0 0.0 1.9095070876645523 0.0 0.0 0.0 0.0 0.021922469932195262 49443.031288072176 13723.789830432417 7004.500097071439 29003.474140122104 0.001989088619314426 18337.94129742853 13309.42027237317 0.0 0.0 0.0 0.0 0.009271512499252784 8499.0600585928 7759.772396075222 29879.304680580353 0.0 -2.0 -2.0
-2.0 -2.0 0.0 0.03869502934325714 0.0 0.0 11773.426803755703 0.0 0.0 0.0 0.0 0.0 0.0 0.0 0.0 0.0 0.0 0.0 0.0 0.0 0.0 0.0 -2.0 -2.0 -2.0 -2.0 -2.0 -2.0 -2.0 -2.0 -2.0 -2.0 -2.0 -2.0 -2.0 -2.0 -2.0 -2.0 -2.0 -2.0 -2.0 -2.0 -2.0 -2.0 -2.0 4345.83072455798 0.0 0.0 15492.241690018693 2052.881465912122 15901.58560889283 15957.565106132535 142.17789173133272 13175.325012234884 8164.792300592989 0.0 0.0 9931.887150935016 2949.655112918053 31152.362356363406 0.0 0.0 0.0 28786.79446189286 0.0 0.0 21714.218583006725 2569.8198599830635 7599.425506576946 0.0 0.0 -2.0
-2.0 -2.0 0.0 0.05253900287702279 0.0 0.0 0.0 475.3131646849752 0.08291796134489716 0.0 0.0 0.0 0.0 0.0 0.0 0.0 0.0 0.0 0.0 0.0 0.0 -2.0 -2.0 -2.0 -2.0 -2.0 -2.0 -2.0 -2.0 -2.0 -2.0 -2.0 -2.0 -2.0 -2.0 -2.0 -2.0 -2.0 -2.0 -2.0 -2.0 -2.0 -2.0 -2.0 3263.8305669622587 0.0 0.0 0.0 0.0 5202.792459692082 0.0 0.0 11957.64482836548 10805.664891625824 0.0 0.0 0.0 23432.049775850555 14648.457566116214 43461.720368514936 0.0 0.0 0.0 0.0 22739.02789525693 0.0 7952.5813025333755 0.04199682116447828 6826.419353505094 9010.243847445967 280.73044712857774 0.0
-2.0 -2.0 0.0 0.03749970883299443 0.0 0.0 0.0 0.0 0.0 0.0 0.0 0.0 0.0 547.8131365753819 23867.54819500748 0.0 0.0 0.0 0.0 0.0 0.0 -2.0 -2.0 -2.0 -2.0 -2.0 -2.0 -2.0 -2.0 -2.0 -2.0 -2.0 -2.0 -2.0 -2.0 -2.0 -2.0 -2.0 -2.0 -2.0 -2.0 -2.0 -2.0 -2.0 7137.5247001596845 0.06692318726217136 0.0 0.0 0.0 -2.0 -2.0 0.0 6718.529737175997 332.18837639286244 29822.301822555415 0.0 0.0 0.0 2398.028612170895 21779.599462581493 0.0 0.0 0.0 0.0 0.0 0.0 6862.844965322769 4529.882287591409 7555.592245575131 13435.513305672637 20976.95236207117 345.5223870092257
-2.0 -2.0 -2.0 0.0 0.06311065808394703 0.0 0.0 0.0 0.0 0.0 0.0 0.0 0.0 1138.2911472585474 0.0 0.0 0.0 0.0 0.0 -2.0 -2.0 -2.0 -2.0 -2.0 -2.0 -2.0 -2.0 -2.0 -2.0 -2.0 -2.0 -2.0 -2.0 -2.0 -2.0 -2.0 -2.0 -2.0 -2.0 -2.0 -2.0 -2.0 -2.0 -2.0 3191.472624237324 2403.7276706346915 21942.937421763105 0.0 -2.0 -2.0 -2.0 19060.95088503054 7361.7099285138565 0.0 47593.04679434953 0.0 0.0 0.0 24940.84356622818 0.0 0.0 1048.4474492701136 0.0 0.0 0.0 0.0 0.0 32006.03156399877 48838.502596620616 0.0 6696.488475801721 0.0
-2.0 -2.0 -2.0 0.0 0.013813557643519445 0.02167831071343784 0.0 0.0 0.0 0.0 275270.03498136374 176220.54060123247 31632.65706784832 105580.30395522613 177511.9458194346 0.0 0.0 -2.0 -2.0 -2.0 -2.0 -2.0 -2.0 -2.0 -2.0 -2.0 -2.0 -2.0 -2.0 -2.0 -2.0 -2.0 -2.0 -2.0 -2.0 -2.0 -2.0 -2.0 -2.0 -2.0 -2.0 -2.0 -2.0 -2.0 -2.0 -2.0 -2.0 -2.0 -2.0 -2.0 -2.0 10554.188511799275 0.0 0.0 0.0 0.0 0.0 0.0 0.0 0.0 0.0 0.0 0.0 0.0 0.0 0.0 0.0 31632.17148750016 14045.500946061042 4.550480525728778e-05 0.0 6613.231849672429
-2.0 -2.0 -2.0 -2.0 3.221959511542204 0.07078775138331109 0.0 0.0 231720.41177688062 245807.04002322364 370464.55421494314 481915.3190610757 366475.99563547474 421725.4632960176 201400.12842874046 0.0 0.0 -2.0 -2.0 -2.0 -2.0 -2.0 -2.0 -2.0 -2.0 -2.0 -2.0 -2.0 -2.0 -2.0 -2.0 -2.0 -2.0 -2.0 -2.0 -2.0 -2.0 -2.0 -2.0 -2.0 -2.0 -2.0 -2.0 -2.0 -2.0 -2.0 -2.0 -2.0 -2.0 -2.0 -2.0 34578.58285901232 23186.735945971515 404.17012750634484 19154.075097933994 0.0 0.0 0.0 45673.495660327135 0.0 0.0 0.04530780101965337 0.0 0.0 0.0 0.0 0.0 17846.458226996332 8611.843872072815 0.005409060031530019 3650.31056403504 1385.9074711789333
-2.0 -2.0 -2.0 -2.0 0.0 0.04103795131412401 0.1274531988200946 0.0 222671.05102522136 89986.78111565408 152723.18160216798 243354.36821010688 186572.69516081727 211592.21954339504 107287.47463225512 0.0 0.0 -2.0 -2.0 -2.0 -2.0 -2.0 -2.0 -2.0 -2.0 -2.0 -2.0 -2.0 -2.0 -2.0 -2.0 -2.0 -2.0 -2.0 -2.0 -2.0 -2.0 -2.0 -2.0 -2.0 -2.0 -2.0 -2.0 -2.0 -2.0 -2.0 -2.0 -2.0 -2.0 -2.0 -2.0 -2.0 10283.861172060911 0.0 31316.79574494612 0.0 0.012402269248906852 0.0 26101.997804534658 8327.764029677362 16449.047359722805 57094.471558103505 29468.703223702352 26831.33013893645 0.0 70839.93225408174 5495.987926806084 17525.101138283557 3819.1663864138536 0.0 16072.375869798581 12559.163077981313
-2.0 -2.0 -2.0 -2.0 -2.0 0.05475689458769941 0.02865501755882096 0.05197738373688124 11646.872314743905 5395.162125063345 0.0 0.0 94876.93970998896 12280.20692906632 1977.6406136962073 0.0 0.0 -2.0 -2.0 -2.0 -2.0 -2.0 -2.0 -2.0 -2.0 -2.0 -2.0 -2.0 -2.0 -2.0 -2.0 -2.0 -2.0 -2.0 -2.0 -2.0 -2.0 -2.0 -2.0 -2.0 -2.0 -2.0 -2.0 -2.0 -2.0 -2.0 -2.0 -2.0 -2.0 -2.0 -2.0 -2.0 27769.84871532204 0.0 33108.87341882015 0.0 0.0 0.0 0.01801494518072394 0.0 0.0 0.0 0.030490202652855528 27461.282581027233 57377.18848198581 21586.64414880216 11307.153701767525 0.001687357689659507 7004.839789296726 5707.031512505084 10688.617072507972 31201.165904529294
-2.0 -2.0 -2.0 -2.0 -2.0 0.0 0.06330333508220283 0.04865546824809705 0.0 0.0 0.0 0.0 0.0 16354.037082303674 0.0 0.0 0.0 -2.0 -2.0 -2.0 -2.0 -2.0 -2.0 -2.0 -2.0 -2.0 -2.0 -2.0 -2.0 -2.0 -2.0 -2.0 -2.0 -2.0 -2.0 -2.0 -2.0 -2.0 -2.0 -2.0 -2.0 0.023501909163309756 0.0 -2.0 -2.0 -2.0 -2.0 -2.0 -2.0 -2.0 -2.0 -2.0 0.0 10012.667625387689 11871.234130835555 1639.028648535004 0.0 0.0 0.0 76131.32311156635 63606.014289025625 32617.156349167526 0.04924288659818926 22697.80312754288 9714.370766037704 7516.469812372454 19469.321459785904 0.001438393610439121 27449.983215300126 4129.6201983305955 27725.444889013474 0.0114652507363432
-2.0 -2.0 -2.0 -2.0 -2.0 0.0 0.07621283962180224 0.017968760221239256 0.0 0.0 0.0 0.0 0.0 7516.08182159929 0.0 0.0 0.0 -2.0 -2.0 -2.0 -2.0 -2.0 -2.0 -2.0 -2.0 -2.0 -2.0 -2.0 -2.0 -2.0 -2.0 -2.0 -2.0 -2.0 -2.0 -2.0 -2.0 -2.0 -2.0 -2.0 -2.0 0.004688377151765096 -2.0 -2.0 -2.0 -2.0 -2.0 -2.0 -2.0 -2.0 -2.0 -2.0 0.0 8780.217693845196 0.0 21730.635827932034 -2.0 0.0 0.0 20723.2184234828 29971.92612415624 5380.816919166363 43854.396367633344 0.07276107544389133 4026.0982772684542 0.08393035682279115 22648.39689618838 25066.354971211782 37024.601141095074 41907.24945074455 9934.479236618914 14146.580308902876
-2.0 -2.0 -2.0 -2.0 -2.0 -2.0 0.0 0.03903274277947484 0.0 0.0 0.05951879688823958 0.05250606800483331 0.0 0.05101554315845091 0.0 0.0 0.0 -2.0 -2.0 -2.0 -2.0 -2.0 -2.0 -2.0 -2.0 -2.0 -2.0 -2.0 -2.0 -2.0 -2.0 -2.0 -2.0 -2.0 -2.0 -2.0 -2.0 -2.0 -2.0 -2.0 -2.0 0.0068245341481429685 -2.0 -2.0 -2.0 -2.0 -2.0 -2.0 -2.0 -2.0 -2.0 -2 42377.992915993855 91958.9686976092 26353.3172607157 46894.151888700326 -2.0 -2.0 -2.0 -2.0 136465.5750872377 24937.01920107225 41223.111534126976 26678.533096550098 79073.45551128397 0.0 0.0 180904.5907030508 146379.95502943711 43329.890727997015 8512.201690658729 150492.11597402592
-2.0 -2.0 -2.0 -2.0 -2.0 -2.0 0.0 0.0 11.32480307347037 0.09806284710989147 0.01151898604804944 285134.81197241525 0.028600020823424808 0.08863054936234155 0.0 0.0 -2.0 -2.0 -2.0 -2.0 -2.0 -2.0 -2.0 -2.0 -2.0 -2.0 -2.0 -2.0 -2.0 -2.0 -2.0 -2.0 -2.0 -2.0 -2.0 -2.0 -2.0 -2.0 -2.0 -2.0 -2.0 2563.0802542964557 -2.0 -2.0 -2.0 -2.0 -2.0 -2.0 -2.0 -2.0 -2.0 -2.0 16198.339760304681 24848.527145395787 12.674060277648103 31472.787690259604 -2.0 -2.0 -2.0 -2.0 -2.0 21827.106106287785 0.0 64565.800493994066 38346.72068701072 0.0 0.0 0.0 102069.38861863068 185624.03004140337 20898.280335736556 74078.0500889457
-2.0 -2.0 -2.0 -2.0 -2.0 -2.0 -2.0 0.0 3582.102224384526 0.018014486386169665 0.0 0.0 0.0 0.0 0.0 0.0 -2.0 -2.0 -2.0 -2.0 -2.0 -2.0 -2.0 -2.0 -2.0 -2.0 -2.0 -2.0 -2.0 -2.0 -2.0 -2.0 -2.0 -2.0 -2.0 -2.0 -2.0 -2.0 -2.0 -2.0 -2.0 -2.0 -2.0 -2.0 -2.0 -2.0 -2.0 -2.0 -2.0 -2.0 -2.0 -2.0 -2.0 47664.00394444783 62238.95454410904 0.0 -2.0 -2.0 -2.0 -2.0 -2.0 0.0 18440.67130081589 65707.07378385373 68984.64366348753 0.0 0.0 7468.599472318758 0.0 0.0 166201.82561887396 17219.4006322875
-2.0 -2.0 -2.0 -2.0 -2.0 -2.0 -2.0 0.0 0.0 0.0 0.0 0.0 0.0 0.0 0.0 0.0 -2.0 -2.0 -2.0 -2.0 -2.0 -2.0 -2.0 -2.0 -2.0 -2.0 -2.0 -2.0 -2.0 -2.0 -2.0 -2.0 -2.0 -2.0 -2.0 -2.0 -2.0 -2.0 -2.0 -2.0 0.0008182951205533552 0.0 -2.0 -2.0 -2.0 -2.0 -2.0 -2.0 -2.0 -2.0 -2.0 -2.0 0.0 63160.3981972621 9785.989186188597 -2.0 -2.0 -2.0 -2.0 -2.0 -2.0 -2.0 6966.868393875049 75910.98600341858 38318.904401360676 0.0620517366144437 0.0 0.03610852490968519 15795.95618187217 0.0 265919.83957355237 51197.08704948407
-2.0 -2.0 -2.0 -2.0 -2.0 -2.0 -2.0 -2.0 0.0 0.04182301554476593 0.010582851973607945 1225.2870688038242 174564.2074710231 0.0 0.0 0.0 -2.0 -2.0 -2.0 -2.0 -2.0 -2.0 -2.0 -2.0 -2.0 -2.0 -2.0 -2.0 -2.0 -2.0 -2.0 -2.0 -2.0 -2.0 -2.0 -2.0 -2.0 -2.0 -2.0 -2.0 -2.0 -2.0 -2.0 -2.0 -2.0 -2.0 -2.0 -2.0 -2.0 -2.0 -2.0 -2.0 0.0 40148.13590036648 0.0 -2.0 -2.0 -2.0 -2.0 -2.0 -2.0 -2.0 -2.0 15605.229067789534 17469.894981395977 28566.81435401711 0.0 0.0 0.0 0.0 0.0 -2.0
