critload/trunk/input/1999/ngw_nat.asc
ncols 720
nrows 360
xllcorner -180
yllcorner -90
cellsize 0.5
NODATA_value -9999
[rows 189 to 215 of 360, columns 186 to 247 of 720]
-9999.0 -9999.0 -9999.0 -9999.0 -9999.0 -9999.0 -9999.0 -9999.0 -9999.0 -9999.0 -9999.0 -9999 0.0 5278.502797305 1426276.05733 1395850.08651 935816.381231 656447.8698829999 510036.330907 684824.603927 1099044.0522949 1029381.7735177 1116817.55801242 1111197.0009712998 1018674.2993751001 895457.3141594001 1028244.723353 1053491.782451 1104896.9844596 1187250.329908 1264097.6742949998 1298899.643214 1350738.956949 1367731.830214 1384197.6882998599 1365743.08604 1380028.06338 1375444.165314 1370211.222561 1354070.6252839998 1386631.6379729998 1360349.7077950002 1344192.589445 1327964.711815 1321826.25186 1304925.313465 1310529.406244 1265342.5918669999 1291328.735531 1293627.781715 1193942.9090439999 1298934.34624 648342.833789 1316539.1581390002 1316548.54183 1254037.6190201999 1269112.90064 1256085.96069 1293222.40534 1457165.32871 1551554.42873 1544093.03318
-9999.0 -9999.0 -9999.0 -9999.0 -9999.0 -9999.0 -9999.0 -9999.0 -9999.0 -9999.0 -9999.0 0.0 0.0 0.0 -9999 752297.826073 812009.950576 1244969.2080609999 973132.482505 299941.4259503 383985.310937 609367.2483890001 942180.655186 1044356.82134 1013158.4821970001 1186294.5238667 1156060.88848 1174421.4494 1046539.2757359999 1212751.4177251 1272055.193046 1328970.10578 1349021.990838 1365576.540715 1372505.44351 1364358.52483 1376336.62876 1368457.131416 1351023.9336589999 1377952.707489 1374998.7378759999 1353287.704326 1349459.358321 1330823.5985440002 1327278.423016 1265247.9516150001 1308267.635244 1266838.794706 1305780.489412 1256565.3365489999 1210151.4935980001 1313043.383167 663582.205162 1326112.7598990002 1344039.00449 1436016.323798 1080619.65743 1499223.74297 1558087.63318 1570539.44117 1556838.33054 954919.765013
-9999.0 -9999.0 -9999.0 -9999.0 -9999.0 -9999.0 -9999.0 -9999.0 -9999.0 -9999.0 -9999.0 -9999 -9999 -9999 -9999 606621.762862 0.0 1321327.04302 949998.6797 99234.228010729 152091.3046794 358819.90318300005 572058.375062 1129352.1749569 1269123.081028 1247586.207877 1135935.107704 1176366.919856 1143339.592622 1219569.145085 1275504.90557 1316029.332716 1342583.35762 1351092.222603 1364110.88341 1363615.70551 1372120.61898 1351679.466398 1356127.082221 1346816.463731 1349881.157207 1342304.110984 1330594.4011710002 1324776.6056650002 1322089.413983 687486.804418 1316499.208457 1306174.93852 1306469.771461 1300846.0390070002 1266098.203974 1311985.773751 1329348.6561270002 1335646.847636 1203062.6405190001 1138340.64704 1153918.28233 1428356.52519 1149351.83194 1150487.81682 953472.15269 944494.522021
-9999.0 -9999.0 -9999.0 -9999.0 -9999.0 -9999.0 -9999.0 -9999.0 -9999.0 -9999.0 -9999.0 -9999 -9999 -9999 -9999 776424.184754 694720.975345 583261.182969 633853.692413 377071.280946 154266.538298623 89020.3583132 207839.6358966 828605.5540829999 1187904.717673 1083712.670356 1124101.269416 1198983.900454 1193328.98708 1205568.903938 1277368.067968 1307629.566507 1332285.7738474999 1331841.3977 1341493.9473410002 1355887.393373 1361591.886534 1354907.979727 1340384.750575 1345222.259257 1340131.7456669998 1336194.188783 1333633.209896 1339343.1342500001 1341209.900089 1327123.249065 1313176.344829 1310813.7055739998 1310854.81402 1313739.1542059998 1316661.562007 1322890.102401 1111762.525457 1141844.094977 1159781.83182 1438706.00692 1449263.89905 1451255.63301 972881.836136 968956.659111 971568.857082 982822.752299
-9999.0 -9999.0 -9999.0 -9999.0 -9999.0 -9999.0 -9999.0 -9999.0 -9999.0 -9999.0 -9999.0 -9999.0 -9999.0 -9999 0.0 -9999 0.0 0.20969675189288312 799644.559784 76096.33347041 1221.537898349 81791.742506796 370035.30005980004 556979.399016 901671.047726 1046345.757465 1147090.85869442 1227316.2494948 1230146.19818 1193009.1963762 1263219.3925762002 1290282.8056100002 1295454.280386 1311641.177449 1336906.988538 1339582.218441 1322280.468501 1323519.683411 1333539.566311 1326123.466 1321132.60509 1329201.9378789999 1321602.851739 1315798.923029 1322016.274578 1308969.693211 1317063.0173530001 1299373.211917 1304094.8519620001 1299518.477692 1311027.228019 1036105.6314119999 1119700.5389089999 1136156.21659 1169176.01767 1437544.62565 1448601.01186 972864.57064 956586.880762 973493.621275 981105.264615 978173.37099
-9999.0 -9999.0 -9999.0 -9999.0 -9999.0 -9999.0 -9999.0 -9999.0 -9999.0 -9999.0 -9999.0 -9999.0 -9999.0 -9999.0 0.0 -9999 861951.104756 0.03413781750693004 627843.289737 865812.6334210001 0.0 151837.9506403 431486.3618691 973647.1258779999 1273442.525965 1176938.524911 1234249.9094480001 1192740.509762 1264486.162577 1239189.097299 1277410.25349 1291187.775779 1312042.903997 1325980.123881 1346657.1140872 1370288.70568 1362292.9857917 1334812.855657 1331682.881334 1325620.027471 1326965.411764 1322783.266268 1317740.3839270002 1326001.707712 1314716.304601 1300966.449614 1317878.373808 1299141.7640769999 1312715.351439 1313242.053675 1108035.515702 1087882.878816 1167931.8474275 1162449.87601 1178887.25197 1466816.03138 1481032.02494 952892.836039 985012.982653 983287.837109 1008399.17001 997093.971274
-9999.0 -9999.0 -9999.0 -9999.0 -9999.0 -9999.0 -9999.0 -9999.0 -9999.0 -9999.0 -9999.0 -9999.0 -9999.0 -9999.0 -9999.0 0.0 180041.3696812352 681402.179606 701066.910635 1049548.10029401 704535.265734 947069.8343764 965769.2342680001 1136127.6843869998 1060260.306101 1139920.9515439998 1308286.274694 1204661.86529691 1269172.44891 1263611.4062649999 1268103.5111084 1292524.1535061 1312630.548762 1325698.8540500002 1341269.19791 1342428.138 1334843.5433 1328733.964739 1308356.624287 1307610.915608 1314462.7575130002 1310601.508159 1305153.542957 1291389.355551 1281169.6986079998 1281763.703761 1128259.236476 1112672.199181 898564.195422 1074104.510949 1129305.039204 1002707.4181939999 1160287.7970767 1172905.35938 1461880.73032 1464523.16926 1470112.71944 973725.631481 987789.24326 1270005.71272 997770.409887 1010015.84638
-9999.0 -9999.0 -9999.0 -9999.0 -9999.0 -9999.0 -9999.0 -9999.0 -9999.0 -9999.0 -9999.0 -9999.0 -9999.0 -9999.0 -9999.0 -9999 14104.5396078 632879.268688 688893.598493 629198.928523 1047388.6715831 1299176.534198 1466475.226298 1247035.644527 1209711.690552 1172529.923941 1262070.101701 1268218.089554 1276831.269114 1116386.4801619998 1286893.9300900998 1290320.235172 1314898.581568 1329731.433782 1358720.42593 1350586.94147 1349012.41281 1352070.76668 1334638.31412 1323819.34417 1293110.664661 983500.140016 962165.1941140001 958443.966583 951586.5241749999 969067.1149609999 1004698.672229 995422.536617 1021531.394276 1091094.349257 1182016.8037822 1045658.227298 1202403.80766 990591.338673 999270.332346 1489015.84763 1498113.9634 1201413.09369 1474930.81651 997400.939113 1018525.98412 1015318.23188
-9999.0 -9999.0 -9999.0 -9999.0 -9999.0 -9999.0 -9999.0 -9999.0 -9999.0 -9999.0 -9999.0 -9999.0 -9999.0 -9999.0 -9999.0 -9999.0 -9999 408076.051934 696688.863689 616061.03072 805802.095362 0.05047921017463577 1452296.106576 1362284.027871 1127725.950958 1355325.480269 1264211.555278 1280170.9138824 1289638.365112 1110162.43892736 1125063.0751392 1287638.199339 1313510.044986 1303226.5709728 1310360.147886 1039527.767962 939497.890899 935800.374297 1003453.7676949999 964918.0716559999 983396.9442019999 1053049.731526 992456.3292079999 810807.392983 777517.546338 876058.47325 971952.295529 1130409.327205 1079777.4455869999 1138375.8915757 999763.1650448 1139299.038276 1186158.96241 984623.1311 997433.618106 981834.849666 1491928.46318 984161.929066 994040.615162 1007221.28992 1000087.04933 1304855.31259
-9999.0 -9999.0 -9999.0 -9999.0 -9999.0 -9999.0 -9999.0 -9999.0 -9999.0 -9999.0 -9999.0 -9999.0 -9999.0 -9999.0 -9999.0 -9999.0 0.0 112344.094672 693575.159922 676662.760879 703024.114025 989383.7281806001 1419312.034838 1358882.8180137 1469208.181224 1379658.596334 1320232.271315 1145532.01379 1136759.605587 1322941.78254 1131065.9954376002 1115033.619463 1302507.9295468 1264837.315042 1303129.136073 930616.5760988999 963153.071473 0.0 998706.099109 981062.987031 963520.011461 1059037.197004 1050622.0521 992655.0853808001 975727.9924229999 943150.419708 1072631.814116 1099482.3725 921962.406083 952066.129035 1181140.47732 978997.11196 992855.434641 1001085.74648 1005642.78869 1006570.15805 999826.165026 1515780.73589 1515619.05651 1008744.39107 1223586.4799 1497070.46115
-9999.0 -9999.0 -9999.0 -9999.0 -9999.0 -9999.0 -9999.0 -9999.0 -9999.0 -9999.0 -9999.0 -9999.0 -9999.0 -9999.0 -9999.0 -9999.0 -9999.0 89474.7809271 865108.452224 746839.09803 0.0 714892.144296 0.0 1374626.412534 1441997.0934279999 1412784.62757 1338750.325634 1160574.96769 1150205.625575 1315754.06987 1312713.60444 1146540.4694767 1276728.014043 1274417.024804 1280037.2833235 913779.924196 921783.097569 925382.4185 1010752.283489 900165.14742071 889522.5366884 874927.3451779999 973603.159896 276165.115462 0.10952110267547353 1005633.33641 1055305.21525 1069226.78069 899567.237563 1121283.23145 1156831.64787 960234.030647 963783.135002 990102.383352 995289.05626 1002243.05701 993094.096755 1013452.66119 1020705.70687 1024043.92852 1028410.28241 1023683.8341
-9999.0 -9999.0 -9999.0 -9999.0 -9999.0 -9999.0 -9999.0 -9999.0 -9999.0 -9999.0 -9999.0 -9999.0 -9999.0 -9999.0 -9999.0 -9999.0 -9999.0 -9999 220022.715157 630735.461469 467095.718017 0.0 766969.682622 1488404.925119 1487522.5887620002 1435035.4512268999 1368497.544848 1161210.53154 1155998.6704047 1173091.46728 1151191.6384898 1262221.017454 1283617.9328083 1109913.8271754 1238522.478042888 865143.318975468 862260.791974506 842950.0962549 852969.645998 807677.0827341999 716153.4966539999 678894.701659 868485.85205 907298.375005 744223.339902 776525.846737 819734.864468 829779.286278 884177.889328 908309.560887 924595.613505 938126.932917 968915.475063 977683.636357 1499905.25464 983005.444137 1507698.35229 1012715.64144 1021877.42686 1022079.06956 1040648.2743 1038214.95041
-9999.0 -9999.0 -9999.0 -9999.0 -9999.0 -9999.0 -9999.0 -9999.0 -9999.0 -9999.0 -9999.0 -9999.0 -9999.0 -9999.0 -9999.0 -9999.0 -9999.0 -9999.0 0.0 719891.001924 465979.330264 0.0 706363.345283 1494240.67843 1503149.8578005 1480687.08353 1376223.901492 1326919.951391 1156207.4639003002 1338561.2281739998 1334615.413631 1310716.2280219998 1152870.38392 1062604.17033 961891.170095 759337.255261 713026.1888208 691018.9877873999 742650.677663 641061.383205 561607.524408 515291.154404 536155.7208479999 1140179.9870655 1521413.07149 1798760.117093 2004967.30814869 788616.217957 828262.78023 855124.619063 878044.948028 898524.691891 930759.642214 1167667.90449 1485203.44705 1498638.5503 972230.257247 995943.535842 1008484.97622 1019953.94218 1034630.29674 1246247.02844
-9999.0 -9999.0 -9999.0 -9999.0 -9999.0 -9999.0 -9999.0 -9999.0 -9999.0 -9999.0 -9999.0 -9999.0 -9999.0 -9999.0 -9999.0 -9999.0 -9999.0 -9999.0 0.0 184884.410614 649536.982373 0.0 0.0 787717.12042 1425245.0758 1466873.42765 1336896.2725860002 1254067.487727 1305776.3289842 1333305.38054 1361967.467034 1363195.982411 1353583.415751 1118030.1449154 995753.07119513 514395.372106 515712.70893069 537152.476033 598319.6956624 512205.562454 492789.08005799993 529648.886313 445461.864415 351756.81530899997 364428.235321 698180.9869349999 844343.16502 2003682.54138 953205.318574 979791.282365 1063710.36683 863496.402212 889598.971806 1145725.18796 1483099.97425 1502072.82492 987728.692566 993334.123951 1019527.15968 998153.35332 916767.144954 961559.102179
-9999.0 -9999.0 -9999.0 -9999.0 -9999.0 -9999.0 -9999.0 -9999.0 -9999.0 -9999.0 -9999.0 -9999.0 -9999.0 -9999.0 -9999.0 -9999.0 -9999.0 -9999.0 -9999.0 0.0 849921.37124 450322.994799 478874.806306 0.0 730305.852308 1415987.86706 0.0 1252290.393785 1303231.69652 1319923.993335 1372950.987589 1413716.003058 1399010.514219 1316692.6017860002 1172396.353861 687230.16382853 470142.975083 428822.36174059997 491437.80735210003 466282.37797100004 547762.8903590001 413215.221986 378484.774739 318198.961551 286499.670347 308214.99059299997 855834.451834 671697.4431568 859335.519381 1017168.7766766599 841934.220006 1070480.66169 1405386.78279 1351421.23817 1377450.83594 1999493.38167 854020.793233 894897.636814 826659.788186 816090.492617 782281.5240694999 1144132.925849
-9999.0 -9999.0 -9999.0 -9999.0 -9999.0 -9999.0 -9999.0 -9999.0 -9999.0 -9999.0 -9999.0 -9999.0 -9999.0 -9999.0 -9999.0 -9999.0 -9999.0 -9999.0 -9999.0 -9999 237954.730481 805735.737421 455246.135825 0.0 623191.335035 886294.773322 1246841.40497 773156.3036398 955565.514043 1134667.17864214 1346041.082676 1451579.6834490001 1105998.083642 1456830.531042 1310106.765282 924772.956349 500256.673658 437661.95138 482045.15047670004 451761.46823600004 689882.771514 272050.725431 516192.419321 583885.276158 360913.04795599997 88311.366559 -9999 308181.074945 352089.865687 566048.092949 813875.6374690001 936302.338619 1497777.36439 1420090.60321 1497357.40814 1025381.0124 1082481.7018 1111513.15917 793133.431972 1134896.06438 856139.509726 1187711.767879
-9999.0 -9999.0 -9999.0 -9999.0 -9999.0 -9999.0 -9999.0 -9999.0 -9999.0 -9999.0 -9999.0 -9999.0 -9999.0 -9999.0 -9999.0 -9999.0 -9999.0 -9999.0 -9999.0 -9999.0 0.0 150272.820276 304820.992867 0.0 0.0 0.0 1024279.0225 990429.806077 1192576.96141 528667.883852 575575.561844 1436840.017473 1115406.386945 1493886.864156 1440214.7759389998 1156349.4471840002 967236.2884259999 754908.031253 805288.289506 743404.651241 684578.30605 0.0 0.02724475437816504 666573.752014 451020.749952 921719.721689 -9999 166757.1551161 490307.468594 445432.17194000003 611108.152959 850814.9562210001 977201.431013 1030906.12895 1383939.11004 1043416.88741 1108647.97757 1129823.96647 1132773.27759 1109507.58451 1172703.7207483 1357527.118342
-9999.0 -9999.0 -9999.0 -9999.0 -9999.0 -9999.0 -9999.0 -9999.0 -9999.0 -9999.0 -9999.0 -9999.0 -9999.0 -9999.0 -9999.0 -9999.0 -9999.0 -9999.0 -9999.0 -9999.0 -9999.0 0.0 316363.630419 419584.072555 0.0 0.0 0.0 639278.15441 737255.34575 521745.254568 0.0 0.028884896587379017 1387702.725756 1470138.675916 1442557.218653 1339357.071657 1169749.4990150002 1000316.715462 1083741.838566 625606.251159 0.015947324367172448 0.0 612619.5267980001 0.0 0.0 679659.455338 705886.063576 973942.569387 -9999 599325.953058 727534.865503 579374.221657 675922.755664 956503.855933 1296791.30178 1002671.67997 1153319.6272 1157195.49001 1159363.39331 1098794.66465 1102879.0098597 1326268.0098990002
-9999.0 -9999.0 -9999.0 -9999.0 -9999.0 -9999.0 -9999.0 -9999.0 -9999.0 -9999.0 -9999.0 -9999.0 -9999.0 -9999.0 -9999.0 -9999.0 -9999.0 -9999.0 -9999.0 -9999.0 -9999.0 -9999 49207.083413461 247487.046212 0.0 0.0383306561666767 0.0 0.0 0.03991967692242486 0.0 0.18517682435764748 374330.064772 736128.631553 799956.055349 1349071.1048362001 1385360.217475 1173040.880605 1175463.645496 943935.710376 747045.359827 653702.075341 0.0 0.0 0.0 0.0 438065.372843 384304.0418238 333520.803823 -9999 -9999 -9999 272685.71824019996 617280.913081 639027.095122 1038142.32543 1017888.40255 1095235.19041 1109900.30132 1170223.9844 1155226.87561 1595796.65753 1208852.253973
-9999.0 -9999.0 -9999.0 -9999.0 -9999.0 -9999.0 -9999.0 -9999.0 -9999.0 -9999.0 -9999.0 -9999.0 -9999.0 -9999.0 -9999.0 -9999.0 -9999.0 -9999.0 -9999.0 -9999.0 -9999.0 -9999 -9999 21366.944528295 180834.945978 0.0 0.0 0.0 0.0 0.0 0.0 0.0 0.0 0.0 68165.0148125 625550.844141 1296433.1727343001 879455.2867020001 1019352.24144 984505.632778 698997.766665 662266.436218 646265.587181 0.0 0.0 -9999 -9999 -9999 -9999 -9999 -9999 -9999 550125.1398202 630548.143591 777154.345562 1038018.61996 0.0 1044994.27314 1135043.9618 1081269.43589 1705857.0082393 2060567.5909809999
-9999.0 -9999.0 -9999.0 -9999.0 -9999.0 -9999.0 -9999.0 -9999.0 -9999.0 -9999.0 -9999.0 -9999.0 -9999.0 -9999.0 -9999.0 -9999.0 -9999.0 -9999.0 -9999.0 -9999.0 -9999.0 -9999.0 -9999 0.0 28654.333737533998 68644.197958 187074.102041 245361.859512 386813.815631 393435.278627 0.046097487329662575 0.0 0.0 0.0 344330.207085 141987.60555 789361.96975 1019179.4440251 1377706.155744 922944.938952 633098.671447 333040.83679900004 243985.941642 648943.445788 0.0 116722.6970565 -9999 -9999 -9999 -9999 -9999 -9999 -9999 416129.63957063 958625.952604 1121936.39714 0.0 975695.517027 1606303.07985 1075971.098432 1002925.705691 1306142.76419
-9999.0 -9999.0 -9999.0 -9999.0 -9999.0 -9999.0 -9999.0 -9999.0 -9999.0 -9999.0 -9999.0 -9999.0 -9999.0 -9999.0 -9999.0 -9999.0 -9999.0 -9999.0 -9999.0 -9999.0 -9999.0 -9999.0 -9999.0 -9999 -9999 100386.6482232768 22657.1427111 69951.3240757 257004.116566 277748.802824 0.0 0.0 0.0 0.16929008188799072 0.0 603507.348374 447740.416781 944885.2589544 920234.493363 783353.9488880001 472432.760128 603735.368974 631834.5268250001 491852.053592 605758.082005 -9999 -9999 -9999 -9999 -9999 -9999 -9999 485523.251148 312736.589203992 595460.5972792 0.028443197640939406 853715.330441 832112.922813 1084303.94252 0.0 0.0 0.0
-9999.0 -9999.0 -9999.0 -9999.0 -9999.0 -9999.0 -9999.0 -9999.0 -9999.0 -9999.0 -9999.0 -9999.0 -9999.0 -9999.0 -9999.0 -9999.0 -9999.0 -9999.0 -9999.0 -9999.0 -9999.0 -9999.0 -9999.0 -9999.0 -9999 -9999 -9999 52108.6260871 141711.439175 172035.711493 172278.382133 169503.140863081 0.0 0.0 0.0 -9999 367727.24616690003 625870.60805234 616549.1104703 581266.2043292 620903.527331 699618.277568 844765.054888 635139.300744 934578.40475 671244.453264 -9999 -9999 -9999 -9999 -9999 -9999 384975.946256 0.0 460467.797343 0.0 0.0 0.0 766685.9337180001 1065876.955301 1119316.0638289999 0.0
-9999.0 -9999.0 -9999.0 -9999.0 -9999.0 -9999.0 -9999.0 -9999.0 -9999.0 -9999.0 -9999.0 -9999.0 -9999.0 -9999.0 -9999.0 -9999.0 -9999.0 -9999.0 -9999.0 -9999.0 -9999.0 -9999.0 -9999.0 -9999.0 -9999.0 -9999.0 -9999 -9999 -9999 -9999 55540.227102614 23442.587488426998 111958.87080203771 0.0 0.0 -9999 -9999 0.0 439219.189608 720215.720456 849254.295778 858073.770552 990469.446922 968727.629533 867701.337467 500014.386665 162817.31871 -9999 -9999 -9999 -9999 -9999 703670.956104 0.0 0.0 0.016927004569525013 0.016471451290986462 555352.0236965 642358.2782441999 624776.615261 574694.931994 0.0
-9999.0 -9999.0 -9999.0 -9999.0 -9999.0 -9999.0 -9999.0 -9999.0 -9999.0 -9999.0 -9999.0 -9999.0 -9999.0 -9999.0 -9999.0 -9999.0 -9999.0 -9999.0 -9999.0 -9999.0 -9999.0 -9999.0 -9999.0 -9999.0 -9999.0 -9999.0 -9999.0 -9999.0 -9999 -9999 -9999 1592.014513258 120225.670479 20233.214472477 0.025243255851046607 0.0 0.0 0.0 0.0 356401.514385 0.0 1278298.0066733 1208172.286366 1257000.184055 1042013.4517720001 574911.503242 -9999 -9999 -9999 -9999 -9999 -9999 864073.704649 815004.898483 896391.245702 0.0 427401.555562 591024.640642 550427.056455 576518.658972 631556.085804 583571.903128
-9999.0 -9999.0 -9999.0 -9999.0 -9999.0 -9999.0 -9999.0 -9999.0 -9999.0 -9999.0 -9999.0 -9999.0 -9999.0 -9999.0 -9999.0 -9999.0 -9999.0 -9999.0 -9999.0 -9999.0 -9999.0 -9999.0 -9999.0 -9999.0 -9999.0 -9999.0 -9999.0 -9999.0 -9999.0 -9999.0 -9999 -9999 -9999 11530.133004192701 -9999 0.0 0.0 0.0 0.0 0.0 0.0 0.0 699930.1699713999 465168.2898718 846359.837697 690308.9513900001 -9999 -9999 -9999 314242.3945861 0.0 707087.92555 785267.1831990001 -9999 -9999 330154.901087 0.0 609849.59987461 567296.85590226 554392.78656 515208.475719 579774.739859
-9999.0 -9999.0 -9999.0 -9999.0 -9999.0 -9999.0 -9999.0 -9999.0 -9999.0 -9999.0 -9999.0 -9999.0 -9999.0 -9999.0 -9999.0 -9999.0 -9999.0 -9999.0 -9999.0 -9999.0 -9999.0 -9999.0 -9999.0 -9999.0 -9999.0 -9999.0 -9999.0 -9999.0 -9999.0 -9999.0 -9999.0 -9999 -9999 -9999 -9999 -9999 -9999 -9999 -9999 54179.6989337 0.0 0.0 0.010638951399653087 0.0 453608.197017 955697.3801832 846478.467318 -9999 -9999 -9999 398818.326751 404857.576382 0.0 -9999 -9999 -9999 222089.660566 -9999 584214.5922631 533203.858636 499485.543705 502549.65345
