critload/trunk/input/1999/ngw_nat.asc
ncols 720
nrows 360
xllcorner -180
yllcorner -90
cellsize 0.5
NODATA_value -9999
[rows 54 to 80 of 360, columns 372 to 433 of 720]
34984.7819563 118606.003043 134240.383831 162758.767954 162619.186946 262145.8693 273396.238637 202582.474941 228067.285364 228031.668268 232517.079056 226833.455124 186933.056641 229567.897883 226629.25297 230204.702754 140678.561589 197472.435976 227919.305357 249280.944502 252186.203291 256411.662371 239951.548801 345919.797749 128953.135978 -9999.0 -9999.0 -9999.0 -9999.0 -9999.0 0.0 0.0 0.0 18831.8052962 291369.971075 382624.669492 366663.405518 64976.2447004 356878.98711 325194.392945 321080.047966 279603.637809 369065.174613 115220.65312 312556.917797 329815.888518 322988.011194 268957.50106 383715.973376 350202.48982 350490.168918 105590.26317 358583.695043 358201.814729 356397.296513 312138.663528 280699.294264 151805.569198 206922.666385 299777.673945 350018.805987 102392.852593
139475.729 193382.513697 204055.14438 201988.674065 211087.562224 265924.478958 275139.488793 274226.644548 228960.034964 229664.736054 236251.268394 179557.168104 114064.226059 162516.555661 165510.752045 216092.324012 227722.687434 231022.033487 241997.367422 252536.069506 272527.397611 268275.661119 317072.329111 2292.16279491 -9999.0 -9999.0 -9999.0 -9999.0 -9999.0 -9999.0 82037.797395 166711.651148 262339.480212 0.0 235414.793959 199753.596955 331900.13312 339518.816497 352727.999816 325054.092282 362352.825931 409999.560499 333030.367046 316526.030148 298656.385654 280166.342178 272404.095986 276043.611441 410132.497638 338064.880782 361189.786286 358521.541578 324347.514533 377572.993237 336450.364111 319343.982232 245848.182374 152756.256032 217036.420257 151451.024886 241153.9328 273436.632413
230316.996551 216257.421029 95693.7889021 175033.885939 228606.006285 306259.170775 273268.477917 276001.403177 277040.837264 277864.013506 203905.721585 99846.2319705 242651.241519 165833.12866 191944.055876 227546.084353 291737.51982 296399.179973 299434.743845 300987.734677 316095.747095 280087.606935 157871.654357 -9999.0 -9999.0 -9999.0 -9999.0 -9999.0 -9999.0 -9999.0 5083.32841628 0.0 382457.666989 446600.449377 388105.243687 325220.624549 320415.338297 349805.446082 258466.964124 295697.372162 340997.766345 290255.36183 393740.588318 38548.5163978 302174.880304 192830.383335 246193.985762 307797.079583 167870.681132 107529.591815 260187.720752 346920.947967 397873.349495 340204.223516 303413.83599 383374.417879 251129.704381 64760.3695083 23341.3616801 38333.0919949 275356.873073 329676.172114
239000.865395 223521.854806 208406.463439 247655.204845 303541.845508 308027.21816 273270.206925 281705.245014 233841.207449 112657.686487 121112.602475 190698.062031 278610.426961 284164.694764 225976.889961 260173.030649 301260.185639 241669.928864 235580.623088 295372.886404 316713.671599 470379.515954 96343.3707548 -9999.0 -9999.0 -9999.0 -9999.0 -9999.0 -9999.0 -9999.0 24992.3314099 249800.541193 354037.204799 341588.383386 179426.342539 277159.30415 144495.456035 314731.808 289724.920346 290706.850925 382258.63775 369785.451999 383375.121999 299278.441367 0.0 245262.33198 353469.858007 237182.443155 77848.0430572 0.0 0.0 66851.9197447 171468.396153 269677.54813 321076.248808 340259.195865 322406.125113 238620.42834 178898.367997 19790.7027296 13525.4039654 90800.9136784
332255.877448 328879.360442 282495.003008 318408.576529 341892.648335 342072.35045 361256.075878 344087.385592 465141.499137 289856.214302 252995.015647 492081.893093 533745.15718 556002.481053 556674.552198 537639.114395 555524.069023 437255.462324 525343.840373 489661.128033 550388.180774 468401.71711 167942.855367 31616.7599631 0.0 -9999.0 -9999.0 -9999.0 -9999.0 -9999.0 126804.674558 307991.328192 421786.446235 161901.790628 146149.31511 345742.148463 464902.435647 387728.093674 169514.128895 192304.553635 196915.456863 330147.321119 278280.25575 278910.07826 255594.746068 157404.047607 157807.552355 159638.226564 82175.7650228 0.0 0.0 0.0 0.0 68302.7982232 179588.247284 117300.038448 62052.2257402 72036.2962627 78614.8900394 45288.1382615 95244.5691747 142480.669046
244806.812476 279947.857187 344719.280604 321183.726849 349215.185305 351852.353601 335779.506641 355698.418508 400225.126702 570929.34051 365443.254579 534977.528448 520147.239885 590165.190437 579367.094177 548241.380162 596663.648649 569293.096598 502584.80993 433955.610496 464337.054708 517027.303092 371974.404187 0.0 0.0 71469.3016124 -9999.0 109326.843737 99467.0504654 -9999.0 -9999.0 84865.966789 109652.709869 128537.059027 160517.75226 393531.109427 388253.18837 206055.466084 130132.360209 97597.0270473 56631.2555968 19131.3735433 -9999.0 -9999.0 -9999.0 33796.5702809 20425.4599063 43915.469603 55433.7687398 90004.5499908 0.0 54982.4459994 39524.5109138 114529.131091 108099.937675 106067.67947 113581.185149 116407.68865 71674.3340193 116630.218489 30179.9174799 66958.9910573
330338.182822 400532.090226 422034.109595 431039.883176 445274.813746 441486.752767 454694.315395 588109.36 482082.075119 297945.740141 350713.954431 626640.449991 593335.776825 530140.650035 565215.509642 589178.371213 614644.755731 569876.600863 605396.83314 550603.214864 428613.682192 228911.890194 214716.541995 133852.18342 0.0 0.0 -9999.0 -9999.0 -9999.0 -9999.0 -9999.0 -9999.0 -9999.0 8940.86592029 27025.9884946 21184.3346828 -9999.0 11133.9683249 0.0 63071.4117496 42993.6729221 9865.60047571 -9999.0 -9999.0 32237.4888539 92937.4049713 175155.777719 29021.6927688 33718.4190667 58485.4969539 165542.169663 195877.862739 159574.185591 5382.74756185 58973.3026897 84582.5242581 140025.853085 155400.729782 112266.477581 137489.933111 12274.9249444 15142.2269209
456571.980679 417673.187992 440931.720098 444180.276297 419848.010525 451333.12029 688217.753354 533202.623764 251053.363514 82542.3321261 336971.706065 553527.303675 582052.498819 491275.021584 236543.082588 108442.536731 342989.081637 489158.526648 329120.92269 300972.369429 261569.190362 0.0 0.0 0.0 0.0 0.0 -9999.0 -9999.0 -9999.0 -9999.0 -9999.0 -9999.0 -9999.0 5005.15381978 5177.25416192 171929.350321 254882.05679 305723.017263 360826.584856 337942.279636 311635.157063 263101.341766 206686.733378 203950.616228 137484.418845 163006.409982 161837.185389 194083.492573 122934.136567 125558.348862 100695.270523 90968.3533042 98133.9101639 75043.5100733 68059.1989115 109647.983095 146395.900516 128977.941906 88874.1428948 111413.19966 44828.7247421 31122.8933571
699572.55693 451773.86683 493111.764193 650973.907999 697227.25819 674802.500124 387499.739201 29663.8756293 -9999.0 -9999.0 350873.095882 720092.175055 679461.021494 101827.575188 118167.466886 124781.34446 304236.201665 163733.808776 203496.536336 58420.3434291 0.0 0.0 0.0 56220.7194389 -9999.0 -9999.0 -9999.0 -9999.0 -9999.0 -9999.0 -9999.0 -9999.0 31389.7729467 199434.922594 53699.1408837 258756.745003 174310.688359 174310.6498 213197.757029 186316.024152 124277.016659 129277.29992 0.0 0.0 130794.899336 138904.823133 140842.807215 79521.1399283 45788.970401 45684.4912529 15096.8351433 81588.8813332 99830.2764807 81131.2197148 125528.049473 123224.065376 104685.107377 107282.396388 116318.8586 115787.482181 96386.7462251 83067.2783887
201362.605745 436636.381507 632534.962128 580703.006172 418918.003118 52778.950325 -9999.0 -9999.0 -9999.0 -9999.0 70291.0621621 286025.021106 331675.171195 276745.469599 321318.139586 501429.781373 274794.261794 229809.047153 312796.478725 0.0 0.0 0.0 -9999.0 -9999.0 -9999.0 -9999.0 -9999.0 -9999.0 -9999.0 -9999.0 -9999.0 12007.1785395 101974.278356 72108.5373157 22470.8587634 34567.4677943 81676.2174901 121153.662583 177516.906184 168495.784753 88538.1097965 104905.188636 71640.0831851 4715.47667424 85897.7640508 160364.740178 92606.7140054 64771.0960072 84806.6269629 42920.5334125 8383.6616378 94661.6412548 123639.275946 172681.824282 164767.116389 90290.7456092 95477.7669965 134237.861744 148944.150379 107949.391518 69447.0796052 69925.0272555
-9999.0 -9999.0 -9999.0 -9999.0 -9999.0 -9999.0 -9999.0 8669.11355813 11126.368741 0.0 -9999.0 143516.456483 845774.432184 906523.001297 859195.333189 869220.462337 469054.203627 598534.693656 248416.365532 162592.406638 0.0 58723.1398453 -9999.0 -9999.0 63477.613997 0.0 17460.2408236 -9999.0 -9999.0 -9999.0 -9999.0 23178.3703607 43723.8145537 25546.5561943 -9999.0 -9999.0 53109.5101435 186002.192291 89813.7050197 105669.740397 124784.158134 183848.000725 215172.708927 49779.3978092 12051.4439685 88174.8106435 107681.590877 55997.0295413 90846.1245054 93244.0758035 65337.5199368 61978.1397383 95737.1950755 144181.653931 199869.23774 155082.483171 134543.95409 116429.40113 128625.569188 110298.164542 102684.24897 64589.1149137
-9999.0 -9999.0 -9999.0 -9999.0 -9999.0 8999.31708007 36305.719575 69830.3003204 157720.406104 7531.0397242 2829.5923909 20749.1498826 355584.018812 790141.095876 890616.52065 809507.90121 714852.720543 632983.859567 394077.812915 243826.533159 0.0 28327.3809384 5559.88315953 -9999.0 0.0 36886.4675151 -9999.0 -9999.0 -9999.0 -9999.0 20752.102464 152392.54327 211128.775929 190982.2952 46712.0027601 -9999.0 77919.5596252 280465.467382 194772.964918 226879.890674 170536.073046 191824.047977 183250.535507 91855.778812 29593.7019167 57260.1750572 114191.343309 113983.218404 90251.2017663 26476.6578004 160974.476303 188665.291852 143935.883832 176251.448479 148122.112058 180275.61516 108582.345313 82344.0759114 89118.4954674 116896.253101 165591.549309 94325.2327912
-9999.0 -9999.0 -9999.0 -9999.0 20707.5945132 65547.4489331 187527.678821 390396.536885 883.258422305 -9999.0 -9999.0 -9999.0 1028.94106266 282420.949189 923653.299765 853026.407455 864615.312298 419295.849309 495072.903151 264555.007674 44981.9127429 51853.572978 -9999.0 -9999.0 11919.1252207 -9999.0 -9999.0 -9999.0 -9999.0 -9999.0 177483.903857 287913.36225 275350.21803 232924.159086 147488.198132 170218.25551 177335.09117 215056.667967 185761.154863 177323.332915 133983.854609 84194.4019308 100858.66882 117822.708199 81884.252695 52080.1213266 177488.683217 134529.336646 84812.8129463 128544.321589 174469.55265 211003.950159 175660.61636 181238.544677 110444.232322 134601.716039 93267.0591339 21663.7508326 19098.4374185 19051.0163671 75423.0800847 123032.411813
-9999.0 -9999.0 -9999.0 -9999.0 144179.88212 268477.385258 282526.606206 200570.077874 8799.21786848 28033.6737003 -9999.0 -9999.0 3011.84267585 116304.968313 727194.199275 706681.117745 490586.992281 326446.961669 142147.39326 88546.2346611 40760.8730437 18559.114478 -9999.0 -9999.0 -9999.0 -9999.0 -9999.0 -9999.0 -9999.0 -9999.0 233800.517044 140582.987851 147443.932398 97927.4303341 39977.4607373 22394.8561091 16324.2330008 19902.6057184 54518.6411599 63357.2303141 45500.27907 93120.3169604 164104.330292 199669.521384 140111.986169 92929.9776618 136400.619101 85208.5624539 74081.8996185 52055.4304101 95185.0554465 100174.031002 153454.886997 183617.406501 121670.967318 58453.2137892 66530.505381 46730.902307 65537.5483644 56867.2092632 211777.034196 14422.2893048
-9999.0 -9999.0 -9999.0 -9999.0 132799.256113 381947.476475 567332.294382 25477.0419801 6511.72774667 20712.4355627 13318.652158 34261.9049899 16882.8939673 31021.8830861 128630.942212 337469.870643 128737.608886 -9999.0 -9999.0 -9999.0 -9999.0 -9999.0 -9999.0 -9999.0 -9999.0 -9999.0 -9999.0 -9999.0 -9999.0 -9999.0 47718.0727385 394105.373521 280343.831496 217059.273501 109580.017482 18635.313352 14704.9058378 114841.194741 57446.6209932 131932.374123 241058.863621 155595.862991 152820.019715 99133.524984 59944.7811182 132506.304708 157960.432974 106841.234015 124151.57977 81352.3970657 22986.7905398 140778.544474 91058.2164313 126862.295699 153005.150206 122267.003054 67301.6154465 88965.0457896 55090.5654437 0.0 0.0 29691.3910283
-9999.0 -9999.0 -9999.0 -9999.0 11335.0495818 152569.268001 343215.315086 44662.1073845 16289.0935422 75063.8020216 12558.5140701 76233.6289155 92237.7406088 9020.94795638 8135.44549616 6499.29839623 10296.7463461 88373.2973909 19929.5008808 -9999.0 -9999.0 -9999.0 -9999.0 -9999.0 -9999.0 -9999.0 -9999.0 -9999.0 -9999.0 7412.1747148 82294.6034503 130587.038773 257284.267229 233556.428373 211036.364152 17380.3274348 22064.5300643 122199.370944 146705.922463 197862.946879 121624.879526 146724.306206 130033.669422 94351.7075911 145050.37641 55532.2573793 69542.1504526 76805.3876787 54205.8221144 36286.0070999 13142.0928743 115239.41643 110674.304456 55181.1212096 48597.3224379 52022.5111748 104124.772414 111452.708449 147991.921344 147515.24904 24396.7158111 58043.3546905
-9999.0 -9999.0 -9999.0 -9999.0 5205.1502213 127854.560178 390545.229383 74785.9538039 27923.2813024 20086.1166167 71352.0743017 67071.1731196 11696.4507381 4312.53278129 45281.9298956 0.00268969108592 -9999.0 -9999.0 -9999.0 -9999.0 -9999.0 6656.71042292 14861.3974968 43099.7413004 46582.1099553 6294.75135329 -9999.0 5581.5366338 4277.05975557 9013.35426839 92730.133041 119722.771107 76981.1042143 203772.589353 54874.531383 42024.1049571 219606.672806 201133.286828 217645.825403 350000.892216 156992.528987 86101.7782377 72651.3080061 33521.1743341 68106.5984913 82468.0014218 103989.629695 102683.966748 60759.4563891 38888.2844391 0.0 4753.25191732 0.0 44127.1068788 0.00567194734531 121792.345381 196540.269807 212733.782443 206539.818533 83222.7329742 8870.97816936 73745.2750413
-9999.0 -9999.0 -9999.0 -9999.0 -9999.0 130530.316635 143885.795484 246045.057092 37442.3614857 29303.136829 44048.0395759 7029.98264364 40041.3247899 0.0 0.0 70107.8838677 4200.10572469 3092.03258781 46597.7880104 18572.456631 62866.432813 57062.5025 126295.517336 254048.739167 102302.49844 1394.1842819 0.0 21021.8366785 58527.7550419 60077.3448531 39260.0249046 49661.8387584 73708.5567415 51431.5177595 127074.835389 276926.107092 332363.938233 406747.00543 319250.936393 269766.294333 297337.35578 290125.457899 229128.078036 68112.1078795 49743.0411646 85598.565138 72592.1958111 73471.1741926 13634.6484136 86389.203266 40456.2318109 51594.2705983 7104.58448657 16832.7538748 21369.9844775 55660.1353058 107190.489524 157691.248074 71725.633131 13116.6343806 30139.3692854 4123.58857698
-9999.0 -9999.0 21950.9382772 17637.3657283 84098.1565097 37732.8713598 32068.5412137 90920.237284 257686.539847 172984.384503 81727.2565287 269326.711388 47459.774972 6043.11437081 5954.84509101 71961.6474254 47558.7683617 64502.1078268 75576.1704839 68089.5007448 209866.533757 187740.321579 123810.387027 99189.0681573 58133.664624 28548.9968799 0.0 48241.5749282 75057.20865 110441.813674 116874.993129 71911.8850317 52157.1289613 61853.1935176 0.0 289235.930038 371193.91062 367241.89736 151481.22181 194008.46894 111579.078728 265261.481575 297216.916492 186173.905359 176557.246269 227476.825311 102632.045434 212626.135565 134367.503802 250241.269287 260244.484567 172792.566676 145687.608735 158938.738456 107389.908036 63467.0202827 164246.214586 76758.3112882 58172.7278634 82015.315509 3335.85550054 16629.9157689
89447.9950265 192681.092916 113921.43973 54442.355248 48276.3880254 42798.6193934 93879.9954489 429756.106351 370565.788044 148516.572516 162999.796923 212845.751047 38232.3107075 38808.46548 10991.6491172 26775.8724111 372991.643897 6130.45054344 3766.98370654 38894.460365 80358.2989206 86297.4757201 45219.9874565 28074.7790101 23387.5466594 42839.7605091 25180.3081246 0.0 1909.34047862 8211.11578877 0.0 0.0 7953.90607518 38141.4578761 38169.247543 14149.9007481 81465.7245956 47591.0834025 19784.4221075 69061.5274544 181759.992868 180582.739077 225587.203346 155995.967072 108945.345515 108473.675451 267141.942162 118132.438643 101097.930978 94363.5324103 132733.934406 249230.455749 178646.01953 94889.2054783 42955.8301392 32822.3271942 15013.8410329 71620.9870574 87369.8596051 7841.07733659 0.00358074685931 4624.70581259
242196.834866 58477.6612759 17238.9558314 273356.931997 209681.216791 155442.124832 95993.0631352 225844.623879 148637.120084 88321.5094133 72749.0628781 134613.625956 124399.449614 0.0 136602.22162 208651.491427 168287.421356 65012.8306226 36208.472192 7057.42325515 0.0 31315.7377532 7562.47779529 17532.2650105 29776.4922261 5862.05044256 0.0 2582.47168914 16588.2184843 0.0 0.0 0.0 0.0 67027.0435146 3481.83800672 38034.133955 0.0 0.0 0.0 0.0 0.0 0.0 12678.0820235 27977.2295898 426.788323635 14908.6556459 23007.2647153 106361.059689 20045.432891 32270.5773152 374044.959112 121031.040705 97219.681249 16702.6779709 6792.75353553 14133.5932095 50454.1584599 34710.6104866 0.0123295800989 0.0215611973326 7042.96209952 0.0
204657.698549 375968.314724 671877.133614 611790.341723 539279.930519 210416.884259 284920.925212 228334.624462 126229.949511 168638.451101 220311.541217 91907.7756961 318130.105966 680710.93456 415591.137709 377877.028409 219902.617126 138928.395125 49998.2517265 49725.5449639 0.0 14557.2590813 86130.5717145 64858.2652398 41853.3889056 15796.5569596 12644.6687195 7210.33875634 10424.1682022 12599.2085734 0.0 0.0 0.0 0.0 0.0 0.0 0.0 0.0 0.0 0.0 0.0 0.0 0.0 19728.5649198 56691.6072922 22379.7136259 22374.0207153 7285.01139183 14657.7777524 12118.1777732 1351.4176186 2458.33094585 1031.60270361 0.0 52302.9418353 55378.9691991 30160.190223 4808.05682087 32135.50573 14268.1284208 0.0 2637.17936801
79776.5987468 279208.06917 538488.895783 216346.909689 123853.268777 483114.285514 752253.202827 571444.971177 536473.019993 651705.128535 196809.711512 87638.9044169 206089.42117 92359.8815005 505803.116603 554488.973553 1123055.34128 0.0 51425.7613404 31175.1804717 30230.3832964 0.0 1467.43514661 0.0 0.0 0.0 0.0 78012.4421053 29253.4455078 0.0 0.0 0.0 0.0 0.0 0.0 0.0 0.0 0.0 0.0 0.0 0.0 0.0 7064.85584878 0.0 1683.35236451 21999.3813073 60408.150391 0.0 10210.8126094 6824.83345013 27372.9912944 0.0 0.0 2520.79015811 6932.00589958 4341.8614916 6505.30423351 2354.36029876 35998.3697726 0.0102463481519 1338.27319759 38585.20886
36828.2094814 2636.71740698 138490.375508 455791.962289 654355.015319 746197.958398 525239.928436 405194.208955 248315.896582 108360.716533 77989.9902749 184504.866601 426667.502469 260623.723767 153308.703451 174636.726656 191307.448582 168681.770973 184597.721457 123756.007466 10062.0335671 0.0 0.0 0.0 0.0 0.0 44793.2904008 35662.899351 0.0 0.0 0.0 0.0 0.0 0.0 0.0 0.0 0.0 0.0 0.0 0.0 0.0 0.0 0.0 0.0 0.0 230180.055621 17301.0110352 17420.8452938 187901.181293 62301.2897633 11384.9934994 1825.37134366 6435.82387811 4705.33323989 14309.5619163 0.0 4823.82622794 0.0 0.0 0.0 0.0 10056.3809443
637560.272471 129384.328583 129362.396264 631897.595075 633549.65708 489643.692432 606628.643378 348099.664566 308720.607414 340063.660654 7277.55776934 0.0 0.0 214170.947541 575151.336096 413239.332125 76735.3390399 202062.813216 586183.947377 578516.088972 419266.547887 174433.71382 2067.57847683 0.0 46227.0487951 36394.85294 7684.26553311 25727.0792527 0.0 32130.2659161 0.0 0.0 0.0 0.0 0.0 0.0 8472.29763963 0.0 120120.330571 0.0 39853.7405648 0.0 0.0 0.0 290760.945298 206669.246184 46746.433779 50989.3017067 23503.8611986 11346.0675855 6347.77941652 6855.04697082 1421.27989447 8631.18528146 0.0 0.0 0.0 25122.6228579 23347.1433132 0.0 0.0 0.0
843180.266084 643317.731476 285981.763796 338088.908221 239507.332504 47797.2734303 618125.467767 324330.928843 213380.393387 162271.26757 184382.625572 326128.720705 682867.782547 971690.892106 0.0 0.0 0.0 994.872904582 0.0 25670.175159 372691.177353 707560.277396 897665.406457 45467.0933353 4964.82661003 29530.3015309 12744.4350059 0.0336907936129 1917.04179984 0.0 0.0 0.0 11788.9453244 31769.9010646 14943.0509634 113479.767019 23396.1604937 0.0 49913.072789 0.0 0.0 0.0 0.0 0.0 0.0 0.0 0.0 102938.179961 12251.3927217 2159.41760363 0.0 0.0 0.0 12631.0988434 0.0 0.0 0.0 0.0 0.0 0.0 40500.004534 0.0
299435.251416 337391.562128 297972.462589 176659.467992 6048.37450059 354626.271322 123777.867737 231176.724299 84045.4486424 199082.852385 379099.210573 288145.935538 617074.278779 772188.147709 272859.204679 0.0 0.0 0.0 85560.4135574 377940.749599 466031.075561 302686.837206 181520.587644 203913.644831 198487.596009 290846.887893 473491.61766 356178.417701 269261.5114 139922.513705 97565.1417208 14821.2320113 120506.7613 135911.80948 0.0172130987841 39757.9636834 121114.811764 15208.547969 0.0 0.0 0.0 0.0 0.0 0.0 0.0 38208.9231758 55075.0951955 79768.9104485 15257.4141541 0.0 0.0 0.0 0.0 6842.15147994 0.000134761551415 0.0 0.0 0.0 0.0 0.0 127953.556916 0.0
