critload/trunk/input/1999/ngw_nat.asc
ncols 720
nrows 360
xllcorner -180
yllcorner -90
cellsize 0.5
NODATA_value -9999
[rows 52 to 77 of 360, columns 531 to 589 of 720]
17618.53562555 41600.92035922001 54356.39464449 44563.50325144 63698.13872437 71021.027614311 72322.12337882 68906.8059087 74455.968923155 79290.2295075 75736.2471161 77615.6279216 66515.5463414 64507.4073823 43551.0164792 63793.3000753 51205.2293111 31993.6545248 31325.1235134 47232.001354 43245.9855432 60543.4640125 56576.0766795 56855.7132603 34248.7957087 59161.4241904 64503.291367 64148.2775242 63800.0213418 61771.349714 60371.5709551 58930.9616405 61473.2087428 58196.6618708 53130.4805599 40466.0099726 37925.5345364 50654.8631462 38106.4813785 24871.338746 40549.3995589 34306.3581828 32656.22449408 43807.7383017 26293.7454277 38060.0858302 35478.1742948 46241.0113643 36049.4209144 28562.9771529 25289.5254299 28372.3122223 26391.877555 33136.5459858 24059.7092913 38842.1451787 54346.5643869 51376.2356702 30605.9349568
42487.770205 40319.1883633 45393.834642 67174.96648727 61200.68876109 66531.569732 68355.65734292 74841.54374373 74912.641723812 67589.55033566 64239.68652407 65519.4121579 67043.6077251 69916.2659574 71762.6354252 68925.7502928 46098.4984373 47461.1185541 42628.4400583 50050.302872 40290.5941888 45708.8510495 33665.9045478 44549.6739828 52007.2961895 41938.6593784 56638.2253974 54734.8878496 57042.8920169 64458.051041 89799.0491914 60999.9485676 64074.0830987 62024.5000563 49131.2929741 28409.8726601 36965.1711205 39809.5852638 31230.1101138 29168.1608621 28159.0768547 41021.2143661 32745.4999971 30682.2873965 29548.7007163 28810.6063655 29099.5057911 29656.8538052 29247.6991237 27379.182871 41770.3079387 38255.8512231 41810.7317424 45100.0370482 55295.1608131 54605.4218249 53661.5125336 50538.1244477 47679.5984877
41794.9329925 48364.77142999999 71495.63057000001 74223.8868471 83968.2503167 82130.1597426 52467.78872768411 54194.1316934 63552.173441809995 73684.66149699001 76980.73573051 71939.96553582 86812.2780576 83655.7656796 58888.2272935 72240.5537843 60031.0827007 53542.0722272 65209.65022 71033.4433152 42285.4673799 52596.6246378 32759.9844164 28676.9437691 28196.910947 46414.8674933 35986.6653174 44617.9039414 32501.4266808 45393.5521307 44266.1833871 51349.7085897 56291.7405431 65928.0181691 68812.3532094 62720.215604 46070.9298901 63719.3917746 31301.6604096 30985.1606942 28498.0989132 31920.4443041 30853.6282412 32243.0225438 28666.6702327 29964.6908006 30801.4214716 31937.5764977 31510.6109253 28659.0330181 26946.0393425 15605.2479123 34380.7151865 20039.0372044 47127.0364105 56056.3330423 55696.0984582 50216.5380226 41178.584709
46245.0275629 66036.7881813 84818.10402510001 81442.3915801 82255.7378731 66791.5633179 62863.8729935 27924.3339893 48454.2612547 51439.953238400005 79092.49836209 75419.476645 78877.2163346 76050.4739618 80017.1285959 72266.4221262 76977.5510966 74274.6945999 71147.8436902 52796.2252059 73671.5913699 67755.0080409 65656.6278915 47301.2368441 50762.841032 31684.1189576 41581.6314776 55434.3637306 59368.7441517 40234.604549 38954.7793835 58391.6772407 47789.6013538 55608.2502355 55310.3221947 60882.0373655 66357.5053898 71256.6166418 42567.7838661 31702.6960477 32044.1797903 29519.3797072 32059.1359854 35092.7650145 30905.0417659 31941.8110569 32382.7211056 31451.8423585 31140.3028249 28835.18578 30761.4105145 35678.277576 35524.5252531 51009.9858459 50915.3312592 44865.583818 38970.8839384 33047.8126755 31928.1442925
54428.713430100004 60890.914025699996 34709.0422353 35165.419492700006 84665.05704839999 72539.2861233 42099.88485820001 44527.903427 37219.097985 48381.1094931 69072.7036717 82830.6167659 84868.8209581 69066.3673837 66935.8861315 69155.7530845 72829.6294437 71000.7038855 75477.1220394 71174.8186263 68250.4785239 74476.6277153 74662.5662705 72043.72948323072 66873.0290428 41204.7504719 61940.0061871 55034.166094 48534.4448794 25453.9959372 24089.7258753 59426.4578612 50614.3614547 40880.7727948 55471.2629281 37027.0521331 41389.2205748 59289.2787219 36673.3110986 31275.667194 33287.1913922 34183.5839911 34867.9594419 28170.3689486 33720.0948953 32061.0738969 32666.6619751 32297.0821679 33456.4239347 33891.5992012 51030.3453584 62989.8542951 55676.7093277 46617.4879258 30477.186104 23166.1715247 15020.9487382 18476.2802088 37104.9687586
31143.3782362 37793.2540239 39273.3601775 29148.739577 27682.7519861 23248.7716732 38227.7892554 38708.959413660006 67954.08271058 70002.4946234 74185.512396 82741.9942127 75151.1141643 65136.1771406 69329.3495885 70687.780683 108144.692536 99442.1269608 98498.6416641 70527.4534448 71602.4122913 64346.7871557 75521.3574589 73410.5816944 74613.324313 26096.6552212 34133.9150523 26857.0887805 23495.4082322 24414.9772686 25094.504624 25358.3437294 38479.9826361 41168.4960288 39439.8947885 53651.7462669 33388.1666016 35412.1090246 35834.1670449 36585.8328371 36177.7628529 33638.7454632 33143.4042715 32183.1524735 32081.8314548 26164.9499871 33127.7113567 32866.8283216 34168.2456235 38071.0980029 32713.5473613 13237.6988869 56258.1237822 14765.8771221 53853.265326 35560.7008117 37483.4546641 27625.0860293 39807.7502126
39125.8995536 41268.370089599994 41006.5071298 43393.285883799996 48264.4147181 41587.1880769 44647.5494166 45114.96245478 52556.9554532 87051.226339 80678.4375319 93903.1737459 95704.4290079 84145.0592422 83923.1958321 79247.7021869 105464.361795 102592.780435 100785.639009 99953.6116677 70384.4901236 68721.9383335 66038.0878769 79436.6514803 82504.3974667 73428.7111491 60465.1416101 77120.2118825 72764.7974726 61376.9632713 65112.0965534 66708.6980941 59074.5266986 38817.2871263 35348.6885069 35002.4362023 35770.8131028 31506.9232171 38654.523134 23622.4917881 23557.3402536 22404.1546992 21567.3311793 21564.0379258 13764.5726092 27190.5869342 38203.1705275 25535.5800834 59896.6595182 46926.1571803 60640.7841633 57537.9655739 8878.39350892 47082.9544603 48598.1718782 48000.1805757 42831.0165056 60122.321995 53388.6212996
28771.3566758 21666.28019234 22025.1825263 37835.95653292 39774.92539747133 44270.06921924714 53337.7852866945 46769.396008226635 56515.02087317247 51864.3055495 125811.723762 140496.673152 137118.560381 93259.864229 133608.501309 132101.223604 91609.5780487 115670.340108 107885.774979 102920.588946 69925.4642871 65684.619298 64405.0118608 62558.9285515 60164.7490108 75995.5247316 67393.3161534 56740.8607423 40038.9773917 52775.4337156 50882.0489857 40580.7210914 43077.0131502 40508.39095 33558.5087035 23505.7014803 35062.6643358 26035.9975103 41321.3696291 51012.1770889 24357.4307418 22648.8324353 21700.6045957 19440.2024576 16280.7161482 41287.0984845 50225.2710343 49652.1691064 52117.329769 46816.2677607 51699.7621281 49972.2069735 51185.790181 50094.5056733 62358.1201147 60294.138433 61824.683678 60614.4212565 46223.139164
26114.9595371 58334.73761910001 12689.60659793 9899.4168794 23531.313200930002 33000.344530200004 29231.41029863 22574.087853676 16512.6179125 5301.01506959 28703.9452201 110981.227727 137052.593718 141732.46029 146745.630703 141922.92535 141565.128978 136581.430168 124910.959276 111580.970792 72780.1086472 43334.3430388 49542.31035 52577.5938901 19418.1647302 -9999 53434.2513472 2979.23441308 37409.8354593 31975.1048576 36021.3011083 36957.1449566 37375.7456026 29705.0877755 30842.1099284 30083.757047 18249.5291231 21938.8406698 20862.7766695 35513.0064713 46352.1427422 36121.6635799 28562.044682 33572.4295763 43525.9363053 43241.482576 50006.1552969 38173.6295688 33733.697499 42610.6481141 39628.78888 63497.8466616 65509.0172643 62247.9690528 64964.6551921 64597.953922 65600.1064542 66281.9448197 95395.3542588
5133.96747228 17392.17133005 19066.87535001 30203.811978010002 27399.098507180002 21316.28106106 23150.35382795 16547.63112496 3668.85790188 1688.03948094 3151.42093765 15910.8772289 98920.0690951 114078.278153 136023.360664 122359.626601 127090.1239 131305.376521 128597.138608 102551.307335 58964.2669341 7362.44302552 1113.35125108 -9999 80526.2335579 -9999 -9999 41273.2353106 -9999 -9999 -9999 -9999 -9999 -9999 -9999 -9999 -9999 30701.1216355 9410.82733606 57374.5405702 60941.3040057 87083.449117 93986.2174024 96937.6526182 93313.6674690174 67856.707324 52247.2983832 60799.34921800635 67751.1789859 67526.8290011 46041.3322806 41738.9592181 65748.0136467 65860.4020754 69008.6057592 95336.0857268 101395.469872 105061.869665 105104.274755
26415.46113166 38066.7256562 36375.4088054 39621.082893700004 35119.0235081 12976.453620420001 5336.10452281 3945.0235428282 1066.66062534 -9999 1515.76382972 8100.54473547 11987.04211352 -9999 32792.23213237 63051.1977515 96176.6405039 80277.4970812 53119.4625811 8793.85900212 11304.2965022 779.133887393 445.226697417 -9999 -9999 -9999 -9999 -9999 -9999 -9999 40611.1549206 35276.2996168 -9999 -9999 46973.4629166 -9999 -9999 -9999 55131.5616905 84764.3279738 97163.2974585 97721.6354585 97123.8857382 100734.022621 100000.391112 92805.6579164 88832.6302161 69004.015224 65717.8092196 66610.04808089058 68080.3754814 47543.6759398 72096.6458481 71386.5897377 106839.743169 111268.457031 111010.260071 108444.268283 108495.511447
10126.77551187 18793.56249339 12966.002735189999 19755.24188092 12933.41795512 7986.85716408 13160.0926234 14182.30763403109 9819.42786137 3482.33643282 2417.50221697 27066.5082764 25201.839112640002 14317.172207052301 12363.89423065998 -9999 -9999 10108.15911982 -9999 -9999 -9999 -9999 -9999 -9999 -9999 -9999 -9999 -9999 -9999 -9999 -9999 -9999 -9999 -9999 40998.472207 -9999 -9999 69021.1466915 69877.0481394 98005.3207588 102880.229968 29230.3592394 39633.0934909 23334.1477714 97820.6341496 65808.7744715 68372.8955778 1227.72570406 67953.6346737 94237.6924365 97440.4734665 106444.630372 111904.020966 106177.38433877013 112515.689606 110684.291678 112315.559623 111306.414744 109953.639988
7764.77513156 15925.022227689999 10392.86394897 20099.18996795 26271.22673137 22351.03417416 29773.0684738 10673.21388351 2270.582298576 -9999 -9999 -9999 1247.46982465 12296.151777065199 12460.724618779988 6633.920233976836 3042.511520986 7551.318494810001 -9999 -9999 -9999 -9999 -9999 -9999 -9999 -9999 -9999 -9999 42088.9958698 -9999 72961.3674294 -9999 -9999 -9999 -9999 18267.6786639 1758.50328912 -9999 15897.4914459 -9999 37573.6302198 11201.7115191 8413.6489385 8314.83264937 -9999 -9999 -9999 98199.475315 101287.511951 107209.070601 115235.878117 117561.314688 118407.227063 117587.310783 116855.036084 116404.045131 113913.468968 112682.210668 114063.687108
50010.60444236925 37238.91444760988 11344.01456752773 12778.125590355543 7663.528290298791 -9999 -9999 -9999 -9999 -9999 0.0 -9999 -9999 -9999 25603.21118773022 0.0 71558.7524272 67976.5152524 19408.70087912479 -9999 -9999 -9999 -9999 -9999 -9999 -9999 -9999 -9999 -9999 -9999 -9999 -9999 -9999 -9999 2905.23376252 1091.5119083198922 17393.591964979154 4675.3197369 -9999 13980.1695852 17049.5744821 -9999 97758.9509425 66787.8195243 69707.7323614 97254.8242062 98998.2595897 104833.469021 122892.837866 121047.355806 110027.994082 120320.776055 88242.2959588 118884.529735 117092.751237 86909.6716434 84983.3193808 85121.6304387 115464.460764
25869.968456859344 59500.75264005331 28753.672278203936 8454.671528882152 -9999 -9999 -9999 0.0 -9999 0.0 10722.492794205069 -9999 -9999 -9999 2487.37353907522 0.0 0.0 124231.002596 16202.39701791098 25698.307826434146 20483.54445956058 0.0 -9999 0.0 0.0 -9999 -9999 -9999 550.958911108 -9999 -9999 4239.03856366 1555.98268668 191.105031198 4549.3082345 1105.52775669 2595.59881126 458.288822908 3037.37834608 110889.014304 106967.338666 103785.416209 104933.989735 103396.24469 102114.958384 101085.423017 106503.26675922282 90676.108339325 126231.546228 90862.0080395 126344.647591 123854.05864 124925.286189 89940.7161172 123582.66386 123129.632457 105181.907612 103413.071626 120843.257531
102613.61898936443 63751.92212832979 13088.241718627365 1385.7047029384537 8301.863635026677 0.0 0.0 4873.58413649378 12803.81567950821 45614.523144328035 17865.876960785983 0.0 -9999 0.0 20615.67404767915 25087.264357885557 0.0 -9999 4876.598036801527 30226.506186876915 55375.24518278377 26903.930528415833 0.0 0.0 -9999 0.0 -9999 -9999 3158.62479775 4993.41219653 9669.09206825 30308.8868034 71777.02335216128 -9999 -9999 -9999 5138.22004709 3889.34945618 -9999 2243.9411188 106920.406541 106901.730424 59632.9060189 106926.508383 105037.645519 104053.50646352358 89980.3053364565 128685.243129 94001.9816935 110678.355265995 106568.59968617 42624.04377823 100842.266911 74152.7804261 86042.97812870001 98772.38716419 155703.126374 107819.1706211 75425.0548535
144537.33443528312 76753.95264902199 -9999 0.0 1375.6948798115743 0.0 20153.59468580567 23693.675715466114 35813.24169300518 46366.43514512386 0.0 3361.673591095252 0.0 -9999 258749.3858868955 336898.53336458496 43903.25768951833 20117.63607097602 28910.975759215846 4463.533343180354 0.0 0.0 -9999 -9999 0.0 1503.1837382041563 -9999 -9999 -9999 10069.589477 2815.39798487 -9999 6876.068027440554 -9999 1790.49156094 4591.02764716 9707.77886639 7345.46415553 13095.7417956 49826.1850229 16885.6576426 69579.1902713 114859.136918 48504.3932753 107135.181447 110216.15799634515 131060.926546 99046.86336427048 41700.263507788964 36375.8285399 116804.62161219999 112721.8047312 118528.35396596 110047.57028377999 110322.695295 126363.109502 64020.3952122 177764.48608243998 104875.35042108
30348.06051771912 55340.18458627647 186757.34577093672 76698.5977241 100049.7892573538 100417.104897 108413.48357977097 57375.58502880999 44216.34844747486 56220.7400028885 47116.67898911972 61582.53287668379 28795.476880356135 0.0 167170.9452340638 168583.11335 170090.99771793748 154688.2318426503 58822.179752288954 127609.08737612047 25156.7978979 7436.70019706 8558.86083135 91581.2398426 159103.353616 9687.06907394 -9999 0.0 -9999 0.0 0.0 0.0 14268.297874439459 2520.890187692437 3755.74324175 11278.036556 46289.7711744 47789.1191293 19672.7019553 117839.549397 118033.373977 87949.6119176 115502.40652 40056.2927537 108880.613578 109610.97795784687 132660.847524 -9999 -9999 113966.730238 165298.296515 96759.0228325 187015.135048 112044.365177 44253.1620047 42960.2104257 44140.5307459 90415.7294856 90711.7982497
85170.02399986084 12882.124190217015 9068.921170041363 0.0 102525.69649553666 226635.7677691196 221210.07277646966 153076.2928727895 77055.03318257861 70781.34531805186 44305.14810909703 0.0 23346.872608295096 53248.83178308701 148606.352101 154791.608531 187342.97303 179572.7447197969 187648.505418 177296.806164 178217.842696 171520.435726 171078.380086 164535.684885 165016.814809 160131.971682 165363.774192 150713.60922169077 74703.7379986959 58959.4084527875 53445.45940472671 29672.5839867 28705.256122445782 87570.06557088268 18076.5877178 28548.0823475 43357.1029903 31165.098752 34128.6825555 124055.84542 122905.358572 89546.5219473 45148.30634481871 -9999 115071.189874 128624.826015 58112.85862013966 -9999 102748.68929317128 115359.32230161999 35603.5777174699 114314.7269089385 142318.711651 45078.6615421 99162.0070969 97891.0688252 94103.5305866 95507.6630478 96730.9477637
0.0 132353.78521755146 37717.42914413704 0.0 0.0 224668.59104806316 224390.5270630363 223362.3266409886 152832.91830762755 123404.69255006911 82893.24202058476 41663.32392476763 37836.98703516841 46712.63885854305 66050.80175414131 170352.524563 198186.294598 183641.490176 158185.5526936676 150856.7121387339 180776.767223 172053.802269 173409.331128 161812.65687798485 154866.34479340466 156951.958934 163101.104035 164204.100318 159399.08447010745 112241.1561150962 88033.81643716863 11486.53813444221 13721.020186109326 37377.10534586413 107293.7562769915 81958.27858588258 41290.1642907 63040.5580992 55789.354555 127666.435658 123035.5175288972 112089.51627457664 112339.57894333449 117597.745086 127117.926497 78295.27529978025 -9999 -9999 131584.02219380002 29452.917150821333 89669.28449996721 128716.8387032356 102310.915481 99948.385517 96745.4117159 94179.5789888 93935.7708652 43719.9476867 94391.187757
0.0 0.0 168811.801868288 161086.12224281012 41138.225023000115 57621.89706263174 192924.49527156743 215918.09524653532 207485.22888599985 136345.21378819592 60256.59132685283 21132.54336002998 27849.508474810955 42804.23748004525 45175.47188846379 163316.30385315616 169761.908423 182537.199732 187175.241792 178687.921356 179075.519787 172836.271252 200137.908088 192869.162201 166517.201978 153085.12708663972 158171.37443975962 151367.33058889315 153538.05764548384 157175.839564 -9999 122318.21054231704 88702.03763437584 21163.63243131085 30490.972679796356 23769.326415618703 42785.27756633767 84130.1064364 126841.64851460945 116018.61278663135 42329.17880198065 44466.13535079659 125277.14651443821 137948.404464 -9999 -9999 -9999 29171.291284365023 35961.06755439135 88064.34562569806 112940.34252771395 139973.70479661075 102831.17545571373 100332.34981465002 102849.817631 98623.2503106 102498.917313 96601.3274326 107140.823554
22291.872682498786 0.0 0.0 0.0 23549.3964513 102274.635061 119343.836115 59729.7052546 70702.2893600195 117254.5386488947 61385.876832533766 20448.643861302295 30077.00786504268 57073.48544320193 70541.02664280086 170613.9652448797 197145.451227 190813.761098 189610.313362 179346.021307 173603.1568470205 173332.68631 173643.977838 165793.265294 168912.139119 163713.137984 223555.970417 138259.709642 151512.95123558384 150977.797315028 154765.97256511825 157796.930783 141686.959197 42864.79333274917 21864.480601058 29091.883695405915 44689.876475483994 44422.816249263175 101642.58798746658 46515.97301612666 53049.86403356523 129339.326944 74254.2222579 -9999 -9999 -9999 51538.828579818 85118.85888512315 104544.624700182 101821.15763008187 84990.55220723653 90116.51970630982 92981.91184886145 92127.59779311054 97022.49234635071 105970.64414 57809.54460766737 105063.72360722363 150595.470319
4096.083837031696 5557.43010856799 0.0 -9999 -9999 -9999 26242.9995804 205389.245113 191026.70644980136 146986.33716771958 182076.05890476066 73124.31036207177 137550.594924 186708.737532 194434.524001 190287.897209 189434.656079 182715.951896 177276.53894779153 161689.31008309376 148161.9744107195 169160.703299 164406.98382 159835.048656 161583.619376 159447.435701 190106.115343 186942.329828 219370.993053 215994.921673 130101.10364308469 137799.88767162117 48575.5835711 149243.443331 47947.02481604031 36852.528491630655 20199.575930199277 24049.891176780693 20510.306950954888 48860.68805391413 38962.5140775 99471.14726664622 0.0 -9999 -9999 91119.23876959847 101518.88335652562 147730.96846371656 101321.4950398665 97396.44264092797 119190.85446893377 126751.80241944354 51852.06679564339 141092.20015606785 141909.56188373177 147524.65966912263 65004.73221084887 139189.54580478635 134171.29718116124
7363.369121169802 0.0 0.0 -9999 71183.3747411 223691.129723 222900.39524 211693.587137 212352.41867 206534.538579 206240.279606 196127.95809107405 188227.05161326347 173888.26710948953 196455.440188 190842.877614 106951.61812032263 167607.62580251743 180645.653948 164905.74531236655 103480.93120795776 61725.11999274001 -9999 158450.323415 163744.539909 193352.728018 174398.05874038252 208332.56570720387 189744.530193 161178.582742 188623.68128 134970.9459894719 135834.99340808913 164334.77018443533 167576.655451 170877.553638 60672.781528260675 28422.735038652998 8808.44872659 54579.8665884 -9999 0.0 0.0 -9999 149940.09676925416 148595.26798993335 133881.15299137923 129763.1857056568 136120.52773848778 131039.09593903982 125735.73009058808 127665.03963132213 54530.602159457114 140754.72617415673 48846.90773980088 120088.72587669753 142241.53828234202 153187.66054627512 150018.57528274794
95995.30684668747 157210.99451322304 219504.016878 207829.490791 197069.680587 206744.896416 179498.846272 163692.51014695433 167190.88825 162465.588591 179223.91607099166 161225.0841240125 144796.01904728668 133195.5110957642 148041.5249596529 130201.59688361282 132395.32669240292 123301.35538560456 112153.93692763409 131951.63841101248 146129.2877053687 157950.20329394314 159374.3380945209 156043.5777581267 162362.537613 122347.29599323281 40410.20405609272 24593.74974436055 64329.90830316976 175151.96188302836 193163.33207458677 202520.7389288346 156160.16416193455 162735.17876602334 163440.84477671905 172627.050744 152642.058629 78013.3788812 -9999 -9999 -9999 28251.98798995977 111966.1806016398 86374.0390125131 46015.27929281822 102922.90456055543 162621.96948035518 161517.906384 147826.50072603155 136277.8195843707 117165.56136940222 89875.7534378032 98870.98836307247 147138.04482938678 60111.21163292475 106084.22267873706 152764.5002497859 141070.6358697053 142916.83358574696
228300.30320044456 169798.96110151056 232373.85965598762 184540.66203380146 200396.6965764997 208553.097954 180144.769404 168773.90877 195663.140555 155623.9232359254 108005.8734113995 103220.31480881207 154047.92349057528 137218.48295993404 132256.33428973524 126736.23699384861 112299.06564643406 81853.68015261796 47169.549222467234 56868.224829779305 139388.44784 108239.25933640143 104981.189802 160758.301248 143800.09402268156 17709.944995715792 0.0 0.008523021819745376 0.009786494153319827 55104.17471467977 35947.722057 42218.14748654713 53641.977369311295 102651.8696320909 160472.04220480952 168614.60536399865 170352.31325713568 166239.27880146567 160986.24759512235 165242.54299152695 151671.97879630965 88392.57768650056 47753.36027202642 37122.050130368654 45947.24648440258 80486.23784899147 153393.8291479231 156827.56597953057 157304.67616133913 140914.62409029598 120911.635492 21196.5990452 154420.36375627926 102405.07564590435 62057.76260007089 68101.2243732082 131389.07016599664 116092.86357442962 74896.84191988158
