critload/trunk/input/1999/ngw_nat.asc
ncols 720
nrows 360
xllcorner -180
yllcorner -90
cellsize 0.5
NODATA_value -9999
[rows 28 to 55 of 360, columns 620 to 681 of 720]
-9999.0 -9999.0 -9999.0 -9999.0 -9999.0 -9999.0 -9999.0 -9999.0 -9999.0 -9999.0 -9999.0 2228.82068327 506.725649995 -9999.0 1356.86969454 8835.90340739 9528.47697821 10545.7611276 9714.1926354 6800.67559742 2464.42742229 716.88579913 5636.92506022 10127.5336601 3587.07624833 2344.91570503 926.961347075 1104.55569673 1224.86879135 807.327184036 535.784698416 -9999.0 126.076779971 -9999 -9999.0 -9999.0 -9999.0 -9999.0 -9999.0 -9999.0 -9999.0 -9999.0 -9999.0 -9999.0 -9999.0 -9999.0 -9999.0 -9999.0 -9999.0 -9999.0 -9999.0 -9999.0 -9999.0 -9999.0 -9999.0 -9999.0 -9999.0 -9999.0 -9999.0 -9999.0 -9999.0 -9999.0
-9999.0 -9999.0 -9999.0 -9999.0 -9999.0 -9999.0 -9999.0 -9999.0 -9999.0 -9999.0 -9999 1383.0242835 -9999.0 219.537060577 2351.53622617 4050.95625712 4267.79950252 4240.95876258 4061.93981815 4324.16933353 2393.52277066 2599.12669098 4481.25845651 2453.94180268 2247.12584103 -9999 -9999 1537.52884162 1889.50418118 1275.53963608 -9999.0 -9999.0 670.172763607 953.596479051 1797.80759394 1593.56228673 2248.63083521 -9999 780.328527269 -9999 493.654525549 366.831095419 -9999.0 -9999.0 -9999.0 -9999.0 -9999.0 -9999.0 -9999.0 -9999.0 -9999.0 -9999.0 -9999.0 -9999.0 -9999.0 -9999.0 -9999.0 -9999.0 -9999.0 -9999.0 -9999.0 -9999.0
-9999.0 -9999.0 -9999.0 -9999.0 -9999.0 -9999.0 -9999.0 -9999.0 -9999.0 -9999.0 -9999.0 -9999.0 -9999.0 -9999.0 -9999.0 388.445944824 1450.01039209 2262.62490894 2657.96805841 793.548426106 1001.77982389 1175.55642102 575.930826189 439.488785167 1480.34946926 1644.06168995 1616.72369328 275.066236161 -9999.0 -9999.0 -9999.0 -9999.0 -9999.0 -9999.0 -9999.0 579.435878773 -9999 -9999 -9999 -9999 266.631635244 148.864285266 -9999.0 -9999.0 -9999.0 -9999.0 -9999.0 -9999.0 -9999.0 -9999.0 -9999.0 -9999.0 -9999.0 -9999.0 -9999.0 -9999.0 -9999.0 -9999.0 -9999.0 -9999.0 -9999.0 -9999.0
-9999.0 -9999.0 -9999.0 -9999.0 -9999.0 -9999.0 -9999.0 -9999.0 -9999.0 -9999.0 12.2476894251 1974.79686122 1361.68840688 -9999.0 -9999.0 -9999.0 -9999.0 -9999.0 -9999.0 -9999.0 302.063171521 1563.79637895 530.605210478 -9999.0 -9999.0 -9999.0 -9999.0 -9999.0 -9999.0 -9999.0 -9999.0 -9999.0 -9999.0 -9999.0 -9999.0 -9999.0 -9999.0 -9999.0 -9999.0 -9999.0 -9999.0 -9999.0 -9999.0 -9999.0 -9999.0 -9999.0 -9999.0 -9999.0 -9999.0 -9999.0 -9999.0 -9999.0 -9999.0 -9999.0 -9999.0 -9999.0 -9999.0 -9999.0 -9999.0 -9999.0 -9999.0 -9999.0
-9999.0 -9999.0 -9999.0 -9999.0 -9999.0 -9999.0 -9999.0 -9999.0 -9999.0 -9999.0 -9999.0 -9999.0 425.184048904 -9999.0 -9999.0 -9999.0 -9999.0 -9999.0 -9999.0 -9999.0 358.090256131 1749.65626757 2009.26503166 4357.45416144 2910.20163319 2088.57238549 663.895602381 -9999.0 -9999.0 -9999.0 -9999.0 -9999.0 -9999.0 -9999.0 -9999.0 -9999.0 -9999.0 -9999.0 -9999.0 -9999.0 -9999.0 -9999.0 -9999.0 -9999.0 -9999.0 -9999.0 -9999.0 -9999.0 -9999.0 -9999.0 -9999.0 -9999.0 -9999.0 -9999.0 -9999.0 -9999.0 -9999.0 -9999.0 -9999.0 -9999.0 -9999.0 -9999.0
-9999.0 -9999.0 -9999.0 -9999.0 -9999.0 -9999.0 -9999.0 -9999.0 -9999.0 -9999.0 -9999.0 -9999.0 -9999.0 -9999.0 -9999.0 -9999.0 -9999.0 -9999.0 -9999.0 931.262224319 976.309610432 568.744418657 1569.3416177 -9999 -9999 6184.29202916 6830.82284964 425.525362277 -9999.0 -9999.0 -9999.0 -9999.0 -9999.0 -9999.0 -9999.0 -9999.0 -9999.0 -9999.0 -9999.0 -9999.0 -9999.0 -9999.0 -9999.0 -9999.0 -9999.0 -9999.0 -9999.0 -9999.0 -9999.0 -9999.0 -9999.0 -9999.0 -9999.0 -9999.0 -9999.0 -9999.0 -9999.0 -9999.0 -9999.0 -9999.0 -9999.0 -9999.0
-9999.0 -9999.0 -9999.0 -9999.0 -9999.0 -9999.0 -9999.0 -9999.0 -9999.0 -9999.0 -9999.0 -9999.0 -9999.0 -9999.0 -9999.0 -9999.0 -9999.0 -9999.0 -9999.0 -9999.0 -9999.0 1041.49924124 1996.77581502 -9999 1713.32293809 1124.64518661 1111.33630199 1114.63572046 2154.20173573 1064.17173196 -9999 -9999.0 -9999.0 -9999.0 -9999.0 -9999.0 -9999.0 -9999.0 -9999.0 -9999.0 -9999.0 -9999.0 -9999.0 -9999.0 -9999.0 -9999.0 -9999.0 -9999.0 -9999.0 -9999.0 -9999.0 -9999.0 -9999.0 -9999.0 -9999.0 -9999.0 -9999.0 -9999.0 -9999.0 -9999.0 -9999.0 -9999.0
-9999.0 -9999.0 -9999.0 -9999.0 -9999.0 -9999.0 -9999.0 -9999.0 -9999.0 -9999.0 -9999.0 -9999.0 -9999.0 -9999.0 -9999.0 -9999.0 -9999.0 -9999.0 1262.37328768 1767.522518 2008.42914673 4284.68815333 4860.00171652 5550.76798056 9370.52403861 6145.59707711 8090.64776934 7292.00051392 3974.25480263 -9999 3128.56838057 1069.23052764 3664.51937712 1697.26207723 1190.0771603 890.672307976 1134.49704534 994.685412888 -9999 562.281704371 -9999.0 -9999.0 -9999.0 -9999.0 -9999.0 -9999.0 -9999.0 -9999.0 -9999.0 -9999.0 -9999.0 -9999.0 -9999.0 -9999.0 -9999.0 -9999.0 -9999.0 -9999.0 -9999.0 -9999.0 -9999.0 -9999.0
-9999.0 -9999.0 -9999.0 -9999.0 19.9908094492 956.562479975 115.5781187 -9999.0 -9999.0 -9999.0 -9999 405.080863253 275.754772541 -9999 2378.46450098 582.927924599 544.435170439 927.938889029 -9999 769.827915054 6723.32422201 6966.28060118 5081.70296761 4192.09287282 4608.19840813 4576.48472854 8750.87507655 10848.5375924 11068.2382807 7076.86595347 2506.71596394 2364.44125802 1319.85988012 8106.71923696 8233.66716478 8937.43681331 8930.00749719 7510.92512085 1976.18858747 3955.54824948 119.655485791 -9999.0 -9999.0 -9999.0 -9999.0 -9999.0 -9999.0 -9999.0 -9999.0 -9999.0 -9999.0 -9999.0 -9999.0 -9999.0 -9999.0 -9999.0 -9999.0 -9999.0 -9999.0 -9999.0 -9999.0 -9999.0
194.303406979 -9999.0 -9999.0 187.667250038 1372.87910713 5843.96846778 3480.95640335 2579.99673333 2199.61611828 1648.25454745 1491.41794125 8147.79974812 6992.62782229 1508.50680614 3572.34694303 1105.9586694 2480.58673143 9188.42826009 2348.14140255 2478.00630225 7520.51683323 7486.8533682 5595.43893594 6837.27716108 6363.3325533 6548.14448645 7420.00002987 7253.11867643 11312.8785297 11482.5675779 4952.64582146 10774.6540677 10148.9748822 9233.52618739 7994.62901563 8064.69088252 7531.452667 8303.5368851 11733.5641763 16608.2229412 6592.85698002 1871.40586775 3735.92158949 40.4527902324 43.2027560045 -9999.0 -9999.0 -9999.0 -9999.0 -9999.0 -9999.0 -9999 -9999 -9999 -9999 -9999.0 -9999.0 -9999.0 -9999.0 -9999.0 -9999.0 -9999.0
4318.61236541 3099.32705107 1765.88941836 2381.05441019 5392.34233276 8510.43059509 7645.89286946 4105.99081135 7312.40486159 5079.32022751 9042.15436457 13140.5459102 13508.0910142 7120.9099204 7650.4375571 1764.14150848 5973.17579039 8984.86738628 8512.60048594 1731.93714681 6987.26050205 5260.69354551 10693.3748388 5192.71197945 5608.31585519 7202.08232455 6697.38989518 6693.2354165 6867.8763928 6830.03770151 10230.9263683 12106.084122 10976.8567095 9164.26281463 7798.77930429 7386.32293334 7033.56945907 26123.5783344 16086.459603 9636.52453435 7368.78168841 8707.82322742 6523.85978634 8092.75951957 3343.60797179 834.3237516 1679.70730751 766.785168737 2600.36468755 2762.94503095 3807.38485026 2842.74979992 7409.94849916 2844.91684458 3820.31016221 3882.11924483 2898.79315681 3308.41209149 848.837391853 213.729222959 -9999.0 -9999
8420.28505126 4875.44648867 4629.92349317 3709.65906651 10354.4351758 11758.2693089 6368.41402679 6017.16999724 12282.070285 4752.34519687 9846.17934829 8277.00574176 6833.86798729 8320.78453461 8960.17728412 8951.53828436 9835.13562172 11078.9343825 3852.20979006 9268.17944486 11584.3152641 5780.26505673 5072.23658706 9883.26607556 10783.4712399 10729.3069228 5392.69406344 5311.28118499 5802.90028581 7121.05832636 6791.13872855 6462.03725061 5525.29131117 15863.4818673 15284.6958018 22740.6933173 7961.06789378 5549.42952039 5443.44337846 4679.43146377 3920.49630102 6144.5252244 5414.77983848 6262.73509904 5555.58062849 14023.2583262 6562.01806181 5262.82143623 5344.75755541 5477.00211161 4992.55200492 1662.25014325 6447.39722914 3661.42089333 10025.8236983 7691.94325776 1917.57740719 4124.53717056 2549.38202269 4588.10727932 459.201392148 -9999.0
24605.1598698 14540.086007 8107.95396235 11371.4593542 8944.5353277 6029.9445865 9339.1829999 10117.220976 24232.6911992 16515.2222918 10937.5544452 7414.16451899 8222.81195865 16847.7335614 12878.1239135 14513.1231435 8107.86140591 14018.1722259 13586.3837102 13729.8551485 27486.9362962 24764.8761309 13720.2162036 22790.7740943 33874.1318372 20321.77165 40089.8825168 10004.8750625 13756.2041193 10748.7279523 6458.40670832 4152.62958306 9985.84120317 8681.07461447 13597.9632574 28605.9409569 6585.69233503 8296.15774244 9083.42904079 12346.7806717 13736.135926 12361.9824677 12883.1503585 8963.6221279 5880.54767764 9823.55952383 4985.88992187 5820.68098759 14750.843179 11402.4110004 6455.23185772 6916.70017758 4533.20644146 6057.5837408 5997.48303892 5945.21544423 10524.9412297 10946.1802465 9065.9252748 5689.3501407 118.606821996 2097.56675874
25372.530038 31179.0048434 8585.99962227 8752.10555668 10035.3513136 15186.5188094 14440.3223003 9763.20560657 14496.0863612 8776.1044523 9129.1684534 9913.46291539 10423.0567564 24619.4560935 17135.8712389 17252.5728815 18946.8182632 14615.1414693 14124.7324725 15851.5376896 21277.6832431 9696.14638508 13073.7123691 49573.1165594 34036.0058313 36008.9517455 11187.2442344 19424.4743017 24438.7317869 28596.6625801 28569.6258037 17405.6764537 13734.9271154 9801.39344667 12569.7576422 15404.1643783 32169.2993709 27575.1179066 21556.8179395 11222.711485 10062.9846944 12517.6953215 12765.8649065 7935.26305233 10852.5392358 13072.2463004 13830.5633202 11271.5232296 14424.6810203 11086.9092912 12899.7377425 10321.3963539 11093.3427669 12026.3922675 10238.1789987 6459.27010619 8309.54448245 7654.32172662 7102.3790607 2683.27029845 1322.35934896 8825.20428703
26816.3365331 15155.4893669 12801.8295481 17259.5602504 16399.5444578 7915.84217923 10054.536957 9738.27033533 11568.5788516 9574.49234342 10094.7106376 11488.2059548 10401.145348 10390.8958188 19501.2513894 26696.5378636 18450.3605677 20083.1969033 24515.5723601 16281.643918 24531.7635131 9824.86301823 24404.4787249 20980.5269672 13699.9811889 15679.8325374 15313.4949546 16554.1108566 17341.1205124 22306.0879822 14239.6318556 11870.7563809 13626.3199348 15064.8088689 16441.6252705 12632.0465471 17317.4576951 16303.3648137 17753.2121488 24071.9363557 18719.3745854 18022.09845 15625.3382131 13759.5173718 12029.6772242 16337.0523314 15661.7588888 15982.6360835 12222.6130024 13639.3534718 13195.9691003 10862.9705414 10943.0900948 15997.9671119 10853.8551049 15180.3410427 10199.2116642 10713.6544599 9843.22728167 11187.2830102 7997.13037879 7972.34400239
30449.8106837 21177.946138 18655.1653253 12657.6322729 11116.2394533 10810.1691138 10330.6508647 10053.695759 9626.31991342 9714.04281136 9871.98956505 16727.2353938 18620.5794141 20786.1378556 20296.985526 35691.652185 25630.7873706 23452.6062086 11971.4678045 27775.1849646 37680.4407936 60346.7674746 79050.2348972 37871.4089865 11374.859664 14841.6733867 13923.5560279 13373.6414403 15287.3052518 15823.3946182 8910.01131919 10279.5661226 21090.6058531 27150.8106194 29622.3598102 43867.1030985 44448.1174549 19572.437953 31402.5387809 22900.0462952 13041.8880774 8734.29810792 17059.6999416 8269.83862683 14182.8719608 13162.7190604 16901.5907946 14372.7730107 15665.5589047 13463.1065881 12388.2011299 10101.7983056 15403.7484057 15165.6951347 10316.4474763 11054.9679204 19331.763678 22722.4894473 24661.2869478 23124.4676353 16541.6322271 15746.8624689
28551.7498495 20562.9445138 18701.9840974 16210.5154865 17668.0131711 11461.9642981 11095.6555753 10772.1805258 10533.0533621 6547.16459326 17858.0673065 20295.9753576 11626.2982396 16405.6035484 23780.0393709 32434.7026455 46317.8767482 41998.4236163 40497.2886077 40162.7310125 80578.5701261 37416.1000969 26184.0041143 31936.8966894 13888.6604845 10931.8045997 11668.9189657 13461.9579833 14411.5235539 13889.8355172 13939.8487519 17273.8316047 14834.1007642 12434.4037904 24242.6706792 82889.2382466 91729.7104965 35850.201737 23417.6796182 23349.262273 30990.1053156 28172.5082276 20224.1149295 15578.3787101 16927.1249116 15007.0959986 16558.9811453 15429.7954189 15508.8392389 12730.1980634 14100.1271837 16340.5291014 14989.938852 14355.2077542 25748.5870675 29388.1727354 26625.0128272 31753.0263818 60676.4170806 60270.7391181 54030.964342 40239.7555009
23104.6186576 21643.267829 20952.9134559 14181.8753989 12546.4850654 11468.3825327 10815.0223953 11364.9697689 13749.0927705 14642.9329483 18183.7927914 19470.405458 33848.7059377 21358.735631 17834.280219 23685.2852154 26853.1566536 25538.4404067 24787.9146066 44438.9193359 61711.0514918 27883.0145275 15972.871272 18634.8906796 19713.7238363 7834.04710567 15896.6573837 14508.9853189 17180.6683281 12244.4459966 13043.5018808 16043.5491349 17002.835904 19778.1894053 18066.4755017 39810.9301376 55537.133616 57165.107378 41017.0459621 19519.2537035 19862.6279031 18615.4900193 17333.2723768 16712.077735 14621.0824538 15233.6342072 16914.3666664 10415.1658869 18571.1519269 16830.245851 21948.3151749 33347.5215566 36758.7352059 34273.6912777 30872.0163485 61333.9671716 47021.5320673 21171.4052183 29364.6531563 49529.9497142 83742.5207772 61439.7824619
20065.8708604 18314.7981372 19889.5839459 11759.9994548 11402.820404 12458.9172265 12347.6979053 14165.8380663 17695.5593607 27316.4147068 55424.0980116 58789.3053865 42847.7557519 33816.2158493 41785.2590937 53529.7457918 52420.2485372 29147.151282 26846.5851868 24624.1817219 30728.0586689 45550.1994017 76659.3232423 40334.08357 34346.9132824 14776.1260199 26134.8922947 21790.6588128 22510.5073565 25665.9669831 24803.6084087 28618.8661095 16679.4382782 18503.5671584 19668.0049987 21067.174396 24822.2297466 30840.3628142 23688.720917 9708.4597757 12543.5180268 19492.5440938 20708.0096868 19263.5629859 16152.2315671 18587.5753545 26623.1905783 42730.0661305 27650.623238 21460.8291675 18584.1375542 18541.5388332 18931.2037156 39299.7644896 28317.4665419 32604.8940383 69094.8307194 74073.530448 46597.7051873 28942.604492 61343.6596316 54308.2409271
44297.3489005 20380.9619265 16395.5032604 17014.2003965 20426.55343 16753.8349583 14158.6130915 27362.9854107 23400.7153158 17258.3147601 31661.6018502 30509.6519161 55477.6448412 33052.3790863 32074.9840609 30771.3103491 53823.2861601 64255.9457128 68937.936377 65082.2434568 61482.7352104 52328.5061775 53453.4821395 52535.3692855 49697.2184761 43817.1014423 35166.781846 30465.9057843 25562.0399119 27864.1477399 28802.3180887 31564.7060957 38191.735318 38953.8084359 39884.4899484 19877.3539508 16959.3725282 22125.9373513 22888.1720506 18485.661311 11287.3233812 19043.4224479 18644.5488862 19174.3734417 20078.1691161 31376.969164 44399.9860896 48493.0084135 25677.8092308 33926.031036 20147.0651059 27773.5357361 22017.066312 37481.6461861 27894.2290996 46058.6371786 49234.8801481 39300.426277 35263.5790695 62109.5342911 67121.9050341 66061.2126404
41627.5495912 24675.4369507 25660.8511561 24831.2184814 22570.0505895 18706.2706322 17764.6988794 32209.5228471 21127.8542855 46054.2099285 18485.640991 27349.4067985 30375.8499867 33498.263954 33900.6143575 35682.6938018 37281.3978667 30303.9909001 30544.9466822 26118.662921 41700.0976337 59952.8095563 69275.3176443 65691.0366257 37961.6035412 20727.0705653 26226.7990634 28401.5758984 49391.441937 55516.3197684 56197.5986353 43334.3015032 39272.7611566 44694.1794726 39243.7624412 39822.7395248 45800.6186327 43142.7555515 20529.0429444 19857.1942559 20379.4696665 20562.1136945 19347.2413346 21846.3635521 43682.74817 59098.7706775 66229.1727202 37846.9666 42830.2548108 22955.4321924 49333.9152679 31258.9779124 26691.1116711 31069.6925157 39105.7045178 46427.3563484 42184.2162868 26570.511423 40892.0633305 37245.1231151 43567.1579121 57614.0456553
51301.395881 32641.2225154 29926.4594038 27549.8501818 20117.4473993 21143.5079516 31547.162238 34494.4011443 20486.4657945 30265.8681844 35563.6893513 19410.4611304 19103.5109247 23974.5133654 20165.464456 29781.0271274 27292.7389858 39907.270897 38757.5793311 37515.2654273 32932.0238067 28875.1693138 24105.947235 28104.9302895 35352.6168844 35559.6478445 50118.199065 37121.6939153 35354.6257386 48414.9516402 76399.8660137 80379.8458235 67810.295562 37670.1100073 55512.8303942 81299.7612718 82249.5232618 69473.4662448 50233.9189285 21342.153751 21989.8826644 21932.9624792 22772.732496 22137.9125007 34247.6709292 47138.6478304 67211.0197066 62361.4967113 53272.4571328 32165.3481234 22047.0687795 28103.1281537 27421.892539 29416.72198 38365.3046214 38624.1056552 51992.3181624 52087.2572221 48390.3007966 37918.167166 45034.308113 41342.993223
51641.0350415 47720.8025717 41445.020468 40120.021151 36721.5031446 35447.9643042 37334.9718348 28515.1848869 38319.9377369 30999.8545537 22094.0547353 39440.8375173 40795.0667328 30198.3495953 28543.7280686 28178.4902357 35137.2158847 33104.5245671 25126.5158313 38725.6592329 54848.8149841 47371.567385 38072.1166745 38283.6105955 39832.5322798 36993.7471223 58580.3992944 47761.6907975 28834.8356699 39052.2200293 81596.4037802 52745.7857798 80002.9541928 74147.3278314 84729.3024665 97832.86323 97799.3623413 100357.97902 98974.9702952 80908.0261011 26159.744326 24808.0752488 24773.2211486 22312.3104749 21241.2339083 49942.4024331 52227.9276567 48002.6362285 24527.8136956 23821.1346295 23568.2952244 29848.6887715 25026.0119494 28191.0850908 31682.7601198 51962.8306628 41747.5709995 51438.4132342 53899.7321221 40386.8631591 39934.6888191 47285.4712797
22557.6486619 28984.2707561 51371.5392865 30316.4028201 36188.6758294 37647.4201863 35575.083981 33151.1386119 27594.9750062 23898.597897 22308.098461 23346.5491353 42136.0627731 41193.283563 32168.2018454 25511.8181103 36999.9582849 32317.9341011 28839.128599 27876.598904 32331.2159932 25628.1494227 38865.3532501 36245.5913369 36414.3905744 65650.0748995 84350.5392701 64009.7014593 61895.9498593 40947.6391269 43202.6440723 48764.433407 59892.9964537 55573.5468022 72407.6816553 98586.6270763 95189.4850992 67291.9978494 60807.66615 63411.5644007 55706.1417368 41946.3807429 27549.9789355 30377.4147163 35490.0818989 72258.4026654 74118.4582661 30869.9723196 36527.8030485 38640.6550896 22337.1999602 34231.5397905 29730.6618333 46335.7781007 51899.1146761 52992.6774889 48525.518608 40016.2478325 50274.5121352 46761.0407417 42106.5778033 49165.6663896
24876.3099913 24516.2701292 24180.6445975 23035.8232657 21448.3888849 19775.491366 19052.8505171 23173.4315957 17676.2921108 18365.807203 18027.0516681 26165.1610856 28476.4003861 44545.141038 59907.5406006 63817.8721383 62099.1537879 47465.8383026 37986.4483029 37854.4732103 33588.795299 33977.7311731 43042.5122962 41224.378878 37202.8589249 28160.1312187 33165.9835817 64049.2632847 63331.5758273 38390.8411007 36801.7264171 49656.9512895 50942.1845099 50325.6034547 61905.8275817 83577.7128491 100335.458881 99499.3297011 95697.5882001 91511.0031169 61136.3878762 62644.4935636 50872.3074309 34704.3529056 30683.8942595 70275.0253943 45211.0570314 24147.1338145 24748.9624549 45526.2268556 85945.1742027 36419.3219791 60210.2891035 58653.2341309 50783.4784034 57922.430676 49351.8556478 51696.524336 48921.8863913 38449.5045633 41638.0203631 37753.0670389
26510.9052179 25815.470498 12116.3940078 12824.7843362 26826.2754286 15913.9833735 26283.7736582 22462.5404463 22019.4747797 22859.9705461 18016.2517665 19300.6143602 19537.13867 30284.6890066 46811.2991833 87284.9315656 87968.5924592 58348.2489929 50544.7527019 38091.4367398 39339.3557688 34619.5340779 32982.540909 43837.4938493 43440.9152596 30105.523795 18949.6929397 35293.4969452 52649.8680081 62745.4450717 80034.3268014 48676.7136612 47644.4773787 40114.9573152 50216.0550875 78434.4447568 79217.7125145 84584.2454611 107117.145432 83003.409276 55967.8573181 65829.6476993 108910.821896 61394.1764617 34811.0057366 27084.3674281 28880.9637345 38119.5344889 33750.0706076 53901.1043906 98046.593398 36887.9209137 58044.7370479 58334.15889 54358.2555741 77883.721122 69186.4391935 51711.4872386 60259.4570781 50458.2164691 40162.2832701 73196.6490714
27530.2785787 28371.6041072 29112.3016365 19158.0524468 21372.2138224 23212.207095 29624.3896244 28876.5978789 23583.1735133 19101.3199918 19406.2003204 21550.0386848 22037.8855514 24193.5365241 60118.6448692 106600.100556 101116.201186 60782.0759894 52906.7642236 53514.6782435 49448.232435 41890.5467161 40399.2395296 42279.4015083 53920.855449 55762.7094832 41660.7342335 32713.8687966 27049.5859649 26276.6113276 47150.6471686 46958.8043044 49266.4116385 55307.3316711 49101.9020224 50615.3730964 99935.6421375 74635.7780048 96358.7387567 76841.1454626 34033.1569544 35041.5098225 29940.565455 40952.0915921 36920.9505384 30219.9870639 26856.5448243 29363.4240067 41939.8467934 64921.1414353 103446.239518 108880.301939 85582.1355461 55053.2047609 63511.0347894 85236.1834206 96911.0579368 70681.5949519 95973.6391572 104559.942454 69374.9074846 31935.4876516
28529.6575893 28265.8856795 30614.6088708 22378.0440536 29783.524376 30092.4905783 27994.5092781 24639.7433556 19069.8130714 17073.240151 13887.0127987 24801.096104 22544.5301893 41348.0405291 51867.8686291 103736.974126 98931.9126636 51848.2633381 55225.7093387 54435.413021 47622.6272539 58116.7123494 75196.9115872 82174.7244267 89158.5951962 106278.682245 84897.1897537 62333.4762715 47463.3988085 51648.604675 44481.5527261 69229.9612542 94309.4580482 54772.6692137 54186.26474 55587.6818428 56721.9758105 65362.2726266 85426.5891797 60195.2382864 39717.818778 38767.318098 48842.2046152 37545.1701686 37744.3081019 40214.2097005 37212.0593675 30199.9014163 32453.9514008 65238.1260549 73209.4814246 107413.194805 69208.0339267 103290.885537 100040.080839 105398.518027 95220.2354339 33280.6189845 17341.7572425 20935.2206267 12441.6722478 10878.4764034
