critload/trunk/input/1999/ngw_ag.asc
ncols 720
nrows 360
xllcorner -180
yllcorner -90
cellsize 0.5
NODATA_value -9999
[rows 56 to 83 of 360, columns 390 to 454 of 720]
0.0 0.0 0.0 12721.7314916 80647.5894601 -9999.0 -9999.0 -9999.0 -9999.0 -9999.0 -9999.0 -9999.0 251.15801624 139404.850536 27380.5257898 69369.0571148 107796.923188 282.329531478 97642.048067 0.0 201438.475267 36422.4005011 52417.9260996 22692.3083337 89062.2068672 83452.7377322 67338.804258 2981.29378718 26661.6070612 138578.621894 60975.7839767 47999.6169448 13765.7102486 17238.9935954 8425.91353518 8928.8104783 9504.948182 12016.8255129 37568.7865269 6626.70641919 297.39305514 0.0 25012.2818145 15021.1262311 4303.86385345 1437.7079716 964.623839618 2647.26119743 1953.73651786 0.0 2542.54935241 1241.62727454 0.0 0.0 933.950965601 2699.49012331 992.854620671 863.542006303 727.324081116 964.056528734 9209.08896808 7880.39934373 2546.23505488 830.871311053 0.0
0.0 0.0 75901.5746378 25688.0308646 133981.302115 -9999.0 -9999.0 -9999.0 -9999.0 -9999.0 -9999.0 -9999.0 31780.6314948 445159.007219 431531.419209 695135.036004 258371.354296 345722.929464 352956.024718 137973.130489 147425.211053 205194.131562 57158.3097258 3472.01985479 65143.3608095 4911.79226655 0.0 184506.588073 18674.6729636 47939.1567441 6970.46794371 0.0 0.0 7020.45549863 10716.6819715 26842.2879325 10477.505935 7958.7708497 7644.63752244 21599.2497956 37470.4616089 3601.97243703 2856.21589701 9068.50615798 754.07852027 679.776966303 906.71275915 3734.44144528 1182.70717065 1759.95930281 4123.48189087 1676.00351637 1424.5045138 1997.82414468 7961.16359978 3226.1115528 3289.16480723 2057.5499716 1272.38662479 3697.51313703 1799.69442588 2225.45525725 3273.94559732 12639.1413168 4048.82381251
0.0 109587.212725 44857.7932373 112346.701594 393821.692288 4997.82833993 0.0 -9999.0 -9999.0 -9999.0 -9999.0 -9999.0 81879.0898886 766539.787528 1096491.74266 1198428.4183 1190092.76196 1041964.09573 295527.523387 987025.396616 523155.954167 440748.179632 212048.412743 846618.858841 330154.988895 264969.713748 10090.4168109 42413.5133165 45980.6911422 233210.496486 14383.6011283 0.0 0.0 0.0 0.0 22385.4685149 37540.8151947 11121.9096621 7815.12754554 7933.5576883 5126.62984508 7299.22160637 15686.1700163 12408.7877943 6686.67710427 4292.02288386 3575.3080766 5777.86678047 3193.06820905 6721.3186895 7008.49346429 2354.20925954 3566.16296915 5194.54883265 5845.97435416 3016.22291114 12585.65568 4256.93931988 1935.36857996 3292.16033834 1738.28302962 1919.96845586 7149.12760336 5515.13507785 5443.48629516
206327.348441 521840.011178 440436.144578 9087.33098395 348058.948185 0.0 0.0 12242.7538589 -9999.0 296371.708423 92192.3795516 -9999.0 -9999.0 39473.762527 368871.977777 393075.039604 522237.135728 551151.578176 782540.8915 733592.048008 417426.808775 414109.006582 80155.7489372 39384.0672069 -9999.0 -9999.0 -9999.0 17069.3760823 9766.81692351 73287.149582 28973.3491836 21101.1935722 0.0 3209.78037462 11467.6680293 19835.6770225 9986.45426178 6525.8440251 3637.10691777 1754.8329704 3012.29483808 2742.5340069 3555.46042702 5782.36934977 6807.86966676 18510.9536703 5739.01618375 6663.84450753 3876.93572698 4355.75785954 9959.03997105 10832.8839118 7842.43465325 8207.86316887 5052.45749684 5559.29608368 7123.87157986 8884.26800656 10053.5602288 2542.85040135 664.63771485 4533.50931699 2302.92148717 2265.6969533 3770.17707091
84149.1852772 146101.745767 780504.941718 466801.189549 583961.512886 584028.908309 0.0 0.0 -9999.0 -9999.0 -9999.0 -9999.0 -9999.0 -9999.0 -9999.0 26526.9855493 124337.888587 45606.8181734 -9999.0 0.0 0.0 422.904298771 12548.7694893 2213.87869579 -9999.0 -9999.0 6154.15183772 7050.11611833 51250.6855399 110628.816615 248440.196726 91178.1024811 257758.281406 39231.2186864 30122.9560967 9467.01112385 4813.93630591 6257.20112012 6116.0633239 8399.30097707 9955.62244965 10049.5558755 10514.323568 8714.26104813 24022.4128012 10549.0851023 13285.6345572 9138.82543808 6176.00432709 12752.2412516 118666.661019 14739.7809741 12427.5111257 10290.2959866 8382.48771178 9220.83403921 7647.49053103 5105.81305978 3431.37242067 9910.71002693 18158.3883356 5372.44262092 1924.58928646 1662.75118847 0.0
1126354.24188 380367.733705 287383.616605 0.0 0.0 0.0 20483.915428 2608.98260358 -9999.0 -9999.0 -9999.0 -9999.0 -9999.0 -9999.0 -9999.0 970.409914576 12826.1385245 9904.3720884 81259.7357168 410611.581532 22249.1578842 307836.20061 802420.847307 66128.5626364 76313.3954799 69277.1734505 28722.0267097 17722.1796087 34643.2401902 36924.5481258 37024.7273411 6984.10201691 13330.1921356 15364.9388548 11941.1758121 7976.81866242 3554.22047878 9122.75802272 6258.91141374 7071.40461595 7966.66812705 8280.68163546 461.727417472 9170.10722308 133467.116627 27695.0159885 10415.7520812 64188.9315016 60155.6097571 34141.5752269 16754.7683808 14933.2680297 15860.5946164 15025.0823045 20965.6355741 22317.2266938 11408.2682962 8977.08978129 4315.99652708 2221.35611392 2020.86460387 2712.90246768 2640.69668139 4446.50799155 2170.62437014
151145.868851 31869.1729713 0.0 0.0 0.0 89965.1153381 -9999.0 -9999.0 -9999.0 -9999.0 -9999.0 -9999.0 -9999.0 -9999.0 7184.68360428 47844.4140876 1274.67394198 12940.9614524 100822.213207 59105.516144 192699.634432 212738.106903 163403.543205 426960.717577 0.0 7106.15287943 13396.4877989 7692.42202112 9976.21988618 21762.1378527 5368.32041682 4189.53181345 4963.74343971 5356.44534152 11246.1889453 10837.8736095 17121.7484779 16521.9311227 11000.437888 11104.7101981 8284.55452527 5008.91756193 18250.7084449 145747.378631 23821.4578064 13547.2316321 0.0 30753.6842928 22956.2739761 117341.445302 24666.1638521 25197.9836604 17779.2319746 48629.5568857 43800.2597203 38384.8438098 36453.2333363 17627.9872736 20045.3138541 12379.4099748 16006.8432749 4134.49834483 3265.04909587 17620.1499358 10501.7418216
1062321.04092 378464.384184 103638.061355 0.0 -9999.0 -9999.0 -9999.0 -9999.0 -9999.0 -9999.0 -9999.0 -9999.0 -9999.0 0.0 6117.95701379 10271.1876598 1550.47708006 3621.73027822 54455.6386499 9683.66935531 167074.019875 336277.538562 107601.655724 349430.467864 31742.2235419 1896.17893828 120600.946057 12063.7729252 8336.29677558 6472.0170006 31339.2978291 24938.4562771 2655.9224164 13499.6506952 14369.104896 5382.85176602 5466.00816408 27915.3448588 15973.9210735 14846.2711206 11345.3521846 15260.4463281 13602.1954538 47572.8747475 274200.109928 146774.17559 0.0 0.0 43213.9447376 45504.4341581 37741.3032569 85519.9966666 345628.664628 436886.077208 373396.913113 71699.2898344 60134.1288789 58624.7800641 41115.0902355 15756.630115 6036.16343964 20819.3546005 4517.48065312 2906.27748282 18331.1650395
36668.6632253 102976.18923 64708.0430622 65958.3915247 -9999.0 -9999.0 433879.287773 0.0 61306.6334402 -9999.0 -9999.0 -9999.0 -9999.0 2241.53128266 5593.64415718 3017.88319652 -9999.0 -9999.0 0.0 12571.8086258 21117.7925633 10673.09293 552.792402304 130200.635438 229024.528512 250534.462681 215334.54611 168525.856129 35551.5295771 54849.7870207 51586.1761386 36272.9642725 23612.3377402 10279.3444709 17310.8614175 22726.0293096 0.0 13876.2956996 22597.9769772 29448.0248436 30839.4096555 41551.1886114 44868.0460343 197383.60394 221422.849066 121635.857643 352600.527836 205396.553153 166483.86393 720877.188021 732032.710164 290154.455802 186116.44798 117313.674383 95782.0221447 72743.5228337 22012.7390304 298043.109901 12489.8571687 5478.65564493 58480.4527047 61352.1034945 64606.0916573 21645.1128439 16717.4213009
0.0 34818.3001085 60274.1061442 228214.838892 58691.3266165 -9999.0 0.0 142204.219529 -9999.0 -9999.0 -9999.0 -9999.0 1432.28525737 4949.2447901 13855.9790454 46179.0461423 14464.2111009 -9999.0 7189.62388658 3366.87790827 1171.1189695 21832.5544539 1005.94927438 7464.82054738 9273.31112316 92573.291316 253896.449184 158551.613454 42805.0467874 106743.428954 17068.2734037 20569.2082615 13345.162874 12599.0944225 8770.36505763 1588.50978544 4504.90158469 22754.4874567 197009.616128 173449.864796 211764.9546 303850.117988 515821.593434 185861.326082 335284.24564 521792.233195 452140.919467 394851.070841 706445.106049 743502.703318 317249.021292 712848.009503 119147.480127 82770.9974589 68825.2637222 63353.2487945 18600.1022149 63343.4159013 22121.494674 23108.3944521 30704.439874 19446.9550798 38896.5529108 145199.129812 70333.4101868
25615.2821739 65146.7831733 312844.440337 342504.938245 -9999.0 -9999.0 55423.881351 -9999.0 -9999.0 -9999.0 -9999.0 -9999.0 22164.5170169 52596.6681059 29269.9506912 54996.2331051 55687.4595164 5231.38252941 36496.8333828 31712.5643326 34015.5684525 13482.5226121 1564.82775955 15863.7097192 10233.6513235 26185.1350793 172365.187814 167240.429335 52799.5030475 82522.1447789 162093.808998 7843.63458719 5050.65012962 17151.4340933 19181.050449 8368.61774023 92413.4332246 71893.8007464 250367.267289 117577.350431 108045.855978 286447.572523 288628.257374 192102.581234 198215.849806 568411.208502 589907.515208 157607.837795 582836.24625 768121.87521 577865.763684 260471.28628 82047.9227753 65104.9916232 219856.530794 108954.066078 143450.036898 106309.597231 160772.9002 37108.4206586 117015.982217 20314.5959362 679.103757745 6436.51910585 26205.1255322
236521.267295 178438.501645 386556.81937 86064.436922 -9999.0 -9999.0 -9999.0 -9999.0 -9999.0 -9999.0 -9999.0 -9999.0 49025.9280335 70494.1702981 49632.6223457 331136.825228 14412.721939 74878.8876376 78292.6830303 72462.7041757 13513.6973073 11930.375929 5545.2257332 25578.2961686 26337.1303959 49695.4831961 27102.1350878 84477.1691512 20376.3340432 83009.8154241 267424.012817 188439.967694 14379.0774655 27466.8042104 11712.2100074 18801.5068503 35076.1976143 93694.9823908 310052.604747 324842.130179 379804.757794 559047.339187 540420.792108 356440.660988 395365.374979 265693.833017 276158.611312 296195.967194 533304.706607 598390.826944 616242.721787 329791.761883 164023.390265 203290.795263 82753.6034775 25045.9930498 227765.138996 243426.540855 33211.6945773 0.0 82061.3630375 98851.6892192 177531.483003 17826.2420699 5573.78843034
-9999.0 -9999.0 -9999.0 -9999.0 -9999.0 -9999.0 -9999.0 -9999.0 -9999.0 -9999.0 -9999.0 -9999.0 730267.246403 96920.1717302 485109.955201 495905.593841 41564.8576204 73103.6818629 10133.2854819 49510.818 135033.923156 130495.18266 6265.19953539 52930.8606006 130762.475376 832001.696229 618245.885558 80089.2804901 63142.9770942 89633.4173085 136002.159147 19030.5500873 27707.4187693 22533.5831356 134067.479139 68430.3622058 63444.7657651 240333.036992 375611.481255 313467.23998 126200.115138 227682.830881 290021.502116 273631.838547 290386.617333 178327.364412 343081.837378 311132.613597 259262.57751 103635.157433 324184.599406 98669.3182471 43012.6894202 264196.280678 73060.732325 169821.383512 263711.138985 179612.375414 84028.0413615 42976.1874122 63331.0141771 0.0 517559.912331 697859.169074 0.0
346084.765405 -9999.0 -9999.0 -9999.0 -9999.0 -9999.0 -9999.0 -9999.0 -9999.0 -9999.0 -9999.0 0.0 426719.23657 1053751.82992 577497.234873 694607.505533 566340.71149 13507.4173241 8998.57924881 294952.252971 316046.74731 33522.4773615 221345.784617 910654.019814 346028.946822 878763.408091 202252.630774 273806.254061 482546.546393 812658.253234 835031.812598 664993.881209 179784.418912 52479.452107 197141.759266 85549.7060784 112964.917215 207841.023307 276701.145291 271192.31761 266352.826976 270743.890066 150796.553403 237605.548168 303287.112046 780380.724051 934355.765828 693138.101625 276158.866126 61939.043271 50721.9019824 42623.6173924 65733.8708042 227178.787851 34012.9355209 48911.3902907 107104.984446 63871.7356303 173210.41193 0.0 11573.7188453 0.0 340123.867392 0.0 0.0
-9999.0 -9999.0 -9999.0 65141.4293706 267990.416515 116107.099992 236878.754421 0.0 -9999.0 30093.2259167 328116.312697 309641.308698 984697.963578 1232180.11834 1368827.2134 964394.873202 191624.699268 90037.7688829 509675.76309 512507.713443 311635.4816 256746.138052 263875.593981 134866.648791 120557.762911 107088.189303 11708.3520735 134290.924704 193614.278354 217618.281004 596853.133761 495198.620975 311218.11586 357505.040011 406560.191688 175738.29114 429035.046877 202680.848526 70062.8260716 78366.2872885 175811.816836 628668.314968 325336.00849 381357.163796 649869.650709 642005.465262 455378.697731 502961.640489 196671.348313 197940.641681 0.0 24258.6987004 97047.1366581 0.0 0.0 839560.535915 139129.639738 0.0 0.0 0.0 0.0 0.0 0.0 0.0 0.0
278603.520949 143396.288118 325399.658956 108623.68149 285099.176254 322559.211 548665.76927 448972.93124 1428.25275374 280852.072302 409558.0737 931537.58219 739693.909643 441499.572016 401228.850004 116843.515772 347893.969194 164517.920609 101504.883262 91162.5438269 595579.066933 575911.603377 466024.647121 636502.650745 368228.071365 97317.4417545 64148.1776364 129885.856927 78382.9179529 999272.837107 1608762.66211 957019.116044 945902.065522 367663.539849 217476.722204 199877.550884 169486.604126 456878.290429 756945.086183 582067.110696 645765.084998 374032.419753 406625.81976 310405.432643 357840.502186 263950.753279 548775.064251 0.0 160443.070285 0.0 0.0 0.0 1036391.07472 0.0 577790.991964 613496.657569 433012.86461 105104.402832 67889.8421445 0.0 0.0 96200.4611674 0.0 0.0 1599.06641439
220723.901264 138256.511531 301789.07771 293110.340121 224696.775387 228039.11405 144700.806585 646987.317844 8609.94350686 140808.744632 81311.3520736 129700.714159 128183.924339 106449.642877 152261.69723 90462.7767324 26290.280793 1285586.57116 633594.76693 2263899.30615 367458.136912 320906.702311 178537.571436 337099.486461 1914853.33053 1738570.48266 307826.92079 230501.134985 135059.565362 385975.84748 1939944.79083 1598186.57003 386539.056528 1224539.1934 1078962.78048 829857.993613 846100.678292 1073916.55587 522158.280445 770346.96643 201856.191418 277203.700072 299142.922716 276934.900284 194444.267065 161059.096787 176827.395807 506513.080329 0.0 0.0 0.0 6845.21362987 16062.2737316 414087.397009 162713.403476 225503.042975 167591.867184 378864.192148 313242.032721 230639.661952 0.0 0.0 0.0 0.0 0.0
20820.8000005 41786.5706734 143664.349168 322518.100501 314878.241288 243106.511858 353947.376675 446431.365363 202350.364511 39844.8296477 23034.5773729 45465.3101554 22650.6264231 0.0 24643.1761699 116265.497864 108928.005673 50907.9513601 719854.448411 379441.211312 88109.244353 142033.396107 1706171.75395 1757676.27408 1755558.66931 245309.936253 122898.936519 94888.0574619 503027.785886 1076040.55269 760486.071057 273305.151485 182763.132666 1821622.67716 1903760.52071 775877.770089 750218.377089 1304508.16584 226440.438337 281212.478619 254692.132868 424952.664378 434509.315765 233280.302754 245935.93922 360818.405849 193625.792111 349327.31309 0.0 7871.39297352 2822.47774948 151585.374336 13687.4895595 490610.431641 499367.30634 412101.077524 447241.024653 174594.851292 250109.399151 327634.38197 158603.760636 0.0 0.0 0.0 23834.3614626
81333.6035744 74928.391912 24520.5713462 393995.495751 59029.6760982 170024.681169 231847.617577 197102.844981 45735.379853 256444.856115 157605.741397 5671.99470047 23130.7875444 0.0 0.0 251720.116554 27476.9627215 73960.005242 3777.71005906 0.0 28171.2144243 0.0 237.354490765 14646.8309029 56388.0030894 202834.292354 8327.76916971 15000.2461154 22749.6905498 288566.865543 540322.641815 814714.393036 678308.2946 1244759.94717 1183722.0916 765642.783083 748607.430047 1128284.09719 120452.172839 922868.406608 878242.960654 1051941.25531 697407.041679 679554.848671 575547.833749 567394.210513 491449.586357 236523.765526 519295.053456 95514.7128896 476592.451259 19160.7125489 0.0 26983.1308921 378487.989312 265984.298812 610303.609507 211684.514826 159312.246004 295805.39471 69513.2769216 8619.76129834 4804.42033538 8736.8914106 8526.42929142
42182.2103571 198357.334973 33144.8540876 352817.17592 273518.818632 512022.578422 860092.899562 941672.091462 227087.394683 214913.679165 113487.675868 65175.5292106 47765.8010798 10102.7614367 0.0 0.0 0.0 0.0 0.0 7239.06850233 0.0 0.0 19396.2552647 0.0 30386.0786949 141500.717019 77745.9140858 261217.275277 179280.791479 16226.0036097 149525.075414 191406.148794 86535.9234746 58264.1620607 32522.0934334 71552.517272 642818.671986 239285.497446 250056.778266 323741.898519 879638.235669 1335246.13709 1276180.54259 466490.614881 0.0 0.0 253030.36282 159926.148732 372461.36671 381768.836836 621044.008507 410883.442859 6458.06828239 142353.18155 479685.976044 293944.960441 483628.148293 532005.113547 606139.490976 338841.203102 34440.7505863 5077.93160466 75513.5040421 268645.220843 119931.558782
100070.066081 362734.575586 556386.13212 65493.6341195 52751.5368036 28260.5789132 36566.6019525 876964.8467 314421.826022 1329426.30101 631883.213903 0.0 42447.1242915 0.0 0.0 41895.6237939 0.0 0.0 0.0 0.0 0.0 13379.442932 0.0 7324.27793309 92180.0004889 0.0 21082.8036069 19451.0693821 98322.4288398 49924.4860327 49329.4361205 107336.374412 157911.081995 25268.973317 14549.532144 30858.7930993 86043.8911505 37445.01871 153638.639626 144670.279604 1136771.1198 921216.887337 572255.795826 977858.4175 753604.098867 744608.46484 177874.510339 38637.7023881 48865.4336306 56347.9763845 512214.034037 506471.79188 13216.0796087 118443.213837 142468.23258 529823.529946 693738.07849 713101.005697 478902.597354 229841.611615 42792.1649519 175593.027824 0.0 313419.196574 1013616.37285
1212240.4092 743184.419236 810219.580021 99413.8177979 0.0 0.0 98186.0872955 0.0 1785683.95899 878608.148764 221334.157701 0.0 0.0 114224.919695 0.0 134143.002166 0.0 0.0 0.0 0.0 0.0 37913.201868 81525.2886434 198543.139626 0.0 0.0 0.0 520263.562247 53327.1874943 110243.969884 390638.065695 162329.786215 322639.239244 242118.681883 284092.167028 354084.985816 158812.768177 25396.1602053 110899.681434 3027.68740873 20950.9322438 0.0 16062.8865353 1015098.25744 653141.151205 270615.240079 9299.73458567 4418.79214318 116676.756973 130975.90371 14984.3727934 7711.73783479 95837.3226592 145133.306983 255147.02763 768706.676916 709190.719653 823661.865113 830499.562762 443892.591056 525179.8837 0.0 902204.625644 137900.901931 132235.84318
359316.529868 913241.585599 1725468.65204 1762234.09147 286002.039396 187659.698274 275406.008818 467977.472187 1028194.46655 749262.30709 99153.9998977 378033.510469 46188.1128509 0.0 53889.3920055 0.0 0.0 36510.5092621 370957.256487 0.0 808710.523671 254688.285809 382270.47324 19634.2677711 0.0 0.0 830706.700945 779123.680154 369084.666226 180315.021683 395805.2059 179789.276958 103015.865207 227099.545405 45939.0306096 97382.1132898 18811.8025754 0.0 0.0 122736.98471 92678.5752323 0.0 14408.5204017 10977.7200919 14348.2542227 22729.7896692 5867.59551523 8238.17816848 10363.5418984 0.0 0.0 2419.34950547 99388.7153281 204331.366242 432546.741748 835059.871769 951249.163856 972014.84483 753993.019507 419436.428178 628409.998966 0.0 29275.9080909 122448.140674 82324.3782549
69112.1559936 416996.649221 1140391.43135 1100013.90625 442849.751224 1904554.07184 1021186.80597 1080677.4921 1465305.01387 2432554.1347 468865.40288 0.0 88063.2556092 0.0 550951.796143 398423.606445 242518.613368 551540.766833 793001.886855 0.0 340300.084131 37823.8307009 18744.4737542 10794.6815549 0.0 0.0 0.0 0.0 0.0 775232.01055 368046.908535 291954.299836 19236.9365709 0.0 10754.4809524 108938.762203 0.0 0.0 16307.6803833 6882.51614415 0.0 17768.384408 271329.476274 85842.1042991 12456.2121063 7880.17188854 2269.95422764 7040.76944214 168195.22602 5392.79406139 115110.125442 7369.63170202 138010.055194 649716.588663 736319.738944 1103629.2765 830469.282254 917197.040481 877346.333586 203097.439287 191676.131585 0.0 72477.9632351 83356.5419171 83013.0377154
1463973.84628 2284445.26724 2051875.68936 1805695.0519 1317305.23813 1479080.02392 2076473.62857 1632181.65478 1079710.54264 1388637.33994 477464.598171 846195.033639 279139.460909 182889.867306 327522.487973 1362053.85721 751067.616484 1185875.0231 669886.887176 989908.076664 73175.6553923 13406.6792898 0.0 0.0 0.0 0.0 0.0 300473.263243 274942.870897 750917.626076 869103.055533 0.0 200576.268259 0.0 49715.0525023 218483.378201 96082.7259017 36736.7971305 13602.2185351 24476.1592221 15969.2251803 35628.6379004 81176.4138776 30059.19956 16636.9149371 8979.2854118 11615.0167344 62350.7115499 74793.5282511 372345.193586 649904.468898 700410.581738 939564.240577 630015.206166 997355.852406 1029597.90753 726627.516354 1097676.59399 762732.435078 484281.665294 0.0 67024.6361242 517.746999241 810.107254836 4955.68796251
245342.47972 0.0 1828318.72197 1633180.68907 1308294.4037 1531484.45087 141239.390453 87097.9289557 41953.7346885 135988.702219 131817.213883 54257.7376601 64543.3867948 21068.6586331 159786.876998 67329.1385151 414750.526608 1013459.07692 1529115.23246 775307.633361 88507.911236 425368.231554 3315.68830971 1751.47886926 0.0 0.0 0.0 0.0 707389.020378 0.0 380909.637884 0.0 0.0 0.0 0.0 0.0 0.0 188083.208264 12945.4862609 34141.9161194 104381.971834 21148.3762005 22808.4379353 361719.778098 429680.380277 43672.4982792 85410.7330824 24343.7323716 5747.32022546 614426.993099 198755.344238 178005.387888 111415.750242 634443.746044 641688.884757 745209.682954 759063.99098 513723.963891 763422.290468 0.0 73927.2622362 1322.8601515 36.6821629796 0.0 0.0
0.0 67724.2468212 30982.3408454 1107369.39857 590733.957998 626020.147091 683117.511826 111374.015574 74752.0020209 47694.1127229 43815.8643671 48452.4247408 270086.152016 1023353.84454 499388.711841 49722.2572329 60266.1521115 30678.6747764 89395.4170047 781533.007242 130326.046599 76157.731224 748.547931485 33074.5861554 10982.0819038 0.0 0.0 0.0 0.0 0.0 380591.985803 0.0 0.0 0.0 20715.8512099 40577.3961389 52249.9738082 318982.997393 0.0 30869.9874366 36362.6814761 31833.2146331 44770.637086 23372.6675782 42814.3440436 31835.9075338 7360.52706131 59046.915351 213799.330493 596486.022968 1142008.45303 262986.246818 653224.68017 250894.725477 576130.932816 812304.142025 579117.181184 929899.966123 373600.761892 2152.65906317 5761.78611828 0.0 0.0 0.0 0.0
317963.873238 227798.652101 107405.379202 77356.8897056 1179320.70228 191826.210302 164091.956301 402496.607649 168010.56474 39578.6870667 0.0 24874.6842622 104003.610837 311234.589415 422169.86851 399912.214989 109736.504234 57322.8587045 17994.6099801 27841.9049995 447793.243499 0.0 124119.366653 37.8228031246 49.4796693575 0.0 4945.21804411 7213.39554746 7899.31840107 0.0 0.0 0.0 10207.265695 9623.40548337 524647.637069 447760.448532 187877.099004 13963.4489422 25690.1605992 135521.665266 0.0 29990.6704866 11672.5239095 14370.6672453 226635.42202 214605.528957 21843.2026887 9244.82336216 10756.7110891 248035.58067 558357.657394 664890.196398 719643.2942 369002.919823 916392.076481 501909.772833 0.0 98921.3882766 62773.6977054 0.0 337.391438807 0.0 0.0 0.0 0.0
