critload/trunk/input/1999/ngw_ag.asc
ncols 720
nrows 360
xllcorner -180
yllcorner -90
cellsize 0.5
NODATA_value -9999
[rows 84 to 111 of 360, columns 558 to 619 of 720]
133032.27746555753 133478.60590385413 155283.429512 160625.541892 154966.2693738168 99696.0646854 0.0 -9999 0.0 0.0 0.0 -9999 -9999 0.0 0.0 103039.56387700868 124902.67564325183 28930.14857675699 0.0 0.0 180972.83376278114 0.0 0.0 0.0 0.0 0.0 -9999 0.0 0.0 0.0 0.0 -9999 -9999 0.0 0.0 0.0 0.0 0.0 0.0 0.0 218555.50006037374 495722.5840602777 908713.1892808548 678698.5259982477 449244.9620294626 6022.838474362714 200155.26660711798 1013706.7796105533 2550212.54554493 411014.8817200089 247217.19615853325 130617.63015648208 550658.6239371051 295788.0747145 257249.70104299998 721461.7891370672 682627.7017323797 27984.639066973617 171502.84749470564 511733.3144102205 342253.02565111994 0.0
0.0 135297.03686970472 49390.43219872919 499176.6757324341 135869.33807747907 157279.13252283807 125376.27823 186339.8263019685 149752.182045 163695.1251856827 0.0 0.0 -9999 -9999 -9999 -9999 -9999 0.0 0.0 0.0 0.0 0.0 0.0 0.0 0.0 -9999 -9999 -9999 -9999 -9999 -9999 -9999 -9999 -9999 -9999 -9999 0.0 -9999 0.0 0.0 79847.07095993025 265149.9011265086 1117551.5220048644 797267.7558721806 19318.575479722025 27154.154937261348 270019.7332395876 2541620.5789661575 182809.53101526486 183404.44670487975 21010.289251858 395160.97099996207 830.38032549 619301.7279209148 623060.084462 387394.84870170004 386817.2003998 250951.9375764052 253005.06117364587 143102.87150214816 93223.19975127999 25054.330983544874
0.0 -9999 452303.55040466646 455174.7651481157 21973.265649141715 60269.54337315765 422237.69133609673 141754.54522973901 157343.20984 35940.6023931 -9999 -9999 -9999 -9999 -9999 -9999 -9999 -9999 -9999 -9999 0.0 -9999 -9999 -9999 0.0 0.0 -9999 -9999 -9999 -9999 -9999 -9999 -9999 -9999 -9999 -9999 -9999 0.0 0.0 44.47222731012 19508.618352994265 21961.846415209424 1049993.094027015 13404.939754707671 0.0 0.0 0.0 626894.30304665 270249.42350468 86942.97822749999 108087.73426673321 53452.38464292848 11657.547971681171 1946.40098254 54684.2639319021 217595.2149916202 346926.91293818085 1119737.9537630908 158004.57454725134 60146.16831312515 215227.58447165025 426524.36423883593
-9999 -9999 0.0 124595.609447 0.0 4356.130512870365 23141.1677853 -9999 -9999 -9999 -9999 -9999 101417.473565 -9999 -9999 -9999 -9999 0.0 -9999 -9999 -9999 -9999 -9999 -9999 -9999 -9999 -9999 -9999 -9999 -9999 -9999 -9999 -9999 0.0 -9999 -9999 0.0 0.0 0.0 20987.7650773888 16477.25596393536 136365.39588240001 471115.881617158 519535.358509 0.0 0.0 2022922.885683581 281913.05891829997 132868.5487855 16837.444099430002 8685.975441106 352838.27030855184 153314.71139194217 4279.97227072 60265.78112427241 875237.7129125008 607229.8375793198 888971.1808905688 86846.11739613098 568471.5104562078 398295.0984233291 582295.2728761286
-9999 -9999 -9999 0.0 -9999 -9999 0.0 0.0 -9999 60303.4431438 -9999 -9999 -9999 -9999 -9999 -9999 -9999 9434.48072165 -9999 -9999 0.0 -9999 0.0 -9999 -9999 -9999 0.0 -9999 0.0 -9999 -9999 -9999 -9999 -9999 0.0 0.0 0.0 0.0 0.0 20998.552785379998 23287.33700735 564261.792143 857895.9301136716 1101841.956705525 0.0 1635417.670224727 2282406.89107201 481102.06281130004 167423.75234837204 388898.94376377156 334198.27083592984 80430.05632802294 7429.57107342 289258.38909028075 334833.4754257943 1156345.3936098453 4056705.8357136794 2607498.099985115 2145384.815602399 2225669.1385570066 412592.25376252003 650037.4927377693
43549.2574840795 0.0 6678.145239811351 -9999 -9999 -9999 -9999 -9999 -9999 0.0 -9999 -9999 -9999 -9999 -9999 -9999 -9999 -9999 -9999 -9999 -9999 -9999 -9999 -9999 -9999 -9999 -9999 -9999 -9999 0.0 0.0 0.0 0.0 0.0 0.0 0.0 0.0 0.0 4163.110349584 53040.9687927 329929.6504748 928600.3140456012 596343.2236222692 1088738.4741414867 1412521.7990164557 222976.66166857 72119.78499422 344685.6567338 93029.451781 137713.8243697274 425633.3836196473 166475.52633594215 565223.6433866688 629126.1171777826 1007328.8642213603 1352566.8418500002 785937.7392775343 2178396.4392237887 939140.16556 962262.1597037488 145930.27889794938 843701.5947376741
0.0 -9999 77426.69439111382 61560.3834543696 72062.28799486242 119301.01034503357 -9999 -9999 -9999 -9999 -9999 -9999 -9999 -9999 -9999 -9999 -9999 -9999 -9999 -9999 -9999 -9999 0.0 -9999 -9999 -9999 0.0 0.0 0.0 0.0 0.0 0.0 0.0 0.0 0.0 0.0 0.0 33926.63532257 5553.87935653 180950.7812152 409716.29661993566 645632.4895070293 1084916.6137145362 1606171.1303789495 161923.36605142368 34378.775852189 0.0 117269.18350298 154095.63585089694 351200.8192710497 300030.2571301519 424355.5448946 291180.2727364 332313.95029857714 932851.402937485 2066745.4326831 2350017.848692295 1284751.11502 218238.18139330973 1805047.3400330092 2778935.1364524015 3893219.136998135
-9999 30948.984082647505 -9999 1419.2093099795093 12395.459953939613 -9999 -9999 -9999 0.0 -9999 0.0 -9999 -9999 -9999 -9999 -9999 -9999 0.0 0.0 -9999 -9999 -9999 -9999 -9999 -9999 -9999 -9999 0.0 -9999 -9999 0.0 0.0 0.0 0.0 0.0 0.0 0.0 9426.253715526 231741.3855990378 155970.2421816902 687415.6754579383 439191.1368203668 95483.21506091999 0.0 0.0 45818.87282235 84513.9632802 0.0 118478.7025478838 141895.0541195 0.0 374629.19284507236 1074144.3129476942 2060051.7963289998 1389389.1409116273 3457308.9591425424 31071.46932413939 700193.5973732327 638108.7229518306 622322.961544082 1497264.7483882 658476.2347269378
-9999 -9999 -9999 453.7700540031301 -9999 -9999 -9999 -9999 188.05922903177407 6506.5342037049995 0.0 0.0 -9999 0.0 -9999 -9999 -9999 2148.9059682843845 0.0 -9999 -9999 -9999 -9999 -9999 -9999 -9999 -9999 -9999 -9999 0.0 0.0 0.0 0.0 0.0 0.0 0.0 399136.7824717 300601.3773675691 1061008.482036584 686539.305122006 918148.4698087851 0.0 222786.4786387 0.0 0.0 0.0 587309.0155609 206993.91442268065 276664.4978607 258689.93710843375 1356152.1655115902 1671845.0033112394 3310191.1090623904 3467574.1399538754 4398207.264069872 1613269.6295872342 2119639.606421073 569608.1984373726 4781735.325773799 263331.11120000086 677374.76395447 221453.2139195833
-9999 -9999 -9999 -9999 0.0 0.0 -9999 -9999 -9999 0.0 1927.5661530273837 -9999 -9999 -9999 -9999 -9999 -9999 -9999 -9999 -9999 -9999 -9999 -9999 -9999 -9999 -9999 -9999 -9999 0.0 0.0 0.0 0.0 0.0 0.0 0.0 0.0 258483.29774803712 182323.46907358253 22496.4046940108 298.3339467376 0.0 19971.8225857 0.0 0.0 0.0 48350.15392286 24750.99350167773 0.0 0.0 3868.02026881 1353263.5218660652 4660487.906182 4994850.40676101 4589241.619432952 5378705.071597893 5801422.59581912 1677633.4963229871 249255.17843967496 1316960.1447755946 482395.7008869186 100919.50435673678 855855.7765679051
-9999 -9999 -9999 -9999 1043.2007606111792 1914.2652677981218 1614.1146320554276 1887.9895698573293 -9999 -9999 -9999 -9999 0.0 -9999 -9999 -9999 841.9640351924248 14369.021060081555 4472.6578008056995 2076.332325370702 2859.6980520948227 -9999 -9999 -9999 -9999 -9999 -9999 0.0 0.0 0.0 0.0 0.0 0.0 0.0 0.0 0.0 337331.27118254855 851693.8917465582 288950.475704233 0.0 250633.5366103 99784.5588535 0.0 62137.85261511295 0.0 169234.6067145 5517.9466247 162852.47685525578 412056.77643973456 20165.95209531 4453318.452159604 7855014.97554306 9903966.351061555 2955689.179538916 1268493.9195676188 2457327.9115592586 614603.6898019703 306178.36131088797 2015671.2119241091 239051.60830084572 3686645.190973553 1183766.5648431242
-9999 -9999 -9999 0.0 0.0 -9999 -9999 -9999 2555.095635923816 1850.9800161786093 -9999 -9999 -9999 -9999 -9999 -9999 2403.21515708001 -9999 -9999 -9999 -9999 -9999 -9999 -9999 -9999 0.0 0.0 0.0 0.0 0.0 29209.49239006 0.0 0.0 27145.80158587 67559.7102327 28887.193515973002 691274.1136367443 1377184.3892624115 2428219.0921983267 1183258.8786633 855152.9151778505 1232885.4653375042 255333.34247543634 156926.71063986162 40415.725464640265 339562.80192678544 87610.1540106 72831.50641057672 421606.3206915924 2847861.9903955017 4054797.4299665987 2756070.286752926 4092784.4269951354 5564289.556050318 2642660.4775929633 1544452.3033581383 3594418.515983226 4046862.18268053 1445935.8347207434 357750.25909214467 241669.9175578528 174476.62270662864
-9999 -9999 -9999 71.21710725146 0.0 -9999 0.0 -9999 1936.2481368387562 1080.2342889494262 4127.071232464088 3093.5587081072354 -9999 -9999 -9999 -9999 -9999 10548.317156461959 -9999 -9999 -9999 100361.31892716797 0.0 0.0 0.0 0.0 0.0 0.0 7809.7713520199995 0.0 0.0 6079.83101848 24671.3628146 121405.20895269999 697750.98223327 391817.8456630792 955345.654740544 938536.3319021148 2020468.0188666212 2100407.2337118587 698803.8620942 1110437.3414029765 3241638.360009627 447242.29708427005 895441.3595165556 2385933.2845873777 7490.55290773 330255.9021612574 897222.1713466655 5611681.28691664 2502978.972618129 1088755.629345756 1907015.7426652755 3984196.4676727257 1221008.8334817986 369646.0435926559 804713.5703152986 3282204.9519573497 341125.1895808874 183633.5878548068 97402.93068238324 557664.938353061
-9999 -9999 -9999 -9999 -9999 -9999 -9999 -9999 -9999 -9999 -9999 -9999 -9999 -9999 -9999 0.0 85072.95761699772 225779.62621683514 97717.97748432 0.0 0.0 2030318.8857043136 2751528.044648847 960986.02656244 1206870.7924958523 906618.694454 800615.4984600295 887827.5918774 151129.0304378 0.0 0.0 156535.3223545 1291762.5690296716 2644481.1745875557 454363.0447996944 1523873.758631156 1318242.2978063058 1231280.7949073063 775971.194389253 4136011.5979083157 5255651.05753076 3343448.9425315927 2822283.8901216206 4655109.486938719 594276.6725383976 947803.8575593524 643690.8942682504 888431.206857505 6186547.49252973 2728717.3512948784 1786426.892947246 823940.6343115745 1156677.218632944 791717.295924834 255723.97275016748 0.0 0.0 0.0 160903.80638533086 0.0 101071.09541637858 194167.2295748372
-9999 -9999 0.0 -9999 -9999 -9999 -9999 -9999 -9999 -9999 -9999 -9999 -9999 -9999 -9999 1128.964259607 13409.46486483 4994.017884324596 9932.064627328185 0.0 79800.67106597913 106495.76413487 430095.3794429 663602.0039966999 1582969.5462600002 1961101.329 615180.7640509928 0.0 0.0 314484.4956520736 968134.4481141372 665775.7411890497 4188919.0392714106 3176914.496254323 360328.1331202991 373651.8569840216 1508198.470426572 1611274.4525275712 2489956.7966953735 3343762.4111875845 3860090.628767731 4092425.922692395 5175198.166489586 775036.8343187482 160931.00442040997 113692.14600829978 1737350.9546148572 7855992.497656954 1292032.267280463 1464620.4910160997 2279432.052754826 974608.875343489 642008.1102477907 91227.41937750555 0.0 130381.88362019125 0.0 0.0 0.0 157159.09573704912 734263.7658351255 0.0
0.0 1827.227282093322 0.0 -9999 -9999 -9999 -9999 -9999 -9999 -9999 -9999 -9999 -9999 -9999 -9999 1292.1587106709999 28747.12764279547 -9999 -9999 -9999 2868.503784936 526.80561158 0.0 6056.879189820001 464638.024199 0.0 0.0 513827.7090034 789193.8224336497 932180.7065904597 594935.0031323805 1078578.1839645142 2336005.569664025 1427662.4388459867 5653806.894784698 4041658.655603626 2296452.165314382 5295945.289649426 3393620.173102072 3624984.0298555247 3219090.9803888868 1188367.846866962 1918961.3184820449 2315.57991984 -9999.0 0.0 2167837.0975966547 1841019.3602105435 2165526.1541655036 3880847.301376531 2387730.730700165 1561251.6439177063 49316.37428275822 195323.18679706403 149384.59879143443 0.0 187541.57403293042 647904.3432914875 1093481.5788669945 659210.5314572856 -9999.0 -9999.0
0.0 0.0 -9999 0.0 -9999 -9999 -9999 -9999 -9999 -9999 -9999 -9999 -9999 -9999 693.0975498695311 30802.902118349608 18412.0155531373 -9999 -9999 105853.4638916 0.0 1455.7412937525 0.0 8915.3281952 0.0 0.0 0.0 1154138.8921813571 1362209.2250083957 1215823.1157144567 2579123.6828117184 3128928.069378955 662131.1861964782 3267540.1242004 3126063.2680490003 384300.230155 148622.7601117 495586.2517437 2758231.5831099437 1687646.96502567 2205651.8298364994 249214.817046 -9999.0 -9999.0 302900.28514754685 3135380.9552901085 6644688.122984976 5280005.963830462 5029967.903288581 1913851.1677879791 0.0 3451405.696141191 5299551.087444515 5176788.816274531 344941.50122911343 0.0 1962474.0544837627 1032966.0276455823 -9999.0 -9999.0 -9999.0 -9999.0
34060.02075656581 10963.493392649 253000.4450543089 -9999 0.0 -9999 -9999 -9999 0.0 0.0 -9999 -9999 -9999 2425.1316198097475 13075.596277558841 14211.92268242 64546.18133356688 33821.70457954607 148016.60914429 0.0 0.0 0.0 0.0 0.0 0.0 2311879.8300176878 601334.9600741614 1441088.6780394695 1294000.3530913566 3061153.61060172 3589860.3270746195 3618003.4004282695 3809043.6053808806 4352143.970712725 412560.479006 185409.3490792 247948.08575610002 207659.2539 642921.5526961825 474699.546924 54305.7906658 -9999.0 -9999.0 -9999.0 284629.3463598651 3676987.688436764 3864777.0161666744 -9999.0 -9999.0 -9999.0 -9999.0 -9999.0 3732962.514444713 6817846.186251318 893902.9704996838 0.0 1548195.6239468076 1356045.2613400344 -9999.0 -9999.0 -9999.0 -9999.0
0.0 329093.6518730413 3774663.215554496 124268.81519934 6003.764689052 84971.50872951589 11450.86829088845 19817.858503077914 0.0 0.0 -9999 -9999 -9999 21136.151812806584 57208.1223585 80437.26842215999 20731.87812197849 156208.96963581187 991.994044203 0.0 0.0 0.0 189996.29070830665 0.0 340242.1260924797 1384416.8843089363 2923465.2087952904 1909775.7256689444 3175087.443587259 648074.8906814593 2576553.940293582 1670623.2269960998 2962747.115809 831377.241383 516732.533056 0.0 30429.3718614 146624.231644 -9999.0 -9999.0 -9999.0 -9999.0 -9999.0 -9999.0 2774493.22202 247444.18612251215 -9999.0 -9999.0 -9999.0 -9999.0 -9999.0 -9999.0 5877558.082058945 7893198.088338186 396970.800628484 790671.3058102045 199799.4965984642 533015.846631748 402656.6660463391 -9999.0 -9999.0 -9999.0
0.0 0.0 124763.66397985874 1712397.753438818 843954.0588073704 390330.2037814267 187570.70741694843 27542.815997776852 10829.03221855862 3562.028510194559 5954.721520467476 2602.3361301969658 -9999 18336.43163252559 110452.1860453 38282.358347713554 0.0 0.0 0.0 0.0 0.0 244157.3583441456 0.0 0.0 536309.3549371965 905849.6772057564 1894138.1010688494 1889913.0018276144 1801799.9063934213 4263417.16243609 4444701.168633 2175938.295344 526684.241662 179224.4591812 123422.6283467 133986.915926 72560.7487112 870451.675070756 199658.75749748803 191695.35138617462 -9999.0 -9999.0 -9999.0 -9999.0 -9999.0 -9999.0 -9999.0 -9999.0 -9999.0 -9999.0 -9999.0 1517736.0390170903 6108357.273535702 3880075.660892267 3163003.7952408716 1688413.657347044 1117506.6950640273 0.0 520801.59144937096 4834395.352550007 -9999.0 -9999.0
0.0 0.0 101833.00317571139 137987.044520881 1455012.08588104 1216100.0595917748 1346650.9305899409 4293944.753805938 388607.83083290776 458819.49256527843 141944.68044780922 541271.7868736653 296546.45007224916 261673.29157738408 131851.77137620113 0.0 281080.2936581 3325.4174783302 0.0 0.0 0.0 1106.50126133 0.0 0.0 454839.24347143044 1518846.2409466174 2479787.7183103347 1763337.13572526 3208239.3690955946 3230198.116110335 1233042.8356048905 517123.41813 441938.569793 112910.70342949999 0.0 124706.20467490001 230411.998655 303511.1057747 118003.9989341 331993.144883 -9999.0 -9999.0 2623509.05394 6383093.464571944 2474782.556180125 -9999.0 -9999 -9999.0 -9999.0 -9999.0 -9999.0 -9999 3678673.2591836182 3403854.765888593 2130427.4658188885 18581731.84821566 1775585.6927318939 0.0 0.0 2341640.916042596 449638.19086770446 -9999.0
0.0 0.0 0.0 949090.0000681473 4564907.3430817025 3133013.408085204 1113016.623703047 1505786.2207546944 808129.8825752103 522964.46680324775 690476.5875498579 456517.62652307004 361648.393237405 77472.55338664423 548776.4450658 579021.5479413 0.0 0.0 0.0 0.0 388.197799582 0.0 0.0 0.0 1615823.7207208062 771630.2948742415 1042775.4450014875 3721942.991286629 2318923.309079631 1959513.1601085002 4233127.494726741 1791191.3313719998 213805.023124 181365.3752312 589959.21266 533840.762428 513235.925941 1117553.130076 622712.729251 1320662.9131709286 666264.6199923155 915641.5150159308 7734806.431757508 4787816.799403481 2595275.050380678 2212669.118271644 2220241.538424155 421424.222102 -9999.0 -9999.0 -9999.0 -9999.0 -9999.0 -9999.0 -9999.0 13910331.120398527 8190679.991807769 3362728.527603111 612502.7564388751 0.0 1957057.0776559878 -9999.0
233758.7606052347 0.0 0.0 0.0 1288067.361228568 400986.3720612507 624537.1602577352 70130.7251727845 547762.6671761776 192582.17315505547 416060.3435171764 525625.35508457 901515.2420537921 815582.8951388014 0.0 0.0 0.0 0.0 0.0 61476.89809056172 465587.3251059737 1802.71271024 0.0 1157199.7590345703 1947031.9095814023 1185860.6618187511 1234172.900828585 4225067.419652787 525969.1616833701 4028374.670556222 6393337.487659 3157189.27104 2393939.518093 439957.745814 163454.8142793 901460.117353 3149821.031009869 2963343.6974246823 1774649.2253200947 2059326.063762441 1373979.5711727988 743643.4006961416 1320314.8503906387 9001311.81189 3069305.712635624 2345390.7804960334 1291461.70615 -9999.0 -9999.0 -9999.0 -9999.0 -9999.0 -9999.0 -9999.0 17141006.83005487 25396863.60418607 11091959.036400525 2613369.5578576764 2550168.3787304526 3316668.9847676232 2165997.424160886 -9999.0
327134.1272279363 712009.7887606331 1174453.610172651 541210.8249486323 1040837.5994531971 954875.233587658 858586.1711294746 1280228.8414070301 376944.0532639577 93696.95523576712 165173.1174428 274798.1377017 500012.4271956721 95432.02301910399 1154395.7772649 0.0 0.0 0.0 632221.4418039477 350867.46148972114 725289.2485183104 581370.4109523648 312433.5908073058 2079000.9944020587 1845331.174192409 1986734.3662855066 1409962.9781547615 4800317.292999774 2018045.2078343248 4877924.264766474 4299109.072926209 4164147.4579519206 5078698.69347 922992.2759749999 879728.2702179999 2036780.2663709424 6492656.902099909 7754537.664707206 60142.690420868414 33112.07357330376 3029205.423095639 3704256.5612670914 2439231.043663654 1013629.63116 -9999.0 -9999.0 -9999.0 -9999.0 -9999.0 -9999.0 -9999.0 -9999.0 -9999.0 -9999.0 689872.7814884273 10130927.62919712 9752155.334245935 0.0 4087750.0062453537 1229056.9059025 2353416.8800345287 0.0
188692.19945677667 1737568.111927095 720926.5682657112 740141.8948934557 1180907.035222701 2052762.085212188 776499.5519425197 798227.4901613591 878483.9543956215 537386.3306693381 762995.945844 0.0 957483.114454 1557186.729194 2839638.818209 742948.490201795 5937.930578838001 905710.5385507996 431965.2280292083 90027.20125610872 1200542.8513644726 1188891.6578268914 483080.0261165993 2169103.047663514 2209503.6505158097 2145299.310949164 2762919.8956835205 5639853.105301573 3254593.9983681673 4611736.091120368 4865173.451741 753938.15769 1215910.4797470002 1029436.378351 933879.655456 3968019.703666885 3364532.378968317 1656202.5202672528 4015471.8055921067 4497652.31848922 51799.50526665326 1083890.882821913 113190.29344769912 -9999.0 -9999.0 -9999.0 -9999.0 -9999.0 -9999.0 -9999.0 -9999.0 -9999.0 -9999.0 -9999.0 -9999.0 24417887.357668072 3663586.101877208 0.0 5308184.3660982065 3970545.677890288 2879689.3901575385 0.0
1705098.0599956978 765880.5214366036 25897.00119065023 53750.84961948095 318584.17181700526 2958117.757951564 953959.8015252177 1435528.1836156666 1912565.910017122 1852863.8348209132 405.864213956 1707242.5175130002 944480.228629 1290960.335362 2044564.5777644145 128857.25769118 2823818.6202574666 1111007.616643 334870.8368143691 434595.05915525916 1281191.7135962131 1468804.1361864721 1325579.3872717733 3065033.4776970004 2372721.5412001545 1198905.2808783946 1531880.8916106801 2375077.6124665383 4960592.572826431 4718430.398436828 1926949.2985160002 658494.8523185628 1878557.8548786805 532419.8061433977 538323.66548 3114841.0141682066 4650997.731029729 2062182.2154818086 3308080.7584070778 9399910.124915877 3554806.667665505 84971.33699834622 -9999.0 -9999.0 -9999.0 -9999.0 -9999.0 -9999.0 -9999.0 -9999.0 -9999.0 -9999.0 -9999.0 -9999.0 10203464.815221887 6342830.937918937 627908.5889043214 362785.0163250561 6470884.974184194 2046382.0263431717 3464600.360654551 -9999.0
0.0 286347.83437364624 202955.45850703277 986480.5884116187 103055.32491683884 3735637.3136476753 473953.8812542976 792920.1539760423 591474.2925794362 191780.40482570752 1990508.563277 512200.73660996865 1874697.2205329998 471383.8576417365 574072.9214819489 980036.1716076232 2692571.467207521 836737.0087389997 1926534.6901449275 2895007.8907551193 4696990.714142792 3074765.271398 745877.4712022105 3529446.17010728 2235942.589618437 3738807.5079510184 1723636.2347940002 5974760.943740999 5573759.093479999 2019450.4900257862 2265323.1709749997 2364756.486373 355728.857021 105168.76534720001 534841.40682 1386852.0940583996 1353162.9988441607 4285918.460573775 1149174.881474 4194201.183136 914810.85278664 0.0 -9999.0 -9999.0 -9999.0 -9999.0 -9999.0 -9999.0 -9999.0 -9999.0 -9999.0 -9999.0 -9999.0 -9999.0 15655340.305681864 5032634.042022368 4526580.420896446 4759490.230843396 1433943.4296792212 541142.2707533705 661236.1900221177 -9999.0
0.0 82340.6196794197 899257.3633534237 648255.3237484784 634462.5302481621 1422315.8057496846 1278417.417083727 634097.89607636 573000.9703519591 1047509.6348289602 1637776.9959230376 2270869.903961725 4729563.678238099 2969557.422184287 2123168.026865636 329701.3267478084 5077632.850535517 5422022.155122697 6490440.178221613 5688662.672304436 5161398.072488496 2068399.31178093 4315172.9266109625 623001.4035712704 6226041.907181536 5244067.89663906 7206346.658867805 6407856.490141 4132966.70679 4989828.97361 1704127.9718847487 2111582.425232 1089039.032484469 1041837.0052962585 891681.400668021 1825876.5855510002 2466710.5180097236 1698260.7615935716 1985553.4402589998 1834391.7025691879 1717884.5052342217 2552631.90892655 1582545.4020255608 -9999.0 -9999.0 -9999.0 -9999.0 -9999.0 -9999.0 -9999.0 -9999.0 -9999.0 -9999.0 -9999.0 2318580.8355702637 4505422.143709641 -9999 -9999.0 -9999.0 -9999.0 2752415.5748448945 -9999.0
