critload/trunk/input/1999/ngw_nat.asc
ncols 720
nrows 360
xllcorner -180
yllcorner -90
cellsize 0.5
NODATA_value -9999
[rows 54 to 80 of 360, columns 434 to 495 of 720]
365999.670735 382585.443713 370087.78601 337543.659399 364152.359915 82485.0539163 76075.5581766 77176.937439 77099.2571539 77861.0411023 58890.1560824 79543.3429826 86373.4441816 107483.105973 141143.800118 130688.899904 80368.6639497 77253.0112661 71656.2551796 115831.769128 191317.293527 187204.436709 206659.741972 201479.017355 174772.291628 90817.0541615 84464.3577228 118108.027766 135615.318017 126717.023141 39942.8469641 125107.613338 101783.093801 186511.431527 220425.479465 234737.508206 120708.860825 243893.521267 254904.539107 79200.2134336 166837.531458 56512.6888185 87753.7784046 110413.068025 128419.644171 143576.008603 80774.0294801 90282.1252029 101342.895906 34660.5473218 89567.2553669 101987.281591 27494.7005007 51996.5084838 75007.9496905 76298.815178 80282.2347667 45530.0019458 16086.5100716 22812.380833 17039.2408685 30509.3857152
364884.556672 372061.306195 327760.775157 203289.612485 131859.204452 112239.207106 84219.2348098 97960.4845424 107533.963137 101187.688029 117891.992502 94659.542377 25054.7532328 98736.0254152 132577.50727 30436.8191813 102124.506324 96001.5072223 77762.6976312 82038.6845275 183824.619457 191397.714036 168191.266385 191446.612028 231742.389643 111390.250782 96071.6375263 121692.599963 139100.981591 130711.675786 183791.537953 138439.23745 114156.246155 78199.4289629 179339.108513 216892.099868 236703.615975 229581.033656 240031.314906 248331.693389 243712.697255 78708.0054831 76147.2366162 138668.278823 101453.962448 143137.978706 138645.709595 93233.3481615 57878.9055094 68126.7773313 56134.1435102 49097.1400028 47303.6645037 41096.3570143 35777.4819295 40630.7750917 64559.1622263 29002.239306 30939.1376878 26984.8273423 83814.7958402 73152.841413
186620.40514 143760.888205 127386.785298 76796.8630883 75574.8730275 75626.9829739 124957.420894 154317.337525 101670.04163 110004.774617 126928.889329 99500.2188817 135823.862402 99538.2859327 100593.813587 97200.733827 93177.3904969 85235.527159 93453.0465092 100452.068008 124521.686579 94543.0632014 69176.5890869 90339.4505482 117732.200315 117846.696366 127789.285649 82046.9685891 94023.5174833 116117.237186 112419.584716 130579.173038 133877.939346 144415.767113 103806.780171 160517.664681 245720.5054 251781.226011 283637.65102 164890.135872 200858.487018 148384.448951 165353.077249 151383.203619 147892.303566 127785.749095 159781.174545 124206.169686 32740.8051155 35366.9928549 20914.0732206 37015.7553322 49341.5939517 47560.5110658 57320.670068 59876.7138144 65734.3581514 67531.6769577 31544.9620507 24624.0504978 31697.2594694 51333.3868939
102965.385485 100200.311558 97832.8177167 55701.7493892 78615.2562118 75748.3513337 100287.231128 105026.809454 94782.9853415 125299.278344 87767.8712915 92690.3456584 71911.5720406 80280.4767136 84976.7624216 71229.7111839 119992.519708 96572.2308123 101098.537844 64324.4517561 98699.7553715 142091.166853 80248.1972466 95931.8437022 174766.038401 225270.984723 209252.61125 192343.73643 174712.288083 269478.158751 123950.016912 88416.6302107 96327.0408114 100753.18734 100348.746673 111150.768665 126069.481974 155542.761657 112855.026601 117615.27276 125586.373202 135436.113371 152359.713718 154418.379209 161771.328559 85840.3189093 160905.006809 47680.4253891 16929.4974752 38876.9059635 53076.3980667 48429.6784127 46294.863654 50644.7572086 39363.0744051 38871.9960228 61042.2894879 20658.2642186 102660.350162 17130.0001339 35950.9075977 99596.2112229
85997.5013523 103321.640425 85367.8874463 90542.0199569 13297.2413069 100892.296045 136362.870932 97513.5613502 108734.740533 74891.357063 104790.125798 123815.429538 98837.771497 80520.3610096 82693.9514087 79054.4769738 74805.7742486 82587.6247011 108176.389411 107561.383118 73567.4536691 78463.9614256 86897.4684748 104783.757923 304669.99501 313109.237824 328656.05568 342618.557445 329015.205378 326475.860961 305972.172576 279624.970884 138408.433103 97223.0854874 106145.035954 114963.380378 124289.07748 126073.509915 129043.047905 140215.103212 227938.120085 241985.504283 118673.417235 151875.337409 178027.632744 137780.843931 183660.811069 46576.8906999 44083.7320989 53926.3167004 72331.6901278 87483.5266363 26589.365879 27596.5671553 61871.6529701 57079.467823 33725.5064508 39436.4798307 40167.1584814 22238.8284668 38882.5247999 28600.5636138
63713.8393813 34371.9112411 66910.9998552 63950.5000022 46300.7540386 55331.2925525 62951.8876166 64572.8922784 86935.309648 65733.3512633 112543.914757 128176.23651 69237.5597379 61863.2122015 61040.8312115 79281.0417225 90294.9940936 99893.440424 88490.528438 77800.4242434 69823.1844768 73898.3378116 49697.71908 66309.4627329 217574.104586 261809.01715 212864.835901 347686.826309 342257.919085 198287.075001 314125.823947 214098.81912 189631.902061 155090.016345 108538.102479 125400.922015 128191.244104 166653.406951 126353.34943 123106.771875 229685.693428 256087.831798 139137.834288 139151.758123 196474.089467 296962.443769 379413.92651 117214.641957 92178.9227582 66323.9347312 36745.0557849 36699.7680964 10366.695555 2478.56693686 114856.874839 146474.634757 64628.4065239 118489.673054 70919.5839222 38386.0278333 39104.9145343 39910.6295149
123631.558896 43553.3697842 47045.1981008 35884.2032953 6969.00345441 24248.3493375 79491.1681529 117032.10254 104546.735976 87196.4865538 52825.4691443 51530.2685525 118269.820384 111789.937069 120131.849044 144199.132768 101357.552767 103051.139637 99130.0206655 140366.52212 227884.324914 185682.620933 45467.6695651 80007.0172492 213808.837405 371034.013015 264258.792222 256122.915223 198228.014252 101166.303876 183496.001071 147033.2923 262837.953682 329319.712559 198238.070555 150368.140952 180033.087297 194592.835569 195286.325163 165418.001445 303474.672812 386382.117738 319327.020543 212308.104128 204451.026309 258499.076522 386154.051317 121502.33212 63364.6342064 53029.451756 86397.375473 3674.23397919 14611.5556302 7981.81710567 11814.0536429 48990.8427997 16935.1121006 24522.9592573 37974.3852109 69446.88638 66499.2400993 71424.3388396
74996.1736282 43233.8446256 21045.7373594 55305.4085844 103212.364013 6564.73711001 43412.4120409 73419.13283 66997.1877914 79176.7576796 104852.177534 190894.819134 258906.10896 272031.523773 285267.034825 301392.384251 275436.032702 149720.070206 80619.9736807 84181.4610495 211219.133908 130427.073298 83065.6504865 117563.880852 147579.508928 303296.749404 234094.302294 143323.455088 120311.216943 233521.643276 256413.670179 288183.830781 293939.465249 327788.251445 222765.942956 144775.994291 180583.633704 199388.989182 173713.315107 166974.622613 269128.839189 397001.993781 330755.054896 375533.168913 348461.421246 260528.409689 325281.372051 119797.731553 57019.984989 59496.8833518 61767.9770906 24943.3442086 38185.6068123 2872.38876805 10744.3251879 11032.9194702 0.0 0.0 3393.84909723 1922.15182365 66351.2668404 75392.1010929
46797.6234358 8485.51582596 0.0 62188.3862393 99321.7333719 62429.8097241 40310.547407 56460.4448802 76584.9158773 191508.482216 277682.768534 296758.813682 295705.120959 338741.399979 354617.105806 345882.592114 344283.906437 130107.413975 111795.571821 78740.3046637 111757.091527 123131.352435 114423.564164 135934.762995 115902.431422 119253.296211 83814.2308835 137083.583417 236166.382007 192443.168933 166617.692344 231170.451036 198983.382548 220312.202991 309309.898911 148558.362387 129025.291632 154459.801669 107707.927039 182811.851408 382647.558609 342789.585427 342500.583838 433393.862471 426008.839447 221603.776859 338218.231591 136743.387423 146218.001929 86891.0942265 32199.360574 2010.7174417 0.0 0.0 12461.4215542 48513.7410158 18192.1451192 0.0 0.0 0.0 4237.41508066 0.0
62787.8960334 34765.8625083 0.0 0.0 73770.7783284 221993.331767 70848.6806561 75458.8493154 160418.916582 198673.439611 192699.241278 223390.721422 235838.580334 250940.167612 284889.514459 217697.459738 223253.527834 104181.554741 123180.231583 113915.261105 113694.081197 116613.313505 118150.495279 100925.497041 93351.5003529 77903.6861467 96344.7800298 92149.4480021 91576.2747259 92093.5188946 101220.873947 105620.586033 93720.0594295 117091.216857 110943.218355 110700.895217 119870.86809 126026.153502 133258.859814 252182.817904 316950.770608 335592.980164 388659.936225 380317.995425 449568.504312 394184.958251 269992.426866 345459.678747 308584.075324 129027.766045 11593.5792494 9237.63435339 0.0 0.0 0.0 0.0 0.0 0.0 15525.3660987 0.0 0.0 0.0
44786.6298302 34892.5368149 74622.2687131 127893.590086 85352.5396845 12006.0153684 19327.2660104 46345.7083456 24596.2846705 23947.6219603 67814.9608823 151697.722846 67293.142556 183456.793484 330566.524263 332057.319743 309927.785315 124771.854591 83355.2757347 87573.7825141 92168.3067761 121363.829043 93664.8891708 96566.0020414 99024.4441112 76322.8584135 92401.6839229 132672.183772 139273.789151 144972.883426 142477.650774 143316.777406 106821.463509 116456.719316 80613.4056184 93561.4453658 69399.1248893 185455.405099 125806.803181 156399.216422 273045.107477 399252.748479 426694.162057 440105.866372 366882.265161 410325.952442 189356.477066 118058.44797 332172.322257 116742.104343 1545.37012945 0.0 0.0 0.0 0.0 0.0 0.0 89818.9785314 5747.17255472 6345.36989503 0.0 57063.3463533
51038.6933371 55440.8293829 127873.037336 215694.652533 113870.222749 99714.4229812 68603.9270351 57088.7277678 8727.61976828 0.0 6561.04560434 21612.8521524 8989.56368191 88279.6060567 150800.779241 169753.691493 135226.865685 99693.8329102 78775.9695652 44231.4590932 65116.8242522 78521.4027513 68996.0699252 46579.840992 79144.9154142 52811.9226267 93303.9084525 113090.022952 64270.9978451 85805.2393386 90053.8173379 103316.324007 123012.213981 115888.107139 61187.6839539 28651.6773908 125021.925262 101187.90297 132854.950058 101600.337489 139135.433276 308492.600782 397266.174038 377190.909916 411556.505617 299832.25434 142958.901921 38120.4225663 45068.8920742 18928.7126369 0.0 0.0 0.0 0.0 0.0 0.0 8263.1963853 0.0 0.0 1701.21995086 0.0 48719.6582731
28330.0006479 88854.3842691 198070.57963 262609.957046 142242.897461 150618.667406 151597.171397 117514.466452 14183.042725 11194.1964878 50187.8165366 38624.545992 19723.6095348 20051.8127418 63480.1642345 66173.5915063 66652.2040699 54064.6282787 0.0 0.0 33789.0926607 27756.4080931 0.0 29473.128572 37059.7012782 21385.959628 11655.5609515 39328.1974416 48125.7053794 58830.964101 79965.4972992 87918.2555218 48148.9732054 40940.404539 67488.2753963 121911.519834 25160.6971729 71471.5449224 142898.198253 243883.903205 216698.792697 160560.961501 237036.071045 305075.033659 277850.078467 312015.225327 69062.1102422 88621.5047535 0.0 0.0 0.0 0.0 0.0 0.0 0.0 0.0 85.2532915971 27.082805221 0.0 0.0 0.0 6106.20200121
47628.0625539 53665.9452531 14715.8275556 52635.7846237 162952.482762 114541.474044 65783.4381418 69370.8742968 40491.7824778 73700.5891631 13460.4021242 12993.5789078 38851.7628557 11514.2553191 2287.32704376 0.0 42901.3453645 24016.9685308 55532.4025617 48132.6177035 0.0 0.0 0.0 0.0 3562.98731248 850.695985004 0.0 6685.46218917 34693.4705481 62419.2380997 0.0 0.0 0.0 2603.13784013 29619.1100412 47309.515911 4034.1526514 53578.4822457 135122.735263 207885.674476 281427.984161 187889.076987 96219.2983562 229137.034158 164621.307825 181497.421819 177555.779863 103524.539096 0.0 0.0 0.0 0.0 0.0 0.0 0.0 528.822043437 3211.81735619 774.263909839 4.10856296866 0.0 0.0 0.0
19534.7627743 31293.0017757 6788.75658683 13299.5114338 40471.1077507 74339.342606 210926.91477 41187.7173869 53283.7515357 11342.4837284 9973.05113617 20862.6357505 47602.6417945 63495.928219 6351.85923627 1342.44803248 2800.85625087 0.0 62941.5440101 16101.625041 0.0 0.0 0.0 0.0 25.9275157673 0.0 745.578097089 10704.13491 0.0 0.0 2869.51496721 0.0 0.0 0.0 0.0 0.0 0.0 0.0 63180.7210526 276736.185294 203234.402501 178857.168651 59781.7094454 160287.874993 223635.841519 231827.487033 211344.953754 152998.410502 0.0 0.0 0.0 0.0 0.0 0.0 0.0 0.0 1982.51655725 2992.3784749 0.0 3246.95754523 18496.3399472 15736.6974667
23607.4698583 8985.06269344 0.0166014070818 29526.6275355 20360.4516218 58951.285919 145033.22255 15499.9224577 65158.4981628 6810.75772241 17210.386021 95655.4264203 2199.04163502 307.010929055 24388.7649196 0.0 0.0 0.0 56527.4372819 0.0 0.0 0.0 28.9002590279 0.0 0.0 615.33219375 0.0 0.0 0.0 0.0 0.0 0.0 0.0 0.0 0.0 0.0 0.0 0.0 0.0 201446.789033 287882.577233 340497.891945 0.0 0.0 170892.1608 105466.507753 269760.192581 0.0 0.0 15516.971918 0.0 0.0 0.0 0.0 0.0 0.0 167.148104751 0.0 0.0 4385.03185649 66418.4904186 45942.1035662
29349.0949953 16495.1396304 0.0 0.0 1135.49885276 0.0 0.0 0.0 0.0 0.0 0.0 189575.064635 92169.717284 0.0 0.0 0.0 0.0 0.0 0.0 0.0 0.0 0.0 0.0 0.0 0.0 0.0 0.0 0.0 0.0 0.0 0.0 0.0 0.0 0.0 0.0 0.0 0.0 0.0 0.0 179621.031008 351473.602432 26498.1891249 6821.35025699 400686.992824 12121.39919 2636.83038368 0.0 0.0 0.0 0.0 0.0 0.0 0.0 19076.9528293 15290.7915086 0.0 4059.1106381 13745.6774548 40652.4849003 31601.2692558 39209.5322229 84338.1977011
0.0 1540.58138262 1249.75347763 0.0 0.0 0.0 0.0 0.0 53869.4007145 0.0 227091.190878 257553.903759 78609.3648037 0.0 0.0 0.0 0.0 0.0 0.0 0.0 0.0 808.366204287 0.0 0.0 0.0 0.0 0.0 132.449200523 0.0 0.0 0.0 0.0 0.0 0.0 0.0 0.0 0.0 0.0 0.0 0.0 30577.589141 11604.0696893 343924.361371 79434.1894675 30913.8536883 0.0 0.0 0.0 35618.4277035 10974.5139542 27037.430615 0.0 16414.6446937 0.0 0.0 0.0 0.000961157757316 0.0 0.0 0.00243276727042 0.0 0.0
3857.95111321 1458.80064713 0.00239911712651 0.0111489071119 0.0 0.0 0.0 0.0 0.0 46782.4832481 378917.703325 17221.3012125 3108.08158418 79381.1125106 31604.4308389 23817.0215848 0.0 0.0 0.0 0.0 0.0 2466.2847542 1683.07412275 0.0 0.0 0.0 0.0 0.0 0.0 0.0 0.0 0.0 0.0 4691.3420507 0.0 0.0 0.0 0.0 0.0 0.0 25085.8676258 10583.4694381 3295.34668027 48816.6410947 10852.8260264 0.0 0.0 0.0 0.0 0.0 0.000867122137663 0.00366554204826 0.0 0.0 0.0 0.0 0.00139132727618 0.0 0.0 0.0 0.0 0.0
18391.8276258 23853.5070756 5761.5132727 0.0 0.0 0.0 0.0 0.0 0.0 147780.31082 73329.6927581 61079.5714966 96583.8412746 14973.602773 65881.1828307 47316.2568255 54026.6732462 0.0 0.0 0.0 1354.02776517 4034.9726144 16614.7935739 12499.4569131 0.0 0.0 30916.422853 0.0 2165.7367966 215.897506256 0.0 0.0 0.0 0.0 42.5271853162 0.0 0.0 0.0 0.0 430.865305449 15251.8167253 1480.51735743 3752.20836018 49438.9150182 0.0 68472.0912219 0.0 0.0 0.0 0.0 0.0 0.000114989582319 0.00732407874472 0.0 0.0 0.00911905419836 0.0 0.0 0.0 0.0 0.0 0.0
5625.11762768 33008.171451 27354.7843951 0.0 0.0 824.360375215 14417.5747106 0.0 0.0 0.0 32143.0355613 31300.4831107 21591.4899957 0.0 1149.87382085 16015.4435484 444.646242598 0.0 0.0 0.0 0.0 4003.58939617 0.0 4147.62238662 41937.4837021 13614.5540803 12518.7098524 34930.5172806 52301.9364742 113185.509684 25823.0471319 0.0 23544.2922139 812.795584853 0.0 7042.15404278 355.552982791 0.0 0.0 0.0 0.0 0.0 1385.2695797 36218.5292488 5460.10818617 50613.2925183 67855.9302481 23351.5601083 0.0 0.00172651048278 0.0 0.0 0.0 0.0 0.00390267541429 0.0 0.0 0.00417961949335 0.0 0.0 0.0 0.0
0.0 0.0 993.239660428 0.0 0.0 11376.3022644 11034.0686109 11401.7995547 0.0 0.0 21636.9780655 15941.4298199 53455.0240016 52051.3046561 97188.1788798 56356.1323959 0.0 0.0 2947.44478269 9018.69275528 1556.35947576 0.0 0.0 62545.3397297 34731.7766759 36772.8496464 11069.0121183 8384.64230723 108189.867056 144105.988375 89373.331357 68963.2800146 88330.2492689 17115.1998794 8502.66845244 801.137111858 553.289525886 1150.47991315 12695.2876282 0.0 0.0 0.0 34779.7135289 29647.3205668 63512.7369949 50609.5209997 61317.5862382 28825.1654851 0.0 0.00342037868635 0.0 0.0 0.0 581.200567451 989.57604545 21397.9497847 0.0 0.0166266576571 0.0 0.0 0.00336890511213 0.0
30219.5556668 14332.0154133 0.0 0.0 0.0 429.964077084 4688.19407938 4643.68057387 0.0 894.565838871 3057.46257655 50403.0227016 95178.4894193 59111.3797962 37926.6389849 18556.5276118 485.620682891 3272.59861124 0.0 955.237602234 8103.8153501 23233.667912 39291.7482033 20001.5322982 22115.4245335 21099.1248195 25444.0132264 28926.205525 35708.4899582 35226.6494757 27990.645053 4680.25377288 3835.4671406 17617.9856088 11451.5470229 3332.81693154 3150.34566102 1186.55690478 4290.01085936 0.0 0.0 30805.8452959 29149.4628257 6209.08954757 0.0 39074.5971191 28381.3020002 2398.81774206 6109.09642133 1069.61019137 1439.11176171 0.0 0.0 0.0 0.0 39534.2604116 33519.692826 40789.5158482 28671.6634627 0.0141293905971 815.524296661 280.50413585
13405.6411311 17446.0456518 0.0 0.0 0.0 378.433434642 0.0 0.0 199.823478156 6187.13529039 7698.56296895 65684.971753 35119.715069 81026.4578863 70508.6561174 23510.8694202 10598.8155375 0.0 10799.1685255 7064.44488643 19431.1011964 16592.603371 17754.4972175 16042.9347366 21551.3079519 13862.243472 16633.6039051 11589.6060308 0.0 0.0 0.0 0.0 1596.08562943 7151.94887101 18945.1037863 53253.4165421 20641.195439 26526.61647 25522.3403472 10318.6541529 40801.5760584 19449.4736518 11613.3236125 5156.08686294 0.0 0.0 9515.60430276 37335.4016586 14796.0129812 12250.690362 0.0 10486.2408156 28779.511169 14553.1590666 0.0 5975.45943077 20675.2314228 34565.0110209 27181.1550126 31079.1671312 28827.5654791 10355.7259782
0.0 0.0 0.0 0.0 0.0 0.0 0.0 0.0 0.0 0.0 8387.17900865 73645.0689655 99759.1625343 91265.3959599 137662.123858 18259.5536028 24739.0839563 0.0 0.0 39391.322928 50570.7155517 44512.6100204 4587.45353585 15854.8546461 0.0 0.0 0.0 0.0 439.066074067 0.0 0.0 0.0 0.0 0.0 0.0 0.0 11946.9585082 20725.7742019 8257.31317704 4370.37589986 1339.85888846 666.560304571 13046.5397254 14251.7449829 1267.50686088 4899.6887306 53721.2166996 0.0 13228.0488771 0.0 0.0 14303.340593 16941.7009044 7972.15615405 0.0 0.0 4022.91179955 29585.3961553 24991.4853113 21524.3850031 41145.2991094 10934.250818
0.0 0.0 0.0 0.0 341.965337731 0.0 0.0 0.0 665.045311275 58065.6763491 50027.1936456 70365.5495661 48496.5410637 106090.689219 100866.856252 8382.22624177 841.544208028 0.0 13527.8454462 48137.4086481 42412.6904686 0.0 0.0 0.0 0.0 0.0 0.0 0.0 0.0 0.0 0.0 0.0 0.0 0.0 0.0 0.0 0.0 0.0 9721.37964991 11675.449875 12735.8413733 6561.71268459 5038.54555181 0.0 0.0 0.0 0.0 0.0 0.0 0.0 0.0 0.0 0.0 0.0 0.0 0.0 0.0 0.0 0.0 19013.0247109 21369.7127078 0.0
0.0 0.0 271548.723335 201526.023681 254873.72017 10666.0447882 24192.1192559 64610.568189 7400.46597858 9550.55580619 47592.533684 18422.6787398 32231.033565 34604.4766637 85955.9884714 4374.00282431 0.0 12425.0620834 0.0 0.0 0.0 0.0 0.0 0.0 0.0 0.0 0.0 0.0 0.0 0.0 0.0 0.0 0.0 0.0 0.0 0.0 0.0 0.0 0.0 0.0 0.0 2098.48375518 0.0 0.0 0.0 0.0 0.0 0.0 0.0 0.0 0.0 0.0 0.0 0.0 0.0 0.0 0.0 0.0 0.0 6600.14910843 1914.26174518 0.0
