critload/trunk/input/1999/ngw_nat.asc
ncols 720
nrows 360
xllcorner -180
yllcorner -90
cellsize 0.5
NODATA_value -9999
[rows 130 to 155 of 360, columns 531 to 589 of 720]
383770.34384753235 167477.18073903717 0.0 248203.23933419702 55330.25063734951 18418.101472351773 0.0 263248.8450327118 49952.988747498435 0.0 195571.7755772125 196402.60022367723 88690.5798327046 0.05016574243496795 90338.38198263934 902048.72662742 565432.6901838864 614505.7177754047 983833.280921636 1007153.5775316677 1437852.21056 1727593.3396813534 2023714.29802 599999.9004518084 974712.9427173237 903426.031092081 658703.8107253698 229846.32175629234 585024.5338039591 576919.0585088588 915452.5784364515 653957.9196786374 594440.6047103333 488570.38269996835 783675.1430032201 197175.83582383915 52955.738594971735 583092.512322057 715300.9175993862 762595.6323423093 1312567.4454534655 1510924.0106151253 1319675.3147298768 1377726.316848154 1404013.0483541985 833365.9852281047 588871.5051882003 290450.83675754693 515069.5926295152 432228.9790604315 542308.1720134406 701092.9319259248 899906.0659025884 1451659.604897537 1702545.4610561437 1312459.9539898382 1106796.3120901415 1426987.0121323876 769598.4247504858
474348.6301533224 108480.17041173688 343164.61453387135 428189.15883275744 44239.15658762052 0.0 0.0 300429.6944686048 69237.11349939712 0.0 0.01881372897478567 32424.565934539747 456184.86066953716 435584.2737653527 1254476.8644639861 921700.67323 884250.2265404151 765759.083097352 814595.95751407 1607032.29829795 1783459.526409497 1368714.7928937143 1533728.2985104125 534093.343553871 968609.886652166 1004998.6286980584 851932.8002746403 436022.89091419784 480072.06733804493 425844.65021379903 449850.6437897126 990950.5680516008 689926.6644737911 839817.9285687208 250501.77343163322 159502.25901784422 191601.24026048588 404878.46622772753 812782.6826565226 1478067.3946258498 1699798.3059551967 1506361.7720214806 784359.6342500349 370294.4635834311 843988.0983738976 803272.3334196365 161072.84229346213 173214.4458312705 13921.563471673566 475033.608331085 676653.3642142065 511209.8382766322 863950.6841185614 1293784.737222646 788452.3356008565 1127437.2547952402 881790.4445488175 1277922.1304798983 1140603.9716800153
761678.9575115195 343829.7121601782 259891.32011791714 153487.900265767 0.04938342827583313 0.050045365654411256 130960.22144493775 0.0 57516.5458316304 198795.8828353856 14892.82255670541 35089.68972962765 879952.7489128353 1020756.7489067924 1068591.2312840393 932314.096165 1030414.58101 900932.1170104148 1224940.3457744266 1297932.6640328467 1092488.7242327721 1051403.5407278852 1172007.5479641 1122508.1923811 1067699.8935707614 1328044.84992 823476.5058657691 622023.5076508011 684239.5760470406 961082.0922987256 640172.8245507996 1154830.4878205338 590444.9676662375 585055.2330285594 293514.59801309684 132127.9280608952 57035.74899894734 154294.4396391159 124448.74263138138 231239.89109520952 483218.36512278713 1246272.0848904697 658706.709637726 546463.6752651753 397073.8740674672 605866.042428431 314476.8646025355 66354.3559387997 343968.5375490341 451402.30789439264 642282.4793642963 531020.2462396413 980705.803396595 771775.9955470447 730977.0793634823 578214.9640746725 791240.7670074609 1266234.388321256 748615.726774467
1471123.4088482833 982468.5532378539 407824.1026668799 90335.96426501808 0.04725889882406867 0.0 0.03135008895294219 38952.16689025723 58928.46269657133 14545.778311477345 43994.99039564797 44415.78848808876 413116.85464169347 506787.36878317106 1175519.87107 942166.244708 1078349.36117 1039670.3908598782 1224766.56103 1002752.576364529 771897.4673814641 822959.2258468127 1018591.7081578975 1206346.5388961001 1121859.72160291 1403942.2151371024 1148439.6181868752 917294.3487568529 663838.0599331547 776575.5465166955 786565.9857446356 1022408.6773423412 424420.64210622344 442389.1238730314 332541.41187509627 309307.9478923908 273401.79231686285 162022.61601301157 326817.83738162945 1223518.3890256176 674514.349157063 331033.34455063625 432724.1485318902 433855.55922962487 243011.1655097115 200305.50882097418 847219.2968354842 328480.55873791676 579795.6711158229 601133.7454480809 147713.41206505155 415686.8712704921 809566.2077318261 907510.4655539641 66946.49528079912 84716.11247717218 98937.17580301169 550493.2189287358 418869.9029114894
1481373.3043557373 584341.284974613 880417.2523947223 47836.842089131766 0.13118231226859578 281403.98249608255 12127.570064528682 0.0 89485.07393848889 0.0 0.0 7896.921108670318 33870.893587554696 143126.5798440978 1049176.1397114475 980666.730507 974514.95582 923936.0053995854 1020441.0687853674 350936.91227101063 122826.64574439812 708418.745702997 992285.620765 979739.0050806114 1454033.5005505069 1417636.834749803 1247588.95278 1367461.742811383 578052.8769507376 537004.1394720594 766779.905948206 848629.8006720602 559721.1405240356 994548.1228096702 860569.0643038843 878520.0176533336 957909.7942909364 1062001.7280145898 1519883.600091714 2004111.95349 1814659.2558412359 1822340.3093266068 1341875.7332920197 534829.5546583979 334843.9445955603 145460.15585288082 112915.46138317812 336833.03979087406 62932.13143140166 358635.23861341516 719145.1092563723 1153021.9379014627 432059.07199077134 387901.5910022753 239418.74171117094 5360.06192381994 89010.33055141896 644443.6643134919 724904.0362987175
863656.7327106653 1739352.0158261221 537607.294603815 0.0823217475841571 18300.3519637686 47292.6156366277 140505.1774042372 65977.01298576003 147870.74283587173 0.0 0.0 10156.159295060455 12060.480068787923 272441.8553537986 1488367.1895813874 1012761.04512 997306.705517 1363010.1082866723 721936.8881637588 38778.89189140128 16171.133761786083 150835.89127445302 808373.4759947731 1189323.0855659489 1042745.2279586517 1020414.1090012916 1142564.23293 1093115.9718217321 684322.8427573622 475250.447419654 895558.0784757874 998802.2589353686 1341004.2822578698 1316549.9073869945 1610215.07224 2026012.12208 2154569.10061902 1425478.3566834815 1615028.3362791704 2000573.2113335456 1780843.1156834927 1946873.1670566075 873566.1074749983 339713.564329768 303035.1243114749 408297.24738643784 95174.55894014008 326834.2827775089 428170.23518019856 132241.88532491337 134523.83676698976 695176.8794248608 703324.6438827863 780395.3832534726 71989.51061232015 0.0 686.8670082031721 18612.268868714975 -9999.0
634958.4198527052 1994749.59529057 246857.60807207788 3684.4935978918325 88139.54455362407 79339.08516775006 441312.9146297119 122808.68534017156 63105.03706722552 0.0016755594352659458 -9999.0 -9999.0 0.0 294532.9801177193 1716512.81086 1563011.94484 1008803.58313 1389122.3844283337 740536.2005311147 56077.60277234501 250518.99460886573 984247.7630723816 804566.975999 1020559.22802 1283764.8183009657 1074482.541760434 1243920.3548 1449939.60282 1540279.47159 1005950.1549385805 1057674.1428329875 1411151.5361193514 1263584.2099725734 1574039.31545 1639051.4464 1855368.01795 1726163.48021 1756607.6284705142 1310695.2638351303 1086114.6654876827 1134431.686039416 1391374.4914690899 1731958.3688205304 1544281.4370546872 1090102.0711960855 396930.58090841654 0.0 8015.958157689701 23745.676272789402 841476.6334810795 0.0 287290.7735340654 101294.27987982285 73951.2012462159 70117.65628084872 -9999.0 -9999.0 -9999.0 -9999.0
1814265.6332856535 1037322.8492368696 212244.52931057932 -9999.0 -9999.0 -9999.0 -9999.0 -9999.0 -9999.0 -9999.0 -9999.0 -9999.0 -9999.0 644707.6777305625 1858746.54405 1867069.46816 1034002.18929 1386285.4333491442 427507.4852830316 85597.80819126588 74720.306861079 949217.1170752713 1535065.4386687195 1043187.1236255999 1626263.938027805 1042829.9889545182 1478821.04449 1755303.99847 1029039.1295118429 980862.696828 1753850.94312 2185632.6778903916 1777903.778483006 1538055.06247 1586306.407805906 1646442.5582137597 1751924.6574410673 1640754.9598271018 1802456.2366139325 922893.331580351 297521.7919758868 313180.2117307703 2308186.876817592 1307473.6101158008 193181.5048642139 -9999.0 -9999.0 0.0 0.030179787688655178 0.0 0.0 -9999.0 -9999.0 -9999.0 -9999.0 -9999.0 -9999.0 -9999.0 -9999.0
531226.7902771122 0.0 86537.3527944483 -9999.0 -9999.0 -9999.0 -9999.0 -9999.0 -9999.0 -9999.0 -9999.0 -9999.0 -9999.0 140063.7014291995 528268.7403079949 1344663.4895890148 1620539.83914 1485219.4318054428 117537.09205909105 410934.7992203734 168103.82713334195 1174631.7602970002 1223517.7456383281 1175677.2154118249 1437081.8112478878 1016862.0388799532 1369324.75258 1064552.69012 1026351.947081361 1820397.56281 1102973.26055 1612159.63038 1664147.3783764218 1384774.61092 1457595.49696 1756510.27349 1576292.47151 1718687.01645 1773806.6220181999 1289548.0698608763 254708.41281885092 0.05522480362319541 64429.9659725701 138426.4594844572 -9999.0 -9999.0 -9999.0 -9999.0 0.023277514804694942 0.0 -9999 -9999.0 -9999.0 -9999.0 -9999.0 -9999.0 -9999.0 -9999.0 -9999.0
46469.13675915076 3581.9421130179044 7800.749348630189 -9999.0 -9999.0 -9999.0 -9999.0 -9999.0 -9999.0 -9999.0 -9999.0 -9999.0 -9999.0 -9999.0 139972.25930632054 332558.1872976311 1927289.32422 1736488.7086442003 272655.6573406951 133236.48691167223 759488.1949717305 1153754.5481394245 1672503.177362952 1874788.740527875 1645495.16484529 1641321.3253468312 1535896.78956 1076935.890922263 1362835.876418605 1210844.2995285068 1083370.8034187157 1404398.7357332406 1356542.4675182586 1555439.4163530366 1725963.6836913284 1701547.85421 1781838.15697 1694038.49501 1786532.0836 1235459.0226930273 733982.8646449385 2112.2194831442025 3466.8953819880185 -9999.0 -9999.0 -9999.0 -9999.0 -9999.0 3225.3909206833287 0.0 5766.216987742067 -9999.0 -9999.0 -9999.0 -9999.0 -9999.0 -9999.0 -9999.0 -9999.0
25074.07650799868 467.89012473785726 -9999.0 -9999.0 -9999.0 -9999.0 -9999.0 -9999.0 -9999.0 -9999.0 -9999.0 -9999.0 -9999.0 -9999.0 -9999.0 54028.9175075475 888687.9634157676 1807181.11304 1140600.6708291206 501121.9895230678 962290.86462186 1283854.8376851357 1879798.942557378 1637402.8142732217 1613274.1154605 968694.268561 886874.253524 953926.2545804586 1249635.140402754 1251683.4684137006 1362164.1042297315 1272591.3857433228 1371904.9389331096 1699952.6226857097 1892390.6316281743 1609284.6335482432 1585642.4505795697 1782671.31087 1767897.43192 1456355.3868697537 156737.5092955817 -9999 -9999.0 -9999.0 -9999.0 -9999.0 -9999.0 260785.48499452215 0.0 0.0 0.09370768500814851 4539.37878124 -9999.0 -9999.0 -9999.0 -9999.0 -9999.0 -9999.0 -9999.0
-9999.0 -9999.0 -9999.0 -9999.0 -9999.0 -9999.0 -9999.0 -9999.0 -9999.0 -9999.0 -9999.0 -9999.0 -9999.0 -9999.0 -9999.0 -9999.0 785705.7593265856 1574349.2710898982 1502246.9707983532 645258.7999560668 1284688.564641783 1252664.3811772245 2125818.12357 1751814.1641764399 807387.74125 830665.794915 702800.0793202405 613582.9470994133 621012.5214353569 832110.0733980174 1276927.5397607638 786224.565288 1399088.2794554147 1690030.2791267957 2062632.79875 2049043.3161669956 1650158.0055034582 1811788.47074 1760305.4332082344 1255117.5986736133 167358.23371318495 -9999.0 -9999.0 -9999.0 -9999.0 -9999.0 233194.78684253653 653705.6180489674 1440884.5025853822 1194468.949784766 0.04068937768948946 -9999.0 -9999.0 -9999.0 -9999.0 -9999.0 -9999.0 -9999.0 -9999.0
-9999.0 -9999.0 -9999.0 -9999.0 -9999.0 -9999.0 -9999.0 -9999.0 -9999.0 -9999.0 -9999.0 -9999.0 -9999.0 -9999.0 -9999.0 -9999.0 71582.12471001256 883886.1793291682 1727011.1243999025 220379.5992936829 1127097.5214370189 1173219.3987339363 1784249.7258160117 2170114.98603 793950.842413 654575.7682515292 342008.1283082746 0.0 0.0 477314.5034918938 628434.418536124 734707.183624 1082834.3562944098 1517131.2998244658 1509510.0849236257 1935536.27618 1856694.31812 1585968.73605 1717108.51549 971221.8251195528 153670.6874529452 -9999.0 -9999.0 -9999.0 -9999.0 -9999.0 303749.2755670497 554909.5651523538 846066.144632179 222787.29767785044 -9999.0 -9999.0 -9999.0 -9999.0 -9999.0 -9999.0 -9999.0 -9999.0 -9999.0
-9999.0 -9999.0 -9999.0 -9999.0 -9999.0 -9999.0 -9999.0 -9999.0 -9999.0 -9999.0 -9999.0 -9999.0 -9999.0 -9999.0 -9999.0 -9999.0 -9999.0 210545.41580925553 1822321.223464 200873.5047920113 350572.68688242027 1406475.5237960862 354872.1923633071 2310352.8726 708652.25405 571635.001779 303281.9968830631 244227.74360886257 158183.24017194123 549157.7212555283 271234.30345250724 586270.4106909883 1053692.3991392346 1479050.4380051554 1154462.6397069243 815224.0000852946 841602.7578468784 1691455.6285464724 1582549.1491492593 1826575.231216304 478465.90932623314 289089.1467522712 -9999.0 -9999.0 -9999.0 -9999.0 7388.398134624883 153330.9172859677 117914.55627288485 27406.1647666 -9999.0 -9999.0 -9999.0 -9999.0 -9999.0 -9999.0 -9999.0 -9999.0 -9999.0
-9999.0 -9999.0 -9999.0 -9999.0 -9999.0 -9999.0 -9999.0 -9999.0 -9999.0 -9999.0 -9999.0 -9999.0 -9999.0 -9999.0 -9999.0 -9999.0 -9999.0 39187.825155 1038577.0918342447 200149.43820801523 139631.09186026143 1492562.131661957 269943.67271847336 2155171.19413 1597279.36597 1576829.44782 402153.7357393482 73852.72945507806 133996.40545020378 377230.07351654966 180773.08086077424 617901.3456470778 704394.5254772841 754147.9637871006 182398.63377708112 262982.9835774278 456953.7384061207 508447.15082609537 1812253.633580735 1533338.229064943 1572353.2291429618 711568.8070865456 71430.4978341 -9999.0 -9999.0 -9999.0 -9999.0 -9999.0 -9999.0 -9999.0 -9999.0 -9999.0 -9999.0 -9999.0 -9999.0 -9999.0 -9999.0 -9999.0 -9999.0
-9999.0 -9999.0 -9999.0 -9999.0 -9999.0 -9999.0 -9999.0 -9999.0 -9999.0 -9999.0 -9999.0 -9999.0 -9999.0 -9999.0 -9999.0 -9999.0 -9999.0 -9999.0 196509.66843243683 167453.11442441907 125316.2540236217 1053538.2609348008 208579.6091143764 1232688.7798623573 1066438.7906550174 1680456.8811437727 267016.8248803032 367374.9646390018 301981.2874711643 399658.2039183882 192007.7742917853 646660.5568176002 876749.907085502 691321.0164173067 230353.44023181187 360595.9082964378 712244.4015131876 628694.5162663368 443719.6762891779 1922655.2403503621 1191900.3377879343 1641559.0702726096 337414.4898586282 1519.0486290288468 -9999.0 -9999.0 -9999.0 -9999.0 -9999.0 -9999.0 -9999.0 -9999.0 -9999.0 -9999.0 -9999.0 -9999.0 -9999.0 -9999.0 -9999.0
-9999.0 -9999.0 -9999.0 -9999.0 -9999.0 -9999.0 -9999.0 -9999.0 -9999.0 -9999.0 -9999.0 -9999.0 -9999.0 -9999.0 -9999.0 -9999.0 -9999.0 121841.57716873974 154827.70708337805 64478.658780089376 122589.71094617425 269121.2759226268 301077.29501492874 89353.41261599818 195528.420426193 1384940.3899251404 890466.9646776884 731276.2933991252 218038.85347988884 137969.9351371584 137794.9589963752 0.0 352625.55293285195 438769.53491219704 56222.51685235083 239178.9056577684 578032.8276220266 893948.5205381208 249851.96381634526 1336219.1701067013 1337356.5103677767 1506403.0823186326 1803877.660096134 429615.8802286979 5040.501750086922 -9999.0 -9999.0 -9999.0 -9999.0 -9999.0 -9999.0 -9999.0 -9999.0 -9999.0 -9999.0 -9999.0 -9999.0 -9999.0 -9999.0
-9999.0 -9999.0 -9999.0 -9999.0 -9999.0 -9999.0 -9999.0 -9999.0 -9999.0 -9999.0 -9999.0 -9999.0 -9999.0 -9999.0 -9999.0 -9999.0 -9999.0 245083.46528690786 712207.0537923829 523599.3754319205 294876.2008928621 71801.63897640069 -9999.0 -9999 434268.2586160329 516110.5645501133 1760595.929540453 807206.1443000202 417815.8966584649 149224.20352493564 204689.07602012355 0.0 0.0 20454.562442925908 22248.490787386596 42825.80372424315 47162.81644599955 445654.5152908153 529884.7575958705 916058.4943869307 1012257.903159593 1215244.377116107 1511744.6396839665 1805367.5752907963 766758.3972441896 101658.79097917951 -9999.0 -9999.0 -9999.0 -9999.0 -9999.0 -9999.0 -9999.0 -9999.0 -9999.0 -9999.0 -9999.0 -9999.0 -9999.0
-9999.0 -9999.0 -9999.0 -9999.0 -9999.0 -9999.0 -9999.0 -9999.0 -9999.0 -9999.0 -9999.0 -9999.0 -9999.0 -9999.0 -9999.0 -9999.0 -9999.0 20138.709424535467 239801.7017310906 289113.6456605007 81732.74925476 -9999.0 -9999.0 -9999.0 743193.5681956648 1832330.3156406812 1753822.46513 1163129.1566728982 393813.3114372382 42489.98022048253 570362.0962495253 743255.4441612555 156092.5599913712 9888.080696629524 418619.69361053436 98733.54131530484 149043.31873693524 37748.18500596615 310178.7784646643 526211.3265941719 1244948.7036004032 984339.4853060466 1491269.60636 1551564.3443636964 1534709.6347952 196796.59979577918 26438.7829065 -9999.0 -9999.0 -9999.0 -9999.0 -9999.0 -9999.0 -9999.0 -9999.0 -9999.0 -9999.0 -9999.0 -9999.0
-9999.0 -9999.0 -9999.0 -9999.0 -9999.0 -9999.0 -9999.0 -9999.0 -9999.0 -9999.0 -9999.0 -9999.0 -9999.0 -9999.0 -9999.0 -9999.0 -9999.0 -9999.0 -9999.0 -9999.0 -9999.0 -9999.0 -9999.0 -9999.0 402404.3092862359 2154011.61378 1965400.59654 1915987.21493 568282.1255319018 29488.230547898318 353356.858242213 645591.1433311193 114393.94695087177 -9999 -9999 15092.040072838303 174784.68645834 147191.07411605545 200615.77293307413 202981.37240470079 1408299.8857210428 1142501.1248323794 1378344.421785882 1588086.3844 1587675.1415954982 1546196.2020013 243945.24751868087 -9999.0 -9999.0 -9999.0 -9999.0 -9999.0 -9999.0 -9999.0 -9999.0 -9999.0 -9999.0 -9999.0 -9999.0
-9999.0 -9999.0 -9999.0 -9999.0 -9999.0 -9999.0 -9999.0 -9999.0 -9999.0 -9999.0 -9999.0 -9999.0 -9999.0 -9999.0 -9999.0 -9999.0 -9999.0 -9999.0 -9999.0 -9999.0 -9999.0 -9999.0 -9999.0 -9999.0 227483.04242994773 1761148.1381615305 1806540.8276612433 1561159.2019938459 435977.43388485594 4996.536949683529 326113.1506186735 1060615.5891138315 500240.45265823987 20976.585214990646 211858.88225424336 126667.26270214033 380795.8331460911 199521.71270538797 422534.1169418832 616963.3389419692 1539856.4838874268 1747450.8137749021 1204821.1926124091 1357815.7909756345 1401727.3984972548 1520119.062703 806509.2533070515 52746.81791746033 -9999.0 -9999.0 -9999.0 -9999.0 -9999.0 -9999.0 -9999.0 -9999.0 -9999.0 -9999.0 -9999.0
-9999.0 -9999.0 -9999.0 -9999.0 -9999.0 -9999.0 -9999.0 -9999.0 -9999.0 -9999.0 -9999.0 -9999.0 -9999.0 -9999.0 -9999.0 -9999.0 -9999.0 -9999.0 -9999.0 -9999.0 -9999.0 -9999.0 -9999.0 -9999.0 -9999.0 1524553.535219182 2118446.98658 1379777.0295466087 199217.59149176022 57754.56754132631 139422.49876732533 1212329.967315541 1058292.6363267014 229523.02908369494 194123.5384515462 431863.8795547249 1111289.3937788678 929413.2371572036 1146178.758833815 1239707.6155231586 1459175.7529845473 1701477.096751906 1825000.30942075 1265278.8408216771 1320788.1303607388 1109580.525172191 1120877.452876387 159738.19127526294 -9999.0 -9999.0 -9999.0 -9999.0 -9999.0 -9999.0 -9999.0 -9999.0 -9999.0 -9999.0 -9999.0
-9999.0 -9999.0 -9999.0 -9999.0 -9999.0 -9999.0 -9999.0 -9999.0 -9999.0 -9999.0 -9999.0 -9999.0 -9999.0 -9999.0 -9999.0 -9999.0 -9999.0 -9999.0 -9999.0 -9999.0 -9999.0 -9999.0 -9999.0 -9999.0 -9999.0 876585.6434908598 2054273.92051 1404581.3044387319 64646.37657017908 92318.52360520203 145550.9888185096 245124.5342289345 501989.19476068346 590001.7953532597 642044.3962233955 730056.8480552058 912900.7966691504 1358982.8929017957 1210946.0441489392 1601228.6051756565 1439035.485744462 1386022.8646661842 1262902.9733449419 1062107.4859562824 838035.0136208846 780162.3354273549 1057220.9022040414 352225.4703111878 -9999.0 -9999.0 -9999.0 -9999.0 -9999.0 -9999.0 -9999.0 -9999.0 -9999.0 -9999.0 -9999.0
-9999.0 -9999.0 -9999.0 -9999.0 -9999.0 -9999.0 -9999.0 -9999.0 -9999.0 -9999.0 -9999.0 -9999.0 -9999.0 -9999.0 157187.98084243288 80342.3747122 -9999.0 -9999.0 -9999.0 -9999.0 -9999.0 -9999.0 -9999.0 -9999.0 -9999.0 72655.90806766762 1742435.5796031174 2050240.8323132617 715169.3156410211 23455.22558105281 0.0 493814.63327135204 1350498.0873539273 1053920.645304852 566979.8574546116 342020.46670966473 643524.9235842632 918331.2795083529 1171286.9409775308 1447387.246471536 1241135.978103784 1693252.3749896921 1605089.0277484301 1415531.2316328525 959380.8880124305 1132376.3828659626 1068029.1035360035 169794.5612302254 -9999.0 -9999.0 -9999.0 -9999.0 -9999.0 -9999.0 -9999.0 -9999.0 -9999.0 -9999.0 -9999.0
-9999.0 -9999.0 -9999.0 -9999.0 -9999.0 -9999.0 -9999.0 -9999.0 -9999.0 -9999.0 -9999.0 -9999.0 -9999.0 -9999.0 314585.67372726003 -9999.0 -9999.0 -9999.0 -9999.0 -9999.0 -9999.0 -9999.0 -9999.0 -9999.0 -9999.0 138840.357658 1081129.9671494495 1892763.42841 705219.9983593035 -9999 41559.08525804497 425372.99530207156 651306.0130487499 848345.9008161672 973371.8794946327 675170.2887691344 468264.08025005314 567317.9177393803 411834.0626816776 706510.9330967786 49435.21823269842 1453939.5166989309 1523302.3041913616 1668469.3835153198 1200350.7873417893 576699.0654735621 1068582.1630327895 381145.76216269797 -9999.0 -9999.0 -9999.0 -9999.0 -9999.0 -9999.0 -9999.0 -9999.0 -9999.0 -9999.0 -9999.0
-9999.0 -9999.0 -9999.0 -9999.0 -9999.0 -9999.0 -9999.0 -9999.0 -9999.0 -9999.0 -9999.0 -9999.0 -9999.0 -9999.0 164759.90234342837 -9999.0 -9999.0 -9999.0 -9999.0 -9999.0 -9999.0 -9999.0 -9999.0 -9999.0 -9999 166836.9925359799 650339.5237903142 1313165.4247906883 676515.1810015762 -9999.0 -9999.0 -9999.0 -9999.0 253279.05519440127 959084.7526986892 1371697.5808412598 1045483.3691542963 1072197.6995739385 313825.0865590098 103482.60997014552 339406.6749400287 943204.3695473201 1345994.0392369318 1303338.1238030023 706700.4180647589 1073988.8642929865 1123966.6654433091 139403.8731643603 -9999.0 -9999.0 -9999.0 -9999.0 -9999.0 -9999.0 -9999.0 -9999.0 -9999.0 -9999.0 -9999.0
