critload/trunk/input/1999/ngw_nat.asc
ncols 720
nrows 360
xllcorner -180
yllcorner -90
cellsize 0.5
NODATA_value -9999
[rows 162 to 188 of 360, columns 186 to 247 of 720]
-9999.0 -9999.0 -9999.0 -9999.0 -9999.0 -9999.0 160756.612392 576973.000578 830649.318333 870232.229779 760345.778171 414940.417743 573680.304977 686426.753468 109299.203196 -9999.0 134694.262214 553713.9751 49479.8710736 49408.4158281 84923.5037875 32038.87841 22776.3262269 172919.956567 243007.0771 323204.638249 132717.333383 637876.507273 189461.080342 382042.813397 579944.249975 832820.134202 561398.363327 753042.218457 250638.197294 320708.287248 357087.533647 303691.505406 344526.076556 544129.204185 446623.264029 368688.487883 287813.501752 375349.972416 163045.853974 58122.7405123 124531.167574 345679.937858 204469.40949 23088.7730326 108808.522004 128023.994476 97388.3134469 80348.0105035 -9999.0 -9999.0 -9999.0 -9999.0 -9999.0 -9999.0 -9999.0 -9999.0
-9999.0 -9999.0 -9999.0 -9999.0 -9999.0 -9999.0 21920.8374734 58412.0041897 94417.4328455 268505.352358 371099.216274 561225.007519 329507.32517 81103.9114774 10896.092039 0.0 69960.1851247 184736.591569 343970.899212 232121.414959 107520.208087 149148.890756 137240.666059 220144.244219 426433.235477 764398.012141 144267.556483 415351.918262 439798.549687 395570.43007 1237305.52205 902469.906607 223876.401523 204535.076819 112102.733179 314307.469921 314253.577507 339043.866834 333856.686254 624310.333731 678813.668392 430819.845062 356153.52466 178451.248576 182671.479752 213240.735303 177127.66762 314537.947546 414596.252069 614312.249371 489334.278394 336665.780679 95441.011375 86167.7022003 351355.214737 142283.551517 -9999.0 -9999.0 -9999.0 -9999.0 -9999.0 -9999.0
-9999.0 -9999.0 -9999.0 -9999.0 -9999.0 -9999.0 -9999.0 -9999.0 -9999.0 -9999.0 162009.884721 299303.987145 589234.041989 296539.16851 -9999.0 -9999.0 -9999.0 457789.609431 1030998.85635 1298475.24402 448003.168338 1315765.99339 766741.823614 447762.780927 585676.461365 869048.421602 434719.996448 534662.569453 377154.420324 779913.502167 661900.523406 164266.146193 194973.293728 348935.435993 499526.068966 492443.893726 450887.181927 345096.913916 353271.691142 239334.477319 341339.560743 806521.805087 869298.572492 751165.929385 677588.985838 723895.739495 396272.815629 465424.688143 562577.354645 63903.6785378 0.0 364757.800015 826456.729701 1319709.3426 1174418.49954 171305.97995 168818.148438 -9999.0 -9999.0 -9999.0 -9999.0 -9999.0
-9999.0 -9999.0 -9999.0 -9999.0 -9999.0 -9999.0 -9999.0 -9999.0 -9999.0 -9999.0 56186.1660296 -9999.0 257473.300719 168559.981662 -9999.0 -9999.0 -9999.0 54373.1177277 682028.058184 1316158.58518 712166.112084 902342.617326 773223.206876 1127322.14983 1718239.4135 1439305.20914 544916.717762 535296.773792 188260.285569 1269586.14027 29949.3729139 148551.395938 249145.133934 415379.698961 499276.181301 489215.285464 800522.94265 938314.385288 905156.961937 886523.842638 463323.681892 853828.322954 956755.601557 1061304.16233 1124328.75455 801821.727981 896772.394273 757415.32843 620875.11619 267125.028507 337569.643555 0.0 1309397.13278 1274412.21732 1241653.821 1180103.68759 507979.908755 -9999.0 -9999.0 -9999.0 -9999.0 -9999.0
-9999.0 -9999.0 -9999.0 -9999.0 -9999.0 -9999.0 -9999.0 -9999.0 -9999.0 -9999.0 -9999.0 -9999.0 -9999.0 -9999.0 -9999.0 -9999.0 -9999.0 -9999.0 173552.106317 562380.762309 818380.980038 686882.973269 492557.973251 998561.570323 1162528.7291 1101169.92353 1209333.20431 576616.697255 322777.795984 519391.355116 427836.624647 54031.2903691 53580.8145872 394347.112246 843173.391478 836936.979117 848183.914629 622584.829631 1148497.44219 975092.720879 1035437.76287 1227718.46768 786192.701183 911533.54461 843163.176519 919391.06533 747002.17161 705247.450684 779738.960513 623237.755891 0.0 799937.000771 821878.678422 1289707.99193 1336999.91586 1269041.5758 768148.022177 264554.401572 34800.1023072 -9999.0 -9999.0 -9999.0
-9999.0 -9999.0 -9999.0 -9999.0 -9999.0 -9999.0 -9999.0 -9999.0 -9999.0 -9999.0 -9999.0 -9999.0 -9999.0 -9999.0 -9999.0 -9999.0 -9999.0 -9999.0 -9999.0 497240.387606 1108681.23503 796353.798718 660108.620129 874247.485573 1013419.77586 1081443.73753 925810.807846 1182939.56291 372611.993775 437387.752217 357407.740673 442383.327321 462346.344051 291669.25478 570418.018143 706772.647328 633001.268613 594201.61647 612811.211626 564487.788284 1444921.55961 906548.143744 930170.647672 970198.808043 909385.065656 922936.920126 870188.230083 807317.336933 762223.636066 781732.156874 1013873.48789 1393137.16584 1415971.47526 1336515.39821 1359959.89547 1287919.98999 898449.359957 873271.099287 180258.48816 65035.6295931 -9999.0 -9999.0
-9999.0 -9999.0 -9999.0 -9999.0 -9999.0 -9999.0 -9999.0 -9999.0 -9999.0 -9999.0 -9999.0 -9999.0 -9999.0 -9999.0 -9999.0 -9999.0 -9999.0 -9999.0 -9999.0 679366.980556 1154461.23126 937516.638164 845446.966832 1012377.14935 830354.795268 1175063.66323 465059.569868 398467.241418 283005.682715 720964.775282 336632.483019 418611.744278 496592.705436 351000.017442 248442.437312 239487.200731 335354.73523 289304.070997 319385.358737 764557.575104 847292.760632 845123.067488 855990.834497 923165.739766 920971.393335 911863.83238 819657.113778 896980.058895 725416.672685 887514.603896 1242017.20766 1443975.99374 1146084.6407 1116913.05226 1412760.18799 1415260.3872 1487538.06898 1341946.06565 664046.726056 306207.681171 265201.326827 383824.196345
-9999.0 -9999.0 -9999.0 -9999.0 -9999.0 -9999.0 -9999.0 -9999.0 -9999.0 -9999.0 -9999.0 -9999.0 -9999.0 -9999.0 -9999.0 -9999.0 -9999.0 -9999.0 -9999.0 605003.467044 1249474.04533 696460.200415 825474.719176 525307.476421 434388.395721 673119.429528 359511.197965 441830.040376 498516.309372 296485.709759 459509.419516 524508.190965 425141.66202 273791.450272 257498.830015 250866.516232 745030.75557 509080.057096 747568.878933 923008.754403 947105.141559 1109587.34866 881649.164524 1321362.15515 1297226.84011 1308597.67246 1291095.02954 1300736.82066 1243278.57486 1188886.35535 1247907.06093 1800653.88651 1342411.44242 1411435.05619 1202066.66889 1175609.94096 1153590.60752 970649.31157 850427.747303 709056.007484 729508.256866 692375.7867
-9999.0 -9999.0 -9999.0 -9999.0 -9999.0 -9999.0 -9999.0 -9999.0 -9999.0 -9999.0 -9999.0 -9999.0 -9999.0 -9999.0 -9999.0 -9999.0 -9999.0 -9999.0 -9999.0 334009.753076 877297.84079 594106.088433 352711.304826 474863.619745 339456.149109 430902.512326 375152.251275 774376.515094 400292.905394 395732.85863 434194.561557 390931.533396 263084.290119 262610.530772 251274.807382 281382.611603 344206.927706 744343.306923 980940.516361 974288.478882 941488.618751 1563129.80147 1279025.41618 1287360.6767 1260661.41332 1236009.43865 1284715.34904 1299441.81247 1291085.44753 1226855.04978 1155229.44393 1040229.50201 1043948.5652 1007054.78305 1049605.74744 1193739.24418 1170485.63409 1098206.75152 1554657.60342 1451210.09178 1177253.35546 1259031.14402
-9999.0 -9999.0 -9999.0 -9999.0 -9999.0 -9999.0 -9999.0 -9999.0 -9999.0 -9999.0 -9999.0 -9999.0 -9999.0 -9999.0 -9999.0 -9999.0 -9999.0 -9999.0 -9999.0 205283.376845 660025.189406 387957.989022 405000.534205 462434.634677 323267.947356 212043.063155 696963.852679 241371.189093 326617.161055 280882.21877 268327.271422 278036.901958 268369.681243 458775.707836 806461.260601 871920.733624 1508945.01364 1409793.3166 740034.805 1510666.98988 1460551.24623 1562200.48275 1199919.78875 1281681.2535 1293401.28532 1296415.33711 1298155.86947 1295761.67766 1279961.90389 1273185.66595 1527987.35726 1026973.33892 800530.573322 766135.690223 871152.081597 1172993.86089 1147170.11222 1125977.72001 1236143.66973 1232591.63242 1282976.16553 1297270.02909
-9999.0 -9999.0 -9999.0 -9999.0 -9999.0 -9999.0 -9999.0 -9999.0 -9999.0 -9999.0 -9999.0 -9999.0 -9999.0 -9999.0 -9999.0 -9999.0 -9999.0 -9999.0 -9999.0 169913.343905 332379.957612 299643.30427 324549.174086 418161.724913 339062.293086 496217.313113 634062.303972 131074.336471 250710.196887 271838.43444 264773.115036 417841.746177 841370.705215 1318094.3521 1561696.07641 1591230.09799 1595593.2715 1568064.33988 699616.144183 702566.54239 778061.217331 1305846.99581 1287738.31603 1291854.59858 1285291.13121 1294662.88762 1275970.96557 1283656.94559 1274806.41916 1240600.80927 824560.788866 568784.91428 526017.526995 520402.764075 413115.261769 623750.749345 1129689.02836 607743.578147 749425.387485 1285803.92338 1302743.53218 1400249.93598
-9999.0 -9999.0 -9999.0 -9999.0 -9999.0 -9999.0 -9999.0 -9999.0 -9999.0 -9999.0 -9999.0 -9999.0 -9999.0 -9999.0 -9999.0 -9999.0 -9999.0 -9999.0 45052.1504615 106332.840408 650828.641539 138369.090522 559443.851628 383384.268577 856844.193475 948781.362718 517017.693192 423567.261425 282953.30207 313812.542395 685339.077666 1312864.73768 1579003.59447 1561801.68613 1397964.55182 1620656.18059 1635530.16127 1631919.17318 1486257.80059 1591037.29522 1519658.97457 1530264.86406 816574.089404 1531438.57268 1261165.24938 1287524.6222 1278572.19591 1254647.39668 1246888.78504 1231412.32635 825262.417313 491338.896354 712179.094197 724872.168046 834188.711766 588200.554963 630587.670449 700633.816421 695480.228276 731758.495974 940298.438703 1300330.19593
-9999.0 -9999.0 -9999.0 -9999.0 -9999.0 -9999.0 -9999.0 -9999.0 -9999.0 -9999.0 -9999.0 -9999.0 -9999.0 -9999.0 -9999.0 -9999.0 -9999.0 113802.654885 216581.503945 441203.346716 469582.106319 178630.355575 512126.24811 338930.939818 938386.116771 1027588.90315 1369564.19555 1056437.13312 642217.967584 703022.643673 1103263.92583 1533190.42143 1458437.4066 1429453.75378 1512105.02866 1620955.3238 1641047.57722 1630109.0988 1585708.52293 1567294.193 1537123.92574 788244.086567 1264414.53989 763198.53496 1523348.21526 1240591.80555 1276143.67734 1244839.12286 1240134.3605 1214297.90416 774971.656384 620672.210025 727078.861083 947466.459274 735826.252542 649799.506059 646577.177279 658924.727347 665765.159912 713603.510232 744642.037917 1370069.605
-9999.0 -9999.0 -9999.0 -9999.0 -9999.0 -9999.0 -9999.0 -9999.0 -9999.0 -9999.0 -9999.0 -9999.0 -9999.0 -9999.0 -9999.0 -9999.0 32936.5278707 211028.689789 517386.109085 377416.503869 175197.937978 388716.970729 596543.047262 788267.968742 914676.462046 941185.252831 956754.083089 1329433.74019 926522.919435 1328395.50105 1583922.53496 1582905.90571 1316463.20299 1624145.02582 1629930.85862 1572131.64918 1635954.77592 1631027.24976 1602976.90443 808567.927936 787309.718148 769336.71201 1290836.86552 1249763.64584 1242725.43863 1255282.18424 1265336.98664 1219873.34367 1210542.07868 1171480.71449 769306.872256 600857.584423 592914.809088 622813.78109 523009.282535 581971.628585 597084.948719 620798.708246 661431.12782 710793.077087 710714.778297 909219.99081
-9999.0 -9999.0 -9999.0 -9999.0 -9999.0 -9999.0 -9999.0 -9999.0 -9999.0 -9999.0 -9999.0 -9999.0 -9999.0 -9999.0 -9999.0 -9999.0 76348.8846644 438339.426465 325620.946631 410494.503475 307704.124099 560109.543822 634980.394684 1005088.98425 902157.3059 778188.67921 911886.207941 1211520.55289 1240226.54568 1205366.67583 1446832.39228 1447325.5773 1455624.79934 1510294.30462 1561816.62097 1558472.99732 1571654.20156 1564545.13097 1548825.34978 1546011.83678 775762.998966 762864.780542 1255706.29236 1267547.65493 1269517.34059 1260428.94766 1216028.29476 1208730.8175 1179929.49416 1145563.28746 1044827.90757 564671.251003 680223.16804 422151.331104 515617.205464 585925.39886 596865.673658 639929.474866 676270.860119 742749.152451 757275.06163 748680.319948
-9999.0 -9999.0 -9999.0 -9999.0 -9999.0 -9999.0 -9999.0 -9999.0 -9999.0 -9999.0 -9999.0 -9999.0 -9999.0 -9999.0 -9999.0 71311.2997108 165414.103646 456037.347215 373117.326237 506436.898149 553332.641953 1011001.47834 501086.624462 901087.722352 1024766.19865 1033091.96087 1243260.49569 1220474.14467 1242499.14162 1275710.70972 1387892.19438 1408410.08981 1457347.32531 1547054.06758 1595654.54616 1607524.95711 1317406.41844 1314046.94097 1563375.39704 1555747.17687 1538085.3176 1232075.27176 1194728.09446 1300228.5086 1248778.56699 1220488.94011 1212295.43297 1203709.08905 1175361.31496 1342372.19298 1236326.2233 1198402.90656 1076637.37651 643170.718656 614225.256229 674493.159536 637089.379295 638697.187352 696797.952698 727958.891589 763168.056994 760288.407107
-9999.0 -9999.0 -9999.0 -9999.0 -9999.0 -9999.0 -9999.0 -9999.0 -9999.0 -9999.0 -9999.0 -9999.0 -9999.0 2020.54751006 59393.3511141 142743.848249 856578.722116 667038.50904 157326.710556 442061.085355 1008501.99913 1290503.37439 1229641.21772 1255085.31178 1363817.98871 1224263.43415 1202343.86445 1240702.69574 1279579.53294 1452756.44861 1477172.77645 1300746.45756 1363211.11627 1600691.22832 1582159.11914 1587227.27098 1311585.20638 1306482.65261 1516643.27139 1547319.21897 1528141.44431 1460473.45919 1256547.60434 1256329.30566 1239687.37667 1221944.45758 1221942.07471 1195577.74105 1384831.43916 1212617.74582 1207053.35011 1166605.63058 1036352.23556 884340.449483 919222.854325 680029.919775 683208.146705 706698.746799 732774.73588 766279.454319 774423.294535 780540.977876
-9999.0 -9999.0 -9999.0 -9999.0 -9999.0 -9999.0 -9999.0 -9999.0 -9999.0 -9999.0 -9999.0 -9999.0 -9999.0 19612.1114225 986592.151302 483299.316854 1119523.74071 280131.507646 629294.193403 1108535.34581 894314.525855 1429284.84746 1428061.74924 1425409.41103 1428427.55074 1449448.27196 1151131.74343 1444254.70516 1303741.4744 1440019.8275 1444594.13283 1456734.77616 1262489.60194 1590641.04656 1311087.53741 1322742.32297 1569816.31639 1567854.46283 1532600.03163 1447123.82331 1519031.19656 1509047.8897 1227065.0185 1479309.78789 1488377.99726 1397339.6861 1325559.36486 1344437.86698 1345143.77507 1082845.32788 1075675.22274 1155399.16184 1230637.08683 1023707.66684 1008837.9337 1020613.79211 737295.077788 747014.993503 763842.437848 772135.785419 789207.092907 792419.236386
-9999.0 -9999.0 -9999.0 -9999.0 -9999.0 -9999.0 -9999.0 -9999.0 -9999.0 -9999.0 -9999.0 -9999.0 -9999.0 103335.778606 448975.471529 372548.994638 415743.631565 383673.069726 923236.520661 1116878.52027 1113655.5152 1357737.09662 1394558.4603 1460909.64583 1272191.09779 1399325.21953 1355640.50139 1319707.11265 1262569.72107 1192512.44461 1380324.26032 1478078.22189 1419979.32201 1556246.13829 1529694.81512 1300166.93303 1298222.1647 1533274.21196 1487941.61445 1426949.50244 1478603.33051 1472789.86328 1485159.31844 1415952.29707 1401996.37672 1192534.50064 1253576.11818 1133009.02011 1060605.88517 1038885.84619 1203687.42312 1179140.24028 1383591.56066 1140849.16856 1107193.76622 1123321.806 763511.64859 749995.442854 783370.2307 788972.428663 792187.957024 797294.667712
-9999.0 -9999.0 -9999.0 -9999.0 -9999.0 -9999.0 -9999.0 -9999.0 -9999.0 -9999.0 -9999.0 -9999.0 0.00407725898183 60100.2076927 375272.151194 559993.748673 285324.34901 704537.57028 915868.175293 1400802.33592 1209567.74115 1296795.6358 1438227.93485 1400831.4969 1385612.60069 1403244.17947 1318269.83565 1285729.31 1343504.85643 1371533.18113 1386645.74441 1469205.06411 1467092.74038 1487121.39697 1458288.62796 1494473.74262 1247419.23346 1271417.50463 1450868.13929 1402128.26019 1500838.73491 1509207.08637 1451339.66873 1444033.97994 1171236.05781 1147188.13626 1152958.32474 590415.167693 555512.449473 1098724.96224 597203.216488 1261868.85199 1458974.70812 1449393.07262 1434275.10558 1410040.65865 1145345.74718 773264.484579 825381.548011 816152.602627 797575.837708 747826.693316
-9999.0 -9999.0 -9999.0 -9999.0 -9999.0 -9999.0 -9999.0 -9999.0 -9999.0 -9999.0 -9999.0 -9999.0 19116.1492138 115415.19879 176450.431057 519561.490145 230057.95183 577210.036465 1062243.70793 1279688.03327 1223487.23821 1210198.49107 1392003.71541 1377865.40129 1360642.93588 1387292.33488 1357780.51022 1362287.62966 1356870.97138 1420144.81326 1425798.56034 1349060.21193 1434965.52249 1445125.03287 1396639.11584 1442126.42436 1195856.75389 1457890.77817 1408919.75533 1436569.74042 1506114.34417 1452591.23066 1335081.70601 1329645.8402 1331219.56237 1322966.5336 1321060.74982 672694.862343 1059124.00492 968271.830768 1011303.03034 1448397.47451 1497243.4462 1535658.04561 1524349.17689 1476293.69722 1416791.85406 1362251.3318 931852.987881 848189.980235 686154.977638 719237.078115
-9999.0 -9999.0 -9999.0 -9999.0 -9999.0 -9999.0 -9999.0 -9999.0 -9999.0 -9999.0 -9999.0 -9999.0 123394.329465 319103.338219 64874.4403461 655617.984732 426409.723287 784117.809516 1092484.01847 1281961.83645 1225476.361 1425032.81735 1376263.83487 1352102.58303 1341179.1433 1384983.45157 1368576.08954 1317179.33247 1335858.8679 1369230.87103 1370942.14155 1392636.80039 1429450.56044 1419500.52796 1442006.16595 1408825.36287 1414113.71781 1387992.93237 1355437.4048 1178780.2578 1225372.4373 1167887.55904 693521.41049 1268525.22895 1324431.5524 1315520.55406 1317760.2172 1303030.64064 1276305.06632 1234512.03082 1312461.2021 1286236.43034 1456626.8441 1471560.34261 1454308.02503 1298368.93525 1080709.28894 785062.192283 787957.145084 763366.961826 761205.229264 605060.531585
-9999.0 -9999.0 -9999.0 -9999.0 -9999.0 -9999.0 -9999.0 -9999.0 -9999.0 -9999.0 -9999.0 -9999.0 16228.6797688 241592.45098 60565.6796781 575820.93358 477703.615638 556744.009897 1020725.894 1439071.65687 1375106.78662 1368530.88698 1353849.24829 1365334.34998 1353273.79834 1333318.42895 1350972.68206 1322554.98327 1348168.43266 1315310.12778 1350499.81017 1341524.74494 1391226.04673 1415749.27292 1384180.69278 1429670.60184 1434105.54424 1408343.08647 1397731.66321 1382962.77741 1193079.27748 1201548.82859 1204442.19453 715471.402249 1323938.56779 1311055.68063 1297227.91203 1312610.16389 1309398.46005 1297251.24163 1326411.49274 1096542.69334 1235299.17627 1246435.0903 1204205.4094 1177141.03012 840699.888427 807093.243338 813987.709873 819186.435202 422400.125777 713976.280785
-9999.0 -9999.0 -9999.0 -9999.0 -9999.0 -9999.0 -9999.0 -9999.0 -9999.0 -9999.0 -9999.0 -9999.0 -9999.0 102774.743393 280176.757002 449180.143198 416050.464788 1240915.90364 1187763.05597 1339208.86302 1312647.74389 1281975.35816 1315190.53063 1333467.29258 1288167.51591 1283475.68753 1271430.16841 1284853.99013 1320228.51378 1320308.55938 1313710.00364 1359202.55185 1380743.06518 1366379.00648 1355801.09161 1403306.9836 1402596.39589 1394115.30949 1329972.89506 717388.723849 1319887.0888 1286222.91488 687614.362738 670654.356249 688231.467768 1299814.61398 1289509.40583 1302992.08887 1298328.45817 1275764.34181 1237931.9289 1153024.31192 863390.251595 1151004.25396 1187781.04974 1187796.31776 855836.944055 736378.159096 377746.92182 404142.05124 751307.007253 854505.642119
-9999.0 -9999.0 -9999.0 -9999.0 -9999.0 -9999.0 -9999.0 -9999.0 -9999.0 -9999.0 -9999.0 -9999.0 -9999.0 89733.3237825 515545.094612 488116.009729 640267.970947 1408077.36104 847033.177631 1285246.84688 1261160.76602 1313239.59032 1264546.74295 1236696.53469 1293467.99382 1222566.45546 1267070.1917 1218524.5556 1222602.59104 1275283.96986 1290212.28209 1348918.64067 1362930.43312 1395340.12826 1396029.29713 1386052.87016 1407041.94926 1395390.30038 1281972.12454 1370259.9562 1370798.9869 1368401.64526 1352626.61553 1337810.72406 1132315.59162 1133817.54647 1305427.58387 1256621.08101 1035612.01621 1284670.39297 1279325.56077 1195312.83459 958885.42342 825196.359462 468982.186245 521350.27006 367291.128986 687938.543554 389793.267735 678415.285344 1175955.96538 875527.761993
-9999.0 -9999.0 -9999.0 -9999.0 -9999.0 -9999.0 -9999.0 -9999.0 -9999.0 -9999.0 -9999.0 -9999.0 11365.5429155 141358.910674 1077015.234 491687.830256 1332611.6397 1400294.03791 800292.490864 1051128.98645 1226062.24133 1288501.28893 1317525.52574 1239419.80963 1196225.2909 1218496.71503 1178378.55597 1047208.17492 1197364.31771 1241945.09719 1240563.91985 1318311.5252 1301048.72358 1274060.54466 1382606.9481 1339972.55728 1387148.46559 1369505.56851 1383468.9344 1369171.56457 1371789.95271 1367346.85239 1361648.68807 1342458.34215 1338833.09426 1245446.76097 1196935.67075 1111700.76787 993112.899139 573007.922262 597297.379191 591773.799991 1199842.36175 1019894.24032 592710.373493 379247.889116 750642.57116 686314.576572 825077.088075 1194677.26588 1368093.41816 1425292.51257
-9999.0 -9999.0 -9999.0 -9999.0 -9999.0 -9999.0 -9999.0 -9999.0 -9999.0 -9999.0 -9999.0 1.17658350637 138572.622768 74475.519231 781762.337022 546381.733555 991681.292536 1119284.09173 636525.635017 826016.474105 1129697.74465 1248206.68429 1247964.25923 1139475.13952 1045844.37878 997547.720155 1050674.01619 1085611.99499 1200868.78361 1259097.64403 1299599.33693 1306217.17599 1343831.48156 699680.066731 1263808.17 1370424.97055 1393053.21186 1390514.77561 1381747.9491 1371953.1897 1378482.11487 1360791.10311 1360846.5075 1344440.29804 1335388.51486 1320887.44676 1281480.15313 939443.37593 1265760.27545 1080883.06197 1154813.46686 1307180.55695 1289831.02742 615987.284516 592772.135603 548631.683641 856826.090083 893045.706855 1369052.60462 1454836.67012 1438067.90814 1183877.89684
