critload/trunk/input/1999/ngw_nat.asc
ncols 720
nrows 360
xllcorner -180
yllcorner -90
cellsize 0.5
NODATA_value -9999
[rows 81 to 107 of 360, columns 372 to 433 of 720]
33294.8906795 79909.0756843 100081.383108 156721.873971 50726.8321185 77407.1664278 28455.3459605 120863.756294 204257.444851 175931.297414 70927.9559802 360737.771855 468397.23606 1073484.10331 1103343.61096 434762.268146 0.0 0.0 0.0 0.0 501137.02577 202073.594524 55212.8208271 171988.723235 892655.298304 608328.729626 533258.035485 494783.565385 514436.9218 523887.897548 351409.86295 144264.765953 604491.019317 449483.836439 278219.936962 75499.9967888 0.0 25950.3277896 282.599558478 0.0 0.0 0.0 0.0 0.0 0.0 0.0 144657.409427 0.0 34567.2145069 0.0 0.0 0.0 0.0 0.0 0.0 0.0 0.0 0.0 877.997435061 0.0 0.0 78793.113993
31714.5999676 50029.3666288 221419.771017 0.0 332083.268297 311797.78551 130849.440707 348638.095884 211837.349886 166780.845594 162817.395705 142823.486376 141696.721996 252562.246843 492866.508524 1078879.44816 687860.470523 0.0 0.0 0.0 0.0 9716.44322561 37846.8871434 223926.846007 373925.375496 612100.408941 838105.401202 1075001.62334 889709.116351 510543.261804 100250.386843 162362.193738 288205.036958 848323.784164 818786.178172 620996.415643 282568.219357 20624.2620832 0.0 0.0 0.0 0.0 0.0 0.0 0.0 0.0 0.0 0.0 57128.0590881 0.0 0.0 0.0 0.0 0.0 0.0 4691.05667698 0.0 0.0 0.0 0.0 0.0 0.0
60548.0731289 694855.525054 671686.187197 240246.753034 1224582.28931 322075.489506 587249.307309 149383.433339 96758.9639662 266108.29711 231658.195428 228699.539393 244460.278296 237010.588649 111244.145353 120129.90316 34036.9302142 256549.765162 169293.050216 43758.2930179 12019.6304427 106.101022726 156083.504256 0.0 8317.63179475 101558.400169 56078.1074184 0.0 0.0 0.0 1105.9631454 6804.74582545 5909.06095651 12428.5181797 378660.879681 771313.782423 650050.533182 438056.704688 183811.428363 0.0 965.251579171 0.0 0.0 0.0 0.0 0.0 0.0 0.0 0.0 0.0 0.0 0.0 140629.224915 137942.282171 0.0 0.0 0.0 0.0 0.0 0.0 0.0 0.0
350590.265776 699162.857525 218120.119469 568587.380746 889025.55736 410064.153549 301994.943582 115523.896244 458883.424627 476837.410239 450243.006172 631145.668559 681867.138702 826755.739548 632530.743726 827751.008268 853823.894045 933320.084251 973269.142726 948084.285082 236441.691609 0.0 34110.6207237 0.0 47673.1078506 0.0 9884.90922065 16607.8167899 50271.8852699 7592.49860385 56012.7312372 5544.71856879 27473.1848066 2540.35341924 130571.910504 494264.117639 695673.994675 697500.106397 586736.689125 331504.41723 0.0 0.0 0.0 0.0 0.0 0.0 0.0 0.0 0.0 26460.06397 0.0 218201.380406 232911.574893 107911.671831 113843.535151 0.0 0.0 0.0 0.0 13265.330861 0.0 0.0
605232.315012 633499.007421 443317.439955 269170.45221 232793.601368 626090.443177 658727.473451 863341.520711 1096783.80031 846437.878204 998188.180034 1224276.5414 907304.269418 1065879.60104 1182996.29895 1189233.54965 1207802.36472 1181745.51203 949488.369594 568749.384011 71084.224545 42813.456778 21418.7472074 0.0 10165.9522365 3960.6664465 622.793094165 8997.68557102 2703.54053216 37134.0362237 40470.3129113 29276.4137755 76171.1944317 73011.3510006 126959.808244 245041.068716 284727.434518 392348.330795 821059.29115 903235.33911 111872.129601 0.0 0.0 0.0 0.0 0.0 0.0 0.0 43115.1961421 80436.3057612 40322.752244 95115.599767 125448.488832 97820.7201405 53165.4586362 0.0 0.0 0.0 0.0 0.0 0.0 0.0
588178.782682 209647.006369 518279.989525 976263.332617 647866.321762 497867.754845 676878.943924 706202.850862 1089478.35998 398007.800476 731424.097838 823702.151907 445352.669184 822691.027736 894329.789844 1048723.45155 939259.894681 938048.612265 662083.048557 119869.914737 48829.2285689 6449.55543745 0.0 0.0 13347.6661809 4005.38011072 93688.5466752 0.0 10594.0433989 50212.5486523 24705.366189 48188.7127834 85641.2346753 801707.659111 714314.997202 55123.4042424 55489.7054962 217423.333836 445476.215237 668462.486476 435513.800406 3792.60348755 0.0 0.0 0.0 0.0 0.0 0.0 47331.6514175 4650.41304711 17441.9323054 19251.2647734 36734.1242953 61333.8404574 14931.5403095 48535.4607075 10333.7089154 6133.70003135 46865.0876424 15895.3844884 66783.948468 2064.80530671
472291.949975 925792.641464 723380.423547 384010.341898 255683.749082 1184535.63741 782346.295367 403969.97121 529800.716393 458043.805447 1108952.04404 613307.592596 573217.637929 577692.131548 519761.866718 720015.47784 837527.952786 744630.812383 620813.092852 361468.177282 93939.1671506 28435.6059133 39001.4307323 2255.1256615 14811.8811147 7842.37227218 31539.5026175 147842.305927 0.0258608605661 24461.289882 39500.5015793 80024.4808159 184237.268411 468128.358636 554286.285637 27023.4731115 0.0 20066.7546202 135978.047962 313118.696455 434384.62607 81359.987897 0.0 0.0 0.0 115252.435838 53202.2508202 8824.71937782 0.0 0.0 -9999.0 11972.3570134 73817.8029774 24693.5895519 6305.80184072 41221.4166152 3794.9991045 14043.8300218 14137.0017104 4134.74730318 -9999.0 -9999.0
848154.899382 906539.727143 243103.085199 310312.011454 725553.909629 226046.917903 253713.081651 401251.654916 597563.301213 584674.15562 543814.235372 310194.309171 26385.7627827 6274.38774628 887.331861387 219871.727066 752018.764324 787327.243149 491808.829513 143375.628973 78563.2693531 107849.439387 87993.2448432 45848.3105704 3833.7871717 3545.71232776 0.0 0.0 7079.39894961 34467.487412 123949.193199 0.0 504327.523278 612992.748085 322500.048059 567989.981952 248098.956878 111733.699634 296472.78927 153771.011906 478119.20447 267671.505977 0.0 1177.15852902 59213.2149424 0.0 493.9603178 0.0 0.0 -9999.0 -9999.0 -9999.0 -9999.0 1461.06034985 528.953179587 4202.21422697 14729.6990957 0.0 16972.2889358 -9999.0 -9999.0 -9999.0
855859.823094 758681.759291 804559.608976 85792.255954 0.0 0.0 0.0 0.0 0.0 18051.4136201 0.0 0.0 1159.14820126 0.000335110299536 -9999.0 48951.8305905 244512.597622 529688.358725 855077.227355 386125.225773 533428.200341 168441.708778 116210.00573 85676.92454 13818.565025 4686.0635472 660.450599925 1963.69600308 0.0 4798.30249915 0.0 227266.949687 500252.498998 880103.305052 477367.215283 766464.758784 360964.36979 419678.218408 504014.240989 471710.754919 64167.7014044 41905.5863915 22314.7065904 0.0 0.0 0.0 0.0 0.0 -9999.0 -9999.0 -9999.0 -9999.0 -9999.0 4313.48717502 2267.58149075 14320.567354 43644.335379 52950.9731405 0.0 16194.8514466 83415.0197464 730.35722258
647477.541691 691920.91573 450616.567922 0.0 117263.716896 235118.726458 499031.973458 302082.588881 51425.7493081 3494.80812889 2566.86636601 0.0 3959.2114934 -9999.0 -9999.0 2083.05409084 27386.5517736 50965.624579 542167.204557 460237.781407 405978.528557 330371.561131 313823.254815 104619.235992 73527.7297771 27061.1603815 9178.86827331 901.110139521 60.1234472638 0.0 467.106354789 169179.868992 205307.738515 21976.7149154 0.0 3397.83197389 22982.3524088 52479.7343167 59905.2104995 17243.1547545 2558.85782093 2791.85482714 2559.55419763 0.0 21144.3569636 0.0 0.0 0.0 -9999.0 -9999.0 -9999.0 -9999.0 -9999.0 -9999.0 5295.78003909 91574.244602 225914.398625 0.0 32516.105757 -9999.0 -9999.0 -9999.0
866325.377819 833422.513295 585284.862997 552528.629624 452297.895606 63818.0109201 182069.632965 291125.703239 571304.786862 363676.892187 27085.3802677 72232.9241165 996.647490786 2109.73140758 -9999.0 -9999.0 -9999.0 0.0 216237.697011 277288.862726 378491.095378 497207.25341 528133.353082 583821.417519 663997.942916 457668.930375 483082.935114 307592.05333 60453.6537684 0.0 0.0 152761.776436 31.3431918027 2959.3991698 54383.0942221 45067.1140814 23600.724783 15414.5068412 11785.5912019 21328.6378361 21994.5775261 1353.93336786 0.0 0.0 23896.7665124 7795.41937895 -9999.0 -9999.0 -9999.0 -9999.0 -9999.0 -9999.0 -9999.0 -9999.0 -9999.0 40962.7138971 15287.6222088 -9999.0 -9999.0 -9999.0 -9999.0 -9999.0
777377.640868 704572.106197 365388.216421 110033.827552 0.000915578654214 -9999.0 -9999.0 -9999.0 68872.7927439 95309.7030963 175266.21872 0.0 15053.8225423 28191.1102821 1184.45240975 2618.81527031 -9999.0 -9999.0 45446.8662073 194689.417565 124056.818665 194094.601729 228573.870291 509531.134208 436709.4845 611845.415175 681757.948085 519282.563892 398773.013164 95449.0794864 0.0 37800.5741682 2950.03120297 39936.1414046 11799.1725393 25447.2388017 13769.7930043 22631.5079736 42885.0553424 25219.477298 15910.2365675 46666.4239564 0.0 82231.4484201 50422.8385594 774.3473309 -9999.0 -9999.0 -9999.0 -9999.0 -9999.0 -9999.0 -9999.0 -9999.0 -9999.0 -9999.0 -9999.0 -9999.0 -9999.0 -9999.0 -9999.0 -9999.0
441874.174681 136936.299305 -9999.0 -9999.0 -9999.0 -9999.0 -9999.0 -9999.0 26.9791361389 0.0 81723.5303061 34010.7611642 196377.536978 237231.716258 120334.116021 1203.32055457 -9999.0 -9999.0 -9999.0 -9999.0 47298.2052136 72707.6162241 185076.001068 198538.717739 245657.011887 567959.270779 564311.491474 631662.421662 640442.678851 304056.040825 0.0 13916.9982673 11337.8108521 43906.380773 0.0 55451.3125045 21188.3202514 72650.1540841 67855.9161544 36162.9376042 17863.6597698 31086.8870793 25809.5877354 4292.96386961 9206.26535846 0.000136012535547 -9999.0 -9999.0 -9999.0 -9999.0 -9999.0 -9999.0 -9999.0 -9999.0 -9999.0 -9999.0 -9999.0 -9999.0 -9999.0 -9999.0 -9999.0 -9999.0
-9999.0 -9999.0 -9999.0 -9999.0 -9999.0 111669.137847 440936.891803 0.0 0.0 25573.6775371 23876.2008784 179921.147083 85053.2777136 28125.4591245 548124.691677 71309.7102727 355.052338447 -9999.0 -9999.0 -9999.0 -9999.0 22128.7117529 41433.509556 70684.4935478 173924.852945 472480.139706 516632.573116 769103.714508 583901.703217 126963.529536 207672.025095 77028.9503481 0.0 0.0 291958.113913 0.0 59296.849538 234972.861139 207183.010704 36930.6358079 33481.2493945 37213.2693471 199301.371137 0.0 -9999.0 -9999.0 -9999.0 -9999.0 -9999.0 -9999.0 -9999.0 -9999.0 -9999.0 -9999.0 -9999.0 -9999.0 -9999.0 -9999.0 -9999.0 -9999.0 -9999.0 -9999.0
-9999.0 -9999.0 -9999.0 -9999.0 -9999.0 631908.205999 702517.383689 4812.9119178 -9999.0 -9999.0 0.0 20990.8023359 7731.33160124 216981.880097 392544.756337 356342.673132 48546.8809702 0.0 -9999.0 -9999.0 -9999.0 -9999.0 -9999.0 -9999.0 14537.2914013 154598.042408 304884.010912 657959.904614 543264.756722 386082.626191 158565.204961 69045.6197022 0.0 0.0 557856.169738 629277.623754 81543.2603843 17439.6803928 133003.751414 26260.1019107 244694.890142 80396.9688269 366142.129331 110013.9468 -9999.0 -9999.0 -9999.0 -9999.0 -9999.0 -9999.0 -9999.0 -9999.0 -9999.0 -9999.0 -9999.0 -9999.0 -9999.0 -9999.0 62.9444383464 -9999.0 -9999.0 -9999.0
-9999.0 -9999.0 -9999.0 -9999.0 -9999.0 351532.689105 594003.289241 -9999.0 -9999.0 -9999.0 -9999.0 -9999.0 0.0 31561.7153914 208612.953688 181954.927232 287700.670744 36195.0396811 11451.3265171 144720.356382 116744.541233 -9999.0 -9999.0 -9999.0 -9999.0 -9999.0 31323.8175885 451476.442942 528619.174168 677528.859559 438317.025681 77840.7852003 69424.6699827 0.0 508491.154236 472043.913891 663292.299865 726555.297435 308239.943798 319276.089235 144699.283171 9660.14444288 4257.04123225 50610.3877493 0.00617808897662 -9999.0 -9999.0 -9999.0 -9999.0 -9999.0 -9999.0 -9999.0 14572.3525497 20045.3096938 119855.37056 259236.599797 205700.95379 100849.002667 15182.5171164 1121.33871028 0.0 -9999.0
-9999.0 -9999.0 -9999.0 -9999.0 0.0 15615.319257 125664.573002 409.563419809 -9999.0 -9999.0 -9999.0 -9999.0 -9999.0 108.485993844 52144.3295538 151474.932148 303353.800911 142525.83532 42252.8720161 0.0 217.282706242 0.0 2528.59086765 -9999.0 -9999.0 -9999.0 1137.26260231 223637.197545 569663.120434 477877.015102 127611.558816 178063.640363 0.0 100926.759225 143837.634422 413429.093335 380931.936892 301726.760204 391730.055203 307259.604805 139452.002905 998.754036022 0.00160304511141 0.000415312263112 6431.12796141 0.0125044745252 7910.1155264 559.374506795 246.454579396 106.758717439 20232.1212483 42421.8795873 84475.0087253 191314.805521 184476.127396 110834.821346 45556.2178093 223640.040158 31518.6511866 68490.2836196 11572.3300845 4873.63968452
-9999.0 -9999.0 -9999.0 -9999.0 16893.5288921 116015.531452 381816.814558 75057.9277278 -9999.0 -9999.0 -9999.0 -9999.0 -9999.0 -9999.0 -9999.0 0.0 3327.15933278 169458.275057 229462.626842 143569.185132 64273.1341806 0.0269981391112 3091.79695773 0.0 399.49334218 -9999.0 548.308544933 195618.288757 442267.152197 359715.173908 71971.2949745 304479.901452 75077.4522415 5947.76057043 96611.4710153 39163.6213843 38375.5026301 25969.6154474 11783.5708704 13800.2774058 1427.83089048 970.816069756 4507.26804397 714.28448586 -9999.0 0.00438261984254 7362.31081152 20250.0592969 8295.6400922 10604.1043709 74651.4098925 226851.570392 175220.21502 199784.573045 126324.942545 177525.527621 124028.451646 47258.0233544 36758.3088069 48513.6299393 136633.934113 161067.538317
-9999.0 -9999.0 -9999.0 -9999.0 48572.0262674 200260.775253 326577.836523 85039.6982287 -9999.0 -9999.0 -9999.0 -9999.0 -9999.0 -9999.0 -9999.0 -9999.0 -9999.0 0.0 213286.255532 237985.369997 95050.2650893 5193.14200529 0.0 0.00641322974991 0.0 0.0 40389.8626516 419030.917495 535808.921397 602623.701217 123304.438193 275718.58167 263120.533849 6540.79121377 16967.9125909 68854.3112521 32092.5739103 -9999.0 -9999.0 17641.5900116 3513.44528095 80641.3286098 31006.027817 580.372678077 6520.48049835 1948.3292714 152197.358406 98417.9089745 47564.0665666 153953.327247 177087.743364 163606.454125 56553.1656487 152053.737723 263924.802884 49178.5500793 7590.4074097 65549.2530583 209332.477144 191590.166477 213737.151721 170418.355602
-9999.0 -9999.0 -9999.0 -9999.0 13481.8974929 100362.085366 239552.714416 56336.11207 -9999.0 -9999.0 -9999.0 -9999.0 -9999.0 -9999.0 -9999.0 -9999.0 -9999.0 -9999.0 -9999.0 92283.2989478 171981.59775 30820.8259065 -9999.0 -9999.0 240.959975363 -9999.0 -9999.0 105505.479193 475708.733216 530490.001616 423671.753319 128635.509782 92788.1163035 51952.7177457 8494.37666918 827.048677005 -9999.0 -9999.0 6738.53385683 -9999.0 51762.3988712 181001.310931 166504.820466 146327.5979 22037.6592983 56442.0119281 149675.065217 161185.792908 212104.246735 105600.023651 101848.729697 40835.4469516 38543.2325124 31248.1974468 54305.3352366 30529.4508206 66987.10072 101453.473866 57630.5490502 121675.39761 165439.750829 130839.022002
-9999.0 -9999.0 -9999.0 -9999.0 23859.5528101 116332.968243 58093.5447102 16740.6149486 -9999.0 -9999.0 -9999.0 -9999.0 -9999.0 -9999.0 -9999.0 -9999.0 -9999.0 -9999.0 -9999.0 -9999.0 384984.727665 199731.548808 551.508210431 -9999.0 -9999.0 -9999.0 -9999.0 7311.35815588 180469.356348 350991.051569 345833.572855 246178.40685 214442.338686 186557.074552 70556.417317 20251.5744398 -9999.0 -9999.0 -9999.0 39375.50784 180144.429562 71344.3301363 339903.061962 229231.705159 216680.259885 225694.203693 127219.605884 91953.2944372 117711.302804 94133.0273189 12628.5468046 11790.7734468 231.6020938 12466.0457912 9074.35140574 14534.532209 8696.325467 7205.75232972 20030.6428008 135921.153897 72539.2294148 24425.3184164
-9999.0 -9999.0 -9999.0 -9999.0 -9999.0 22809.9962416 0.0 -9999.0 -9999.0 -9999.0 -9999.0 -9999.0 -9999.0 -9999.0 -9999.0 -9999.0 -9999.0 -9999.0 -9999.0 20447.3470407 231739.530572 17464.2965409 446.111770905 -9999.0 -9999.0 -9999.0 -9999.0 -9999.0 -9999.0 162745.35519 428612.477916 319897.641572 240493.066234 222072.5 86586.9408352 43467.8433218 25726.376447 31064.0008467 -9999.0 0.0 66315.9161775 45542.6407719 259967.537141 72783.3616573 178258.602888 252570.157062 44976.744192 138625.229171 127005.579066 80591.7741747 55253.8090286 76545.8672894 0.0 13884.783786 0.0 23761.6609224 9974.25431146 13800.0867441 75055.1239759 66425.5762258 66463.4831315 3867.17612456
-9999.0 -9999.0 -9999.0 -9999.0 -9999.0 -9999.0 -9999.0 -9999.0 -9999.0 -9999.0 -9999.0 -9999.0 -9999.0 15332.5146219 17766.2401839 5355.05660201 -9999.0 77170.7187625 148345.368824 179945.476464 51766.7942312 4020.27694165 -9999.0 -9999.0 -9999.0 -9999.0 -9999.0 -9999.0 40034.3489578 192669.457578 34914.1640116 173357.852097 107520.893759 73069.7574392 126087.041307 60953.0596233 59515.4567844 0.0 -9999.0 4043.14306115 37642.5660776 189079.619379 185837.08116 387791.605074 294679.355753 186824.331861 53884.6831966 73721.335286 141863.540918 200561.586095 145967.623677 74759.3509477 74784.7159276 25646.222606 10118.0657591 53649.9859131 91454.5040114 48248.5911859 13816.5031563 155134.634373 171244.726897 227891.276378
-9999.0 -9999.0 -9999.0 -9999.0 -9999.0 -9999.0 -9999.0 -9999.0 -9999.0 -9999.0 -9999.0 -9999.0 85.7741992625 16375.4649765 162016.776199 267275.779691 147100.006329 159665.301495 158733.927675 0.00131414563751 0.00131753181279 -9999.0 -9999.0 -9999.0 -9999.0 -9999.0 -9999.0 -9999.0 -9999.0 87539.1483344 2160.13543498 168863.189496 212764.857859 89221.7376696 36135.2912918 15346.5097495 17807.3706535 23949.0329858 16121.4713822 -9999.0 28524.6451905 93420.9555441 92354.8947885 282813.763716 463735.037402 164887.396611 111883.493388 90315.8166264 0.0 189280.54709 255251.95775 159322.733288 118632.7487 16014.2522552 5964.63571247 29526.6670963 107531.403642 162421.031496 243555.634365 231249.394833 260981.451938 265765.139374
0.0 0.0 0.0 3568.68334628 -9999.0 0.0 0.0 0.0 0.000494093849538 1.15733077673e-05 0.0 -9999.0 -9999.0 -9999.0 383.421443418 6217.68950585 11417.3493541 50877.4817441 3509.44351615 -9999.0 -9999.0 -9999.0 -9999.0 -9999.0 -9999.0 -9999.0 -9999.0 -9999.0 -9999.0 -9999.0 -9999.0 173367.11166 481084.504643 130331.270621 10375.9834461 -9999.0 0.0 1503.79428575 30191.1996428 0.0 -9999.0 7824.14593519 60752.3663009 490845.756464 602531.91503 410681.018071 223559.882353 146277.163242 149712.926364 291942.496346 272790.539507 352970.780255 244524.262574 117543.662615 5851.77848823 85240.0891023 312240.766139 199997.810473 126176.194689 0.00804352271607 133956.237303 203477.58709
0.0 0.0 0.0320595151754 0.0160444154729 0.00831965315693 198.890876304 0.0 0.0 275.207464594 0.0 0.000121089804039 153.46725993 -9999.0 -9999.0 -9999.0 -9999.0 0.0 1020.63991418 301.019614766 -9999.0 -9999.0 -9999.0 -9999.0 -9999.0 -9999.0 -9999.0 -9999.0 -9999.0 -9999.0 -9999.0 -9999.0 18036.9104252 108693.525298 28333.1576371 13298.3829969 -9999.0 0.0 6856.13356619 11732.3398068 3512.19771601 5516.65410256 40813.1614613 25957.1571407 19770.9036951 30239.6330621 187201.986306 484698.944578 222995.979886 207918.681999 8200.5278046 0.0 278398.039706 309002.820573 233016.019282 137546.994992 98495.0268812 126454.511291 11182.7968995 1863.46807924 0.00501059351391 192470.951567 114626.890183
0.0131207332468 0.0175570265599 0.0112248342616 0.0 0.0 0.0 0.0 0.0 0.00336538960673 0.000150477009255 -9999.0 -9999.0 -9999.0 -9999.0 -9999.0 -9999.0 0.0 -9999.0 -9999.0 -9999.0 -9999.0 -9999.0 -9999.0 -9999.0 -9999.0 -9999.0 -9999.0 -9999.0 -9999.0 -9999.0 -9999.0 -9999.0 5537.91055449 8467.19736998 4563.8546983 -9999.0 -9999.0 -9999.0 6816.22546432 -9999.0 -9999.0 -9999.0 0.0 43867.2021077 11806.0580366 -9999.0 121795.679652 402664.00313 153036.369786 12462.2029849 -9999.0 -9999.0 119448.479017 199555.932027 252525.523165 140368.442857 0.0 -9999.0 -9999.0 23951.1618276 25584.6195122 16688.8979563
