critload/trunk/input/1999/ngw_nat.asc
ncols 720
nrows 360
xllcorner -180
yllcorner -90
cellsize 0.5
NODATA_value -9999
[rows 52 to 77 of 360, columns 354 to 412 of 720]
-9999.0 -9999.0 -9999.0 -9999.0 -9999.0 -9999.0 -9999.0 -9999.0 -9999.0 -9999.0 -9999.0 -9999.0 -9999.0 -9999.0 -9999.0 -9999.0 -9999.0 -9999.0 -9999.0 -9999.0 -9999.0 -9999.0 19849.765623166717 131929.92788491948 48283.44787605987 85330.5433896077 151255.93449448494 130187.34173291002 119100.85903722513 194127.36077 197852.489456 162203.432133 166925.79329272496 175027.233446 138671.322983 61506.3973385 43819.57410017658 125608.303364 212604.208742 221452.611045 214192.071892 239827.406345 260258.438336 259712.536388 262303.7901257002 206956.72615171774 151767.52124491744 65134.691209290904 -9999.0 -9999.0 -9999.0 0.0 214396.89335885728 284501.13147041306 354026.5533745301 286551.7816303849 297881.0378354906 239175.91048824933 341964.4263611693
-9999.0 -9999.0 -9999.0 -9999.0 -9999.0 -9999.0 -9999.0 -9999.0 -9999.0 -9999.0 -9999.0 -9999.0 -9999.0 -9999.0 -9999.0 -9999.0 -9999.0 -9999.0 -9999.0 -9999.0 7587.274181212054 70203.7194082997 196533.583504 143370.19096088962 156706.5609315772 330463.812662 141449.42614291882 172559.381253 200212.750246 201618.784464 159098.508001 152808.486045 178692.306264 109070.512767 52326.9555964 58777.557329181436 125352.569863 205834.531502 228924.588817 230460.137365 233725.195358282 210787.46019 219759.356405 212886.2744975296 33455.79216224802 2515.8483475 -9999.0 -9999.0 44348.03917317428 46698.27408094593 0.0 112865.44906948839 172159.83389876358 314877.3661144837 375679.5151685007 350967.3314285416 285055.9532281759 230841.9317156938 296094.276595408
-9999.0 -9999.0 -9999.0 -9999.0 -9999.0 -9999.0 -9999.0 -9999.0 -9999.0 -9999.0 -9999.0 -9999.0 -9999.0 -9999.0 -9999.0 -9999.0 -9999.0 -9999.0 34984.7819563 118606.00304330882 134240.38383128276 162758.767954 162619.186946 262145.8693 273396.238637 202582.474941 228067.285364 228031.668268 232517.079056 226833.455124 186933.056641 229567.897883 226629.25297 230204.702754 140678.561589 197472.435976 227919.305357 249280.944502 252186.203291 256411.662371 239951.5488014357 345919.7977486439 128953.135978 -9999.0 -9999.0 -9999.0 -9999.0 -9999.0 0.0 0.0 0.0 18831.80529618691 291369.97107470036 382624.6694917718 366663.4055184925 64976.2447004 356878.98711 325194.39294548746 321080.04796627257
-9999.0 -9999.0 -9999.0 -9999.0 -9999.0 -9999.0 -9999.0 -9999.0 -9999.0 -9999.0 -9999.0 -9999.0 -9999.0 -9999.0 -9999.0 -9999 67293.757112 209761.48560329358 139475.72899992534 193382.513697 204055.14438 201988.674065 211087.562224 265924.478958 275139.488793 274226.644548 228960.034964 229664.736054 236251.268394 179557.168104 114064.226059 162516.555661 165510.752045 216092.324012 227722.68743389167 231022.033486786 241997.367422 252536.069506 272527.397611 268275.661119 317072.32911107194 2292.162794912463 -9999.0 -9999.0 -9999.0 -9999.0 -9999.0 -9999.0 82037.79739495805 166711.65114772395 262339.48021236394 0.0 235414.793959 199753.59695534201 331900.13312 339518.81649698917 352727.999816 325054.09228159115 362352.825931
-9999.0 -9999.0 -9999.0 -9999.0 -9999.0 -9999.0 -9999.0 -9999.0 -9999.0 -9999.0 -9999.0 -9999.0 -9999.0 -9999.0 -9999.0 26279.301622478382 279968.6726801424 226278.01261176285 230316.996551 216257.421029 95693.7889021 175033.885939 228606.006285 306259.170775 273268.477917 276001.403177 277040.837264 277864.013506 203905.72158454068 99846.2319705 242651.24151867707 165833.12866 191944.05587562095 227546.084353 291737.51982 296399.179973 299434.743845 300987.734677 316095.747095 280087.60693542426 157871.65435686454 -9999.0 -9999.0 -9999.0 -9999.0 -9999.0 -9999.0 -9999.0 5083.328416279713 0.0 382457.6669892126 446600.4493771817 388105.2436871589 325220.6245485216 320415.3382969717 349805.446082 258466.9641244543 295697.3721619415 340997.76634541975
-9999.0 -9999.0 -9999.0 -9999.0 -9999.0 -9999.0 -9999.0 -9999.0 -9999.0 -9999.0 -9999.0 -9999.0 -9999.0 -9999.0 -9999.0 56916.1007141844 302060.415849 408565.88062117883 239000.865395 223521.854806 208406.463439 247655.204845 303541.845508 308027.21816 273270.206925 281705.245014 233841.207449 112657.68648683222 121112.60247451202 190698.062031 278610.426961 284164.694764 225976.8899606706 260173.03064887287 301260.1856386316 241669.928864 235580.623088 295372.886404 316713.6715992158 470379.5159543681 96343.37075476546 -9999.0 -9999.0 -9999.0 -9999.0 -9999.0 -9999.0 -9999.0 24992.331409897623 249800.54119277585 354037.20479920396 341588.3833859294 179426.3425393122 277159.3041498463 144495.45603543834 314731.80800024356 289724.9203456873 290706.8509252677 382258.6377502011
-9999.0 -9999.0 -9999.0 13168.247323005193 9734.616483002277 -9999.0 -9999.0 -9999.0 -9999.0 -9999.0 -9999.0 -9999.0 -9999.0 -9999.0 -9999.0 30812.635381830707 377667.9201993128 533586.543184 332255.877448 328879.360442 282495.003008 318408.576529 341892.648335 342072.35045 361256.075878 344087.385592 465141.499137 289856.21430209774 252995.01564720538 492081.89309290727 533745.1571801985 556002.481052983 556674.5521984315 537639.114395 555524.0690227861 437255.46232443827 525343.840373 489661.1280331856 550388.1807736591 468401.7171095441 167942.85536654518 31616.759963069773 -9999 -9999.0 -9999.0 -9999.0 -9999.0 -9999.0 126804.67455844188 307991.32819200796 421786.4462354353 161901.79062750487 146149.31511036388 345742.148463062 464902.4356466829 387728.0936737654 169514.12889481304 192304.5536350551 196915.45686296024
-9999.0 -9999.0 7879.796873603885 32980.18986191638 -9999.0 -9999.0 -9999.0 -9999.0 -9999.0 -9999.0 -9999.0 -9999.0 -9999.0 -9999.0 -9999.0 -9999 231054.143801 370089.70471294195 244806.81247565054 279947.857187 344719.280604 321183.726849 349215.185305 351852.353601 335779.506641 355698.418508 400225.1267015653 570929.3405103533 365443.2545786079 534977.5284480593 520147.2398852543 590165.190437 579367.094177 548241.3801624755 596663.648649 569293.096598 502584.8099297638 433955.61049551447 464337.05470811564 517027.3030920529 371974.4041868404 0.0 0.0 71469.301612429 -9999.0 109326.84373656538 99467.05046542386 -9999.0 -9999.0 84865.96678895595 109652.7098686091 128537.05902715614 160517.75226012024 393531.1094273292 388253.1883698877 206055.46608425328 130132.36020882239 97597.02704725489 56631.25559681908
-9999.0 -9999.0 -9999.0 14077.08481674115 -9999.0 -9999.0 -9999.0 -9999.0 -9999.0 -9999.0 -9999.0 -9999.0 -9999.0 -9999.0 -9999.0 -9999.0 234116.3635136001 333603.4110734959 330338.182822 400532.090226 422034.109595 431039.883176 445274.813746 441486.752767 454694.315395 588109.3599996313 482082.07511928154 297945.7401412033 350713.95443143276 626640.4499909932 593335.7768247408 530140.6500348013 565215.5096423692 589178.3712126337 614644.755731 569876.6008632138 605396.8331398128 550603.2148643923 428613.6821922549 228911.89019389468 214716.54199513549 133852.18342014 0.0 0.0 -9999.0 -9999.0 -9999.0 -9999.0 -9999.0 -9999.0 -9999.0 8940.865920285321 27025.988494640762 21184.334682834375 -9999.0 11133.9683249 -9999 63071.41174962884 42993.672922146725
3610.261091322952 -9999.0 -9999.0 -9999.0 -9999.0 -9999.0 -9999.0 -9999.0 -9999.0 -9999.0 -9999.0 -9999.0 -9999.0 -9999.0 -9999.0 -9999.0 129025.11438998311 195045.7623076268 456571.9806794372 417673.187992 440931.720098 444180.276297 419848.0105250614 451333.12028963637 688217.753354 533202.6237636805 251053.363514061 82542.33212612287 336971.70606497506 553527.3036752067 582052.498819 491275.0215836095 236543.08258792147 108442.53673148838 342989.0816365031 489158.5266483275 329120.9226895573 300972.36942936847 261569.19036161623 0.0 0.0 0.0 0.0 0.0 -9999.0 -9999.0 -9999.0 -9999.0 -9999.0 -9999.0 -9999.0 5005.153819784221 5177.254161920077 171929.3503206003 254882.0567901532 305723.0172626457 360826.5848557921 337942.2796357043 311635.1570632821
2889.4211686889544 -9999.0 -9999.0 -9999.0 -9999.0 -9999.0 -9999.0 -9999.0 -9999.0 -9999.0 -9999.0 -9999.0 -9999.0 -9999.0 -9999.0 -9999.0 -9999.0 283284.44449747336 699572.5569303465 451773.86683015816 493111.76419299823 650973.9079987436 697227.2581896373 674802.5001240798 387499.739201 29663.875629341546 -9999.0 -9999.0 350873.095882249 720092.175055 679461.0214940793 101827.57518840239 118167.46688553513 124781.34446042078 304236.2016646556 163733.80877640977 203496.5363356261 58420.34342912649 0.0 0.0 0.0 56220.71943891577 -9999.0 -9999.0 -9999.0 -9999.0 -9999.0 -9999.0 -9999.0 -9999.0 31389.772946717756 199434.92259439197 53699.14088372294 258756.7450025942 174310.6883586136 174310.64979996468 213197.75702873297 186316.0241515735 124277.01665871587
-9999.0 -9999.0 -9999.0 -9999.0 -9999.0 -9999.0 -9999.0 -9999.0 -9999.0 -9999.0 -9999.0 -9999.0 -9999.0 -9999.0 -9999.0 -9999.0 -9999.0 20115.5514005 201362.60574492346 436636.38150701084 632534.9621283521 580703.0061720747 418918.0031178535 52778.95032503043 -9999.0 -9999.0 -9999.0 -9999.0 70291.0621621 286025.02110588935 331675.1711948415 276745.4695992793 321318.13958599867 501429.7813731598 274794.2617940628 229809.04715309475 312796.4787248811 0.0 0.0 0.0 -9999.0 -9999.0 -9999.0 -9999.0 -9999.0 -9999.0 -9999.0 -9999.0 -9999.0 12007.1785395 101974.27835620723 72108.53731565099 22470.858763444674 34567.46779428309 81676.21749010214 121153.66258269246 177516.90618387097 168495.78475269495 88538.10979650544
81552.94374254408 33377.273978675556 3335.8573673533574 -9999.0 -9999.0 -9999.0 -9999.0 -9999.0 -9999.0 -9999.0 -9999.0 -9999.0 -9999.0 -9999.0 -9999.0 -9999.0 -9999.0 -9999.0 -9999.0 -9999.0 -9999.0 -9999.0 -9999.0 -9999.0 -9999.0 8669.113558133717 11126.368741028517 -9999 -9999.0 143516.45648299463 845774.4321837685 906523.001297 859195.333189208 869220.462337 469054.20362676284 598534.693655891 248416.3655317094 162592.4066380076 0.0 58723.139845325946 -9999.0 -9999.0 63477.613996982036 0.0 17460.240823623273 -9999.0 -9999.0 -9999.0 -9999.0 23178.3703607429 43723.81455372129 25546.556194275017 -9999.0 -9999.0 53109.5101435 186002.19229120278 89813.70501967073 105669.74039695579 124784.158133696
443144.8497272622 37233.32661015081 4190.621956365815 -9999.0 -9999.0 -9999.0 -9999.0 -9999.0 -9999.0 -9999.0 -9999.0 -9999.0 -9999.0 -9999.0 -9999.0 -9999.0 -9999.0 -9999.0 -9999.0 -9999.0 -9999.0 -9999.0 -9999.0 8999.317080069663 36305.71957503116 69830.30032042955 157720.40610360756 7531.0397241990295 2829.5923909014323 20749.149882628837 355584.01881215215 790141.0958757286 890616.52065 809507.90121 714852.7205433699 632983.859567 394077.812915 243826.53315854512 0.0 28327.380938413993 5559.883159534814 -9999.0 0.0 36886.46751506326 -9999.0 -9999.0 -9999.0 -9999.0 20752.1024640339 152392.54326990026 211128.7759291123 190982.29519968337 46712.00276011567 -9999.0 77919.55962521542 280465.46738196944 194772.96491750426 226879.89067411525 170536.07304561936
300084.01839184656 40072.17053759479 -9999.0 -9999.0 -9999.0 -9999.0 -9999.0 -9999.0 -9999.0 -9999.0 -9999.0 -9999.0 -9999.0 -9999.0 -9999.0 -9999.0 -9999.0 -9999.0 -9999.0 -9999.0 -9999.0 -9999.0 20707.594513212054 65547.44893313234 187527.67882071604 390396.5368846096 883.2584223052994 -9999.0 -9999.0 -9999.0 1028.9410626648698 282420.94918878644 923653.2997651793 853026.4074549981 864615.3122977607 419295.84930923337 495072.903151061 264555.0076737193 44981.91274291997 51853.57297798279 -9999.0 -9999.0 11919.125220715758 -9999.0 -9999.0 -9999.0 -9999.0 -9999.0 177483.90385711478 287913.3622500877 275350.2180298181 232924.15908594365 147488.19813157019 170218.25550958593 177335.09117018647 215056.66796742767 185761.15486348787 177323.332914914 133983.85460945423
16963.056166926883 -9999.0 -9999.0 -9999.0 -9999.0 -9999.0 -9999.0 -9999.0 -9999.0 -9999.0 -9999.0 -9999.0 -9999.0 -9999.0 -9999.0 -9999.0 -9999.0 -9999.0 -9999.0 -9999.0 -9999.0 -9999.0 144179.88211960328 268477.3852578224 282526.6062064402 200570.07787354733 8799.217868483513 28033.673700318628 -9999.0 -9999.0 3011.8426758509668 116304.96831285764 727194.1992752004 706681.1177446946 490586.9922814616 326446.9616694388 142147.39325997536 88546.23466113601 40760.873043701584 18559.114478003055 -9999.0 -9999.0 -9999.0 -9999.0 -9999.0 -9999.0 -9999.0 -9999.0 233800.51704449172 140582.98785085604 147443.9323982827 97927.43033405297 39977.46073731969 22394.856109102486 16324.233000764702 19902.605718394036 54518.641159895065 63357.23031405511 45500.27907000083
257881.7231528424 97223.54166126625 22127.244711269268 -9999.0 -9999.0 -9999.0 -9999.0 -9999.0 -9999.0 -9999.0 -9999.0 -9999.0 -9999.0 -9999.0 -9999.0 -9999.0 -9999.0 -9999.0 -9999.0 -9999.0 -9999.0 -9999.0 132799.25611326756 381947.4764750843 567332.2943818339 25477.041980053298 6511.727746674386 20712.43556266924 13318.652158020732 34261.90498990795 16882.89396730836 31021.883086109385 128630.94221240048 337469.87064318894 128737.60888621614 -9999.0 -9999.0 -9999.0 -9999.0 -9999.0 -9999.0 -9999.0 -9999.0 -9999.0 -9999.0 -9999.0 -9999.0 -9999.0 47718.072738459385 394105.3735207543 280343.8314962085 217059.27350131795 109580.01748157399 18635.313351988447 14704.905837789278 114841.19474099837 57446.62099316136 131932.37412256413 241058.86362060704
400882.8126609837 393708.79012266546 100047.73556268142 3262.379552011114 -9999.0 -9999.0 -9999.0 -9999.0 -9999.0 -9999.0 -9999.0 -9999.0 -9999.0 -9999.0 -9999.0 -9999.0 -9999.0 -9999.0 -9999.0 -9999.0 -9999.0 -9999.0 11335.049581755962 152569.26800092036 343215.31508602924 44662.10738453762 16289.093542162209 75063.80202155412 12558.514070097002 76233.62891549178 92237.74060876948 9020.947956384898 8135.445496158242 6499.298396231772 10296.746346078635 88373.297390892 19929.50088076321 -9999.0 -9999.0 -9999.0 -9999.0 -9999.0 -9999.0 -9999.0 -9999.0 -9999.0 -9999.0 7412.1747148 82294.60345025234 130587.03877254904 257284.26722904452 233556.428372701 211036.36415207837 17380.32743476921 22064.530064291645 122199.3709438546 146705.9224627834 197862.94687947872 121624.87952627287
146492.44188052847 288603.2842170569 63061.5761654098 7594.704973370068 8895.165922181206 -9999.0 -9999.0 -9999.0 -9999.0 -9999.0 -9999.0 -9999.0 -9999.0 -9999.0 -9999.0 -9999.0 -9999.0 -9999.0 -9999.0 -9999.0 -9999.0 -9999.0 5205.150221299911 127854.56017832666 390545.2293834626 74785.95380385443 27923.281302401858 20086.116616654974 71352.07430171235 67071.17311962924 11696.450738117384 4312.53278129 45281.92989556237 0.002689691085915353 -9999.0 -9999.0 -9999.0 -9999.0 -9999.0 6656.710422924461 14861.397496805272 43099.7413003794 46582.10995532617 6294.75135329 -9999.0 5581.536633803868 4277.059755565321 9013.354268387235 92730.13304099509 119722.77110691728 76981.10421425311 203772.5893526717 54874.53138298306 42024.10495707947 219606.67280586736 201133.2868282134 217645.82540292133 350000.89221637836 156992.52898710017
366386.96977678663 359364.88681227044 189420.98049669963 66625.09043496654 94377.11631085629 10106.777201018875 -9999.0 -9999.0 -9999.0 -9999.0 -9999.0 -9999.0 -9999.0 -9999.0 -9999.0 -9999.0 -9999.0 -9999.0 -9999.0 -9999.0 -9999.0 -9999.0 -9999.0 130530.31663525809 143885.79548408336 246045.0570922202 37442.36148565316 29303.136828963925 44048.03957592225 7029.982643640795 40041.32478987169 0.0 0.0 70107.8838676598 4200.10572469 3092.032587813381 46597.78801043677 18572.456630995603 62866.43281304646 57062.50249999535 126295.51733552819 254048.73916725157 102302.49843973988 1394.1842819005358 0.0 21021.836678469474 58527.75504192529 60077.34485310284 39260.02490458839 49661.83875840355 73708.5567415212 51431.5177594662 127074.83538943695 276926.10709189717 332363.93823264807 406747.00543010904 319250.9363926616 269766.29433290707 297337.3557799487
37440.719798893675 221302.43829427962 34601.33405882874 11727.286670051564 46396.57172900708 68881.5611516648 7686.610130364246 -9999.0 -9999.0 -9999.0 -9999.0 -9999.0 -9999.0 -9999.0 -9999.0 -9999.0 -9999.0 -9999.0 -9999.0 -9999.0 21950.938277239897 17637.36572828459 84098.1565097421 37732.87135978913 32068.541213744586 90920.23728398797 257686.5398468283 172984.38450340336 81727.25652873774 269326.7113878164 47459.774971952924 6043.114370806605 5954.845091014334 71961.64742536862 47558.76836167407 64502.10782679955 75576.17048391017 68089.50074477759 209866.53375700847 187740.32157885595 123810.38702742661 99189.06815733656 58133.66462395074 28548.99687992264 0.0 48241.57492821151 75057.20865002292 110441.81367438352 116874.99312896476 71911.88503169532 52157.128961344606 61853.19351760375 0.0 289235.9300382458 371193.9106199835 367241.89735985186 151481.22180955575 194008.468939815 111579.07872765831
6817.408775488575 11648.472465851712 298516.4444843249 23207.239604280752 64080.09590289312 83419.96814704423 6267.221762590716 -9999.0 -9999.0 -9999.0 -9999.0 -9999.0 -9999.0 -9999.0 -9999.0 32709.93845691015 127179.54591366879 69256.67892196671 89447.99502645072 192681.09291604772 113921.43973035848 54442.35524799949 48276.38802543319 42798.61939338346 93879.99544891696 429756.10635072895 370565.78804445395 148516.57251623145 162999.7969228093 212845.75104736962 38232.31070745142 38808.465479971965 10991.649117216954 26775.872411086846 372991.64389659767 6130.450543440757 3766.9837065391516 38894.460365028266 80358.29892055706 86297.47572005406 45219.987456538656 28074.779010110957 23387.546659369204 42839.76050907627 25180.308124597686 0.0 1909.3404786198355 8211.115788771465 0.0 0.0 7953.906075179534 38141.45787607074 38169.24754303292 14149.90074811292 81465.72459557971 47591.08340248407 19784.422107473372 69061.52745436784 181759.99286830582
36555.77560130008 22738.309193455454 15491.114771283055 7327.096141470823 95342.6078237422 65450.522353174034 42987.67308477089 440340.2978758587 29929.104187702087 2951.5081572774234 -9999.0 -9999.0 -9999.0 -9999.0 -9999.0 14925.135247439901 282662.562881 267702.60437629645 242196.8348662343 58477.66127585133 17238.955831446172 273356.93199704436 209681.21679064858 155442.1248320708 95993.06313516008 225844.62387900896 148637.1200842036 88321.5094133129 72749.06287810706 134613.62595581144 124399.44961431506 0.0 136602.22161971222 208651.49142667037 168287.42135617373 65012.83062263675 36208.472191963985 7057.423255147264 0.0 31315.73775315603 7562.477795288506 17532.265010477233 29776.49222609467 5862.050442563753 0.0 2582.4716891428825 16588.218484252055 0.0 0.0 0.0 0.0 67027.04351463249 3481.8380067233534 38034.13395500735 0.0 0.0 0.0 0.0 0.0
126873.5397972883 46569.589896777645 37533.63053127332 58953.257814734505 41277.22909902594 54286.184203832425 16958.253197609265 110269.7189411409 14095.925229418082 3539.6500226126177 -9999.0 -9999.0 -9999.0 -9999.0 3217.959801409225 4968.035381286575 152671.87538866725 386385.26150179486 204657.69854856734 375968.31472429214 671877.1336137846 611790.341722547 539279.9305187899 210416.88425895848 284920.9252118253 228334.62446192207 126229.94951071951 168638.45110143707 220311.5412169042 91907.77569607474 318130.10596649116 680710.9345596276 415591.1377087076 377877.02840865735 219902.6171259354 138928.3951253181 49998.2517264599 49725.54496390784 0.0 14557.259081277429 86130.57171445379 64858.26523975602 41853.38890558861 15796.55695964365 12644.668719533194 7210.338756337932 10424.16820215129 12599.208573418962 0.0 0.0 0.0 0.0 0.0 0.0 0.0 0.0 0.0 0.0 0.0
68131.84060658487 0.0 16503.441451022427 0.02469880876963705 4983.308920079876 15861.74539310053 11704.678307227621 8672.330706092389 939.0005873791879 -9999.0 -9999.0 -9999.0 -9999.0 83640.89528990437 216447.70619671195 103431.82201509745 55687.10221521823 193405.3772570506 79776.5987468383 279208.06917006226 538488.8957834073 216346.90968869766 123853.26877737288 483114.2855143006 752253.2028267112 571444.9711773 536473.0199926432 651705.1285352765 196809.71151216413 87638.90441694409 206089.42117023875 92359.88150054267 505803.1166026952 554488.9735526427 1123055.3412782897 0.0 51425.76134040321 31175.18047166263 30230.38329637575 0.0 1467.4351466057005 0.0 0.0 0.0 0.0 78012.44210528971 29253.445507836408 0.0 0.0 0.0 0.0 0.0 0.0 0.0 0.0 0.0 0.0 0.0 0.0
24215.40171275931 70176.04515857325 92217.85773855064 0.0 19039.72142970918 15355.584555454805 13366.20580615169 14846.908514591154 3060.487287787135 -9999.0 -9999 10131.426197712242 169857.9118975708 228805.43094619422 271258.3773492449 251532.32007362565 330130.1109876624 141843.55434809224 36828.209481354475 2636.717406978403 138490.37550826563 455791.96228938486 654355.0153190858 746197.9583981879 525239.9284356307 405194.20895533054 248315.89658163374 108360.7165326603 77989.99027490991 184504.86660102106 426667.50246896385 260623.72376672743 153308.70345125298 174636.72665608724 191307.44858204393 168681.77097259645 184597.72145740647 123756.00746576513 10062.03356709721 0.0 0.0 0.0 0.0 0.0 44793.29040083778 35662.89935099019 0.0 0.0 0.0 0.0 0.0 0.0 0.0 0.0 0.0 0.0 0.0 0.0 0.0
