critload/trunk/input/1999/ngw_ag.asc
ncols 720
nrows 360
xllcorner -180
yllcorner -90
cellsize 0.5
NODATA_value -9999
[rows 93 to 123 of 360, columns 138 to 206 of 720]
0.0 0.0 0.0 0.0 8223.88841026 0.0 40427.0551086 0.0 0.0 0.0 0.0 0.0 0.0 0.0 699965.252691 602898.696434 152141.854257 121092.447291 216980.646175 11148.8458577 0.0 0.0 609492.793839 978512.571488 1159273.87539 1907916.00213 1610161.3173 1413227.77999 1077804.74738 80442.822029 949303.747383 897060.589474 835255.839714 1127635.41551 1964029.93244 1746504.3871 1358356.0398 1462600.90331 290078.974904 13442.2139581 -9999 0.0 0.0 421941.04741 440735.722629 263555.598245 0.0 -9999 -9999 1879367.76238 1380451.64733 1199838.7829 319766.194656 608728.025047 805713.294297 860114.701977 528441.265355 0.0 3935899.81707 5799561.57887 1701453.13375 960556.154542 0.0 0.0 0.0 0.0 0.0 477161.737422 1805248.47172
0.0 0.0 0.0 0.0 547579.641101 0.0 0.0 0.0 0.0 1576470.61905 1154081.44523 578356.476124 0.0 771336.482015 0.0 405981.600538 219086.04226 201512.348851 0.0 0.0 272745.427946 0.0 532782.077204 9790.77031165 1101531.60363 0.0 914829.38661 1048179.63671 908413.260806 763668.471529 911883.882181 883837.140779 774177.778848 340544.089746 662288.597498 180150.707859 591697.107156 551434.77574 650278.363896 231738.417731 452195.117608 375959.319543 392758.411311 499453.693812 541676.233077 378947.231393 0.0 -9999 -9999 0.0 1361255.63589 501525.601017 140113.083562 233727.764233 266267.482114 879849.535934 1554915.72687 2144913.29764 2055156.78643 1528271.0058 1799649.80095 1150867.57917 0.0 0.0 996729.276724 2993805.16282 1419171.59962 2198244.57626 2043254.13102
0.0 160259.105642 60076.568019 77536.5828177 153040.391317 133528.480311 0.0 151372.182598 0.0 0.0 1573.70859839 286348.396363 871487.616959 768468.741658 9014.53256163 199385.508509 487601.89131 0.0 0.0 0.0 0.0 0.0 0.0 0.0 2380099.75465 1142600.45074 1230966.40512 1336821.33338 1645741.42411 116438.233157 107800.16599 113020.753784 116511.824101 242240.806241 819436.687107 511348.166485 572200.855289 185688.941176 203057.398897 220973.103353 412185.549121 100724.983346 101257.351102 105274.25368 130291.668335 71167.1813246 0.0 -9999 0.0 1500480.24669 1853387.42846 1272567.54642 836622.49524 522722.382743 1259504.09132 671958.138684 1340159.29035 1346461.25884 150655.893862 -9999 -9999 -9999 0.0 8251948.83929 0.0 0.0 0.0 0.0 0.0
24386.1429671 96063.7441707 23650.6305483 25645.6467852 0.0 36053.3417146 54049.1212011 146602.841315 140409.20826 26100.9284083 0.0 0.0 282973.174511 27887.6125072 287504.631774 164415.820659 0.0 0.0 0.0 0.0 0.0 0.0 0.0 0.0 833962.730623 1278344.18514 1630327.60355 1530012.79659 2394660.37768 2553594.13204 137281.239875 616015.40323 149890.681251 175899.095535 347957.534532 181307.780133 188507.841863 184392.603553 179888.431293 175092.387799 137022.525905 105253.567525 107501.665525 97909.2597445 102390.72483 68905.6187736 26578.091988 0.0 91988.1325368 2166676.97231 2705663.1779 2045576.9792 1919756.34115 2120016.36652 1673056.46297 0.0 -9999 -9999 -9999 0.0 112203.278172 3737828.78215 0.0 0.0 0.0 0.0 0.0 0.0 0.0
74998.9501115 112397.123177 23450.4564452 0.0 47273.4591794 82531.5656395 0.0 0.0 0.0 0.0 847952.740664 0.0 763674.207255 675988.709664 355872.287315 522382.733564 540779.07679 462564.438473 128049.461109 279295.189093 434491.575691 0.0 1413170.65895 1762454.57885 1972858.91743 2321406.37701 2865373.45212 2518829.68313 2371587.08083 2651187.82449 136170.086821 190019.300518 0.0 0.0 359701.516456 458097.714717 164355.806956 455242.97553 242732.707846 157348.480291 79177.5593093 99219.1460094 103780.119945 113658.075206 117212.586592 140896.952192 119762.291865 162106.845044 182091.498403 110619.053841 82464.2098807 91946.7117892 897235.439559 2906099.97468 619044.081218 621202.352745 804168.091884 737014.324564 323801.499745 212853.192374 129855.59509 0.0 0.0 0.0 0.0 0.0 0.0 0.0 0.0
0.0 0.0 0.0 -9999 23571.8764707 78721.6194683 765787.294309 0.0 0.0 0.0 0.0 3190653.84452 0.0 0.0 0.0 2112075.47731 1089789.90116 1319006.06313 658132.65675 20378.946857 0.0 1723192.91083 2091532.6247 2231636.66803 2842402.21491 2836893.01746 3254063.65635 2617837.21202 1791280.36599 3596158.65982 144541.965259 145495.084362 256834.544003 0.0 0.0 0.0 605863.933378 212779.402108 83443.7640593 164708.672112 115748.203306 123376.20397 121189.793105 136468.254273 143262.441394 139951.249668 125037.551157 79967.8976313 107325.029204 97188.9932082 104977.631381 116593.758712 937381.205902 1074369.62981 1064539.71678 1081247.84175 958665.279182 657528.257395 638220.387329 528295.793965 415956.993345 0.0 0.0 0.0 0.0 0.0 0.0 -9999 0.0
0.0 -9999 -9999 -9999 0.0 -9999 0.0 0.0 0.0 0.0 0.0 2945059.36757 3726535.55471 0.0 1730018.54668 0.0 930087.540118 773830.010621 830732.574971 0.0 720800.391051 1381618.83168 559557.203455 1381198.38902 1462626.9046 1732993.59737 53880.8331859 2211361.57396 2042224.67427 3374559.87418 3451078.32783 1725654.36167 2085720.9194 2369714.88623 1539513.06588 505269.904058 989781.224735 217613.797424 1074105.15274 122911.515401 0.0 138630.837818 140731.234306 127825.835294 144623.80751 129265.441508 111344.046225 82292.8001856 89133.5820108 108045.10922 112699.073698 1249414.99674 1107846.42905 985997.993007 932903.511364 935423.141602 777814.153815 1113968.1111 0.0 0.0 10373794.5311 0.0 0.0 0.0 0.0 0.0 -9999 929696.826372 8397699.98674
0.0 0.0 0.0 0.0 -9999 0.0 0.0 0.0 0.0 0.0 0.0 2997506.21202 459900.327904 0.0 0.0 0.0 0.0 0.0 875864.750096 682561.23552 1085317.6317 0.0 1173632.79552 978852.608992 1063188.24797 986633.203564 1813806.54463 1128080.11898 2949342.36294 4839057.70858 4223294.12952 5017875.36463 2103257.18171 1735600.34485 1749230.92683 1451933.36728 974030.901157 1473315.72241 690549.907174 68636.9306457 111302.465288 141663.161915 139263.912771 124984.093137 140749.918083 143441.762152 124552.874119 85532.8470669 989667.370492 71905.2196487 101105.621468 108567.528665 936755.307149 706643.29388 921223.911881 962013.792841 691082.234343 11747.5410754 0.0 0.0 0.0 0.0 0.0 0.0 0.0 -9999 568644.520871 641316.199411 1609004.36414
-9999 -9999 -9999 -9999 160865.274202 0.0 0.0 0.0 0.0 0.0 0.0 7075316.5901 0.0 0.0 1146513.4465 0.0 0.0 947281.064018 515988.723708 657941.530976 565842.613686 1003849.95732 1113587.76289 1075920.87315 916707.896659 588454.100744 761606.34639 2449773.9981 4130452.90931 5095736.297 5319089.05564 5254716.99122 1526653.57096 1705971.87717 1953663.92101 1760518.41151 1736270.13578 2420455.28935 2345806.84292 1089704.43781 97443.7269373 91911.239825 716989.12276 0.0 0.0 0.0 1919406.25581 103177.466473 932831.989174 0.0 130200.72186 0.0 446027.272131 549407.184521 1159027.29774 4042519.21922 912187.288591 0.0 0.0 0.0 0.0 0.0 0.0 0.0 0.0 165264.462188 759988.276007 313110.051289 893657.631498
-9999 -9999 0.0 -9999 0.0 923833.514335 0.0 0.0 0.0 0.0 0.0 0.0 1560073.79124 0.0 0.0 0.0 0.0 1519228.42862 597966.976297 0.0 0.0 0.0 768751.909616 1213792.05851 1198688.83861 1173179.34501 2281374.49698 4394884.29032 5378072.79605 4684160.25269 5863561.30772 5175924.32152 3968914.96111 1710446.66 1813969.62984 2405893.95973 3733610.04376 1234817.34199 1136887.73409 1274326.83422 1347953.50252 411518.95024 295453.007282 0.0 0.0 0.0 2198422.17329 140114.727329 0.0 133263.655739 408426.252629 8762006.88106 1432656.80568 1613330.12355 461153.277501 1029628.82774 235441.771054 0.0 0.0 0.0 0.0 0.0 0.0 0.0 -9999 -9999 41875.103303 20396.0669273 315615.600111
-9999 -9999 -9999 0.0 257311.483327 0.0 0.0 0.0 0.0 0.0 -9999 0.0 315544.214654 199289.756311 157561.176878 0.0 3192145.12216 4341291.61004 1304307.27508 914208.307243 720985.859071 920545.03081 1151147.55045 1235321.77449 1440974.83941 1548353.06759 4442310.53558 4903705.99559 4433422.38965 2860005.11169 5132733.81041 5210256.67694 1140019.14854 3065821.32302 0.0 228103.159951 82828.3806461 2140674.86568 4700125.42302 1533247.64254 1156948.54357 173258.311025 729904.484159 0.0 0.0 1797623.63818 183642.766803 156866.293128 3870515.84899 835796.507014 1736161.27094 1331159.86155 871810.841683 377833.529443 1058445.06355 0.0 749205.177214 0.0 0.0 0.0 0.0 0.0 0.0 -9999 0.0 -9999 40566.4418756 30758.4196734 44186.8374777
-9999 -9999 0.0 0.0 -9999 0.0 0.0 0.0 0.0 0.0 -9999 0.0 9011.77018228 0.0 511756.433074 0.0 0.0 0.0 950751.184892 1046287.71146 643536.491338 739667.842027 1286864.22998 1723281.42756 2109322.91274 3795691.61 4482337.67577 3861808.79893 4508258.61641 2970333.3755 5958021.80552 6232750.55658 5185842.82785 3588498.49201 6114598.64233 1778084.2789 397077.378525 295210.039564 559251.734379 0.0 732942.105195 1460485.79006 1333235.17626 384683.399096 160490.330792 405614.285831 1416876.93777 1507122.56084 2677393.39921 747835.008403 851279.925956 1301796.50478 511457.072214 364188.44768 0.0 0.0 0.0 0.0 0.0 0.0 0.0 0.0 -9999 -9999 -9999 -9999 0.0 0.0 0.0
-9999 -9999 -9999 -9999 581963.139653 0.0 0.0 0.0 0.0 0.0 32615.1834938 0.0 0.0 0.0 0.0 0.0 3028045.90159 0.0 815054.864439 701328.538514 965080.229552 872024.860642 1247148.18453 1888659.76523 8053286.91503 4454765.19026 5469940.45989 5196879.71701 4853790.56515 3222595.0339 5991103.54338 6445443.94829 5892467.14889 3557808.13872 6325267.95696 4995213.9124 285306.677798 380009.942092 0.0 0.0 0.0 0.0 1744172.97031 136496.640026 110602.057696 0.0 0.0 3027323.33839 869457.597607 303486.678387 0.0 982920.659449 541833.612238 515628.380887 0.0 0.0 0.0 0.0 0.0 0.0 3177685.9145 0.0 0.0 576512.833815 -9999 -9999 -9999 -9999 663078.73285
-9999 0.0 0.0 0.0 0.0 11676.0253697 0.0 0.0 0.0 0.0 44726.5317229 0.0 0.0 30414.5304588 0.0 0.0 1043821.84255 0.0 727533.935012 1212510.48428 1936595.49814 0.0 2832557.99239 31455.2425052 3803196.06625 6383395.41337 5731298.96568 7268602.25398 4708155.00811 1957080.27545 6289348.16698 6263182.13139 1991302.58453 4059713.41598 711326.725146 658409.797004 0.0 0.0 534093.63788 0.0 0.0 3434444.18766 2228377.61643 1902349.61087 0.0 0.0 0.0 4271877.24592 2247483.5239 991799.810389 866176.912079 1021313.94225 0.0 913561.133563 0.0 930877.831652 0.0 365665.338317 0.0 0.0 0.0 0.0 908593.93821 0.0 2434235.53528 1625153.89282 -9999 -9999 757049.470001
-9999 0.0 0.0 -9999 0.0 30689.1201482 0.0 0.0 0.0 23093.5990432 661879.619888 0.0 0.0 0.0 0.0 1327976.36372 619086.733038 1929062.97641 638889.694507 1666326.5095 1090716.35243 526362.773789 1293180.03197 3451308.20588 3254915.93399 4125067.85351 5831586.10933 6746461.94688 7358278.13442 6559125.92059 6504097.87485 6716675.04543 6517065.96639 872445.327484 0.0 0.0 0.0 0.0 0.0 0.0 1659334.11498 2024337.27239 1625446.19882 2688077.90442 2959292.42922 0.0 0.0 950927.511668 3242457.27077 3974670.46988 962886.01042 0.0 0.0 0.0 3090350.79186 2912814.67789 1503425.63066 0.0 0.0 0.0 2059830.6097 1677558.03796 350857.33893 842331.710435 768891.379563 2120332.43019 450174.847644 -9999 0.0
-9999 -9999 0.0 0.0 13245.478887 0.0 0.0 0.0 0.0 39290.793197 0.0 -9999 0.0 22250.7276027 0.0 0.0 0.0 2382410.92308 499128.44547 1117985.90478 778282.081537 1393098.307 1389579.78457 3201795.36017 3515979.24242 4931456.75013 5211075.12247 4787531.609 5007519.57658 6394363.74839 7219396.64189 5085954.93287 21567302.2245 0.0 0.0 0.0 0.0 0.0 0.0 0.0 1698373.80435 1286569.23764 1275350.68028 2353164.14807 2361108.50353 954951.285311 0.0 902130.598385 3849218.16381 3597398.65385 3717886.2698 0.0 1528933.48498 3753379.38804 0.0 0.0 0.0 0.0 0.0 1761441.25111 0.0 0.0 803467.898626 -9999 996711.14528 968288.374379 212600.611057 182329.49699 0.0
-9999 -9999 -9999 0.0 0.0 0.0 704690.139415 0.0 37595.1472754 287508.223893 0.0 0.0 0.0 0.0 22515.5766637 0.0 0.0 1524330.63926 928395.235284 1444994.27751 2862050.36036 3431240.01447 3206196.36182 3192636.80345 3589401.97332 3852110.53324 5530233.22982 3529583.11618 3531997.60148 5897878.87281 10058475.8419 5913622.92695 6269622.23802 2925429.0656 853116.898306 2317584.13272 1441317.97718 2768414.65561 1675517.84372 798845.060345 1683952.54895 1027546.82061 1659208.07002 2001842.76835 3708446.96245 1646457.41082 0.0 1742791.53902 4598407.15499 3226091.96255 1034900.03148 0.0 1300522.07453 0.0 0.0 0.0 0.0 0.0 1915632.47807 0.0 1061716.2971 1122216.71702 1805579.10112 1650151.66358 1317517.00626 511542.1304 480464.360742 0.0 0.0
-9999 141.514495211 -9999 0.163958245259 0.0 0.0 0.0 0.0 17376.1591083 44915.3978465 0.0 0.0 1630.14745318 0.0 0.0 0.0 837894.871255 1161137.3473 3215347.21537 0.0 3427114.88508 3159076.43066 3114939.5283 2995797.4358 3743460.10309 2844115.91149 3128739.62456 5251778.06036 4307574.00566 5582762.60803 7390251.10525 0.0 0.0 0.0 0.0 0.0 2298145.4648 1983021.81076 1379267.71998 940384.49603 1280786.96057 1504390.99075 1931287.19318 0.0 1002622.4708 893755.546753 4834074.56736 4633233.8072 4617871.12705 0.0 768874.437549 0.0 0.0 0.0 0.0 0.0 612590.321615 306043.825066 338493.465406 0.0 118805.632473 107331.821183 1414265.54732 921886.581222 -9999 -9999 -9999 0.0 0.0
-9999 -9999 0.0 38371.8576161 -9999 0.0 0.0 25919.8952581 20448.4764229 0.0 0.0 0.0 0.0 39827.1379575 128860.301916 186108.740763 832090.728255 1533800.54361 3058448.44658 4526612.95565 3441554.87272 3034160.93277 2841365.46727 2672673.58174 2862101.5621 2721906.51888 2911292.16071 4363285.33386 5100853.19994 4824106.45161 0.0 0.0 0.0 0.0 0.0 0.0 0.0 0.0 970053.265712 0.0 1902594.8764 1868567.53898 1878206.46653 0.0 809839.158093 0.0 0.0 0.0 797000.567215 4325088.17034 4891606.83121 3613220.92139 3332328.65529 1781123.04057 3750154.2568 0.0 2034870.49552 -9999 -9999 -9999 -9999 20413.8964155 0.0 -9999 -9999 -9999 12749.2484723 -9999.0 -9999.0
-9999 -9999 0.0 0.0 -9999 0.0 0.0 0.0 0.0 0.0 1450322.91507 0.0 0.0 0.0 43209.3407333 0.0 138815.54789 852984.036806 924007.516292 2068522.30997 0.0 0.0 3119886.93525 2014804.92498 1410260.29435 1846206.56398 1700150.65545 4059048.02063 3791479.3937 4748851.23842 5210095.18612 5330997.7867 20438792.314 1429924.17532 2952833.80197 0.0 0.0 0.0 0.0 785233.617753 1835777.65206 1699147.17315 1599748.67557 401753.038905 1176760.01642 0.0 0.0 3490186.1842 1343721.69047 1796325.6267 3817658.34895 0.0 2751711.22 1703480.35384 2685908.45832 -9999 -9999 -9999 25916.6218428 1587915.9009 -9999 807389.714648 -9999 355821.089028 196704.327193 0.0 -9999.0 -9999.0 -9999.0
-9999 -9999 -9999 0.0 0.0 0.0 0.0 0.0 0.0 0.0 -9999 0.0 117216.56031 76369.2252565 0.0 62916.5644283 41536.821809 152953.928273 245558.76547 531850.943243 1936275.96295 2428328.51652 3014827.94875 703264.745821 447844.831897 1009026.22555 2697588.59238 3972257.67068 1172981.04611 1136571.00801 3928840.25952 119037.209015 2542250.46264 5084655.49865 2498953.56703 0.0 0.0 0.0 0.0 1032370.62254 1619686.51469 1789927.20203 1221882.40007 0.0 0.0 0.0 0.0 0.0 2824301.19272 3177383.42871 0.0 421904.048843 2676069.97659 2480944.71438 -9999 0.0 0.0 2070900.84488 -9999 -9999 -9999 -9999 -9999 0.0 -9999.0 -9999.0 -9999.0 -9999.0 -9999.0
165013.897138 -9999 -9999 -9999 0.0 5996.58002501 2887.05840091 3482.62326855 0.0 145.206749984 0.0 0.0 0.0 76728.2314408 0.0 36208.074685 13990.2070174 0.0 107354.540967 0.0 1314024.00916 1971798.28363 1510306.16624 229831.002146 1520661.85903 1526828.41073 2944261.43027 169701.346456 473187.476539 3838935.05158 0.0 0.0 0.0 0.0 812001.290362 0.0 0.0 0.0 0.0 0.0 0.0 1383941.41074 0.0 0.0 -9999 0.0 0.0 0.0 391387.535596 739770.461895 0.0 3345858.44206 2812185.97149 -9999 3563975.51033 -9999 0.0 -9999 -9999 -9999 -9999 -9999 609538.69164 -9999.0 -9999.0 -9999.0 -9999.0 -9999.0 -9999.0
4165.22403701 0.0 0.0 -9999 0.0 0.0 150.589369925 0.0 7571.74337186 0.0 0.0 0.0 0.0 113079.563944 0.0 2202.49434 1333.09505483 1049.36307932 11559.7897746 18982.5108865 945811.36425 1487381.82725 2035812.69573 1666124.3254 1772112.62701 2032784.55507 2801110.64064 36212.0671418 85528.0851939 3308653.33189 54679.8143747 2793719.84528 239641.101236 0.0 927301.801661 0.0 0.0 0.0 477838.22096 0.0 1216206.30595 318306.280535 -9999 -9999 -9999 0.0 -9999 674060.230808 3561335.84625 1123521.14137 0.0 -9999 -9999 -9999 -9999 -9999 0.0 1585285.6673 -9999 729702.40829 22737.7611517 -9999.0 -9999.0 -9999.0 -9999.0 -9999.0 -9999.0 -9999.0 -9999.0
0.0 119697.303445 0.0 -9999 0.0 0.0 29.5201084266 0.0 574.876389135 1123.59074549 0.0 0.0 23783.7970371 0.0 0.0 786.44881769 441.167044755 1188.34579651 0.0 0.0 537801.041975 1007615.35505 455297.179957 1063392.95295 1398174.93318 1879214.87967 1960722.15436 460992.201415 66410.735983 350576.293871 2249526.52968 -9999 0.0 0.0 0.0 932310.733946 0.0 0.0 0.0 0.0 0.0 0.0 0.0 -9999 -9999 0.0 0.0 0.0 0.0 -9999 -9999 3810411.41231 -9999 2658365.22889 -9999 -9999 -9999 -9999 -9999 -9999 -9999.0 -9999.0 -9999.0 -9999.0 -9999.0 -9999.0 -9999.0 -9999.0 -9999.0
37882.7531324 338021.495817 0.0 0.0 0.0 8.66347113182 -9999 -9999 0.0 0.0 0.0 13263.9615441 6565.08236959 0.0 23706.2045652 5005.30035541 5577.13744189 754.372508168 12610.7461438 39195.3202456 0.0 782120.218804 926522.079384 939338.142673 1030889.04714 1782805.50881 1869359.79043 836261.946395 4164494.96374 3433938.06765 8719.6079372 0.0 0.0 0.0 0.0 0.0 945053.306842 989136.864395 0.0 0.0 0.0 0.0 -9999 -9999 -9999 0.0 0.0 0.0 0.0 -9999 1959633.94106 2579841.04241 1378301.56725 -9999 0.0 -9999 -9999 -9999 -9999 2974.41040074 -9999.0 -9999.0 -9999.0 -9999.0 -9999.0 -9999.0 -9999.0 -9999.0 -9999.0
417984.685191 215443.765183 11688.6857711 -9999 0.0 0.0 -9999 -9999 -9999 -9999 0.0 0.0 0.0 -9999 0.0 8429.00620198 0.0 0.0 0.0 -9999 1559.78083079 0.0 955822.475376 1026120.115 2036180.70541 48907.8927497 31310.3244188 509054.788799 3618398.18868 3659327.65592 186239.875009 0.0 0.0 0.0 0.0 0.0 0.0 369118.238102 317622.028975 1059655.75365 0.0 0.0 -9999 -9999 -9999 2023831.78298 1607190.07126 1374908.24019 0.0 0.0 447327.032519 999276.591385 1240727.6083 -9999 -9999 -9999 -9999 -9999 -9999 0.0 -9999.0 -9999.0 -9999.0 -9999.0 -9999.0 -9999.0 -9999.0 -9999.0 -9999.0
0.0 -9999 0.0 43495.0169691 -9999 -9999 154266.190918 -9999 -9999 -9999 -9999 -9999 0.0 11535.486911 -9999 -9999 0.0 0.0 -9999 0.0 0.0 442975.160276 680009.00742 1091347.02829 1442794.09201 1751035.90211 151809.102407 2427522.19606 2947894.95489 3760159.18574 2975927.54036 731197.87335 0.0 0.0 0.0 159652.488365 278105.391183 292488.713492 418688.551578 218679.552449 335601.039389 82596.8426674 66885.3955552 0.0 0.0 0.0 171777.095619 116596.870836 142565.596463 0.0 0.0 -9999 0.0 0.0 -9999 -9999 0.0 -9999 340026.753643 36792.0121829 -9999.0 -9999.0 -9999.0 -9999.0 -9999.0 -9999.0 -9999.0 -9999.0 -9999.0
0.0 -9999 -9999 -9999 -9999 -9999 799208.336924 0.0 88767.9129797 0.0 -9999 -9999 -9999 0.0 0.0 -9999 -9999 -9999 -9999 -9999 0.0 0.0 216500.674156 545848.531671 834161.642766 696153.521974 402883.233579 801547.216641 3690947.17169 3032182.39906 1865497.51343 612838.690982 711304.299894 767020.107501 0.0 0.0 0.0 0.0 0.0 59852.998814 95657.1699848 0.0 -9999 -9999 -9999.0 -9999.0 -9999.0 -9999.0 -9999.0 -9999.0 -9999.0 -9999 -9999 -9999 -9999 -9999 353761.629224 -9999 -9999 68410.5182182 -9999.0 -9999.0 -9999.0 -9999.0 -9999.0 -9999.0 -9999.0 -9999.0 -9999.0
-9999 0.0 0.0 -9999 -9999 -9999 0.0 810260.98903 11643.4720923 -9999 -9999 -9999 -9999 -9999 -9999 -9999 -9999 -9999 -9999 0.0 4911.40806347 205392.128707 197655.691563 10276.2316799 822647.612659 1229246.86649 945319.003755 1897552.23916 2312267.28582 811454.155457 1337500.6961 718331.203964 93217.481818 -9999.0 -9999.0 -9999.0 -9999.0 -9999.0 -9999.0 -9999 0.0 -9999 -9999 -9999 -9999.0 -9999.0 -9999.0 -9999.0 -9999.0 -9999.0 -9999.0 -9999.0 -9999.0 -9999.0 -9999.0 -9999 -9999 359790.270395 -9999 -9999 -9999.0 -9999.0 -9999.0 -9999.0 -9999.0 -9999.0 -9999.0 -9999.0 -9999.0
0.0 0.0 -9999 0.0 -9999 -9999 3317162.19575 2194927.21239 63424.2009835 0.0 -9999 -9999 -9999 -9999 -9999 -9999 -9999 -9999 -9999 94.5141123861 917.027604228 5076.12085497 129607.743106 489982.402703 734518.800791 303914.966011 2336485.95991 1831847.65859 889817.414085 482702.53135 485102.053773 151118.023861 -9999.0 -9999.0 -9999.0 -9999.0 -9999.0 -9999.0 -9999.0 -9999.0 -9999.0 -9999.0 -9999.0 -9999.0 -9999.0 -9999.0 -9999.0 -9999.0 -9999.0 -9999.0 -9999.0 -9999.0 -9999.0 -9999.0 -9999.0 -9999.0 300399.706985 217620.295822 604213.031203 190194.940534 233409.501198 -9999.0 -9999.0 -9999.0 -9999.0 -9999.0 -9999.0 -9999.0 -9999.0
0.0 192.521191171 -9999 -9999 0.0 -9999 0.0 2135121.06445 41502.3533909 -9999 0.0 166987.872937 -9999 -9999 -9999 -9999 -9999 -9999 0.0 0.0 22623.6277215 513.027626551 323846.606208 416529.724039 0.0 647771.468733 387024.446739 121263.668668 272152.27976 16233.739941 -9999.0 -9999.0 -9999.0 -9999.0 -9999.0 -9999.0 -9999.0 -9999.0 -9999.0 -9999.0 -9999.0 -9999.0 -9999.0 -9999.0 -9999.0 -9999.0 -9999.0 -9999.0 -9999.0 -9999.0 -9999.0 -9999.0 -9999.0 -9999.0 -9999.0 -9999.0 330764.701329 101469.767898 579496.553544 131605.336387 154636.781297 -9999.0 -9999.0 -9999.0 -9999.0 -9999.0 -9999.0 -9999.0 -9999.0
