critload/trunk/input/1999/ngw_nat.asc
ncols 720
nrows 360
xllcorner -180
yllcorner -90
cellsize 0.5
NODATA_value -9999
[rows 56 to 83 of 360, columns 124 to 185 of 720]
94135.5272033 76567.2872618 -9999 -9999 -9999 -9999 -9999 -9999 -9999 -9999 -9999 676.289280401 62447.6219022 86396.6495316 67637.0686237 81391.8150733 -9999 -9999 26808.3772488 65643.1187416 43083.7775428 78339.9229846 75601.724136 72662.8655569 77849.4193402 77695.854995 73891.6308052 103839.179374 131133.724913 119336.928455 131284.242408 85186.6032437 87319.7322419 84482.2878718 57851.6486963 56383.7420533 59549.6115006 91813.9716073 56423.8076361 88997.9970773 33343.5137113 59683.2699698 58499.8564129 53053.6549085 88905.14046 88735.4451342 115035.647123 112669.948018 76532.4167532 16046.2807646 -9999 -9999.0 -9999.0 -9999.0 -9999.0 -9999.0 -9999.0 -9999.0 -9999.0 -9999.0 -9999.0 -9999.0
73211.3530643 64862.6089549 10742.1759747 -9999 -9999 -9999 -9999 -9999 -9999 13977.8482785 27007.7936671 41432.2523823 59307.9411315 85600.2680902 77039.6893705 65797.5792476 -9999 -9999 -9999 47888.8834155 79706.9076473 80134.5109937 77607.4716026 78673.5193139 76701.5862948 80296.1320401 73973.5454236 128688.159224 130176.929916 78960.0329015 88365.6455414 89519.9656482 86281.1340109 59731.7951289 78090.9783266 88042.678979 59441.4882507 61009.9875653 58497.0298821 59621.5370551 49380.124841 50754.8716726 58598.3172557 55497.0751925 59804.8634808 96971.4641677 100945.387019 79356.8141105 4613.50026335 -9999.0 -9999.0 -9999.0 -9999.0 -9999.0 -9999.0 -9999.0 -9999.0 -9999.0 -9999.0 -9999.0 -9999.0 -9999.0
32716.0820073 43340.0798217 95247.7484055 21540.0833116 8042.2415876 11215.0778835 31001.751372 56660.9672635 52877.3536276 19880.1051799 21017.7154807 42958.4558376 91698.4085824 86048.6942 79180.658618 73028.9367929 85819.0324205 89850.5551955 89200.7681931 26540.2003454 76439.9948057 58638.1725022 88395.9074248 83266.5805369 89700.345807 90464.7435521 87250.4559949 33698.7744062 63786.6997822 79968.6434534 82025.0954316 71238.2634324 69997.9075331 62854.3580248 92929.8132098 89933.6131186 81808.763032 45434.2589217 64409.0687027 64115.9842477 63538.1284484 61881.249741 58297.410477 60890.6686561 66602.7176741 65103.583901 55843.4220382 10674.1763751 -9999.0 -9999.0 -9999.0 -9999.0 -9999.0 -9999.0 -9999.0 -9999.0 -9999.0 -9999.0 -9999.0 -9999.0 -9999.0 -9999.0
17662.0031896 32412.3447284 40921.7472603 39284.3664817 29384.7455774 19842.3872004 46502.6268245 46736.0492121 75523.2465849 61909.6893329 22126.3690817 15637.2587179 38398.7987142 77449.933589 78242.3229945 84393.0652886 86844.1022735 82029.593551 88971.3796209 74818.9913092 52062.2531208 49362.6964225 56275.4092729 79795.2199627 88734.1227718 91882.9598794 80615.0104194 67350.774709 94077.2288755 88255.2370934 88153.9781478 26235.9935646 83200.8508819 94421.5509294 78586.9374298 84526.8663796 50647.5389439 52369.888933 94655.4580417 62890.8703962 61529.3651319 60639.7790122 65121.7259963 68122.7210312 66856.7106608 68755.6994864 29261.6370354 -9999.0 -9999.0 -9999.0 -9999.0 -9999.0 -9999.0 -9999.0 -9999.0 -9999.0 -9999.0 -9999.0 -9999.0 -9999.0 -9999.0 -9999.0
17735.5375343 23843.0171422 27984.7799125 23763.8877753 24986.5783414 24682.7176921 28107.5115011 38796.499109 74629.413758 77906.8499641 83453.7775857 50078.8516419 59102.4689734 94117.2467257 67782.6082783 91070.0142214 84541.763329 63782.9409387 85415.3300023 99060.5020958 91480.2451634 92953.8803463 91484.6303652 81479.2754359 88577.2839686 93562.2299873 95361.4931166 90303.4687627 97386.9069337 101423.526286 101119.868248 100328.911977 102114.833036 86622.5831974 87804.4414501 85448.8812958 66394.5880333 105049.917444 106075.034721 108244.72945 97219.8372201 106475.458803 75205.1749337 75295.0384 73134.977825 72259.3847147 19687.5603361 -9999.0 -9999.0 -9999.0 -9999.0 -9999.0 -9999.0 -9999.0 -9999.0 -9999.0 -9999.0 -9999.0 -9999.0 -9999.0 -9999.0 -9999.0
37796.0644176 25694.7923374 25636.4016879 14774.5453617 18406.1372225 18353.1963742 16773.285426 17730.8186475 55141.0366109 85698.3624601 13879.5742679 25345.706011 19068.77046 75015.2108165 72318.7696726 26535.715813 -9999 -9999 -9999 -9999 21557.2721192 75871.0308174 73342.5008469 81689.0564683 96313.01753 34738.5399732 33128.9478962 89694.0858115 99922.2650052 96098.3403183 101565.65515 104886.178505 105474.059635 104159.75209 100745.706513 100531.942962 102819.146897 102212.051772 102101.409027 100176.316547 100334.631796 107887.618487 108059.348492 106388.240948 73924.4543383 75650.7920579 28619.3427081 -9999.0 -9999.0 -9999.0 -9999.0 -9999.0 -9999.0 -9999.0 -9999.0 -9999.0 -9999.0 -9999.0 -9999.0 -9999.0 -9999.0 -9999.0
24394.5797028 44743.0056803 41097.4254548 30742.3754276 17314.2588811 15938.8913195 18953.2174437 41854.2469352 73928.0759209 80226.2589948 14260.2355531 -9999 23644.544493 38555.732938 -9999 22332.5771413 56709.829662 71132.4843358 86691.3415878 77507.8001347 88502.4516693 91969.7631408 97331.3296062 99123.1244529 84136.9378912 101974.967684 102723.405813 98396.1357266 93061.0211267 112617.698485 107110.811826 106701.419436 102525.852998 111044.50542 106980.877972 96897.1281265 107246.666691 108367.804175 104098.933724 89679.2228541 112274.499541 113158.690297 101885.604678 104965.116753 110931.727634 97167.864603 72126.4997013 13511.8510724 16980.78828 12763.5537558 -9999.0 -9999.0 -9999.0 -9999.0 -9999.0 -9999.0 -9999.0 -9999.0 -9999.0 -9999.0 -9999.0 -9999.0
-9999 -9999 -9999 972.290943868 -9999 15114.0374802 17382.1757342 -9999 -9999 -9999 -9999 -9999 64391.9147438 64713.7669879 102600.67701 85404.6903289 91961.4929091 65605.2620499 73960.424592 58402.9947719 61156.9435213 91968.2122615 90154.4272188 99634.6732437 97773.9011842 85070.8494735 95533.5175804 99400.9774442 75973.165504 23440.4522783 101270.870808 107525.266629 101877.962353 118990.766602 108969.833814 101160.155133 106567.778214 103580.505496 104903.046692 106034.871552 112693.879494 115819.086055 109974.19676 109436.952106 93778.0645125 80245.3986792 40513.2425479 36356.4899412 38824.381945 35555.5476367 5994.26356123 -9999.0 -9999.0 -9999.0 -9999.0 -9999.0 -9999.0 -9999.0 -9999.0 -9999.0 -9999.0 -9999.0
-9999 -9999 -9999 -9999 -9999 -9999 -9999 -9999 -9999 -9999 -9999 -9999 -9999 -9999 70781.3753204 105857.812853 118757.203634 113463.443053 97464.2024228 91282.5150761 103165.376288 96161.3654166 81471.7619939 60170.6777333 102454.845577 114264.611139 102017.141231 103971.676311 96417.234221 103591.766661 102527.487774 30091.0341268 50127.0851711 126735.113627 121177.139388 132851.437487 114036.46079 129672.610392 112613.227123 29462.1899595 109974.637872 111451.266928 97056.8265943 108165.865024 102685.355398 78185.8061073 33930.5866773 45486.8346624 43222.2353502 42985.8329049 26566.6932518 -9999.0 -9999.0 -9999.0 -9999.0 -9999.0 -9999.0 -9999.0 -9999.0 -9999.0 -9999.0 -9999.0
-9999 -9999 -9999 -9999 -9999 -9999 -9999 -9999 -9999 -9999 -9999 5673.00512974 41235.082273 -9999 -9999 -9999 -9999 96131.9644086 107854.32643 119886.404433 123591.36329 106738.6944 71319.8416099 91519.3226663 111660.374043 94489.2672839 116613.69223 114732.136019 128782.829217 112381.717557 66915.5970796 12730.0478059 104078.623596 84766.0755112 108546.485845 119590.31067 131133.222111 40765.581893 31247.5310612 23698.0584533 110016.720071 96993.5981469 111686.228528 102481.406806 106249.272965 102660.190651 84222.690891 39466.7194989 33144.0774426 46015.8176741 40269.8440961 2667.69364949 4447.98521393 13012.6556004 14252.0047805 6570.80482499 -9999.0 -9999.0 -9999.0 -9999.0 -9999.0 -9999.0
-9999 -9999 -9999 -9999 -9999 -9999 -9999 -9999 -9999 -9999 -9999 -9999 14143.2392176 -9999 -9999 -9999 -9999 -9999 63616.6793914 116159.97735 121572.396703 136360.934547 144697.895751 146472.154314 133872.926568 134817.47577 141700.018617 143349.389106 121447.284913 104764.036947 88039.0735153 76025.9342326 128938.532135 138380.762089 136755.44906 117254.369177 40801.4430703 27354.9668641 40739.3987847 48076.6742767 113012.048072 132076.180545 129471.001466 130097.064449 128189.432759 109793.243344 108906.706478 51234.1345908 45882.6525419 44517.2148034 34576.2398254 47521.7333925 50184.0714893 42678.3956728 46883.2694819 43131.2401165 39453.8519502 32404.9460647 17060.2034222 4400.92934963 -9999.0 -9999.0
-9999 -9999 -9999 -9999 -9999 -9999 -9999 -9999 -9999 -9999 -9999 -9999 -9999 -9999 -9999 -9999 -9999 -9999 -9999 23392.3034575 99482.5800053 136032.108778 144137.842246 147104.250736 149094.272805 143020.46575 149094.729616 144474.229951 142996.818481 124918.753196 138612.57292 131929.771823 131046.487932 139464.090072 39417.7813654 41829.9778377 46794.2301777 47032.9194939 48482.4109345 49417.339737 49756.7886003 49102.5653699 48421.9466317 95926.1794935 125559.985744 121831.170579 62269.2027311 55038.2151077 52424.1381205 51165.9467202 44119.2359021 39831.4908666 38502.0108002 40453.9982468 52039.2209692 51603.5561392 50222.6576037 48138.3913998 48053.7211594 61402.0843393 25404.2145076 -9999.0
0.0 14053.5284479 11330.8217909 3821.36055728 23684.1080078 26353.3847601 -9999 -9999 -9999 -9999 -9999 -9999 -9999 -9999 -9999 -9999 -9999 -9999 -9999 -9999 -9999 87932.5442672 131116.801434 135628.487801 162313.219201 158758.289096 159606.791171 169277.147204 165863.722169 160869.500792 150129.822344 51477.412203 35696.8166021 51066.0172055 42963.6081721 51193.5267472 54967.4075991 52497.4400327 52109.9779001 52899.0569446 52058.5892772 52876.0371841 53316.6013451 143239.065386 137174.349727 140509.159973 137174.671341 133070.961908 131586.551342 136606.531684 50661.6666911 44635.247609 44127.109835 46621.2676611 46109.1664319 46049.5957825 41664.4144151 49529.5889092 55968.8226685 79548.0202107 66564.9224438 56873.0220593
-9999 3144.18705664 57369.0970712 97056.6774996 -9999 -9999 -9999 -9999 -9999 -9999 -9999 -9999 -9999 -9999 -9999 -9999 -9999 24014.9573267 -9999 -9999 -9999 -9999 -9999 45071.6617883 123338.017448 94765.8551899 75688.3073769 164751.19239 154304.492575 166409.878191 144561.127775 151020.324188 130397.70043 131870.553175 148912.008733 139943.381535 161104.688917 47648.4308883 50462.0376178 50814.9023057 39611.2891059 46777.6032208 51635.8487287 127461.573077 125211.719481 138068.90642 125451.226184 131946.698227 138341.477662 138835.512981 63339.7249536 65214.7041022 50555.9461674 47200.8574631 48762.5212892 49982.7736098 50253.8253663 48104.6723131 47567.4087977 46574.662432 70681.1622312 69782.035312
-9999 20062.4638974 -9999 82678.5614835 35655.1470177 23270.5625133 -9999 12514.6894989 13255.0924491 0.0 5141.87276084 -9999 11069.2817982 -9999 -9999 -9999 -9999 -9999 -9999 -9999 -9999 -9999 -9999 -9999 -9999 -9999 -9999 154238.19942 153404.637426 38713.899504 158343.452713 113340.552001 112577.773813 160951.574016 127155.015543 123449.598423 124527.768193 170524.941895 52965.2905916 53231.7390924 44107.4233262 49974.4780486 45514.9464335 156372.815664 123614.47224 145226.094722 145809.030736 80230.3707049 122647.196833 142797.134355 138732.923638 149718.529243 141991.60222 126469.953267 124325.871912 58544.90097 56812.8468428 56443.3439592 57454.5798283 55859.0955942 78302.0022534 76685.0147445
-9999 -9999 -9999 -9999 -9999 29689.5386765 0.0 6430.19367122 0.0 0.0 0.0 0.0 0.0 0.0 0.0 0.0 12070.5120098 -9999 -9999 -9999 -9999 10851.890247 -9999 17166.5821824 -9999 16186.4353789 -9999 17304.6178057 -9999 -9999 41306.8002843 20154.1591461 73313.1904995 49769.1191742 65035.3904805 62244.0382254 83025.9137033 24080.5868232 39064.3065501 -9999 32734.9756578 53498.2505256 42747.3761146 123074.716098 126013.146967 138996.069849 116674.834653 135040.5279 108823.665208 123483.934401 121426.339227 141790.62916 148401.437077 148914.014825 146818.211057 144996.392285 99301.7753596 97298.3066322 86456.3563832 82214.1350041 55174.8366749 56393.5224398
29230.2686717 36394.3643125 44217.4082543 55805.2922989 62960.4235604 0.0 0.0 0.0 0.0 0.0 0.0 0.0 0.0 0.0 0.0 0.0 0.0 0.0 -9999 21385.705866 -9999 -9999 13499.5241648 -9999 748.063932632 -9999 -9999 -9999 -9999 42695.8341771 41221.6405592 36907.1744134 47294.9304944 137940.786126 83710.5783623 64399.0678387 -9999 93271.0351536 7666.30406371 6062.0407733 44242.4395064 63004.2197225 61277.0600914 55187.2131336 48560.9438203 -9999 -9999 34789.9518333 45112.8340001 141611.652561 151938.662935 56273.3167128 60825.9238752 157753.894034 108506.34968 76223.8741487 89956.7956287 103698.423193 106432.445643 106728.972707 103216.990642 69412.2219342
93309.8341539 61823.1073248 40469.1841623 17094.643942 14509.4964737 85801.9301508 0.00773733883434 0.00352430224447 0.0 0.0 -9999 -9999 -9999 0.0 0.0 0.0 0.0 0.0 0.0 30102.8101168 19834.8113202 1347.79993632 0.0 0.0 16883.7661254 7186.96808444 11873.06669 3495.00098224 0.0 33736.3455509 -9999 -9999 21036.3486199 23729.5462622 -9999 -9999 20840.9473758 53787.3018082 -9999 -9999 -9999 -9999 -9999 63779.7221601 57149.270301 7256.35306704 28485.0547712 35587.8407562 54213.6730395 52387.1499506 48664.2071698 59100.4667653 58330.8041627 108939.679366 95626.1650399 111250.110775 110798.29484 110486.263024 104392.753432 107392.553683 102013.405553 111126.276476
138950.605847 193504.453269 105086.313653 55623.7568576 45150.7718771 -9999 77726.9454854 0.00270758460026 0.0 0.0 0.0 -9999 0.0 0.0 0.0 0.0 0.0 0.0 0.0 0.0 0.0 0.0 0.0 -9999 0.0 0.0 0.0 0.0 20271.4099861 12217.7329289 2425.56094439 -9999 -9999 153579.645043 -9999 -9999 -9999 115268.87451 -9999 -9999 -9999 -9999 -9999 73917.5202971 63010.0865836 206267.992468 203032.747617 203974.692211 198055.740199 186381.338109 52545.6806426 42790.4823211 172059.313221 173289.907031 134609.582794 111187.353743 103029.334504 113275.291822 114606.454114 119115.524165 120078.988016 119775.249318
73440.2073671 200588.860731 203774.871784 129624.473528 86761.443375 65950.207958 0.0 0.0 0.0 0.0 0.0 -9999 -9999 0.0 0.0 0.0 0.0 0.0 0.0 0.0 0.0 0.0 0.00230019539819 0.0 0.0 0.0 0.0 0.0 0.0 36668.6242175 41492.3412351 -9999 -9999 -9999 63852.6487792 15811.3725365 23506.0314062 319418.179175 292020.362655 -9999 -9999 -9999 51167.7143296 54.9226798574 62834.0367456 187885.810707 164569.836423 134692.757159 157797.252929 190186.621431 165142.182295 161728.035284 167876.638327 185330.277851 183138.106395 176886.53925 181416.321764 190338.983951 117146.463602 117362.975565 116870.149474 120033.973876
178989.141201 178256.658838 219303.162706 209330.222047 218020.818295 72692.8519363 63094.0026999 0.0 0.0 0.0 0.0 0.0 0.0 -9999 0.0 0.0 0.0 0.0 0.0 0.0088395190959 0.0 0.0 0.0 0.0 0.0 0.0 0.0 0.0 0.00542949176447 0.0 0.0 25554.4354294 -9999 -9999 -9999 133680.276387 -9999 -9999 175035.982723 110218.34033 233580.262539 -9999 57829.9654325 99903.4527634 76009.0203957 192491.030896 192418.359496 191217.340376 171584.745037 215068.336452 217456.921431 195660.070456 171407.673433 208817.485102 207713.646117 207985.861391 210078.661185 207981.634658 200385.440202 200652.29681 190361.769974 179401.311149
118990.794292 129749.759439 75999.5543606 242047.237872 214440.013926 182340.134821 48364.2748736 48353.7440755 0.0 0.0 0.00326341646058 0.0 -9999 -9999 0.0 0.0 0.00400374214694 0.0 0.0 0.0 0.0 0.0 0.0 0.0 0.0 0.0 0.0 0.0 0.0 0.0 0.0 0.00727437335238 0.0 11830.5144717 -9999 166584.917263 0.0 16702.819985 0.0 322916.745044 0.0 0.0 -9999 127320.629721 -9999 332836.737424 452828.781197 217817.442663 192731.330211 183141.563288 192006.936867 200554.2185 195042.332374 181993.36251 159633.008272 203784.870495 211116.522915 208769.100609 210918.241922 209119.172219 207388.892659 204038.098549
196884.543789 202040.897434 104468.568149 74926.3900868 188900.624088 206543.511776 131112.877773 0.00294004535811 -9999 0.000711489029416 0.0 0.0 -9999 -9999 0.0 0.0 0.0 0.0 0.00350861443451 0.0102220433969 0.0 0.00231424256576 0.0 0.0 0.0 0.0 0.0 0.0 0.0 0.0 0.0 0.0 0.0 0.0 79733.7154539 56362.30642 676.399593878 0.0 -9999 0.0 0.0 0.0 0.0 -9999 74494.919359 496994.661911 552311.222349 423962.361394 447795.619618 493245.12092 240365.62252 253397.297446 231011.182257 205910.872022 242580.711192 246623.617787 243009.422332 225250.229803 237356.479395 228563.425367 231234.541455 222288.866007
197158.79855 203224.386778 201961.745724 177290.101799 188056.240917 256500.438871 144789.578326 72642.5830576 -9999 0.0 0.0 0.0 0.0 0.0 0.0 0.0 0.0 0.0 0.0 0.0 0.0 0.0 0.0 0.0 0.0 0.0 0.017122462247 0.0 0.0 0.0 0.0 0.0 0.0 0.0 0.0 0.0 99665.187507 0.0 0.0 0.0 0.0180183313091 0.0 0.0 -9999 142783.600792 502180.429343 536454.202366 506287.476446 502239.536233 490924.823469 386570.227469 369295.804004 199212.913591 247174.226131 226739.710374 243401.264494 236257.974048 232983.911139 158815.671265 178361.549236 231145.935583 227931.172212
234381.731514 235486.090941 190766.013051 218132.399036 448118.647095 205229.171678 117380.92305 56423.9422823 15725.2816714 0.0 0.01310450797 42312.8408745 0.0 0.0 0.0 0.0 0.0 0.0 0.0 0.0 0.0 0.0 0.00694707710148 0.0 0.0 0.0 -9999 0.0 -9999 0.0 0.0 0.0 0.0 0.0 0.0 0.0 0.0055866936746 0.0 0.0 0.0 0.0 0.0 0.0 86061.0087917 103394.940758 170902.166486 67461.4194077 162581.937484 165256.73415 467413.196559 489054.081254 531460.183838 235530.53807 265304.485453 284463.327906 275541.808685 269407.91177 274668.312795 58644.7266188 88024.8976601 512169.240071 513728.122112
484832.000287 512935.371997 207657.156529 150729.693969 242158.732171 411348.209944 96227.5096642 114168.821423 188867.328002 0.0 -9999 36794.0587038 0.0 0.0 0.0 0.0 0.0 0.00855887889598 0.0 0.0 0.0 0.0 0.0 0.0 0.00452005157205 0.0 0.0 0.0 0.0 0.0 0.0 0.0 0.0 0.0 0.0 0.0 0.0 0.00150260314986 0.0 0.0 0.0 0.0 0.0 -9999 -9999 -9999 -9999 33979.8944658 494905.388879 513571.545909 499548.906339 496418.629692 490866.745342 541532.041003 544225.97155 555089.495827 536021.388758 539513.284588 484734.518147 457126.457403 544513.164763 545769.459394
316818.903051 379976.71489 186389.482327 333231.155524 163451.784957 437015.756462 224451.883151 168826.523183 130175.796224 32023.9931396 0.0 0.0 0.0 0.0 0.0 0.0 0.0368039953519 0.0 0.0 0.0 0.0 0.0 0.0 0.0 0.0 0.0 0.0 0.0 -9999 -9999 -9999 -9999 50346.9512274 1241.47566744 43778.536378 58555.1037883 15423.3459749 156226.885741 57467.9851127 45523.246845 4908.6611733 24606.5987309 115633.7793 221614.47265 127590.460004 137104.350835 28182.7787306 582308.848279 556275.667805 399175.755691 511743.166492 627542.765483 568657.351076 600277.620817 523086.553514 602105.709106 548935.407432 552442.007473 513836.716332 281957.031377 173701.163899 267589.745864
0.0 328592.272609 299021.213931 0.0 175144.141965 104607.828898 188676.103975 -9999 88269.3768467 76070.0143764 4959.38636818 0.0 0.0938935298404 0.0 0.0 0.0 0.0 0.0 0.0 0.0 0.00392300271393 0.0 0.0 0.0 0.0 0.0 0.0 0.0 0.0 0.0 -9999 -9999 -9999 0.0 -9999 0.0 0.0 -9999 860.559887951 160061.18909 -9999 0.0 39900.2260524 291691.268852 279451.497186 -9999 -9999 -9999 -9999 725118.878699 562647.27831 608495.99437 551411.207931 528174.794997 587204.846679 624460.215352 615461.109422 252824.047366 40616.5177031 -9999 -9999 -9999
