critload/trunk/input/1999/ngw_nat.asc
ncols 720
nrows 360
xllcorner -180
yllcorner -90
cellsize 0.5
NODATA_value -9999
[rows 28 to 55 of 360, columns 434 to 495 of 720]
-9999.0 -9999.0 -9999.0 -9999.0 -9999.0 -9999.0 -9999.0 -9999.0 -9999.0 -9999.0 -9999.0 -9999.0 -9999.0 -9999.0 -9999.0 -9999.0 -9999.0 -9999.0 -9999.0 -9999.0 -9999.0 -9999.0 -9999.0 -9999.0 -9999.0 -9999.0 -9999.0 -9999.0 -9999.0 -9999.0 -9999.0 -9999.0 -9999.0 -9999.0 -9999.0 -9999.0 -9999.0 -9999.0 -9999.0 -9999.0 -9999.0 -9999.0 8656.9340085 18457.6444351 19340.5025051 23080.095605 20681.5485005 26536.3369028 24429.5382866 20633.8905698 24541.7879154 24229.3568064 21187.1461496 8789.00900176 7253.71579675 6155.22942844 8429.22915831 4137.99670247 984.003524634 -9999.0 -9999.0 -9999.0
-9999.0 -9999.0 -9999.0 -9999.0 -9999.0 -9999.0 -9999.0 -9999.0 -9999.0 -9999.0 -9999.0 -9999.0 -9999.0 -9999.0 -9999.0 -9999.0 -9999.0 -9999.0 -9999.0 -9999.0 -9999.0 -9999.0 -9999.0 -9999.0 -9999.0 -9999.0 -9999.0 -9999.0 -9999.0 -9999.0 -9999.0 -9999.0 -9999.0 -9999.0 -9999.0 -9999.0 -9999.0 840.275327669 9990.9948433 9528.05260984 20076.1982147 22904.1760921 23130.0523666 28438.1773914 28701.3321902 23193.493638 34068.0568933 27893.8781053 20993.1030873 13619.92984 4958.83063059 -9999.0 -9999.0 -9999.0 -9999.0 -9999.0 -9999.0 -9999.0 -9999.0 -9999.0 -9999.0 -9999.0
-9999.0 -9999.0 -9999.0 -9999.0 -9999.0 -9999.0 -9999.0 -9999.0 -9999.0 -9999.0 -9999.0 -9999.0 -9999.0 -9999.0 -9999.0 -9999.0 -9999.0 -9999.0 -9999.0 -9999.0 -9999.0 -9999.0 -9999.0 -9999.0 -9999.0 -9999.0 -9999.0 -9999.0 -9999.0 -9999.0 -9999.0 -9999.0 -9999.0 -9999.0 -9999.0 -9999.0 -9999.0 9242.24429214 20674.8335447 35618.4880085 34351.2834017 26140.4623141 37505.8744381 36330.7570911 23328.8426091 25417.3992319 12941.7487814 777.008028595 -9999.0 -9999.0 -9999.0 -9999.0 -9999.0 -9999.0 -9999.0 -9999.0 -9999.0 -9999.0 -9999.0 -9999.0 -9999.0 -9999.0
-9999.0 -9999.0 -9999.0 -9999.0 -9999.0 -9999.0 -9999.0 -9999.0 -9999.0 -9999.0 -9999.0 -9999.0 -9999.0 -9999.0 -9999.0 -9999.0 -9999.0 -9999.0 -9999.0 -9999.0 -9999.0 -9999.0 -9999.0 -9999.0 -9999.0 -9999.0 -9999.0 -9999.0 -9999.0 -9999.0 -9999.0 -9999.0 -9999.0 -9999.0 -9999.0 5075.01371085 16252.2553213 17514.1915653 25969.9761593 26144.9964767 29626.9786225 32719.0156092 22786.6852745 7710.00573308 802.291376166 -9999.0 -9999.0 -9999.0 -9999.0 -9999.0 -9999.0 -9999.0 -9999.0 -9999.0 -9999.0 -9999.0 -9999.0 -9999.0 -9999.0 -9999.0 -9999.0 -9999.0
-9999.0 -9999.0 -9999.0 -9999.0 -9999.0 -9999.0 -9999.0 -9999.0 -9999.0 -9999.0 -9999.0 -9999.0 -9999.0 -9999.0 -9999.0 -9999.0 -9999.0 -9999.0 -9999.0 -9999.0 -9999.0 -9999.0 -9999.0 -9999.0 -9999.0 -9999.0 -9999.0 -9999.0 -9999.0 -9999.0 -9999.0 -9999.0 -9999.0 3037.43775148 15396.4283511 24501.9266038 36557.6399589 38147.5900706 39317.0103509 38843.2748964 26382.756507 12790.0147149 913.49918145 -9999.0 -9999.0 -9999.0 -9999.0 -9999.0 -9999.0 -9999.0 -9999.0 -9999.0 -9999.0 -9999.0 -9999.0 -9999.0 -9999.0 -9999.0 -9999.0 -9999.0 -9999.0 -9999.0
-9999.0 -9999.0 -9999.0 -9999.0 -9999.0 -9999.0 -9999.0 -9999.0 -9999.0 -9999.0 -9999.0 -9999.0 -9999.0 -9999.0 -9999.0 -9999.0 -9999.0 -9999.0 -9999.0 -9999.0 -9999.0 -9999.0 -9999.0 -9999.0 -9999.0 -9999.0 -9999.0 -9999.0 -9999.0 -9999.0 -9999.0 -9999.0 5829.52433175 17159.4843415 27859.9975585 38163.4434279 37718.1348851 27863.9884346 23104.9793806 14474.4579439 2563.0546304 -9999.0 -9999.0 -9999.0 -9999.0 -9999.0 -9999.0 -9999.0 -9999.0 -9999.0 -9999.0 -9999.0 -9999.0 -9999.0 -9999.0 -9999.0 -9999.0 -9999.0 -9999.0 -9999.0 -9999.0 -9999.0
-9999.0 -9999.0 -9999.0 -9999.0 -9999.0 -9999.0 -9999.0 -9999.0 -9999.0 -9999.0 -9999.0 -9999.0 -9999.0 -9999.0 -9999.0 -9999.0 -9999.0 -9999.0 -9999.0 -9999.0 -9999.0 -9999.0 -9999.0 -9999.0 -9999.0 -9999.0 -9999.0 -9999.0 -9999.0 -9999.0 1759.73471686 12329.9361946 24488.281458 38952.1569874 40809.8912369 42264.7743966 31360.8576818 20132.7470531 3569.04521905 -9999.0 -9999.0 -9999.0 -9999.0 -9999.0 -9999.0 -9999.0 -9999.0 -9999.0 -9999.0 -9999.0 -9999.0 -9999.0 -9999.0 -9999.0 -9999.0 -9999.0 -9999.0 -9999.0 -9999.0 -9999.0 -9999.0 -9999.0
-9999.0 -9999.0 -9999.0 -9999.0 -9999.0 -9999.0 -9999.0 -9999.0 -9999.0 -9999.0 -9999.0 -9999.0 -9999.0 -9999.0 -9999.0 -9999.0 -9999.0 -9999.0 -9999.0 -9999.0 -9999.0 -9999.0 -9999.0 -9999.0 -9999.0 -9999.0 -9999.0 -9999.0 -9999.0 6034.37161364 5548.5825041 21352.007722 41652.4819792 44187.1266248 43640.6897886 40869.2024383 30394.7128628 1456.01104072 -9999.0 -9999.0 -9999.0 -9999.0 -9999.0 -9999.0 -9999.0 -9999.0 -9999.0 -9999.0 -9999.0 -9999.0 -9999.0 -9999.0 -9999.0 -9999.0 -9999.0 -9999.0 -9999.0 -9999.0 -9999.0 -9999.0 -9999.0 -9999.0
-9999.0 -9999.0 -9999.0 -9999.0 -9999.0 -9999.0 -9999.0 -9999.0 -9999.0 -9999.0 -9999.0 -9999.0 -9999.0 -9999.0 -9999.0 -9999.0 -9999.0 -9999.0 -9999.0 -9999.0 -9999.0 -9999.0 -9999.0 -9999.0 -9999.0 -9999.0 -9999.0 -9999.0 -9999 24768.5106027 27125.9288188 27196.5289777 31967.6695129 34450.9223857 32964.2252565 32075.9235379 26305.9734657 6132.37299665 -9999.0 -9999.0 -9999.0 -9999.0 -9999.0 -9999.0 -9999.0 -9999.0 -9999.0 -9999.0 -9999.0 -9999.0 -9999.0 -9999.0 -9999.0 -9999.0 -9999.0 -9999.0 -9999.0 -9999.0 -9999.0 -9999.0 -9999.0 -9999.0
-9999.0 -9999.0 -9999.0 -9999.0 -9999.0 -9999.0 -9999.0 -9999.0 -9999.0 -9999.0 -9999.0 -9999.0 -9999.0 -9999.0 -9999.0 -9999.0 -9999.0 -9999.0 -9999.0 -9999.0 -9999.0 -9999.0 -9999.0 -9999.0 -9999.0 -9999.0 -9999.0 -9999.0 -9999.0 -9999.0 2443.04938544 7207.92784715 8241.00179941 20754.8671886 29679.2291999 31275.9298978 34041.880365 25494.8819453 8254.58439062 474.207362648 -9999.0 -9999.0 -9999.0 -9999.0 -9999.0 -9999.0 -9999.0 -9999.0 -9999.0 -9999.0 -9999.0 -9999.0 -9999.0 -9999.0 -9999.0 -9999.0 -9999.0 -9999.0 -9999.0 1571.73301426 2743.33871955 6089.11157977
-9999.0 -9999.0 -9999.0 -9999.0 -9999.0 -9999.0 -9999.0 -9999.0 -9999.0 -9999.0 -9999.0 -9999.0 -9999.0 -9999.0 -9999.0 -9999.0 -9999.0 -9999.0 -9999.0 -9999.0 -9999.0 -9999.0 -9999.0 -9999.0 -9999.0 -9999.0 -9999.0 -9999.0 -9999.0 -9999.0 -9999.0 -9999.0 -9999 8689.80406259 10038.1205504 11912.4197282 14802.9409693 11761.7208587 12862.3861576 14203.096737 17006.5232871 1852.05817227 -9999.0 -9999.0 -9999.0 -9999.0 -9999.0 -9999.0 -9999.0 -9999.0 -9999.0 -9999.0 -9999.0 -9999.0 -9999.0 -9999.0 -9999.0 -9999.0 965.782569244 1845.52011983 5687.19306506 19097.2365001
-9999.0 -9999.0 -9999.0 -9999.0 -9999.0 -9999.0 -9999.0 -9999.0 -9999.0 -9999.0 -9999.0 -9999.0 -9999.0 -9999.0 -9999.0 -9999.0 -9999.0 -9999.0 -9999.0 -9999.0 -9999.0 -9999.0 -9999.0 -9999.0 -9999.0 -9999.0 -9999.0 -9999.0 -9999.0 -9999.0 -9999.0 -9999.0 -9999.0 -9999.0 -9999.0 -9999.0 -9999.0 -9999.0 -9999.0 -9999.0 -9999.0 -9999.0 -9999.0 14267.5656943 33140.3950093 15393.0945634 3141.14039707 -9999.0 -9999.0 -9999.0 -9999.0 -9999.0 -9999.0 -9999.0 -9999.0 -9999.0 -9999.0 -9999.0 -9999.0 201.347391791 3710.36090541 12067.6804974
-9999.0 -9999.0 -9999.0 -9999.0 -9999.0 -9999.0 -9999.0 -9999.0 -9999.0 -9999.0 -9999.0 -9999.0 -9999.0 -9999.0 -9999.0 -9999.0 -9999.0 -9999.0 -9999.0 -9999.0 -9999.0 -9999.0 -9999.0 -9999.0 -9999.0 -9999.0 -9999.0 -9999.0 -9999.0 -9999.0 -9999.0 -9999.0 -9999.0 -9999.0 -9999.0 -9999.0 -9999.0 -9999.0 -9999.0 -9999.0 -9999.0 -9999.0 -9999.0 692.413129202 4969.70802234 10852.3381088 23838.8378083 18464.0048054 16339.4021923 22117.1453709 18220.1487481 19383.7207381 17344.6163935 10933.1957027 595.205830958 -9999.0 -9999.0 -9999.0 -9999.0 1879.69985736 3384.53332839 3338.77618596
-9999.0 -9999.0 -9999.0 -9999.0 -9999.0 -9999.0 -9999.0 -9999.0 -9999.0 -9999.0 -9999.0 -9999.0 -9999.0 -9999.0 -9999.0 -9999.0 -9999.0 -9999.0 -9999.0 -9999.0 -9999.0 -9999.0 2434.5206726 13775.5280532 23185.7629202 19049.8200553 8735.53920994 -9999.0 -9999.0 -9999.0 -9999.0 -9999.0 -9999.0 -9999.0 -9999.0 -9999.0 -9999.0 -9999.0 -9999.0 -9999.0 -9999.0 -9999.0 -9999.0 -9999.0 464.911380236 -9999.0 755.409413179 14153.8071456 74580.7347617 65995.7332899 40187.5387127 35018.2788629 44407.7604704 47800.9983211 7660.99013639 3488.86359467 2244.86991568 3187.09088707 475.574139426 -9999.0 1518.90023022 -9999.0
64367.4607252 32372.6172508 2693.31149589 -9999.0 -9999.0 -9999.0 -9999.0 -9999.0 -9999.0 -9999.0 -9999.0 -9999.0 1100.76176885 10246.6544513 3256.5054219 5623.02281319 2671.78720415 -9999.0 -9999.0 -9999.0 -9999.0 -9999.0 3191.06896623 13574.9977463 9698.21078369 5814.22294301 -9999.0 -9999.0 -9999.0 -9999.0 557.690056031 3581.85840361 8281.91417481 8204.52872642 2958.58437242 -9999.0 527.461232309 7208.63243939 9704.64983167 4203.55862399 1246.33406365 7940.16070152 10640.6012299 12901.1921894 7843.92964016 556.411878043 6943.60571733 7353.51374736 28916.2582866 69941.9766827 73761.6091062 78568.4169881 76639.05786 47889.5846092 39219.5393789 32528.7599364 14731.8232361 14160.2565758 10641.7353715 5863.20664629 4912.93992377 1239.22607704
110428.089901 102418.960263 85498.1977997 63371.4481758 9918.47659052 1724.30100261 -9999.0 -9999.0 -9999.0 -9999.0 -9999.0 -9999.0 -9999.0 1541.37036269 18296.8488674 41149.380682 38144.9367927 19648.4038036 8860.39091179 415.595188145 -9999.0 -9999.0 -9999.0 -9999.0 -9999.0 587.626832149 3500.91537333 7637.00616391 12711.1525003 12463.6726839 12408.4436447 11314.2904693 16301.221531 24157.8265687 5434.16346839 7863.99588268 13031.1186697 42417.3365781 42477.5324144 13717.394583 25763.4702792 41984.5639477 25875.5868986 41629.0126501 13561.7493554 11144.624589 25548.7704297 24587.2438696 39166.9484602 39412.4802227 52261.2290367 34085.684948 32539.5970751 40788.3746117 42667.4469494 43914.2689555 22148.6571308 29039.806107 19369.7298068 33597.7251616 24692.41988 21966.9468944
113438.673656 121900.81091 41856.0190419 120284.422654 42082.6238169 37909.3381255 28068.7663451 18663.8144211 5791.80846655 -9999.0 -9999.0 -9999.0 -9999.0 -9999.0 32790.0787194 30008.1272118 40263.7474696 14668.8628161 5138.00984918 4925.22384492 -9999.0 2336.0571028 22657.2695881 24208.5348916 20763.4224421 16519.048812 9838.06461198 18870.1146955 28030.5086858 29470.2152535 27346.2658126 42185.7474684 46718.7342848 17787.2142188 22440.5223336 13104.7485946 45568.942318 28625.3841586 29028.8185337 27788.7715748 48321.8021977 45515.507142 45132.9204631 45710.6575978 46286.0211599 28150.0593208 44831.1021586 61257.4613539 58353.2168138 70153.9696598 66955.9902774 39954.8372037 40126.8436544 35914.1481307 35430.0125743 52894.8436891 53253.8977436 72775.8375711 38222.6644504 38488.1965608 29930.8223877 38423.7893701
40253.7119053 39170.9131945 117009.683291 121627.006991 124533.887091 124376.036973 40806.7555475 123621.556164 49049.9267279 -9999.0 -9999.0 -9999.0 -9999.0 5481.66594404 36240.2908349 26869.623742 17573.1853033 3935.337921 -9999.0 -9999.0 -9999.0 21662.1653455 72065.5310026 106268.575148 67959.7610626 35461.5636795 34760.7833486 26320.8592251 27224.8554049 54535.6582024 46185.1606542 19556.4672558 27875.7373205 47105.5522907 45086.9082391 47800.1950614 49512.4789236 31735.224234 30897.4565017 31835.9768447 29413.727474 45864.7685644 28392.3690503 43001.466069 43033.4750397 42895.5230152 45391.2673881 50888.2563633 50878.1298785 74992.9081841 62962.3922657 38586.7542563 37195.4263248 37101.1415502 47095.5513803 53842.4491366 93225.3176397 39019.5181489 38547.4120231 43077.3614119 27973.4782419 27668.1868307
34270.932103 39739.8959944 42196.1348164 42413.4001584 137453.928486 136307.455538 121764.097114 102474.257525 26230.0110032 -9999.0 -9999.0 2243.40303181 -9999.0 -9999.0 -9999.0 30818.1087055 35746.2828124 33967.061638 33284.5120304 31790.0241209 41180.8656388 42362.8800916 63884.1375302 43036.1509669 69793.5933102 64395.5824085 49691.8984774 37426.279067 37497.7159017 36720.670351 38997.3098168 44381.1244639 29964.2301268 49883.1087704 49324.8486333 23674.0285659 55459.4740764 57451.0035857 54155.472265 27780.576573 29027.5820749 28465.6096922 28901.3248948 54035.1062864 27951.6841042 61682.4878424 89907.9380841 32926.7932405 28254.551759 70485.8804197 63940.473695 69370.4818418 63636.8311637 72737.5689475 123516.456408 116334.664885 131420.450533 51198.5512731 21789.6379879 25731.4204702 23364.0271086 25298.7036261
19004.1062014 84232.9671865 28139.3413819 97153.4291114 90107.0885159 68966.61452 28730.823476 -9999.0 4404.1412374 13419.4200032 25585.0295322 20571.1559377 18649.0766592 11669.5195391 16358.5531184 29201.9558602 12240.589032 12625.2294255 13555.3223905 11143.0466646 28115.7757614 34350.0592748 42612.448929 71868.7906079 45545.6138134 86437.9801568 79956.3680918 40870.4599657 45006.8184601 44371.1909194 50908.0524529 26161.9499143 40913.7706623 40611.6912112 74230.8075873 53516.5421886 43972.5982585 49818.177739 46315.3232879 42835.0340159 50956.9168851 55006.644296 56739.2891731 63175.8977648 75621.7133237 38643.0121724 32624.4334079 64917.7910471 65288.0072957 73197.9230552 89185.0307535 90738.8321231 103730.930884 100421.629944 63347.6206643 51994.7873544 34342.2155666 26276.8472607 29178.6389849 28797.6344962 28710.0214254 26480.3355495
-9999.0 -9999.0 -9999.0 -9999.0 -9999.0 4749.2965887 12550.5421247 32861.9594088 37571.6280908 29873.9157192 38716.0962772 39611.035922 34336.6756662 41936.6660825 31550.7773212 39662.5371075 34583.4835274 41966.5735144 43906.1583297 40049.414546 36327.6934016 41839.0491826 47274.2384583 41920.8644831 89860.0024218 101257.877104 91003.2765288 70631.4721874 60749.086319 48899.9617166 60655.9008591 89913.0920266 88639.1336978 89208.0270274 88572.5125386 67990.4882161 64048.5048218 58759.8155972 49391.1372223 54077.5745703 68148.8349151 58113.9994313 64383.5519456 78250.9947492 44726.1299244 91113.6090159 91938.0730158 97153.4595566 87292.3464386 85687.6568367 79971.1810848 100498.360217 62609.917187 58063.6116315 42160.9489653 35613.0823937 35941.764274 32840.3837234 32367.2398827 36363.2640698 38082.0994408 16971.596715
7355.2926158 2916.42676258 -9999.0 -9999.0 -9999.0 1617.67191268 23134.7870806 28298.6247818 42806.9719679 30223.9145858 31246.2438105 36365.132675 33455.18845 33454.5556743 32393.0631906 30687.0679889 36650.6902499 41999.1652905 37626.5625152 42182.5078199 48173.8064141 38763.2218205 79309.9450232 72320.6601647 83513.9128207 107093.910721 96087.0605883 106510.105918 50056.4586586 61521.3563496 66692.5799885 73286.1652108 84027.0185395 100605.531031 84187.3446978 67594.999551 87790.2957748 83319.9992774 50200.5246692 67508.6281581 66267.5341526 60009.9590906 65229.7740151 80572.5571031 98643.7962014 120924.235537 127289.404144 97357.1877613 137969.332762 95193.2393561 66613.490194 56767.8573892 35230.6293463 32396.3063427 32354.4041551 40153.072313 37955.2405284 42351.0522256 34009.1071733 30827.3255756 29793.8475019 41643.6742095
38161.2618862 41474.5766411 18783.4583812 18545.8097235 10399.0645678 6632.29111927 23745.5510462 28597.183208 35220.0701804 36335.1769992 29806.9822663 35789.5775587 36293.2992187 43284.6820884 70643.7215454 73473.083638 43716.9928963 95078.3705105 46059.5154433 50332.5978029 43978.4355568 45730.4177955 46728.396454 47766.2362185 41474.2870535 89833.4565189 98179.9384357 99434.4146051 50854.947868 45197.4709345 89703.1764314 93015.1869035 92120.2928784 113348.116912 116013.594336 93995.6360917 100025.618335 100376.239148 96384.3726837 65048.299676 67040.654252 78251.4249677 68922.2941785 74103.5105996 121885.04969 148871.803582 109037.308511 119013.797372 106417.825382 69988.7572909 59352.9796449 22284.906414 44587.8798279 39061.0298633 51456.9766256 49220.5324458 47776.6051555 37905.9915817 45083.0239581 18976.0256184 43600.8839725 40480.2055642
6253.71313904 13166.858965 68617.4397232 83764.8655794 37811.7171529 33120.6281926 27283.5875574 22802.7915132 15338.8820416 79300.1084307 63384.1367964 76794.3672205 75856.9404055 80283.8585032 86454.620909 62040.7749343 64496.9339044 71671.7085299 98527.1887866 85054.6940044 82880.4825579 41273.8586667 39528.4379156 53172.2300929 57685.8975488 58443.5341554 52702.6487136 92449.836185 74515.795838 44320.5162231 96921.7519124 75735.5085144 100560.082422 128174.603066 97133.4517479 102060.132399 99881.6686038 101030.546421 100109.458479 74725.6659506 60963.2016902 78211.7335603 71387.2998446 93180.2394116 125365.854215 129320.12208 103940.477508 71195.2844129 70108.2428746 45650.0130011 51173.7784613 49663.0682183 47884.4641216 59700.523291 60253.0750985 43840.3784045 53209.5329628 52261.1440618 52445.7461819 25406.289965 51234.8550064 52497.4940569
179453.810319 165987.636654 115795.696888 50011.416681 51985.2294118 50522.0018566 7890.42687959 54248.88088 23282.1587383 78077.9435487 50419.0321346 56389.2379678 75497.7914541 76824.7009378 107592.627778 137292.500838 80893.0339816 85811.528278 92461.2896709 86777.9150746 129862.19495 101236.724595 77561.239588 111433.791979 113123.704595 79615.1961215 88697.6417937 78027.8610281 83337.0266444 79931.9837445 57515.9314754 100024.205417 173843.539589 285084.375394 284549.679048 294251.934954 109900.331603 108398.87226 115520.160856 91001.3562955 88638.0912588 71651.2337357 77192.2738023 101900.06141 131874.321059 129640.850028 73015.0902382 47331.8774421 66237.8339209 82479.2920139 28270.0550863 61316.4578955 50566.57797 63336.4613974 67802.2786633 59145.7525044 56861.0973676 58506.1499629 51924.0311048 57057.215501 52520.8550559 58451.1965122
103091.786829 359820.077416 319063.052164 273210.543354 69228.6115276 56804.0758241 34620.3412698 14532.0839025 61899.3801578 19387.6170462 74611.6854874 124684.454789 78226.9417071 67423.6332576 69009.1671737 103514.978657 75964.1797841 87766.5430589 89237.7898214 87485.1572446 212875.342793 221118.724572 131859.27815 152456.692343 114808.020209 108599.546144 114408.014345 120866.898696 90466.9637108 126907.765285 117168.341691 148225.023711 264529.741205 218531.955011 273669.299385 282664.408093 276146.451445 186379.614682 83360.2853713 86551.5022942 64084.3534063 82497.4249099 88265.0116453 115541.409117 133536.141568 134983.680508 78049.4308077 87604.5057415 56382.2393673 65418.247974 75756.8286469 68644.5987414 89531.4714835 72529.3460865 80010.8486254 93425.3335471 56345.1909391 50593.2061103 32357.9654845 33203.2473398 29140.1397388 62214.4862784
382945.66408 385349.801941 374661.938031 375672.970997 364546.797838 85019.1067777 88393.4038558 84484.8724159 79378.759918 80194.4701198 60633.7695084 103008.641414 111320.412228 125290.418493 141320.158919 130851.757052 80558.5252115 77354.8849326 71757.9219907 116021.527132 191819.353267 187646.205188 207030.623235 201884.624315 175113.112942 90966.6437551 84609.1653292 118309.723253 135848.224739 129642.523165 40070.1203055 125339.702582 101973.703216 186958.466431 221001.944124 235295.293361 244006.565022 120624.242763 255595.005145 79386.8282309 79732.9598439 56635.2408405 87518.2927324 110673.674291 128157.26123 143307.832159 80617.5230133 90222.6926009 102356.002718 34833.180618 89963.1338333 102760.82397 27673.961084 52355.9859268 75742.2123955 77821.0055626 86162.2805885 48184.8380607 16170.3119286 22963.6761388 18759.3173526 30846.463544
348500.704842 376291.214451 329753.870082 203514.573347 139998.937751 115563.647749 86751.6245161 98061.1962599 107646.126558 104186.993513 118007.396399 100381.134154 25890.3277491 114981.476817 149905.610602 37017.176239 124054.75875 98901.3627389 77863.2631769 82150.943273 184521.695005 191785.900019 168505.59095 193146.86886 233176.964616 112073.201729 125229.6662 122086.845686 139326.921892 130933.059005 184294.147225 138687.181045 114358.507102 78338.0498514 179667.429185 217326.163546 237253.06613 230141.280288 240575.118033 248858.957294 244243.508815 78513.4217672 75961.6239548 138392.017281 101233.698887 142854.442734 138894.215103 93305.2548051 58223.7070582 68355.0191774 56304.3832229 49345.8602922 47882.8771908 41354.4266528 36009.4288496 40839.4607817 64882.3006913 29699.8080903 34313.6848139 28832.0644485 87314.3683406 73673.6992531
