critload/trunk/input/1999/ngw_nat.asc
ncols 720
nrows 360
xllcorner -180
yllcorner -90
cellsize 0.5
NODATA_value -9999
[rows 27 to 53 of 360, columns 496 to 557 of 720]
9403.81690356 4048.37844932 -9999.0 -9999.0 -9999.0 -9999.0 -9999.0 -9999.0 -9999.0 -9999.0 -9999.0 -9999.0 -9999.0 -9999.0 -9999.0 -9999.0 -9999.0 -9999.0 -9999.0 -9999.0 -9999.0 -9999.0 -9999.0 -9999.0 -9999.0 -9999.0 -9999.0 -9999.0 -9999.0 -9999.0 -9999.0 -9999.0 -9999.0 -9999.0 -9999.0 -9999.0 -9999.0 -9999.0 -9999.0 -9999.0 -9999.0 -9999.0 -9999.0 -9999.0 -9999.0 -9999.0 -9999.0 -9999.0 -9999.0 -9999.0 883.222884207 1900.8457224 2331.89453616 2811.99204947 3654.09797704 10263.4651629 6905.92597375 3490.48325192 1368.72970506 440.513536921 3694.20865693 7203.30852494
-9999.0 -9999.0 -9999.0 -9999.0 -9999.0 -9999.0 -9999.0 -9999.0 -9999.0 -9999.0 -9999.0 -9999.0 -9999.0 -9999.0 -9999.0 -9999.0 -9999.0 -9999.0 -9999.0 -9999.0 -9999.0 -9999.0 -9999.0 -9999.0 -9999.0 -9999.0 -9999.0 968.706827521 -9999 741.72464528 -9999.0 -9999.0 -9999.0 -9999.0 -9999.0 -9999.0 -9999.0 -9999.0 -9999.0 -9999.0 -9999.0 -9999.0 -9999.0 -9999 3027.57168725 4537.27039147 5506.46027405 6742.43833285 8803.45669077 10844.2506551 15514.4556033 17225.3759261 19424.306232 19501.6656893 18787.814108 15765.1347767 14769.4699488 11980.1371573 14700.8886001 14312.0537744 17066.9313087 16530.5884167
-9999.0 -9999.0 -9999.0 -9999.0 -9999.0 -9999.0 -9999.0 -9999.0 -9999.0 -9999.0 -9999.0 -9999.0 -9999.0 -9999.0 -9999.0 -9999.0 -9999.0 -9999.0 -9999.0 -9999.0 -9999.0 -9999.0 -9999.0 -9999.0 -9999.0 -9999.0 -9999.0 4369.89601225 2742.30834194 -9999.0 -9999.0 -9999.0 -9999.0 -9999.0 -9999.0 -9999.0 -9999.0 -9999.0 4275.86874316 3220.41104928 4224.13805899 12529.9656921 16776.7508678 18219.8550131 20819.96262 20707.1322522 20736.2071096 18430.0233288 20752.1951506 39665.5012369 18341.3699224 20457.923112 20015.6535903 19812.504755 19050.2088757 17257.38294 18766.0363623 17356.7436756 16986.0001565 15408.6201739 15083.6259812 15481.7970618
-9999.0 -9999.0 -9999.0 -9999.0 -9999.0 -9999.0 -9999.0 -9999.0 -9999.0 -9999.0 -9999.0 -9999.0 -9999.0 -9999.0 -9999.0 -9999.0 -9999.0 -9999.0 -9999.0 -9999.0 -9999.0 -9999.0 1103.30063327 -9999.0 -9999.0 -9999.0 -9999.0 -9999.0 -9999.0 -9999.0 -9999.0 -9999.0 -9999.0 -9999.0 1185.59791628 4511.32779724 7871.486838 12444.8053779 15170.5431584 18426.8793456 21832.5057945 21938.8145099 21856.1997501 19744.7921802 22067.1055532 22036.3070321 22229.3443764 21664.2017592 21787.7371101 21727.1128052 21587.7187345 21377.2343668 18624.8243198 18242.2740762 16290.1427389 18247.5151055 17486.3097702 17154.6638447 16969.1665337 16601.0917526 15809.1771179 15411.5682803
-9999.0 -9999.0 -9999.0 -9999.0 -9999.0 -9999.0 -9999.0 -9999.0 -9999.0 -9999.0 -9999.0 -9999.0 -9999.0 -9999.0 -9999.0 -9999.0 -9999.0 -9999.0 -9999.0 -9999.0 -9999.0 -9999.0 -9999.0 -9999.0 -9999.0 -9999.0 -9999.0 -9999.0 553.847529883 1617.41508983 520.30183486 -9999.0 -9999.0 -9999 1836.95875539 4088.86316826 7011.12639686 12135.2286261 24512.8680709 28280.049109 22930.8724506 11569.8119914 11326.9521411 9809.22943145 10104.235471 10562.5685252 10320.5748005 13683.6139245 15509.249076 15775.7024032 17381.1462653 17479.3016417 17821.1581016 18181.9300113 17365.4527862 15497.1720175 14466.7072772 12736.76536 11909.7032696 13518.1000703 14817.7715612 14343.2096597
-9999.0 -9999.0 -9999.0 -9999.0 -9999.0 -9999.0 -9999.0 -9999.0 -9999.0 -9999.0 -9999.0 -9999.0 -9999.0 -9999.0 -9999.0 -9999.0 -9999.0 -9999.0 -9999.0 -9999.0 -9999.0 -9999.0 -9999.0 -9999.0 -9999.0 315.31246061 1940.11057466 1928.38342004 1892.14443354 1871.01441875 1989.16797144 4184.24790682 5592.54539667 6252.51479157 4277.77770865 8308.71439598 11642.0142595 11328.5514648 14178.8779705 24993.9718786 11913.0363878 11656.1985706 11690.6089943 10531.0723439 13132.8257919 18019.1943836 19360.8776791 20140.2718811 20512.2540187 19769.4389374 19573.7419411 19705.0383817 18447.7877593 16380.2856317 12823.7989729 9691.38809605 9302.28373588 8294.47587558 9142.4477815425 10458.79746768 11328.84810755 11701.90981188
-9999.0 -9999.0 -9999.0 264.873876796 4013.27699523 3704.36212461 1225.57539154 655.48257779 -9999.0 -9999.0 -9999.0 -9999.0 659.31187794 689.696879321 289.003861662 1407.52860202 1118.73851034 246.862416741 -9999.0 -9999.0 -9999.0 -9999.0 606.346955998 -9999.0 312.090564672 9793.76905938 13778.6123572 10924.3220575 11618.5329994 12941.5335396 14394.1395566 14550.5440132 19480.3007145 21727.0301031 23424.704454 26136.5420583 22742.9042846 25857.7577854 23694.2082454 19371.8010996 19149.5305008 18569.9482721 18319.0951483 18579.473654679998 17169.89542283 21567.793168138 23751.2627955 19158.4425907 15039.0915927 13603.7796048 16121.9710271 13980.37602 12466.1574002508 12728.918975999999 11678.22009807 9614.25232399 9704.47626302 10036.68673391 16637.66430705 15220.09696982 16155.516249190001 15682.81146477
-9999.0 359.705164978 3438.01533876 4180.32969364 3540.66050701 1799.80229936 3990.2925824 2171.40642791 2013.08793301 2172.89934016 -9999.0 -9999.0 1436.46442243 2851.73067972 3222.18319758 -9999.0 -9999.0 -9999.0 -9999.0 1202.60408213 -9999.0 3974.68326434 7755.09063763 292.340788983 -9999 5685.52793306 23403.336211 24569.6209728 24775.1615536 25079.3460349 25369.3524254 26120.0165607 28317.5083458 26804.47908213 26265.68389268 25747.68549584 13478.9251997 26925.28558165 25342.02064099 25933.5390921 28528.465258900003 25878.4940081 24431.7817295 21507.36646854 19977.211068049997 20608.00363965 26713.88987002 28648.307045089998 21465.985500889998 23155.189559590002 15475.30664592 13823.98162676 18214.94130492 11659.55120313 7393.735767030001 11075.000635159999 10683.65889085 10592.39316601 10794.49836795 9756.30663889 9268.05720713 6724.605350100001
-9999.0 1072.67659372 9597.71531202 16213.430768589998 10012.57782092 5479.61988328 17037.39805313 17408.50410031 11116.27000359 3325.42997648 -9999.0 -9999.0 -9999.0 627.810954214 5642.76719848 984.121827529 -9999.0 208.302634122 3171.85732784 8338.13694472 3537.07539926 2738.37077348 4739.10123682 3768.34425964 1719.81738568 1898.51764981 5437.05407517 9772.74802284 8869.63104988 24518.935069220002 26010.963004999998 25944.3070946 23857.877249639998 23387.647028109997 22101.85990721 22846.83038031 21878.91554819 23824.18278676 22808.20427894 23806.86341733 21869.76845013 22842.20445317 21903.440599089998 21405.31611088 14492.36830774 20872.8043246 15042.68004824 13285.454501240001 20766.08536358 12684.061783950001 12928.55675389 20324.42247115 12196.78020242 11237.28145829 11790.982902759999 11758.53174061 10522.27137137 10284.245271200001 6398.72754248 5468.20895289 5305.0014111606 7568.02271985
465.027522117 3404.46131608 9650.68141143 9986.04432664 16528.58194797 16677.71792626 11279.05449248 10603.14972091 3921.14887446 171.309516376 205.916431247 3401.27567835 5371.26512369 6298.11369153 4128.75734855 -9999.0 2976.42333548 4317.01544259 3036.26274112 3349.25809553 3561.90819146 23246.79561754 22252.151123390002 23899.81689376 7750.56258418 22873.6934075 4580.61030672 2458.66267058 3191.30509352 9033.35212006 6471.80162617 9521.770329129999 13710.44772144 15585.05604077 24253.86004241 25151.01630129 24829.32251453 16278.50038194 23511.97345464 24479.99694318 24187.3628355 22292.408885830002 12209.80299319 13781.717149470001 23180.838277299998 22327.40277023 22948.92380346 12651.41960301 12527.794787820001 12601.87533128 13423.58387499 12953.60582424 12752.10376487 8102.102240980001 8155.37713687 11960.39463374 8641.97899622 9228.13110851 8376.1406516934 5031.4046149 6324.0514093 13354.7559496
3965.53953559 11061.22147371 17191.89207821 17504.45349803 17657.904786929997 18626.42629206 19521.12113921 5144.49525702 1702.82298175 386.59355283 2810.8778704 5517.52776619 20018.01208348 20915.50659672 4006.42162735 2781.13755762 3001.20452572 2741.69873947 5746.35529546 6613.268496 6568.38416789 15373.67003207 16001.90785685 15918.80559241 16308.51585959 25228.95490722 7689.27251848 25417.1270359 7287.87802119 4504.71826571 3225.8179234 9591.91614913 9625.90870906 18399.58206415 14260.77733479 16477.91263413 16444.54664331 16666.02813449 16374.035665890002 12001.306979100002 15788.69723659 15899.67193738 16361.41993278 15512.06100411 23650.4827453 15068.72535544 9597.58891159 9488.49655915 8616.88919382 8868.56387905 12952.2785742 13422.44298671 10628.15075294 11955.2315144 10413.718665209999 7218.55419764 18419.4614867 15336.6982888 12829.9632627 13168.2927104 11550.0399646 4194.20765072
12323.3126407 18855.54447512 18400.51306641 19281.79817852 19032.51477622 19544.90459385 18898.54005242 19706.492068389998 26880.449379100002 8900.27887151 -9999.0 867.319077009 4776.20314657 14492.68666029 14528.60866381 20715.371201230002 23294.267920719998 4735.99333026 23864.35468033 16241.266346609998 7452.99672674 25263.68342658 26138.6043346 26348.29983489 26090.38140441 26206.94735858 26490.63392052 27718.353048599998 8342.40599555 11056.5524751 2765.91800752 7430.83621136 17138.8324981 14895.3133616 13306.8044143 13894.7821097 10759.262411951 36395.29091006 37509.3042278 39092.8761425 45672.958530699994 31363.9417334 11251.15693435 10880.422708369999 10513.479542179999 10163.96579189 15337.63762772 15578.44524118 14756.728135320001 25618.160700200002 22915.90808973 21202.37443608 25962.599528429997 6991.80362353 6175.56079449 5227.24277431 6675.17205642 22740.6810042 24909.3966874 22107.4351212 13233.6445855 16663.8059177
13772.805383669998 13464.43460121 13562.59494559 20704.36199147 17900.257809299997 16609.58082368 21749.134036670002 13906.251137489999 7562.701475769 3864.71461429 -9999.0 1243.9574618 6102.80972473 23175.67102167 15114.33994607 15859.1855312 24362.77039731 7573.86441549 26611.00098718 17261.08066675 16816.585780380003 16697.42848989 16905.11877793 27811.5116806 26613.35291358 27089.0896765 30984.03864263 28117.70554158 26833.70934262 18690.1031504 9666.73247122 14907.7392774 14891.0685514 16707.6305392 17087.5870436 10710.2404614 16366.1320942 45052.0775323 42289.1091373 22316.137486266998 26042.398115789998 27199.06826771 60574.153063699996 40710.258024669994 37016.33272325 40874.0208583 41756.57766078001 42041.31390629 42219.21926235 41103.7682502 41642.3432621 40840.4369867 40327.4450946 39920.2121319 37706.5384622 28222.582608 31198.6230206 64178.5505874 34908.705783 30477.7579456 35366.4780083 31153.8844614
3667.98347683 10032.07980098 9272.77267321 12393.884297479999 21966.4145934 17180.4656353 23052.54008469 23351.135119619998 22354.504274400002 2810.5293568 -9999.0 5516.5837552 22974.43005617 25944.18270496 23812.79926556 7289.86081547 8960.52458007 8831.16910497 8936.44998858 28326.5513881 17594.38371523 18059.78903485 29079.880968900005 28920.9537802 29347.5772773 28312.17032297 28828.62736143 29960.9388118 30133.6369386 16211.5373701 28179.8254048 34203.9609098 20517.4575682 19845.5342275 24975.9107656 25539.8702737 27922.8311377 27449.5164473 27391.5693871 13553.4183782 38943.4678668 44221.1897584 86398.4158295 44236.3508547 40607.7430538 45565.9846569 44610.4227916 84151.5360834 84519.2103923 83944.4609808 80936.24439 81305.1143715 80128.5406936 79881.6174648 79095.0846917 75157.363169 47661.0610528 31516.7454764 35176.3377173 67802.271184 68284.1021982 65857.3032849
5917.81155699 5194.07143621 4539.88214411 15667.03803163 16348.62352584 15718.586665069999 13918.78873628 13064.62029573 13896.9675848 2173.40349763 -9999.0 3241.85182958 4381.70129323 7213.72339249 7578.38496742 5909.93023796 6794.93889425 6448.9581731 6163.27372778 19241.64899843 28543.14527775 28879.6403917 28964.5828325 29951.934164799997 30528.723632200003 29046.5772883 30084.174383999998 20418.10390347 30799.109923800002 8957.10409033 29160.467641 29130.8352516 30631.456073060002 11786.6348742 15731.4056344 24802.8009533 12947.9404505 16985.921573 45805.3569632 43389.8192921 38360.985331 43598.745001 35925.0739587 40971.0396002 41755.6982599 46345.3607036 46792.3785213 43585.9762519 85874.1813894 85624.0026048 83972.4396689 85140.0870951 83376.5820205 82892.1128969 81885.8215304 82695.826074 80314.268767 76791.3980315 53571.0035706 46080.6552449 47835.9934087 58454.4596576
-9999.0 3189.10884796 3583.78828474 11382.936431959999 14962.7627948 17553.521621159998 16660.20848226 16630.65922981 16769.40473818 4067.80420712 1828.58173885 -9999.0 -9999 3143.82164171 2346.01863451 3089.28977838 5064.64597632 3790.06865813 2497.11452076 6437.93136161 20028.06260677 19966.01199929 30558.578646100003 22008.57637185 15161.04389161 14916.55480184 21729.3790557 21685.16349095 22285.70406727 21215.93318632 20599.518274870003 21882.14448344 37698.9214027 17640.63997439 17610.704389014998 28004.9486639 24884.1909999 12313.4062958 13122.5350653 50517.7502263 87457.2310431 49756.7894144 48238.9414792 41169.6967021 35855.3835778 45820.6314532 48205.3644058 31945.6900099 47145.540502 86644.7322626 86417.6825423 99115.4346561 84513.4561278 87542.327887 84656.9759945 85737.2966269 82603.9350683 96767.7843805 94583.9082101 91500.8804825 85740.3957425 78158.0301997
12106.4653085 7026.35405603 17939.869477300002 17852.98503759 15600.81594441 16007.719905560001 15865.1857608 18718.29759372 15690.74485136 17584.98534255 2644.98826813 274.051516895 1855.75658224 6119.26991908 19231.08765152 20654.639963640002 20593.45055706 19931.19088692 3910.02127708 2655.17612217 17535.14617599 21033.6377105 21149.77651121 21622.78929241 22640.09889622 14537.61984464 23173.87096194 21244.250578979998 15718.205853800002 15565.55347336 36194.53692300001 18554.84477896 19441.814644359998 19213.132011 19897.07356748 17499.22863026 26583.471000190002 11634.667248939999 51366.0308486 51727.5373755 51081.1844795 50850.770572 12378.5492043 37905.1082425 28227.3549048 40761.7858108 43026.7173188 89102.6213355 98492.2907965 104611.940064 103060.581527 89075.395407 87385.0200846 100661.086937 86104.7735255 86165.0126471 82618.2625356 82258.9537738 81179.0086175 82150.6196719 98237.6503939 94560.4487472
35599.0156068 29945.8130441 19484.5445295246 17328.43877047 20775.2977842 17573.54843845 17363.67313965 16172.86138038 5874.98672705 3216.84806591 967.076223882 -9999.0 -9999.0 4246.11891232 20435.36492068 20717.63716345 21481.092087290002 14930.44117223 6402.53671854 13127.0079477 12715.4530988 12222.1098867 23067.95068247 23030.34819366 23590.62594349 22259.9716156 22974.27275805 15911.84735456 24666.20371676 23991.03623571 22225.93473752 18516.14652799 19916.963599410003 36710.132426 17357.32931379 36630.2066406 31440.456865599997 36542.416436 42599.663736 44242.49797214 43967.2466365 36267.7214277 35363.1540754 72685.2613857 110217.397872 112985.223473 73649.6161818 76527.0934064 73252.0715826 95805.640833 93201.4050098 91062.2589841 90800.026844 57978.7207238 105353.050802 59368.4701929 102074.570097 101189.760387 85689.5351102 83901.0260934 84780.5561769 61310.9926899
41181.72147294 19988.087058369998 8249.03620555 15137.71586808 19411.93864858 7509.16992658 20192.06001924 7767.11696013 4502.58794494 -9999.0 -9999.0 1027.56603588 5935.50233993 7028.84807735 20300.84642427 21939.07529633 23241.49029256 14949.059342870001 15456.569862909999 26301.4586913 31150.1417133 16817.0782295 32291.326929100003 33728.0376958 34474.737323199995 38854.7073226 38701.4970591 19626.62379579 41242.5845987 38413.143557400006 38426.8674764 17456.75773966 17057.60810234 36137.9651129 36308.0660829 36135.4225891 41531.8414977 40013.3151656 40290.752946 44816.1520424 40026.6817701 33117.3921831 30988.9876936 32126.393942 40713.0789698 37871.9075538 71895.3557351 76708.4873607 76314.6053858 72886.6996262 73007.5082121 112007.116101 60637.59605 60594.1621374 59038.5172268 56099.4451546 65405.7943481 65821.9671745 87456.5376188 67084.3674251 64320.491236 57767.4321551
29251.82041515 23672.99545097 9077.72325225 12182.1735266 27128.5594248 32110.2821939 21692.9618673 3665.75868948 -9999.0 3865.15595677 7420.59679357 6225.49422176 24518.07845489 22865.11715343 15764.43461293 20439.9857664 51457.3293084 50834.8135581 36289.8081463 35785.452310399996 35376.0475534 49613.1924593 48931.013278800005 49517.0302392 33060.4614169 47216.362877399995 47727.0942031 46995.6996028 35793.4742196 42712.2965847 40681.9760605 19368.616847470003 19045.34320925 18734.62333067 38292.6775923 37923.4810413 39127.742772800004 38916.06176 41687.246400699994 51036.952882800004 55382.0951165 49842.1113556 30211.9184351 28420.3433576 31803.2624115 32979.8558038 52801.8648379 33646.8467232 60152.9865246 79191.7224318 76099.5196743 66236.3115248 74729.8277892 66191.7538551 74640.5186767 74340.4254201 61428.3133593 63216.5431488 72452.3872757 70087.8555578 69472.9567181 69800.3584252
26457.2740221 26910.0606474 21148.9842994 27106.913512960004 10212.7557362 11732.7615217 9241.30772406 11901.9627481 18168.4485334 20846.1452017 16343.11412785 44709.9956167 13489.366499669999 13876.25646681 13938.58460575 17625.85162135 45549.646771399995 43556.356982799996 43982.3511996 18399.857658560002 33606.5142882 45974.7214952 19817.227178729998 19863.084202140002 47561.3731562 48586.7861199 47892.24240299 48808.314881620005 36013.7889643 38824.7198584 39854.043376999995 39463.951548900004 39827.4622682 39381.646428199994 39499.504761799995 39869.07224785 40015.8371872 41998.218323940004 40756.51105164 40846.2643644 50931.4888832 28134.6906051 34814.7900538 28363.0901448 34127.8532103 16742.4450675 16335.5888348 30432.8696077 49381.7301391 78546.7692083 80138.1459729 68522.8937798 65247.3632587 64625.8323838 76549.9356616 74500.6519239 75235.5338143 63945.6030191 70320.9568385 71777.4221655 70956.3467096 68535.5930705
20720.32627517 34031.0354956 34026.5663722 19149.8648442 32278.6286169 30594.7503363 30015.4052525 14333.7110739 33980.75218897 47783.572809 47122.4460158 47934.417122800005 45466.3070375 49411.37270577 21501.8004833 52935.39852639 54662.0727848 52757.65046539 20780.87290467 37230.26712702 35898.8142468 36158.2113935 52155.783174699995 55951.6634023 52656.856722 58182.0151298 49864.089338499994 19664.317853 19636.79474369 36854.9707214 36360.022276 38358.980757180005 39739.946001605 37534.911649810005 36491.63265236 35940.28809186 36124.08845652 37349.74306735 35391.8299653 33692.77858746 50907.28712971 64097.0419179 34100.492495 30542.6094276 58188.773882 58793.9470225 43672.6529374 33226.9696996 30360.1578814 33149.1816718 52504.4030485 82775.8694396 82222.6424517 82228.0697856 80965.0125533 69935.235751 77580.9677047 76808.7417363 78303.992847 64026.3967841 75259.1170171 76433.9758003
33540.5065807 46265.541016 39506.3082774 44265.721548400004 21538.8867989 42456.6193111 41660.952601 45608.998498069996 21406.400653536 20992.89340636 58509.95746231 59779.6079431 61285.042185360006 60965.620918479995 61358.835646037005 23133.753268187 56056.36116829 56347.87350593 24212.524958200003 26008.11403419 42464.11790802 22498.80238306 22426.106243360002 58802.10502789 23413.796004289998 57055.053957719996 57328.840492690004 51429.1077274 23069.68395978 39105.64750901 36880.85226886 41341.594537468 40579.977019962 39185.27321665 36957.67407637 19362.636052690003 19296.66794202 35821.3130463 36854.0432567 34539.929665920004 61919.158025949 66111.0654959 56526.3569434 54815.6241734 59894.8728017 54494.9588002 54779.7336949 53028.6081903 35481.6126415 35482.5711331 29155.5122655 45085.681924 57261.3142085 72314.9161917 82891.6975129 59755.070667 78488.3803413 69205.6535457 78053.7210656 80372.4030383 79395.4644182 79468.9970224
22326.6800435 51815.4501218 24383.833589939997 52004.110622 24506.98130918 22236.07594488 22268.72718781 25076.414994770003 53592.34232032 56173.63797777 26573.360984522 66725.04823241 58802.06910883 26914.57875753 26326.76127794 26608.04749144 23009.69626878 24920.96184543 52930.6593165 53019.79415912 55017.096820360006 25674.676358859 25044.553854849997 24184.43807176 22661.64537893 41535.362936 40253.961679500004 40262.68499593 43390.338459039995 44115.937274761 43320.6439139 42250.568740149996 41686.43876936 41189.013406570004 38508.75598599 40706.64615291 40894.615782990004 42076.32556479 42389.216451210006 46623.177712154 75064.8179044 76197.4105601 60499.9579056 66127.0730772 62707.0247405 60487.967443 55546.4432806 50587.6769021 32251.4326204 43199.6502888 30960.831352 40154.2405372 55444.7871757 63197.903383 62594.8882174 63802.1840295 58582.2924746 59112.8200783 70183.348773 81036.2562696 69159.1293582 81824.0060291
36373.3515978 23570.616624100003 51403.911624 25127.797457 24773.086377300002 26075.48473844 21585.04047272 46386.8676285 22429.87079503 25753.16906722 56319.08676524 59540.873623060004 28837.313917061998 25459.602328864 56790.9233596 54520.553234299994 54441.7751451 55674.3846812 59049.882313887 55199.87623738 55187.374043660006 26777.895485128 24472.212639539997 52688.6200951 51133.6719537 51492.1491876 22796.03192656 41418.41654071 41410.56076904 41405.86851767 40204.330580099995 39471.5365756 43154.18786276 40975.99123298 41225.859659480004 42009.78333189 27244.055786060002 45547.16682447 42223.232791379996 54489.00883879 68766.48766506 30770.41580994 73350.0944693 32604.0078756 63097.0290171 66229.8260758 42323.9954386 63887.3334905 57351.9972484 48792.5513931 47085.4492626 40526.8038445 37744.5022341 47223.1524832 65537.2850997 61742.0333434 64806.1617672 64325.8337542 61864.6319981 53085.2356295 54823.6461155 56501.5986714
29961.7888943 66659.4456967 62982.91153699999 62689.4105391 59655.3625099 27115.69171675 26835.089633756998 29196.385116918 27786.41116572 60578.650495099995 29852.845500530002 29637.30740215 61397.9558566 60550.1349929 57207.740736 60519.2827672 28314.97483418 58774.6547873 28232.95796461 58111.10725272 61683.0420056 62617.46086878 63896.3420231 62210.640797500004 46901.2753685 24888.05703416 41366.273301 19859.195089039997 27127.6928527 43224.1063914 49078.1790477 46953.790603 39228.7296088 38784.434284300005 25114.693717449998 18356.00028205 41640.16755185 55445.664210560004 47243.87106773 65744.62297973 71065.855993498 72350.57829918001 69020.78370089999 74464.03484322599 79292.7331717 75733.9416045 77623.9088634 66514.4386929 64515.045983 43557.3214512 63806.3458373 51211.1803585 32003.6600786 31335.1357146 47251.1637195 44411.4822801 61929.5156735 57500.5569474 57056.39237 35287.6573433 60121.0257381 64564.7378733
30241.935504499997 31549.3493808 30162.1378425 28122.578604000002 25883.9608132 65293.754304999995 25982.943063419996 33584.4012499 28898.5758266 30604.432635899997 30540.44732566 31104.452931699998 29987.149741499998 31414.7706398 55622.3363033 30259.54238836 31180.9868588 29113.75045421 28012.6965603 60153.015343700004 64022.19266177 65802.63101131 64273.4425129 25575.2628598 55471.826874399994 54410.811620399996 48627.3943209 44715.253548199995 25929.4747102 37094.6381837 41733.8194471 35724.2922182 38393.3468355 43151.9434687 43387.7318038 42845.839574 40623.7200608 45698.910504700005 70653.8730037 64482.789315999995 68073.8542298 68456.01989736 74962.07470678 74919.947235497 67601.86808848 64227.30659793 66478.8532848 67142.8578527 69917.8716179 71765.1230236 68935.1238365 46105.0449213 47477.6028815 42641.3298205 50066.0979027 40302.5493149 45733.2452194 33700.5942287 44579.3681035 52040.8114617 41971.1918883 56680.8903873
