critload/trunk/input/1999/ngw_nat.asc
ncols 720
nrows 360
xllcorner -180
yllcorner -90
cellsize 0.5
NODATA_value -9999
[rows 54 to 80 of 360, columns 372 to 433 of 720]
16406.8654734 65191.0693239 158309.737147 193338.009254 183685.417363 275535.414986 281636.331945 250569.67063 229028.421428 229296.276933 235504.536243 239303.313091 190756.878611 233164.828725 236742.695975 232585.325965 145646.570318 202202.902408 223265.854204 257103.118648 252845.196653 263922.542899 254052.650589 383358.643341 152828.057061 -9999.0 -9999.0 -9999.0 -9999.0 -9999.0 -9999 -9999 -9999 80508.7524328 327771.383575 410914.434738 389672.771247 67598.0086436 401802.372984 355337.967596 346563.472929 323141.085335 400188.590916 108980.75276 292321.445072 340313.556414 405768.611697 316030.627712 436248.710954 376969.646557 406238.745753 111744.643249 388549.176818 397877.185475 384253.278733 64206.57179901016 355014.987644 33689.31291554821 231411.266935 342865.824877 372890.829104 105267.583387
147706.892042 212754.574943 217762.903659 218588.553501 218610.359858 279074.391602 277670.464389 275660.1666 230272.191389 230363.527952 237347.248385 184869.374961 121604.960202 168169.265728 167047.404565 219444.283351 241937.762872 242717.634422 245647.740147 264727.661794 277323.692929 276432.039424 340110.06079 2823.11887018 -9999.0 -9999.0 -9999.0 -9999.0 -9999.0 -9999.0 0.0 147495.088634 292335.319592 -9999 248646.359726 210912.448946 351437.591928 355988.995633 370853.066742 371815.887634 406754.357778 456545.182906 412989.919132 373562.735359 258811.344248 215151.246398 282897.883398 257368.715836 449376.669762 430676.174554 382801.324603 405783.666705 389805.320116 402275.427211 390051.20226 376226.171188 325813.542886 166784.035258 259777.786189 157318.661616 267544.616124 332187.197545
272154.469002 268745.204871 139870.936674 208312.715907 255678.306627 324180.404283 274729.895778 277492.689444 279417.172731 278848.983324 214497.006074 98922.5474111 255449.869775 167120.87665 207553.81401 230081.563883 297068.137287 307241.004058 308769.981016 311102.666894 329922.380139 303384.213037 209706.202456 -9999.0 -9999.0 -9999.0 -9999.0 -9999.0 -9999.0 -9999.0 7212.84657615 -9999 402172.853197 477015.287537 422381.083271 342733.634715 352751.991019 384041.112696 319701.706663 315886.057967 332122.458502 307592.361607 455156.528414 55875.3457153 334081.744645 168817.590203 228269.003486 383165.533655 0.0 0.0 281354.047994 423261.904332 434428.911458 407255.840079 322578.711437 436768.184037 408084.660863 116024.548083 27877.6504368 19411.369329 343174.717223 390612.733738
246238.9858 243259.546275 242801.856971 258890.40551 324286.902721 330662.494615 282326.411528 283244.948666 239360.07504 119034.205098 126340.887388 189773.615393 279725.827757 287963.04466 237173.060477 287648.377641 310922.60175 237929.771564 244543.059538 318698.437678 338599.553364 520582.649175 140784.281813 -9999.0 -9999.0 -9999.0 -9999.0 -9999.0 -9999.0 -9999.0 0.0 269862.898943 436696.243331 421713.122654 234521.974343 370052.389483 216276.31715 357075.770055 326091.924816 339632.632333 446402.696065 403360.537967 452645.570186 262511.44528 -9999 320805.467978 413857.867908 402776.360762 72030.7853137 -9999 -9999 81302.4027203 210058.075227 354471.215513 364322.369736 371343.487547 358319.130445 341279.699096 357039.576146 49381.0464218 0.0 20768.833194199644
340816.055803 338687.47077 346325.063 338901.66187 350713.78071 349680.774163 364304.439555 345594.215635 480648.383475 327073.785798 272785.462753 555339.072025 567434.537587 382584.640077 379245.74592 364819.859956 388461.64859 289044.535087 353132.797468 356183.131115 589298.78728 546873.951704 289224.599114 31754.0275388 -9999 -9999.0 -9999.0 -9999.0 -9999.0 -9999.0 0.0 397336.994083 0.0 0.28083801472137826 0.0873365637419888 0.0 574358.306365 0.1635283813160026 0.0 0.08342202157454387 241618.121353 0.0 325552.580444 335385.281148 0.0 39426.20534408395 327602.818767 278892.559869 150737.052376 -9999 -9999 -9999 -9999 0.0 311053.137911 165064.766628 93022.4268928 16507.71401716877 98427.0266651 76566.6396064 155567.544998 190892.710719
307746.883867 315538.806919 355999.334676 338386.276806 360099.275534 356498.430578 336509.044496 363110.91104 430938.082347 590466.913353 0.0 557655.015182 580797.407175 602876.217125 603329.527864 599023.954968 619166.37038 588132.283447 569112.178694 563225.8858 572810.982713 523201.391952 392891.029738 -9999 -9999 0.0 -9999.0 0.0 0.0 -9999.0 -9999.0 0.0 0.06902493139789613 0.11639536454197266 0.0826729086722766 538932.011983 563888.489492 0.0 0.0 133174.269228 57846.4812239 0.0 -9999.0 -9999.0 -9999.0 98747.6194933 60117.2611402 88801.3315938 149978.073387 164856.153439 -9999 70411.7152866 14499.464500742908 181817.785692 144209.60817 131646.496601 127909.478914 123593.923537 84222.868807 127355.002907 34700.8709086 90100.9615135
370948.11972 421413.992404 449685.79305 504208.818166 449434.820948 432620.653753 457942.034829 598184.30861 555340.179471 397971.866163 0.0 670751.945559 658567.570706 588195.815516 615356.231724 660704.110765 675948.026085 664270.352189 648958.550088 606083.285399 483891.632456 0.0 0.056907678957263445 0.0 -9999 -9999 -9999.0 -9999.0 -9999.0 -9999.0 -9999.0 -9999.0 -9999.0 0.0 0.0 0.0 -9999.0 0.0 -9999 78518.5814805 63323.740718 18140.0646709 -9999.0 -9999.0 0.0 16724.672756464264 316085.471535 251165.34529 26966.482179902538 288289.255279 0.0 317718.994945 246516.131393 12063.9493484 71099.6542125 104655.831989 162527.594783 187382.951074 149920.577057 170816.517251 19526.7767872 23466.5788264
546529.316776 432782.442021 458045.406326 450960.108618 425292.001665 467260.556972 680072.303914 581363.214958 0.0 0.3115495521532552 0.0 611228.520967 676393.141798 576951.144266 320265.63143 177711.184232 408760.614717 533152.926934 0.11408066308395085 322427.977972 260750.348264 -9999 -9999 0.0 0.0 -9999 -9999.0 -9999.0 -9999.0 -9999.0 -9999.0 -9999.0 -9999.0 9688.38556473 20392.2495509 189031.297117 315699.959351 0.0 352360.808742 351903.763403 363898.290043 259247.136032 0.0 0.0 35011.688761855774 216361.421899 233650.266871 280876.722914 230108.124334 150919.801855 132854.719754 124507.985415 140854.796855 93733.1031371 81713.6208546 141152.032043 170159.055334 154841.190208 118487.373252 142934.862032 46299.5242886 58004.8314389
520695.185971 470404.688629 513322.034505 712566.579966 726725.171474 709447.776891 346879.033099 19507.6840564 -9999.0 -9999.0 363092.848089 754069.250689 787236.235157 98817.1543272 0.0 114248.89376 232473.120842 181076.567369 125112.690763 25975.2165498 -9999 -9999 -9999 0.0 -9999.0 -9999.0 -9999.0 -9999.0 -9999.0 -9999.0 -9999.0 -9999.0 33240.2261236 213914.766343 0.0 249882.183014 176349.324069 185689.569785 223984.294238 206217.969234 141071.377705 0.0 0.0 0.0 181016.302964 170751.248696 178480.764823 144571.660931 56964.0676346 56497.8272145 19493.993564 97576.9034298 138028.396425 121904.303143 181542.055088 179624.038062 146546.34568 139761.780792 144873.662403 130309.33751 130572.718562 161810.677626
237236.932111 472305.025694 670117.565221 616007.609082 428310.457008 88517.6831613 -9999.0 -9999.0 -9999.0 -9999.0 0.00984284383353095 338864.887946 409281.204186 0.0 0.0 0.0 285970.328367 216284.073713 224711.426342 -9999 -9999 -9999 -9999.0 -9999.0 -9999.0 -9999.0 -9999.0 -9999.0 -9999.0 -9999.0 -9999.0 11944.6453955 111229.042526 78181.2829363 0.0 36650.1938573 0.0 130226.881882 183013.873775 189055.045902 94583.8604038 128010.621064 80621.8152074 0.0 0.0 206272.501403 124745.701723 83147.8070146 122866.534982 66912.6250904 19058.1593435 133845.056413 177932.699794 188299.939377 182189.64309 158714.140349 138378.066806 179604.323549 188366.887556 144948.465156 100983.301673 127809.217111
-9999.0 -9999.0 -9999.0 -9999.0 -9999.0 -9999.0 -9999.0 12840.7163218 0.0 10885.3310354 -9999.0 0.0 901228.656654 940415.940833 897139.226162 887466.753764 543102.418066 664450.823179 245573.907146 109880.394255 -9999 0.014567016348703991 -9999.0 -9999.0 0.026566538690366896 -9999 0.0 -9999.0 -9999.0 -9999.0 -9999.0 11065.9450115 55173.4094468 0.0 -9999.0 -9999.0 0.0 197249.108177 110237.014172 114975.040537 125828.439055 187499.840732 0.0 0.0 0.0 176012.853931 171791.966948 101051.334314 156133.565532 161906.674238 95011.8217846 91919.4979927 156709.434059 185064.837278 213647.999566 199514.877253 31404.913099349684 201726.906487 196564.900129 177395.828663 181383.693647 156848.339604
-9999.0 -9999.0 -9999.0 -9999.0 -9999.0 67390.0327454 209272.006165 0.0 0.0 37974.6139528 0.0 0.007432925894530296 0.0 862134.882843 930655.349412 815310.110102 802697.353151 675311.327195 407838.014197 222222.370641 -9999 0.0 0.0 -9999.0 -9999 34620.6784469 -9999.0 -9999.0 -9999.0 -9999.0 15001.90422 147988.306837 229680.08520023 0.0 0.0 -9999.0 0.0 284954.30142952997 196477.069699 250059.805081 171532.05639 199250.551698 193333.68461 0.0 0.0 0.014349009368545893 182789.806459 218513.855206 142273.277504 38363.0826853 199792.328431 0.0 172495.572328 0.010608300783520012 169418.098192 0.0 0.0 0.0 0.011328757811609084 0.019757626146240423 0.02381900617284902 196459.480526
-9999.0 -9999.0 -9999.0 -9999.0 0.0 0.0 1175039.31988 0.0 3519.45026676 -9999.0 -9999.0 -9999.0 0.0 0.17691081784452106 1085939.56921 923504.967525 957532.656669 494025.371966 531811.273188 263552.935133 10270.5292337 0.06190490573231829 -9999.0 -9999.0 0.005118419495343137 -9999.0 -9999.0 -9999.0 -9999.0 -9999.0 183791.734913 341698.023216 302880.731106 286805.024509 196628.602888 170452.635857 0.0 0.0028480803433594466 0.0 0.0 135387.980548 99102.3299831 109377.651016 0.0 0.01258924460083363 0.0 283229.853166 252566.893222 0.0 0.009152240488352538 0.0 0.0 0.0 0.0 0.0 0.0 0.013445527419480222 0.0 0.01062636704098202 432418.24904 503116.114723 383323.635624
-9999.0 -9999.0 -9999.0 -9999.0 231359.958687 503699.606377 466798.844701 0.12447877414657726 0.0 0.0 -9999.0 -9999.0 0.0 0.0 0.0 0.0 0.0 576800.071303 103689.325514 39689.4184085 94084.1985992 0.0 -9999.0 -9999.0 -9999.0 -9999.0 -9999.0 -9999.0 -9999.0 -9999.0 0.0 327349.093754 280024.468732 0.0 76401.9457987 48322.3738472 39894.4017192 44206.6914023 66873.4874918 74994.6445201 50208.5121969 116451.239998 203950.658248 251897.802516 33549.70669071036 0.005257672187462342 0.006918567514810043 0.0 0.0 0.0 0.0 0.0 0.010333552215559632 235534.916189 0.010781321470836432 0.01186951701519236 0.0 0.0 0.0 0.017712882139448844 0.0 0.03149008737276004
-9999.0 -9999.0 -9999.0 -9999.0 243227.154053 626823.4802299 0.0 0.0548279655100472 0.0 0.0 0.03858714305391543 0.0 0.21528004267055906 0.0 0.0 0.0 0.14570221400947306 -9999.0 -9999.0 -9999.0 -9999.0 -9999.0 -9999.0 -9999.0 -9999.0 -9999.0 -9999.0 -9999.0 -9999.0 -9999.0 0.0 0.0 587498.538684 478954.016226 217610.682352 44857.345113 35783.1515496 242545.663699 0.0 0.0 0.0 0.0 0.0 250577.589136 162498.628871 0.0 202383.810786 177023.536396 212147.063839 0.0 0.002884607703424353 0.007485449601956175 0.007246313461107721 0.0 280271.129845 0.010314841945340644 0.008141008097668824 0.0 0.014801043574650315 0.0 0.0 0.0
-9999.0 -9999.0 -9999.0 -9999.0 11864.8068843 260470.088727 0.0 0.0 0.0 0.0 0.0 0.0 297257.324526 0.0 0.07682298691119163 0.0 0.021541803639805183 0.0 0.0 -9999.0 -9999.0 -9999.0 -9999.0 -9999.0 -9999.0 -9999.0 -9999.0 -9999.0 -9999.0 37387.5333319 0.0 0.058768369250011096 0.0564056760132439 581402.990992 441625.88043 42877.3867369 40938.8194843 269810.662991 322827.604981 312451.204434 0.02705224860035939 292720.627357 263470.168267 220849.243717 236450.02966 113264.144263 144719.509348 218612.18053 0.0 0.02838911828957662 91024.7726026 193624.004039 219434.736339 0.0 0.0 0.0 0.0 0.0 294135.447768 0.0 0.0 0.01765016084199725
-9999.0 -9999.0 -9999.0 -9999.0 62325.8946292 295148.602017 1946899.56064 0.0 0.0 0.0 0.0 0.05846242734083741 0.0 13029.3675455 0.0 0.0 -9999.0 -9999.0 -9999.0 -9999.0 -9999.0 0.005172052219260526 0.0 84358.461899 109894.549043 6648.94410938 -9999.0 0.0013480359463946964 0.0 0.011356855652270787 0.0 0.0 0.0 0.0 189704.25034213992 0.0 479825.261494 0.0 0.0745693258763789 489523.944432 276593.753796 155388.160253 123724.534851 56481.2293548 73828.9034488 138941.037959 212259.797773 0.0 0.05795024122023482 0.0 0.0 0.0 0.007973057652376691 0.0 0.0 0.0 311927.541985 302100.282153 357939.330764 0.02888137933407089 0.015084283096654156 0.0
-9999.0 -9999.0 -9999.0 -9999.0 -9999.0 0.0 1177880.415145 2464774.030764 0.01697017379362232 32852.698313 0.0 0.0 0.01294603823999044 -9999 -9999 114637.821848 11641.8908084 0.0 0.0 0.0 126708.48429 98284.4989804 254645.98461800002 433653.01127300004 291019.93991099996 0.0072051886730945605 0.0 0.0 0.034116356400000526 0.0 0.0 0.0 240401.1537547 132002.94865617002 347625.999845 527541.5196882 615792.032823 636826.407456 601589.703511 545866.418535 466633.846273 560452.742402 404774.234276 98275.1473389 78899.9741733 115736.480305 88484.8435492 0.0 0.0 0.0 0.0 0.0 0.0 0.0 0.0 0.0 0.021000879038044092 0.0 0.0 0.0 0.0051536966938131624 0.0
-9999.0 -9999.0 124625.11623 238017.695403 0.0 197677.990256 846506.132299 1557229.459673 1994018.3933763 346279.37544549996 121951.714444 474642.291109 36094.2303901 15386.629927409998 4399.86167753 18123.261729093 30043.6064592 0.04768739139671578 43252.2304843 70596.2842017 369648.71487699996 358116.325953 225328.56530309998 225641.04673499998 52556.86172686001 0.03746584806211898 0.0 101525.7065084 110976.3513858 186536.5986608 199159.77908269997 131443.0839199 98285.458009 74824.8097993 -9999 561453.2963132 638556.925533 744254.299526 129941.198735 131573.395 48067.9206284 327965.930355 0.0 0.0 297878.280431 338759.508336 94196.9298098 288351.530688 0.07443753262765755 0.0 445724.021662 0.0 0.0 0.014530018688185578 0.0 0.0 0.0 0.0 0.0 0.0 0.0 0.0
415512.778373 384957.076767 503655.969831 0.0 298393.26174 771564.911085 0.0 2561680.481211 0.0 318878.1075952 912195.847233 0.0 44558.5659411 53999.8870707 7472.91589145 8416.87295448 0.0 0.0 2318.1262271690002 30575.14559233 68886.2576319 0.019236252094933976 59938.432436099996 0.0 0.0 0.0 94954.7488674 -9999 0.0 4891.03851536 -9999 0.0 7481.0517185300005 101908.4634301 51201.471461099994 36116.83530174 0.0 90345.5987833 18941.48206884 62486.548551 536823.984529 338679.669582 577441.8091675 231708.2190764 101444.258093592 108895.73363026 482098.5190686 0.0 0.0 0.0363099165726404 169290.287476 0.0 0.0768295717003689 0.020867656475905088 0.0 0.025717877580212618 0.012084654122633957 0.0 0.014744882406232227 0.0 0.0 0.0
0.0 178669.69607140002 26499.1814806 526469.1529500489 457033.54024370003 249837.248704 179083.5468579 400881.5091908 265711.937513779 148599.1336471 166293.8181548 0.0 0.0 -9999 0.0 348579.569184 0.04399823306529 0.0 20545.64578341 2599.086739466 0.0 0.0 6030.074169670001 47234.6921297 0.0 0.0 0.0 0.0 0.0 0.0 0.0 -9999 0.0 0.0 3903.683362412 34260.56970594 -9999 -9999 -9999 -9999 -9999 -9999 16719.690762489998 0.021302051190699167 64.17710482737999 10750.27052143 16809.415314876 0.030980714461269876 0.0 0.04826425035469483 684993.013956 0.0 0.0 0.0 0.010905030558368096 0.0 0.006330330488745255 0.0 0.0 0.0 0.0 0.0
0.0 0.20495341097649236 1189838.5840375 1000323.374841 1092632.7748456998 0.0 0.0 0.0 0.0 0.0 0.0 0.02740999678470618 467423.68112900003 0.17809156658216 0.037639246743230916 342667.188196 432746.19519 0.0 32284.24895165 0.0 0.0 0.009764415250015883 0.0 0.0 0.016750059783801594 0.02282858011918309 0.0 0.0 0.0 0.0 0.0 0.0 0.0 0.0 0.0 -9999 -9999 -9999 -9999 -9999 -9999 -9999 0.0 0.010028282966741726 0.0 0.0 0.009271962342741035 2025.668916501 0.0 0.010443440885879302 0.0 0.0003958966100542188 0.0 0.0 0.0 0.0092378722743443 0.005711658321873171 0.003022030324268121 0.0 0.0 0.013529546380455577 0.0044856729195552544
0.10937507627711207 0.0 0.14113274707914653 0.17442668061338143 0.0 1254815.0656 1148346.04084 780782.953615 760923.032897 857810.310124 0.04303471911700056 0.0 0.040428153082402524 0.0 0.09811374055167454 0.0 0.0 -9999 56820.0515638 0.011112755839131565 0.016439059884772997 0.0 0.0 0.0 0.0 0.0 0.0 0.0 359072.1623304 -9999 0.0 0.0 0.0 0.0 -9999 0.0 -9999 -9999 -9999 -9999 -9999 -9999 12790.890903520001 -9999 4724.24931116 16400.73290387 0.0 -9999 1847.677452102 0.0016962432116965857 0.00591110070108184 0.0 0.0 0.0 0.0 2216.928708507 0.0 0.0011177076853334422 0.0 0.0 0.0 0.0
0.06625953269621697 0.0 0.14858773252652374 0.12091827848709026 843775.420891 961187.013362 846280.799409 502757.97007 328864.351062 143025.235551 0.0 0.019436061686302648 0.0 0.0 0.0 0.0 0.04264821399019003 0.0 0.04522523196422997 0.031183201445410466 0.0 0.0 0.0 -9999 -9999 -9999 761275.079975 249643.13385194767 -9999 -9999 -9999 0.0 0.0 0.0 0.0 -9999 0.0 0.0 -9999 0.0 0.0 -9999 -9999 -9999 -9999 0.021824035018622488 4769.30102999 0.0 0.0 0.0113190271323098 0.0 0.00902045015255106 0.0 0.0 0.0 0.0 0.0 0.0 0.0 0.0 0.0 0.0
0.14116044251825716 0.0 0.0 0.17137081987902192 1008406.16614 845374.3552375999 939856.068405 518882.93186 448050.572283 418034.920783 3387.05516418 -9999 0.0 0.0 879355.615373 0.12238404740290096 120577.21632343 713596.05113 862812.986224 1081180.1364505999 932233.5920480001 0.0 0.0 -9999 79340.7951925 76259.03011333001 118398.52243122099 535758.043521 -9999 0.012846924567495024 0.0 0.0 0.0 -9999 -9999 0.0 7071.34670132 -9999 0.0 0.0 0.008075949528505004 -9999 -9999 -9999 597026.0607447 0.03217724329811429 80364.9497865 52771.652178100005 0.0 0.0 0.0011035194618436862 0.0 0.0 0.0 0.0 0.0 0.0 66960.35392078 57350.30221213739 0.0 0.0 0.0
1409505.69422 1029606.05964 538557.845177 587490.64438768 0.07477639240640056 0.0 0.16721334155965115 453306.641246 0.0 272196.292863 260422.733504 499677.436498 1198419.28807 1246459.08726 -9999 0.0 0.0 0.0 0.0 0.0 0.0 1223303.7543525 1093440.816387 0.0 0.021001861543579674 0.0 896620.050335 0.0 0.0 0.0 0.0 0.0 0.0 186077.13170625365 0.0 0.0 0.0 -9999 48395.265464970005 0.0 -9999 -9999 -9999 -9999 -9999 -9999 -9999 0.02164867740650705 0.0 0.01265242402637326 0.0 0.0 0.0 0.0023948935976862065 0.0 0.0 0.0 0.0 -9999 0.0 0.0 0.0
0.04158760432683353 607680.291297 548208.243493 254148.758492 0.0 0.0 137168.218214498 0.0 0.03485355073676632 0.07866043228009373 486489.021371 300014.285538 738093.055147 1146428.66958 0.0 -9999 0.0 -9999 0.0 0.0 0.09788528441582207 0.0 0.0 0.0 0.0 0.0 989293.838876 771551.506418 458204.6793417 322073.0318836 183646.73861679 0.00968674442921691 165632.47681795 0.0 0.0 0.0 0.02835982279906975 0.0 0.0 0.0 0.0 -9999 0.0 0.0 0.0 0.0 0.0 0.0 0.0 0.0 -9999 0.0 0.0 0.0 0.0 0.0 0.0 0.0 0.0 0.0 0.0 0.0
