critload/trunk/input/1999/ngw_nat.asc
ncols 720
nrows 360
xllcorner -180
yllcorner -90
cellsize 0.5
NODATA_value -9999
[rows 26 to 51 of 360, columns 590 to 648 of 720]
-9999.0 -9999.0 -9999.0 -9999.0 -9999.0 -9999.0 -9999.0 -9999.0 -9999.0 -9999.0 -9999.0 -9999.0 -9999.0 -9999.0 -9999.0 -9999.0 -9999.0 -9999.0 -9999.0 -9999.0 -9999.0 -9999.0 -9999.0 -9999.0 -9999.0 -9999.0 -9999.0 -9999.0 -9999.0 -9999.0 -9999.0 -9999.0 -9999.0 -9999.0 -9999.0 -9999.0 -9999.0 -9999.0 -9999.0 -9999.0 -9999.0 -9999.0 -9999.0 -9999.0 -9999.0 -9999.0 -9999.0 -9999.0 -9999.0 -9999.0 -9999.0 -9999.0 -9999.0 -9999.0 -9999.0 -9999.0 -9999.0 -9999.0 -9999.0
-9999.0 -9999.0 -9999.0 -9999.0 -9999.0 -9999.0 -9999.0 -9999.0 -9999.0 -9999.0 -9999.0 -9999.0 -9999.0 -9999.0 -9999.0 -9999.0 -9999.0 -9999.0 -9999.0 -9999.0 -9999.0 -9999.0 -9999.0 -9999.0 -9999.0 -9999.0 -9999.0 -9999.0 -9999.0 -9999.0 -9999.0 -9999.0 -9999.0 -9999.0 -9999.0 -9999.0 -9999.0 -9999.0 -9999.0 -9999.0 -9999.0 -9999.0 -9999.0 -9999.0 -9999.0 -9999.0 -9999 884.477661944 -9999 -9999.0 -9999.0 -9999 -9999 -9999 -9999.0 -9999.0 -9999.0 -9999.0 -9999.0
-9999.0 -9999.0 -9999.0 -9999.0 -9999.0 -9999.0 -9999.0 -9999.0 -9999.0 -9999.0 -9999.0 -9999.0 -9999.0 -9999.0 -9999.0 -9999.0 -9999.0 -9999.0 -9999.0 -9999.0 -9999.0 -9999.0 -9999.0 -9999.0 -9999.0 -9999.0 -9999.0 -9999.0 -9999.0 -9999.0 -9999.0 -9999.0 -9999.0 -9999.0 -9999.0 -9999.0 -9999.0 -9999.0 -9999.0 -9999.0 -9999.0 367.74133846 -9999 -9999.0 345.198318368 5603.51151302 8682.982003 10470.0166317 8049.59682565 4248.92999902 1541.41039424 209.071480522 4626.26194702 9164.43864454 1888.08614305 276.227095831 586.218876483 767.089075085 576.082614265
-9999.0 -9999.0 -9999.0 -9999.0 -9999.0 -9999.0 -9999.0 -9999.0 -9999.0 -9999.0 -9999.0 -9999.0 -9999.0 -9999.0 -9999.0 -9999.0 -9999.0 -9999.0 -9999.0 -9999.0 -9999.0 -9999.0 -9999.0 -9999.0 -9999.0 -9999.0 -9999.0 -9999.0 -9999.0 -9999.0 -9999.0 -9999.0 -9999.0 -9999.0 -9999.0 -9999.0 -9999.0 -9999.0 -9999.0 -9999.0 -9999 1265.55620751 -9999.0 -9999 1417.82978054 3939.84180897 4213.12602712 4210.77459493 4019.47695701 4287.5308527 2296.25968195 2432.69022507 4344.36049697 2204.84680606 1053.94983543 -9999 -9999 1519.65383688 1768.93355194
-9999.0 -9999.0 -9999.0 -9999.0 -9999.0 -9999.0 -9999.0 -9999.0 -9999.0 -9999.0 -9999.0 -9999.0 -9999.0 -9999.0 -9999.0 -9999.0 -9999.0 -9999.0 -9999.0 -9999.0 -9999.0 -9999.0 -9999.0 -9999.0 -9999.0 -9999.0 -9999.0 -9999.0 -9999.0 -9999.0 -9999.0 -9999.0 -9999.0 -9999.0 -9999.0 -9999.0 -9999.0 -9999.0 -9999.0 -9999.0 -9999.0 -9999.0 -9999.0 -9999.0 -9999.0 330.153310972 1408.67317466 2200.54530549 2424.21776207 810.892470713 959.184288955 1000.02480132 543.151643929 336.688285968 1060.49854547 1041.32181159 254.49831631 222.821612399 -9999.0
-9999.0 -9999 -9999.0 -9999.0 -9999.0 -9999.0 -9999.0 -9999.0 -9999.0 -9999.0 -9999.0 -9999.0 -9999.0 -9999.0 -9999.0 -9999.0 -9999.0 -9999.0 -9999.0 -9999.0 -9999.0 -9999.0 -9999.0 -9999.0 -9999.0 -9999.0 -9999.0 -9999.0 -9999.0 -9999.0 -9999.0 -9999.0 -9999.0 -9999.0 -9999.0 -9999.0 -9999.0 -9999.0 -9999.0 -9999.0 -9999 -9999 -9999 -9999.0 -9999.0 -9999.0 -9999.0 -9999.0 -9999.0 -9999.0 -9999 -9999 -9999 -9999.0 -9999.0 -9999.0 -9999.0 -9999.0 -9999.0
-9999 -9999 25.1736649041 -9999 -9999 -9999 -9999 -9999 -9999.0 -9999.0 -9999.0 -9999.0 -9999.0 -9999.0 -9999.0 -9999.0 -9999 -9999 365.436739623 119.28110381 -9999 -9999 -9999.0 -9999.0 -9999.0 -9999.0 -9999.0 -9999.0 -9999.0 -9999.0 -9999.0 -9999.0 -9999.0 -9999.0 -9999.0 -9999.0 -9999.0 -9999.0 -9999.0 -9999.0 -9999.0 -9999.0 -9999 -9999.0 -9999.0 -9999.0 -9999.0 -9999.0 -9999.0 -9999.0 -9999 362.459897822 1413.17811599 2801.95631944 1904.15855082 993.022387029 95.3519309892 -9999.0 -9999.0
2789.380238364 3105.852496125 3300.920856521 3342.621417288 3994.2201264899995 4563.36619876 1454.51850581 4.32920136751 -9999 -9999 -9999 -9999.0 -9999.0 -9999.0 -9999 -9999 474.599249709 1686.24674787 3387.48651082 4150.36861483 4258.74861724 2166.60220364 2215.61330452 2494.92155013 2997.27270625 2496.25722392 1061.08561098 169.480634445 -9999 -9999 -9999.0 -9999.0 -9999.0 -9999.0 -9999.0 -9999.0 -9999.0 -9999.0 -9999.0 -9999.0 -9999.0 -9999.0 -9999.0 -9999.0 -9999.0 -9999.0 -9999.0 -9999.0 -9999.0 298.158583348 -9999 296.956728113 1227.38850072 -9999 -9999 6082.09209054 5370.01223384 -9999 -9999.0
1412.15273989 1378.75453997 2865.22920246 2720.99047863 1966.12457184 2609.47087084 3495.65886385 3336.94733207 3345.66075251 3631.16966495 2589.58007892 2594.91171602 2544.05855071 2444.55019118 2744.36593191 2913.37419397 3453.04963501 5649.075014960001 6190.899703290001 6191.53291521 7342.07994652 8689.34555956 5056.51461678 6588.838394072 8262.316145562 8147.417386382001 6010.0609742832 4472.80263307 292.805851016 -9999 -9999.0 -9999.0 -9999.0 -9999.0 -9999.0 -9999.0 -9999.0 -9999.0 -9999.0 -9999.0 -9999.0 -9999.0 -9999.0 -9999.0 -9999.0 -9999.0 -9999.0 -9999.0 -9999.0 -9999.0 -9999.0 410.876543265 667.074909612 -9999 447.979203766 558.044376042 558.339400424 93.3328767658 -9999
2124.90382318 2405.04077314 2539.24612884 2631.97657571 3569.47126643 2542.42978253 5063.15999593 3227.07503749 3711.09081666 4158.6238893 3024.58909855 3289.86849002 4214.09012946 3459.36307228 4529.07632573 4638.77959792 4831.26444349 5222.12011445 4942.01021217 4728.54293904 5326.04832113 6401.31784329 6046.09905634 3957.6435531829998 5020.804864739001 3407.469537092 6025.41404522 5607.82314213 3073.62878893 -9999 -9999.0 -9999.0 -9999.0 -9999.0 -9999.0 -9999.0 -9999.0 -9999.0 -9999.0 -9999.0 -9999.0 -9999.0 -9999.0 -9999.0 -9999.0 -9999.0 -9999.0 -9999.0 224.474703412 713.315598586 1478.00480492 1744.87582727 4828.26039929 4915.264547457 7310.752869 4880.6133203 8007.27284326 7210.46343858 3875.5798788770003
3392.04610056 2865.66266631 2969.63788914 5082.30019083 4128.61795135 5176.49324662 4972.05657512 5842.19573148 3173.73702918 5128.49108152 4842.23470089 5403.5362802 3814.64826124 14261.9873151 20943.6026072 22386.9435661 10539.6582373 11054.9798288 9393.13605179 7519.07563511 5104.71778298 5665.87548987 5663.3423628 5308.84464057 4825.58781632 7724.65508932 4280.96926207 2001.37024639 149.326473945 -9999 -9999.0 -9999.0 -9999.0 -9999.0 8.15539625771 715.806759903 -9999 -9999.0 -9999.0 -9999.0 -9999 -9999 -9999 -9999 -9999 -9999 -9999 -9999 -9999 769.741515916 5993.48985132 6823.6340221400005 5047.2967938599995 4152.00711966 4189.98348534 4330.91115368 6600.737962249999 8134.66841915 11043.786355479999
15244.6516768 10185.7682057 8330.68823638 8769.55491037 9622.50721675 16729.5719114 14745.8125295 9374.56620995 9678.67631593 8821.9050332 10199.9506241 15412.600289 24448.5104598 25406.9988855 25449.8239733 26566.5294994 26816.4552143 27123.3554858 30125.2617578 29598.7446225 10576.0232221 5165.76904195 5440.94453065 8171.82120077 11498.9113045 8409.13287736 6783.38557273 4566.24135549 3058.87495724 138.217620694 -9999 -9999.0 -9999.0 124.407788464 1803.16817119 6817.04651701 2368.25531557 1601.85903767 1332.47515381 997.847744089 1000.35307754 7317.96548815 5954.634135550001 870.991001898 1564.40763436 178.654395845 1389.57965386 7150.71709695 2016.52929652 2141.723652 7206.58529377 7262.987507579999 5527.55747986 6592.05834167 5450.7833861 6375.91316561 6862.75781487 6791.5735198 8711.05138242
30772.7310467 26392.3612152 24425.2143585 21609.3748692 24018.1225481 27377.7746702 23492.5955358 31091.5206781 23880.6394677 26809.192301 24594.6277138 25216.2112296 25838.0205984 26003.3576862 27581.0426274 28329.1977052 28819.4526627 29611.5614668 36198.1842026 36202.3520193 34566.6652669 15865.3583139 13694.6299867 14512.2790627 13601.6226746 13760.8284569 8773.0986072 5144.29149713 6003.02069219 6715.75789253 3275.5129555 1821.5862787 1180.32942769 3118.04263763 5950.5056285 8443.0081308 7594.8575777099995 5243.882996570001 6490.89130416 5515.67302529 8303.18076587 11643.48869126 11833.64564415 6459.412689610001 5981.69657758 1200.81632867 5194.91020672 7998.29212715 7647.078647259999 1706.64657544 6887.37138302 5206.336604460001 10577.171357610001 5026.33856538 5430.7067515 6874.5483915 6490.7111876300005 6367.928803119999 6708.93531733
26683.0038972 28732.4637796 27712.7163844 27271.3724514 25742.1520055 25445.1733651 25705.9175375 27728.7924126 26531.5073501 27338.141302 25745.0048869 26078.6568389 26832.658747 29149.194061 27453.0815912 28169.5766392 28158.966638 28928.1037802 30574.9263971 23624.4717585 17748.5218042 13984.2455801 14478.8538789 14506.898452 15689.1528833 14745.1596472 19506.2301138 28131.607282 6256.02498369 5585.04295279 8370.48510107 4851.52471861 4607.17804101 3695.373823388 13155.03054143 14732.057131630001 8590.883237794 8323.39672608 7404.16298986 4725.96794189 8126.989035694 7147.8016244400005 5987.90699273 7427.27965522 8204.26242053 8159.9192454 13185.68927987 15659.15669009 5892.143858054 9221.665928063501 11527.793753693999 5755.43409136 5042.62703178 9826.11115721 10731.92610409 10679.50366925 5369.08321918 5284.94084654 5745.216478349999
27438.327981 27656.3170033 23278.1621392 24852.5361157 24215.9717881 24837.0280156 22244.2501098 22450.002233 22419.9959334 25657.9083417 25660.2757689 30178.1488392 28583.9220389 28512.9229757 28815.2916662 28986.9011026 26653.7047457 19184.7518776 13702.237938608 13423.003120469999 8880.448555292 13283.8449674 15071.2737962 16073.8924813 20916.2494523 34556.3492723 30635.884106 32711.1083925 28494.894045 27421.6622508 24466.0117741 14473.8188633 8070.94428448 11318.9102468 8889.69388595 6001.81397761 9296.15248815 10070.4837704 14747.1395852 16086.115212 8956.34222407 11925.3194787 8184.41261418 10222.9403436 7798.57762128 14429.176817 8060.96417533 13937.1101968 13507.352925 13648.3167699 27322.0360581 24610.3376513 13607.4346843 13783.6279264 20461.1417499 20215.3505583 24195.6359001 9952.62581382 13684.3589183
31267.2747066 21288.9917039 31103.6747452 24843.7810931 29285.9195096 29676.6623604 28312.7957372 27815.1649836 26568.2603567 28809.4870305 28239.0099529 29324.6055596 22762.9818636 28766.3908348 29738.4813449 22082.5668904 12776.2066978 17348.04894549 12007.70998413 13512.673913741 13999.4851855 15568.5414276 15936.9025302 21596.8989282 33601.0252383 32528.8067714 38401.8323871 39640.1086867 27799.8580627 28223.8899817 25231.0460111 19030.3054332 8547.48765973 8712.85484586 9990.00320915 15117.5430821 14374.1452597 13432.1487967 13665.0626195 11481.0861052 12559.9757415 9868.14787316 6329.4764917 14937.4268989 10360.1686451 10446.7899948 11426.8849163 14527.2176892 14043.6753145 15760.4487803 12826.9244457 9649.6656869 13008.5661896 30286.686322798 21914.696541089997 35779.2515344821 11132.6006634 19324.0706608 24301.9370059
27592.5554993 29975.4340926 22013.6222848 25977.7624503 22344.6242919 26591.4924438 32365.5114683 30268.0343684 28683.2576499 29543.7773608 23696.5677393 31619.7131119 23215.7754127 27955.2336189 30289.2034373 14719.424447 14051.419718654 15581.6646648 14633.82573126 18087.7374418 18086.2244708 12178.3639024 16746.7155117 17904.9313944 18901.450493 29548.5987565 40488.1245598 35563.5403172 30312.3324651 29977.2543651 26672.8780533 15092.0792633 12747.4106423 17186.2108279 16329.7499469 7804.74685394 9950.31680809 9583.2599894 13284.9154222 12472.625242 10051.5967308 11438.7434424 10356.0456952 10345.8555302 19393.7257952 26549.3284333 18273.7573666 12240.6106849 24378.7413462 16191.2095603 24393.9271534 9779.94720513 24257.9925309 20845.80347671 13638.32521738 15539.39187518 15140.626623529999 16467.35698266 17166.42498921
31758.3941653 27230.1135373 31211.1962146 29721.7951362 25700.3851149 27513.1136126 29731.8242142 27063.3795303 33496.3975727 34117.5449113 28856.5642948 33783.0665338 31031.9892648 22137.4436454 19934.6043043 13902.2764581 15725.69104601 14151.43459145 20136.54411413 14896.3341931 13052.7678276 18353.9360948 25489.3744148 42208.6043693 36873.0890392 36785.8576644 38026.5637223 37291.5780677 28806.0064096 30427.3562233 30290.4733935 21092.6259587 18577.7006236 12484.360349 10980.1108329 10716.9964331 10287.3594393 10011.6631332 9586.1752974 12408.6083551 9743.5930971 10246.2035791 11395.7902608 20673.990023 20186.7214481 21811.3410016 25490.6656358 23324.3084029 11918.9718905 27626.2480473 37458.8314326 59992.7252214 78606.3624921 37649.77688049 11289.2415361 14056.29916258 13364.49931354 12179.7113029 13206.30199803
33935.9809191 35564.1440026 31955.548562 28756.5347158 36576.4465416 27530.0913196 36385.9204743 33573.2063639 33252.7710296 33177.866124 33328.6560637 33216.0495655 34989.5246732 33825.6271149 19271.826466 11467.2671493 16428.07958847 19594.08759428 18275.046802689998 11355.7982312 15980.7593104 17383.6733916 18136.9821283 43974.2715132 38546.6496261 37494.0004169 39905.9592145 36147.418588 34841.7349184 39773.6086665 19471.918568 20484.78212 18424.9063681 16120.2265929 17599.2257397 11417.5581025 11052.7855936 14638.8907509 14253.6395172 6522.03161334 17663.9951137 19337.5649307 11539.0690507 16303.2531803 14672.9466394 32263.3562139 46073.2450946 41779.9500802 40267.6071502 39951.3528835 49293.8589077 37257.9959694 26054.9884388 21807.55589534 13817.56051127 10858.70857375 11492.67472924 13486.80971767 12998.25202239
34125.0895677 35503.3327058 35681.2987018 37056.1571941 34679.8407509 31180.58573 31336.9260518 29201.6072358 30349.8583204 30456.6681184 37643.5328982 34908.0693174 25320.3146225 31534.8593945 20980.3704719 19058.0765721 16805.50539215 15552.99882593 21401.288317389997 19394.3491459 16293.5790068 17616.0784378 18777.2038365 20080.4301286 46003.185894 46999.9213775 47251.8780791 38032.3216995 36469.8294354 27068.8696395 23020.1407268 21563.3030971 20874.0020495 14128.0433522 12498.7198355 11424.9728056 10774.3235503 11321.981845 13696.0869189 14586.1050505 18113.3136866 18495.8849952 32916.2522638 21191.429137 17761.4117676 23591.6606958 26714.5114934 25406.8936766 24657.8820464 44192.9083907 61348.1246427 27754.7258791 15905.5617161 11362.2825343 12019.3047172 7426.61531364 15812.2609722 14435.717199404 11904.34194507
39298.9811815 31816.9904871 31162.1674776 31515.0037916 38623.8490082 29909.717338 39511.0549126 38163.6122124 30947.0566935 32526.8526789 33199.9999498 20832.3322221 21201.0167534 10797.0332816 15909.89135317815 14119.42930234 21506.20908763 21956.1299407 19644.78305462 18796.72382413 17401.0373702 19292.3900562 21362.6993678 47127.0335653 48721.9528981 42807.3255212 35466.554895 36893.6166711 39363.8426033 24373.4888561 19986.4415225 18253.5949823 19822.1159237 11720.5494516 11364.7312483 12416.8516989 12306.6389905 14118.1290196 17633.864863 17215.6021121 55154.2215537 37088.3943548 26897.2441036 33360.6689793 26056.4227267 33505.2571278 52158.3478383 29005.0840251 26714.2420808 24502.5982536 30572.8207349 45306.7715322 47392.7060532 40090.8926271 34192.7074834 14035.5816584 15721.770845 21680.0810751 22394.9495532
41153.7335284 36805.5470214 39792.6822033 34272.7463911 37793.4458412 39778.2191039 41241.8197896 34056.6308673 30215.3664733 24946.6945389 24575.2980129 18078.6460461 21429.5414815 19987.66028137034 13494.266063593486 16612.99072034 23471.932402630002 18400.91351212 20725.39591269 24495.878501990002 17933.3662688 19671.6422351 21289.0203525 22478.9539071 30711.4499285 42490.75684 42885.7720943 41390.7822472 47197.3045096 44983.5262024 43904.5195389 20314.5173966 16342.341738 16958.4926055 20359.0636723 16699.0712319 14112.4297941 17253.4069149 23322.9013283 10865.06036 31515.3015968 19161.5911339 55227.1352617 20633.0736162 31756.8448511 30627.2525218 53563.948489 63947.8950812 68604.5743093 64699.0340244 60960.8338885 52057.3845875 53174.0390681 52253.0354171 49408.3951996 43606.4252018 32826.3408346 30145.4402453 25254.8792172
39785.5462847 37680.052017 44061.6298306 44611.1549044 43548.0874232 42639.8174096 35965.262682 24780.6659501 19109.7276793 23995.4639248 17306.7491714 16195.7564998 23752.3042888 16618.2272959 21603.079897634696 23785.900118 23650.0048482 24249.45383361 20179.17621908 20844.63098267 23540.7371756 21465.6637645 22021.4292231 23364.3936781 22309.9158861 24230.8955287 55158.1641832 51217.7071815 44188.528385 45587.1787945 41454.2965137 24607.6909134 25591.7108213 24763.2972379 22507.5648618 18631.5018112 17716.1114984 20596.9578819 21069.960178 29608.8416931 18408.7212125 27164.1672275 30246.2554148 33357.1781067 33653.8708313 35515.1738605 37116.5279259 30168.793389 30406.6320617 26000.4255946 41503.8701954 59549.2644729 68950.8046044 65288.7177106 37726.7406363 20629.744069 26102.7588176 28262.8034404 49146.3855146
42741.5257796 44872.2064971 44497.8937104 42220.7310752 26663.7277464 26490.6765425 15606.9574708 23820.2801236 23549.7144372 23660.507675 24864.2876739 24677.5027675 25333.1184838 17508.1297204 24249.0208555 19799.057394713785 15890.34366443816 24938.1784162 17670.02937096 16219.23656922 16645.57784707 24059.4801793 22355.6884075 22409.2991705 22793.0796501 24490.3652984 48836.2590658 43801.1983474 53809.3275351 41984.0182619 50571.723829 32542.3665495 29847.580558 27477.83715 20063.7030559 21086.5403357 20176.3022914 22065.3076458 13128.9268298 19361.077763 22793.9018171 12039.5765872 19024.5032763 23860.7293157 20021.3176764 29643.8919425 27091.6235852 39735.4748328 38126.7149514 37245.9557792 32784.1940938 28734.4104406 23979.4669629 27977.7103642 35184.5122637 35384.239601 49669.1572229 36948.3858733 35187.1920322
42095.8123981 44921.0174626 47271.4948217 25198.9611924 23765.8729433 23337.237241 18819.1364732 21351.9310342 24770.486089 22731.5046153 15369.7113835 7605.31406066 25627.0738671 15782.612172 19855.9917369 21729.1729115 24438.2495728 20164.0618921 21009.77128243 25487.5541711 21046.00344265 18219.631324804002 23646.3353233 23414.5138468 25881.3713123 24699.5744657 39529.7177375 55218.4636464 34367.729264 51127.9921326 51362.4144049 30955.0114356 41290.3285888 39970.3901168 36562.5058601 35317.7929309 37150.9823468 28409.7289684 38180.2885151 30885.7184519 22012.1068137 25639.0317558 40642.573641 30084.6611832 28434.3755096 28070.5367218 34998.818612 32678.2030287 25016.2769564 38567.2087652 54619.1442507 47173.5747087 37897.1349894 38099.5111873 39660.2215624 36724.1249906 55997.816539 47263.8011708 28706.9068629
44277.715071 37073.6128393 32537.2480772 16017.7232215 12525.5293081 22347.1746902 24845.7582986 21082.713219 18772.7631182 9751.24896224 19472.9990696 22703.2629614 29775.0627651 20370.015373548442 17139.42273620846 22449.4808511 19779.00046111 25458.8861529 25950.010519 25578.8339434 25580.9861374 25480.12428352 17391.5951505 20738.6163755 21146.3768503 26646.539652473 27085.422463849998 27031.23783422 25688.204019354 26753.2857607759 22511.8233884 28926.0422689 33323.0325211 30255.1310754 23522.0920105 37513.917393 35448.3506765 33033.4478011 27495.726382 23813.6192022 22228.2370242 15169.7807869 27240.8942426 41042.6357929 32046.6596229 25416.4613694 36857.3574895 32191.7728833 28722.777261 27764.2191962 32197.7784177 25523.5536466 38703.6487388 36037.939056 35945.6559591 64672.6015291 83986.6583443 63729.2459323 61626.0470836
