critload/trunk/input/1999/ngw_nat.asc
ncols 720
nrows 360
xllcorner -180
yllcorner -90
cellsize 0.5
NODATA_value -9999
[rows 168 to 195 of 360, columns 186 to 247 of 720]
-9999.0 -9999.0 -9999.0 -9999.0 -9999.0 -9999.0 -9999.0 -9999.0 -9999.0 -9999.0 -9999.0 -9999.0 -9999.0 -9999.0 -9999.0 -9999.0 -9999.0 -9999.0 -9999.0 963747.355711 1632815.25804 1744247.54463 1371518.02258 1428293.23033 0.0 1971266.23801 0.0 0.0508153412323 0.225814668953 1487898.90025 0.0 0.0445989047407 0.0 0.0 0.0 0.0 903451.039892 0.0 0.0 828040.297123 915032.038987 972792.341185 926508.598456 941994.624412 915361.338313 906330.574435 889979.17731 892669.280932 866981.085053 883716.633932 1236700.18974 1785015.57601 1141178.98262 1112132.25916 1409952.25103 1414180.48297 1614219.8288 1454227.56173 734910.163142 337958.255403 258647.927957 321614.213861
-9999.0 -9999.0 -9999.0 -9999.0 -9999.0 -9999.0 -9999.0 -9999.0 -9999.0 -9999.0 -9999.0 -9999.0 -9999.0 -9999.0 -9999.0 -9999.0 -9999.0 -9999.0 -9999.0 871292.542333 0.0 0.0 0.0 919442.323777 1046733.73118 0.0 0.0 0.0 0.0 0.0 0.0 0.0454806314773 0.0 0.0 0.0 0.0 1096945.3539 631083.191379 1121264.57673 965230.754203 937448.559014 1149102.52018 982905.971411 1312342.69313 1289966.07454 1301283.75017 1285064.85812 1294659.59786 1274539.85986 1253501.54456 1242536.81391 1792906.49112 1503169.69724 1488103.4973 1196894.89093 1170910.69839 0.0 993791.406252 850156.502789 716446.087887 726843.147375 689888.223096
-9999.0 -9999.0 -9999.0 -9999.0 -9999.0 -9999.0 -9999.0 -9999.0 -9999.0 -9999.0 -9999.0 -9999.0 -9999.0 -9999.0 -9999.0 -9999.0 -9999.0 -9999.0 -9999.0 384068.249325 0.0 0.0 0.0 0.0 0.0 1040858.96438 0.0 0.0551970238876 0.0 0.0483128913837 0.0 0.0 0.0 0.0 0.0 0.0 0.0 1098264.6771 1114501.18962 963745.974677 1303977.80044 1551354.66833 1271260.87142 1279538.25565 1290140.98805 1302124.16886 1278815.67434 1293473.73939 1285504.27031 1256488.69978 1254882.36338 1432400.42523 1497488.38078 1504688.00085 1175459.92121 1188578.29495 1165548.62082 0.0 1549557.07029 1445569.30558 1172515.64987 1253938.70075
-9999.0 -9999.0 -9999.0 -9999.0 -9999.0 -9999.0 -9999.0 -9999.0 -9999.0 -9999.0 -9999.0 -9999.0 -9999.0 -9999.0 -9999.0 -9999.0 -9999.0 -9999.0 -9999.0 0.0 0.0 0.0516243020063 0.0 1367064.34817 0.0 0.0 0.0 0.0350926114422 0.0 0.0 0.0 0.0451671613888 0.0450258272392 0.0464072445749 1025336.3826 1342305.1492 1539214.49078 1479543.55393 820439.24891 1541089.76161 1545710.03148 1550418.39048 1301084.4804 1310274.18404 1287073.3144 1290520.28755 1292168.87595 1289783.48147 1274404.41265 1267657.59659 1521355.7009 1226872.30886 1194951.13586 1194665.66446 1201715.20214 1167901.80478 1142190.70057 1090620.55933 1195995.08788 1262307.66583 1277407.54349 1291636.96922
-9999.0 -9999.0 -9999.0 -9999.0 -9999.0 -9999.0 -9999.0 -9999.0 -9999.0 -9999.0 -9999.0 -9999.0 -9999.0 -9999.0 -9999.0 -9999.0 -9999.0 -9999.0 -9999.0 264157.418899 0.0427739126942 0.0436005478714 0.0 0.0 0.0 0.0 0.0 0.0 0.0 0.0452692173513 0.0 0.0 1011458.34688 1344404.10508 1548750.16451 1576464.7789 1582039.47763 1599680.93638 936484.486358 755429.464491 798037.108443 1297323.45773 1280829.02637 1284921.55627 1279341.68246 1288055.98076 1270051.25394 1277611.91984 1269251.44809 1235194.8892 869289.722181 886196.239219 789638.894078 851208.977048 775113.953031 773089.695765 1124767.30451 605095.817577 1089911.40257 1280199.98989 1297067.07888 1394148.61736
-9999.0 -9999.0 -9999.0 -9999.0 -9999.0 -9999.0 -9999.0 -9999.0 -9999.0 -9999.0 -9999.0 -9999.0 -9999.0 -9999.0 -9999.0 -9999.0 -9999.0 -9999.0 35721.0266543 0.0 1351870.47373 0.0 1155171.6045 0.0524822424368 1806489.61296 0.0 0.0 0.0 0.0 0.0 1401712.55261 1376415.66124 1566485.18886 1590330.11418 1606568.30861 1696762.38324 1666204.30272 1662666.16724 1608400.75437 1579835.96167 1510331.98897 1520732.70446 835427.285688 1523207.12899 1255308.63256 1281817.16204 1272643.53535 1248830.07491 1241437.8553 1226029.05388 821654.393804 837803.288208 844076.009427 1181192.14493 1174035.43986 585628.286068 627831.168315 697571.119986 692438.267815 728559.854653 936186.856095 1294644.82807
-9999.0 -9999.0 -9999.0 -9999.0 -9999.0 -9999.0 -9999.0 -9999.0 -9999.0 -9999.0 -9999.0 -9999.0 -9999.0 -9999.0 -9999.0 -9999.0 -9999.0 129547.922371 384848.481356 0.0 1349477.65191 792884.809769 1305088.64429 0.0569203063028 1577704.99546 1198734.24743 1636753.96341 1344384.29636 1361947.26071 1381804.45949 1308534.04463 1563032.14358 1530996.31199 1548819.12092 1587861.224 1652546.26306 1628484.54885 1617633.34686 1575955.05523 1560563.35625 1528578.64928 783888.194097 1258358.93524 759545.341908 1516671.12048 1269489.69619 1270481.97435 1239316.40617 1234306.36681 1208591.7353 788513.830517 825723.785925 1158109.18235 1255426.7017 0.0 1013330.1916 643741.939583 656035.345705 662846.506554 710475.11235 741376.628347 1364063.08714
-9999.0 -9999.0 -9999.0 -9999.0 -9999.0 -9999.0 -9999.0 -9999.0 -9999.0 -9999.0 -9999.0 -9999.0 -9999.0 -9999.0 -9999.0 -9999.0 73852.93377 345335.829503 0.0 0.0 0.0 0.0 1536279.88167 1546038.98499 1338640.78461 1221355.93133 1317148.39524 1317032.88714 1346665.20926 1355843.70193 1571584.60629 1613781.92915 1564483.35376 1611209.88924 1661653.36121 1649837.76048 1623406.84282 1618520.19968 1592717.03579 809682.422637 782916.489739 765216.453055 1284702.39553 1243771.53604 1237266.78827 1249768.37858 1259765.28729 1214436.88301 1204840.68571 1165963.97048 765581.590797 654954.211004 628624.136497 656634.016765 0.0 652018.395833 594461.290967 618070.849595 658525.370472 707670.46595 707591.540923 905223.90704
-9999.0 -9999.0 -9999.0 -9999.0 -9999.0 -9999.0 -9999.0 -9999.0 -9999.0 -9999.0 -9999.0 -9999.0 -9999.0 -9999.0 -9999.0 -9999.0 0.0 0.0 0.0310436132948 0.0 0.0 1248058.49033 1196530.72517 1293878.62497 1261286.09754 1255463.10057 1243763.76878 1271529.94821 1268760.68272 1303943.51233 1520934.51197 1612562.03313 1530599.13772 1587421.98839 1553366.81801 1551357.2162 1564563.02258 1552196.86515 1539473.31129 1536548.32458 772058.717544 759314.725426 1250210.64802 1261967.94665 1263928.58662 1254880.20321 1210674.5727 1203409.22353 1174361.85398 1140158.11933 1039853.63476 563614.912707 676988.966552 419868.766037 513004.580449 583176.034511 594238.750822 637113.0198 673293.676707 739479.308094 753940.713337 789242.386483
-9999.0 -9999.0 -9999.0 -9999.0 -9999.0 -9999.0 -9999.0 -9999.0 -9999.0 -9999.0 -9999.0 -9999.0 -9999.0 -9999.0 -9999.0 0.0 0.0 0.0 949626.860107 0.0 0.0 1635423.68407 1337972.41739 1305988.89652 1321543.45997 1269471.62125 1268575.40298 1281387.78585 1303697.70903 1302539.39095 1507456.37244 1570620.15315 1532519.33334 1579536.80325 1579919.39611 1594577.12743 1308747.35148 1306392.22259 1554515.19084 1546672.28884 1530938.05856 1261747.94871 1259447.57171 1294496.7491 1243273.21709 1215108.3075 1206950.50411 1198402.01679 1169823.97278 1360852.92338 1230443.94889 1218194.76794 781468.401069 639670.246138 611199.602827 671088.946357 634281.051849 635881.772594 693725.60444 724749.147323 759804.520201 801455.660223
-9999.0 -9999.0 -9999.0 -9999.0 -9999.0 -9999.0 -9999.0 -9999.0 -9999.0 -9999.0 -9999.0 -9999.0 -9999.0 0.00291787467688 0.0 169770.186923 953479.731419 947051.325836 0.0 0.0 1632533.02378 1591915.33498 0.0 1502184.54051 1478608.2465 1250471.50669 1228968.6236 1232477.46865 1270495.08864 1483870.42255 1468930.70267 1498460.89695 1522713.63035 1590271.35387 1573928.79477 1574667.16597 1303805.23413 1298733.43693 1510387.12497 1539825.25758 1522246.78445 1495271.48395 1251057.10893 1250787.11226 1234216.94926 1216627.62924 1216554.77194 1190328.96857 1378191.16666 1206826.94225 1203208.59136 1131313.27851 1030640.07471 878985.732367 939710.626542 675341.851979 678791.699175 702127.982575 727876.002689 761153.888723 747443.336706 774871.871735
-9999.0 -9999.0 -9999.0 -9999.0 -9999.0 -9999.0 -9999.0 -9999.0 -9999.0 -9999.0 -9999.0 -9999.0 -9999.0 0.0 1178242.23621 907006.03528 1419275.76161 540398.767157 722017.567482 1273204.84996 0.0 1549053.96884 0.0 1497986.52143 1461645.41173 1484056.24778 1245752.90738 1478219.62904 1500844.09727 1471511.15381 1476870.0036 1489229.3602 1290610.55024 1580693.89417 1302297.08793 1314326.81909 1567812.85276 1565822.72023 1542844.53974 1464886.75525 1511924.43837 1501987.93703 1221647.84975 1472779.02495 1481807.94094 1391243.92557 1319717.41978 1338499.77297 1338654.66097 1109259.27646 1070086.33613 1182809.12011 1223871.19216 1017496.18617 1002616.99863 1014317.77808 732522.90576 742178.160499 758729.907012 766967.190396 783981.721794 786659.542991
-9999.0 -9999.0 -9999.0 -9999.0 -9999.0 -9999.0 -9999.0 -9999.0 -9999.0 -9999.0 -9999.0 -9999.0 -9999.0 163585.70267 0.0715890735075 940391.489909 535987.611896 714832.04246 1218400.40271 1206786.04644 1441924.91827 1431643.24175 1386343.68553 1458452.93606 0.0 1396843.51161 1395308.99628 1429636.26583 1454945.48427 1254333.55237 1452610.98612 1470442.30283 1496166.01916 1547576.76365 1519967.47573 1292319.56686 1291144.41995 1525065.18297 1480617.50352 1480398.47931 1496931.54286 1506055.97466 1413959.60929 1407612.09121 1319933.08584 997601.495893 1044761.94548 1133901.15646 1059001.28471 1033375.22537 1105626.77806 1172178.74586 1373398.29286 1132136.1295 1098251.94496 1114282.85205 756008.708828 763870.316544 775041.467742 780612.210059 783009.514863 788301.505817
-9999.0 -9999.0 -9999.0 -9999.0 -9999.0 -9999.0 -9999.0 -9999.0 -9999.0 -9999.0 -9999.0 -9999.0 0.0 0.0 0.0 989105.254336 504766.087064 919663.141659 1249390.60016 1565544.75169 1237104.46992 1449421.01175 1434520.92834 1398618.73259 1377451.51018 1394929.48305 1386521.87954 1401122.47552 1416469.01039 1451274.51426 1435537.42941 1461616.96455 1459829.05898 1479645.36821 1492179.53374 1486251.81275 1241127.84476 1264895.53715 1443849.50719 1395294.07846 1493692.82508 1501918.23585 1444908.04951 1440549.53551 1147331.05268 1142045.85308 1149685.46514 596016.295074 557598.321758 1108085.77916 566512.623544 1254321.52516 1447821.26317 1438313.94685 1422691.53818 1398682.95684 1135900.24063 765679.21439 816621.419219 808040.891571 790096.314184 740141.240886
-9999.0 -9999.0 -9999.0 -9999.0 -9999.0 -9999.0 -9999.0 -9999.0 -9999.0 -9999.0 -9999.0 -9999.0 0.00696517497403 0.0387929601667 0.0564960316488 0.0 412536.763681 729788.356739 1185893.23111 1271115.44607 1215971.52855 1202634.61535 1383858.09924 1372273.94522 1365250.31135 1381250.09425 1389586.33637 1355397.02775 1388112.73607 1413137.85861 1427601.27124 1436245.48697 1429625.24163 1442585.11337 1440755.92917 1447037.16146 1189805.45717 1410434.05934 1401927.4283 1429431.61415 1498576.778 1445410.71262 1292179.02617 1323223.54689 1324507.59246 1316308.05838 1317129.03197 669824.758622 1015320.47678 959747.145695 884403.462646 1441046.98869 1483234.84885 1521288.88945 1508893.04493 1461333.9067 1401852.87651 1347917.07489 918889.088364 837805.21593 641827.745536 697715.86692
-9999.0 -9999.0 -9999.0 -9999.0 -9999.0 -9999.0 -9999.0 -9999.0 -9999.0 -9999.0 -9999.0 -9999.0 157187.544967 0.0820113937229 0.0 0.163094119914 525619.720955 957038.655199 1181384.37379 1273479.19936 1218135.36612 1416334.32139 1368481.86853 1344197.49476 1306896.55843 1377503.25116 1401143.82837 1390066.69772 1406172.22494 1400762.23528 1402635.93252 1424828.01162 1422717.45428 1420205.00222 1435313.63263 1431511.39564 1431748.57522 1409410.3225 1350575.60616 1211750.72248 1251287.68429 1166413.99811 703221.77325 1064980.66589 1317795.35064 1308918.3522 1310390.40666 1300896.85519 1297584.21124 1274267.94083 1289462.50234 1267064.03431 1443045.95335 1457834.81313 1461223.29639 1291050.26051 1069589.57043 775944.411276 776990.295705 757140.926556 760602.123205 605252.492866
-9999.0 -9999.0 -9999.0 -9999.0 -9999.0 -9999.0 -9999.0 -9999.0 -9999.0 -9999.0 -9999.0 -9999.0 0.0 359287.582139 0.0 0.0 795484.263803 689496.128588 1140672.47346 1432925.09967 1369093.02513 1360906.40869 1347087.52852 1358538.51439 1346961.34536 1296150.19234 1351751.28597 1319259.44254 1345030.76854 1353264.4377 1355852.09674 1344713.22836 1386772.26009 1412102.31221 1416803.38987 1422903.31129 1427221.48644 1401392.18454 1390673.94621 1378192.76116 1172265.77963 1194460.01409 1221280.77171 689453.39309 1328863.75477 1303798.01144 1289189.98736 1304424.89266 1300277.56115 1293798.05574 1314692.39462 950311.49295 1237420.11542 1232907.36626 1189788.29439 1171240.46124 849652.433967 832932.705247 801592.683362 852731.675673 498767.844666 0.0
-9999.0 -9999.0 -9999.0 -9999.0 -9999.0 -9999.0 -9999.0 -9999.0 -9999.0 -9999.0 -9999.0 -9999.0 -9999.0 0.0 427874.257889 608515.319288 803872.8666 1632943.07987 1328838.96882 1330493.56378 1353432.87704 1317668.73416 1308413.37162 1326870.47711 1318458.31494 1277432.8706 1273989.40899 1289599.1045 1314408.26638 1314521.65401 1307931.43051 1353129.09693 1374609.0224 1402362.79356 1400232.22956 1408701.80182 1410541.09656 1395303.76723 1345262.87035 651099.117022 1130141.61613 1170016.23092 639697.449386 560315.031644 679326.879627 1297649.65017 1281599.12474 1294946.87298 1289377.00881 1267030.07427 1229973.59749 1128015.55253 517354.05605 0.0 1207211.45746 1181234.4264 844204.231271 716937.508602 396891.240737 412550.952061 824028.349525 869009.043928
-9999.0 -9999.0 -9999.0 -9999.0 -9999.0 -9999.0 -9999.0 -9999.0 -9999.0 -9999.0 -9999.0 -9999.0 -9999.0 0.0 0.0 866655.176987 872690.384892 1570125.79784 841886.421881 1277728.74388 1291198.36931 1320575.33892 1258747.95728 1231297.83978 1287879.70649 1217516.36521 1261668.5817 1231070.33388 1185296.01607 1138638.82724 1016477.64153 1343181.24163 1357057.04942 1389269.88958 1389254.98623 1400569.14774 1340354.35035 1221466.98493 1151196.68212 1367049.44823 1363216.92271 1363066.58399 1345270.06526 1335817.96879 941404.465829 1156885.0589 1308090.75205 1249659.05571 1033006.50083 1274951.00373 1291023.88727 1181859.04581 0.0 935272.296516 0.0 551203.596755 390501.715397 0.109016859782 431203.498066 667387.318584 1176114.61635 856966.025993
-9999.0 -9999.0 -9999.0 -9999.0 -9999.0 -9999.0 -9999.0 -9999.0 -9999.0 -9999.0 -9999.0 -9999.0 0.0 0.0 1539924.46005 866415.476748 1589174.40554 1485742.79801 798986.106569 1045073.50916 1254544.08001 1321141.91346 1311272.82825 1268488.27912 1191151.37448 1213312.41222 1173542.22995 1063908.36599 1161627.14742 1236767.85635 1172838.76323 1000420.56187 1363532.85342 1263103.30099 1375983.07189 1189317.74575 1380385.32105 1362748.63361 1376711.29596 1362524.52132 1364215.62489 1362477.48329 1353764.24777 1334740.97102 1258228.5061 1066756.10875 1071039.57117 1009087.87045 914602.84541 527578.627001 542458.845885 572187.709105 1224203.87236 991974.664328 611077.550548 557732.814778 779060.881243 692877.686661 862880.370552 1176088.97485 1345261.86321 1401508.42917
-9999.0 -9999.0 -9999.0 -9999.0 -9999.0 -9999.0 -9999.0 -9999.0 -9999.0 -9999.0 -9999.0 2.65649481421 0.0 111656.000279 1051940.25134 842922.600255 1550199.17556 1232859.2204 653180.959965 822029.183116 1167087.26911 1241892.03263 1277955.58164 1134285.52878 1042485.83429 1058191.37709 1047735.59631 1041159.31566 1165981.77585 1254001.52441 1294064.65639 1300590.83753 1337303.44791 691511.023553 1337390.49507 1343600.99795 1386051.55369 1383269.81225 1373929.51622 1364178.90654 1370188.8338 1352669.63722 1352152.28872 1335898.7379 1326197.96779 1311879.63761 1278587.30699 940229.871247 1277861.65422 1109951.28962 1179262.88939 1295955.76849 1303577.35354 631782.32565 619301.629408 550058.500776 1240208.22885 1205859.6859 1359682.35295 1431595.86607 1453856.96669 1394763.84194
-9999.0 -9999.0 -9999.0 -9999.0 -9999.0 -9999.0 -9999.0 -9999.0 -9999.0 -9999.0 -9999.0 -9999 0.0 5278.50279731 1426276.05733 1395850.08651 935816.381231 656447.869883 510036.330907 684824.603927 1099044.05229 1029381.77352 1116817.55801 1111197.00097 1018674.29938 895457.314159 1028244.72335 1053491.78245 1104896.98446 1187250.32991 1264097.67429 1298899.64321 1350738.95695 1367731.83021 1384197.6883 1365743.08604 1380028.06338 1375444.16531 1370211.22256 1354070.62528 1386631.63797 1360349.7078 1344192.58945 1327964.71182 1321826.25186 1304925.31346 1310529.40624 1265342.59187 1291328.73553 1293627.78172 1193942.90904 1298934.34624 648342.833789 1316539.15814 1316548.54183 1254037.61902 1269112.90064 1256085.96069 1293222.40534 1457165.32871 1551554.42873 1544093.03318
-9999.0 -9999.0 -9999.0 -9999.0 -9999.0 -9999.0 -9999.0 -9999.0 -9999.0 -9999.0 -9999.0 0.0 0.0 0.0 -9999 752297.826073 812009.950576 1244969.20806 973132.482505 299941.42595 383985.310937 609367.248389 942180.655186 1044356.82134 1013158.4822 1186294.52387 1156060.88848 1174421.4494 1046539.27574 1212751.41773 1272055.19305 1328970.10578 1349021.99084 1365576.54071 1372505.44351 1364358.52483 1376336.62876 1368457.13142 1351023.93366 1377952.70749 1374998.73788 1353287.70433 1349459.35832 1330823.59854 1327278.42302 1265247.95162 1308267.63524 1266838.79471 1305780.48941 1256565.33655 1210151.4936 1313043.38317 663582.205162 1326112.7599 1344039.00449 1436016.3238 1080619.65743 1499223.74297 1558087.63318 1570539.44117 1556838.33054 954919.765013
-9999.0 -9999.0 -9999.0 -9999.0 -9999.0 -9999.0 -9999.0 -9999.0 -9999.0 -9999.0 -9999.0 -9999 -9999 -9999 -9999 606621.762862 0.0 1321327.04302 949998.6797 99234.2280107 152091.304679 358819.903183 572058.375062 1129352.17496 1269123.08103 1247586.20788 1135935.1077 1176366.91986 1143339.59262 1219569.14508 1275504.90557 1316029.33272 1342583.35762 1351092.2226 1364110.88341 1363615.70551 1372120.61898 1351679.4664 1356127.08222 1346816.46373 1349881.15721 1342304.11098 1330594.40117 1324776.60567 1322089.41398 687486.804418 1316499.20846 1306174.93852 1306469.77146 1300846.03901 1266098.20397 1311985.77375 1329348.65613 1335646.84764 1203062.64052 1138340.64704 1153918.28233 1428356.52519 1149351.83194 1150487.81682 953472.15269 944494.522021
-9999.0 -9999.0 -9999.0 -9999.0 -9999.0 -9999.0 -9999.0 -9999.0 -9999.0 -9999.0 -9999.0 -9999 -9999 -9999 -9999 776424.184754 694720.975345 583261.182969 633853.692413 377071.280946 154266.538299 89020.3583132 207839.635897 828605.554083 1187904.71767 1083712.67036 1124101.26942 1198983.90045 1193328.98708 1205568.90394 1277368.06797 1307629.56651 1332285.77385 1331841.3977 1341493.94734 1355887.39337 1361591.88653 1354907.97973 1340384.75057 1345222.25926 1340131.74567 1336194.18878 1333633.2099 1339343.13425 1341209.90009 1327123.24907 1313176.34483 1310813.70557 1310854.81402 1313739.15421 1316661.56201 1322890.1024 1111762.52546 1141844.09498 1159781.83182 1438706.00692 1449263.89905 1451255.63301 972881.836136 968956.659111 971568.857082 982822.752299
-9999.0 -9999.0 -9999.0 -9999.0 -9999.0 -9999.0 -9999.0 -9999.0 -9999.0 -9999.0 -9999.0 -9999.0 -9999.0 -9999 0.0 -9999 0.0 0.209696751893 799644.559784 76096.3334704 1221.53789835 81791.7425068 370035.30006 556979.399016 901671.047726 1046345.75747 1147090.85869 1227316.24949 1230146.19818 1193009.19638 1263219.39258 1290282.80561 1295454.28039 1311641.17745 1336906.98854 1339582.21844 1322280.4685 1323519.68341 1333539.56631 1326123.466 1321132.60509 1329201.93788 1321602.85174 1315798.92303 1322016.27458 1308969.69321 1317063.01735 1299373.21192 1304094.85196 1299518.47769 1311027.22802 1036105.63141 1119700.53891 1136156.21659 1169176.01767 1437544.62565 1448601.01186 972864.57064 956586.880762 973493.621275 981105.264615 978173.37099
-9999.0 -9999.0 -9999.0 -9999.0 -9999.0 -9999.0 -9999.0 -9999.0 -9999.0 -9999.0 -9999.0 -9999.0 -9999.0 -9999.0 0.0 -9999 861951.104756 0.0341378175069 627843.289737 865812.633421 0.0 151837.95064 431486.361869 973647.125878 1273442.52597 1176938.52491 1234249.90945 1192740.50976 1264486.16258 1239189.0973 1277410.25349 1291187.77578 1312042.904 1325980.12388 1346657.11409 1370288.70568 1362292.98579 1334812.85566 1331682.88133 1325620.02747 1326965.41176 1322783.26627 1317740.38393 1326001.70771 1314716.3046 1300966.44961 1317878.37381 1299141.76408 1312715.35144 1313242.05368 1108035.5157 1087882.87882 1167931.84743 1162449.87601 1178887.25197 1466816.03138 1481032.02494 952892.836039 985012.982653 983287.837109 1008399.17001 997093.971274
-9999.0 -9999.0 -9999.0 -9999.0 -9999.0 -9999.0 -9999.0 -9999.0 -9999.0 -9999.0 -9999.0 -9999.0 -9999.0 -9999.0 -9999.0 0.0 180041.369681 681402.179606 701066.910635 1049548.10029 704535.265734 947069.834376 965769.234268 1136127.68439 1060260.3061 1139920.95154 1308286.27469 1204661.8653 1269172.44891 1263611.40626 1268103.51111 1292524.15351 1312630.54876 1325698.85405 1341269.19791 1342428.138 1334843.5433 1328733.96474 1308356.62429 1307610.91561 1314462.75751 1310601.50816 1305153.54296 1291389.35555 1281169.69861 1281763.70376 1128259.23648 1112672.19918 898564.195422 1074104.51095 1129305.0392 1002707.41819 1160287.79708 1172905.35938 1461880.73032 1464523.16926 1470112.71944 973725.631481 987789.24326 1270005.71272 997770.409887 1010015.84638
