critload/trunk/input/1999/ngw_ag.asc
ncols 720
nrows 360
xllcorner -180
yllcorner -90
cellsize 0.5
NODATA_value -9999
[rows 168 to 195 of 360, columns 390 to 454 of 720]
170919.95965 266881.762239 88759.3243843 130181.688152 60552.3046476 59139.795041 0.0 0.0 176256.007339 26205.5125526 32935.1698667 65982.3860285 54637.3754427 55141.9021939 0.0 0.0 0.0 0.0 0.0 0.0 0.0 0.0 0.0 69193.4807605 764580.651817 485146.147161 356751.365069 416095.446092 304202.944086 167746.088252 0.0 0.0 0.0 468.295256338 0.0 0.0 0.0 0.0 0.0 6.51662555028 719.356886696 0.577152135126 8550.44696171 218328.533632 248552.32091 179594.4074 115587.560306 4534.51986797 25713.2086038 0.0 27223.303075 0.0 0.0 0.0 0.0 0.0 2.52211072865 2.49357735694 20.1559432474 0.0 0.0 0.0 0.0 0.0 0.0
278556.449191 98059.6854872 132475.692446 157959.024302 151534.540645 112989.379027 24888.7656959 0.0 65646.4839955 91172.2905108 80242.1481554 27883.569059 144225.85149 117254.685723 0.0 0.0 0.0 0.0 0.0 162991.317196 35825.3200475 7402.95818243 185553.901563 0.0 518961.317303 505681.643071 452451.211007 468782.720922 653685.889291 427083.835293 657090.67945 175.186029768 0.0 0.0 0.0 0.0 0.0 0.0 0.0 0.0 0.0 0.0 11348.9189103 225364.792191 379341.798694 437741.812608 465209.873774 202173.96571 204899.204441 384741.097663 228603.712949 8753.17899334 0.0 0.0 0.0 0.0 0.0 468.031814308 2360.20602198 35.4271758351 0.0 0.0 0.0 0.0 0.0
163043.218706 182453.24947 132018.516248 87719.8092333 78589.5501185 57157.8972223 173098.669949 0.0 25665.1119883 23923.1084998 23942.5537634 240963.877158 270026.999256 308888.993841 166519.122192 181709.429071 97307.9242273 5844.85422602 8359.57492236 7253.60399582 0.0 0.0 0.0 0.0 7751.20590465 356857.595397 1720112.81414 789013.126836 964863.293135 675006.003959 640119.663287 1159290.94349 677698.147777 1115.77085724 629819.176219 324.61413739 27126.0737112 0.0 0.0 0.0 0.0 0.0 0.0 0.0 0.0 0.0 45836.0941364 228343.842816 36461.6581162 1391.38406495 0.0 0.0 0.0 0.0 0.0 0.0 0.0 0.0 0.0 0.0 58.4560241117 0.0 0.0 0.0 0.0
631549.21547 259998.384637 0.0 20965.6113773 165792.396441 84359.0554993 180583.444964 25106.7670744 24613.0195378 7921.30563974 16033.6032492 28058.0354219 23688.0731821 5608.15632171 211359.555288 5350.2181262 0.0 0.0 0.0 0.0 6387.30403755 0.0 8002.74535139 8338.51882617 8285.53893235 8086.54642876 55066.9873863 27301.303174 38380.2292897 37678.0383737 474023.057859 825593.348343 718830.119984 45222.1142521 656233.602702 946090.281487 961389.967829 66400.8751415 0.0 904.404379533 6389.08228136 0.0 0.0 0.0 139.623510928 12527.3974094 0.0 0.0 0.0 0.0 176.947772994 545.302490476 0.0 0.0 0.0 0.0 818.866664797 0.0 0.0 0.0 4.43084679181 0.0 0.0 0.0 0.0
196766.561699 60677.6863125 94721.4214215 0.0 0.0 102355.077287 190499.312582 49318.1822907 71924.587231 22844.1267478 23308.829311 17311.2877086 0.0 0.0 6654.2226542 21147.2176266 4711.36421038 10423.3097084 0.0 5877.45530939 15876.0725506 16039.4116774 16575.0341447 25159.6739573 16251.1049221 26398.3341761 15533.7358664 23088.1106484 7921.41899221 33842.5963236 41666.9926404 1051336.77687 30392.5500488 1607672.46432 73740.8871136 608141.585826 9528.72513055 347636.694542 2717.28308746 52445.2670887 18902.4391282 0.0 0.0 0.0 0.0 0.0 410.894642698 64575.0914681 0.0 56743.1014123 30340.4261802 34616.8201853 0.0 0.0 0.0 0.0 0.0 0.0 0.0 0.0 0.0 0.0 0.0 0.0 0.0
18426.3364679 0.0 136093.248618 6305.47383881 0.0 0.0 5240.76104256 37547.0016686 22476.6220079 29029.1347742 50362.4573611 22880.238199 0.0 0.0 3155.24376425 3403.22530382 0.0 4560.12551227 0.0 0.0 6904.42308829 13427.6449577 7713.2142091 15605.98224 8426.1087175 8344.48726645 8721.6669461 8278.64160476 15747.8154331 38032.1019871 27786.1246636 5011519.97774 947045.979164 26987.281817 25612.2196378 17870.0477855 0.0 0.0 0.0 20593.3208082 5177.47486084 0.0 0.0 0.0 0.0 178654.387303 51021.7633506 67261.6607759 107968.708305 142352.607359 40238.8256977 479.73099133 0.0 0.0 0.0 0.0 0.0 0.0 0.0 0.0 3.32440736908 0.0 0.0 0.0 -9999.0
27873.6579816 0.0 61030.6404823 0.0 0.0 10303.6580176 8929.5560806 1803.28095841 27023.5628147 23376.5823341 22779.2625759 13847.3169627 9047.12316636 12821.9996742 30478.9728137 11931.3168542 3731.98212427 7437.66856969 0.0 7603.26176227 0.0 1097.23924132 7126.65257293 0.0 30648.8201115 80220.2745064 16697.9856937 16897.8708479 6588.94412407 22540.5861325 185797.697843 128277.129372 1083850.37916 11862.103745 491064.784891 76482.5308336 30386.4609505 0.0 0.0 368348.475408 40727.5010123 11347.9077501 0.0 0.0 0.0 130806.482816 46467.7682149 0.0 0.12265757815 26610.7517441 0.0 0.0 0.0 0.0 0.0 0.0 0.0 0.0 0.0 0.0 0.0 0.0 0.0 0.44025622938 -9999.0
48008.1171474 0.0 5814.80807032 0.0 11533.7541668 6053.94878922 8156.14417765 0.0 1781.54168541 1095.51469892 6037.1658456 13175.4754105 11672.6874577 35814.1068641 40448.3324051 43818.1357135 26280.6069131 0.0 0.0 0.0 0.0 0.0 0.0 0.0 7611.32676642 18638.743484 13781.3658032 0.0 25603.6345882 33499.9449736 105746.180574 159829.601507 452037.520029 8838.7213585 115311.117471 600216.490903 131018.820913 0.0 725735.235853 706719.470068 73983.5165107 44308.944002 8981.86483093 197347.861921 1.25273824662 11274.2416072 0.0 0.0 0.0 0.0 0.0 0.0 0.0 0.0 0.0 0.0 0.0 0.0 0.0 0.0 0.0 0.0 0.0 -9999.0 -9999.0
39542.969636 14688.1003705 16127.2171274 0.0 3191.69950128 28130.8131251 17276.3164254 0.0 2188.18185364 2712.75690594 2259.23736388 9488.79334376 5426.34836233 3183.68781006 0.0 4867.51896862 4944.17944724 5519.57139989 0.0 0.0 3891.03660576 4544.05004105 5045.00746353 0.0 7396.78951474 0.0 0.0 0.0 61680.8278972 100915.928287 2769064.63975 59867.5491757 0.0 262036.251994 977214.533148 616523.533034 0.0 136806.419491 701267.76991 366860.192812 52534.5692949 11262.0259926 104784.585603 328614.086713 0.0 0.0 0.0 0.0 0.0 0.0 0.0 0.0 0.0 0.0 0.0 0.0 0.0 0.0 0.0 0.0 0.0 -9999.0 -9999.0 -9999.0 -9999.0
4385.03348282 4654.18299309 11607.1290279 0.0 3412.00580961 3115.46648335 5037.76037453 0.0 0.0 2026.99537558 0.0 0.0 0.0 0.0 0.0 0.0 3905.25030215 11990.1124219 5328.84670988 6227.34383479 10578.4068514 0.0 0.0 0.0 5035.9635097 3555.77460925 0.0 0.0 218683.594322 47879.5425089 2427846.70703 0.0 147775.892568 819079.229194 1002760.84396 593125.517991 0.0 722705.457781 581156.352777 390914.940151 240292.760755 13696.6460012 165890.389646 83165.6202408 0.0 0.0 0.0 0.0 0.0 0.0 0.0 0.0 0.0 0.0 0.0 0.0 0.0 0.0 289.958007788 0.0 -9999.0 -9999.0 -9999.0 -9999.0 -9999.0
8722.55180071 3039.32479035 0.0 1680.94208663 12488.4066416 6411.65040557 0.0 0.0 0.0 0.0 0.0 0.0 0.0 0.0 4876.23369376 4495.18842845 0.0 11435.2025055 31986.0069827 15721.1753792 32953.0569773 0.0 0.0 0.0 0.0 0.0 0.0 141.120930625 50232.5907433 29891.8792154 119107.366872 170277.603309 170684.481604 115769.543255 718030.270137 825314.650439 682432.7528 704146.011325 707876.257092 982670.698846 1080622.2795 6857.27242175 0.0 233803.389567 307174.411754 0.0 0.0 0.0 0.0 0.0 0.0 0.0 0.0 0.0 0.0 0.0 0.0 0.0 -9999.0 -9999.0 -9999.0 -9999.0 -9999.0 -9999.0 -9999.0
30099.0037852 17090.6301646 2144.64080144 3053.24715288 8566.4749236 2544.34130363 1530.28560164 0.0 0.0 0.0 0.0 0.0 0.0 0.0 5670.21556583 4453.56318873 0.0 9170.93646496 9347.65494066 4250.30444682 27947.1787124 3705.5627418 0.0 0.0 0.0 0.0 4857.95469838 3799.89764374 35923.9380576 27770.6528055 299732.099016 0.0 447933.765385 1181935.76472 620940.984443 0.0 0.0 0.0 1565186.6305 1154240.0363 335211.725737 259911.455786 750507.793449 312611.918276 587770.892207 199619.198568 6313.71601298 0.0 0.0 0.0 0.0 0.0 0.0 0.0 0.0 0.0 0.0 -9999.0 -9999.0 -9999.0 -9999.0 -9999.0 -9999.0 -9999.0 -9999.0
37636.5622785 89672.2179235 140.426354082 592.732235825 13191.4702597 8715.8802952 1251.24168659 2789.58278081 2368.52889822 0.0 7952.05443538 13745.2354393 6085.31624508 6098.47849866 0.0 0.0 0.0 21705.8399266 8238.29767916 0.0 8221.08166615 4204.48756573 0.0 0.0 0.0 0.0 5749.02682917 10155.8266002 25238.2173926 0.0 203576.620867 516151.915247 1086764.8105 0.0 0.0 0.0 0.0 0.0 0.0 578103.340786 263310.676057 589554.816097 1231532.3298 989904.239587 881938.548371 1131678.77389 19162.7169345 24120.9518636 0.0 0.0 0.0 0.356777282026 49.7447394365 559.849713512 0.0 0.0 -9999.0 -9999.0 -9999.0 -9999.0 -9999.0 -9999.0 -9999.0 -9999.0 -9999.0
130630.427492 224986.586736 16939.2539327 978.358496481 27762.6689406 4322.70209388 2362.7423926 7827.15785783 0.0 0.0 0.0 0.0 0.0 6447.05780556 12020.5156016 11814.5794322 4990.04664135 5564.61701761 10470.8879351 0.0 3862.74255134 4614.73661742 4072.85318706 4739.94489112 0.0 0.0 5084.8083022 46664.1693899 31018.0748215 275156.467719 355751.402671 480680.776283 256639.721806 0.0 0.0 0.0 0.0 0.0 220477.824618 1384854.60449 1101084.30585 306210.105948 348808.664627 938512.407597 1270326.94446 816268.752128 0.0 0.0 0.0 0.0 0.0 0.0 0.0 42575.2625928 72.7455460608 -9999.0 -9999.0 -9999.0 -9999.0 -9999.0 -9999.0 -9999.0 -9999.0 -9999.0 -9999.0
48673.5971392 86203.2942184 261197.943776 19644.2848896 21317.7073287 0.0 8201.09356532 8088.57176157 0.0 0.0 0.0 0.0 0.0 0.0 5907.1242582 10805.823142 10157.1757459 6823.38074327 0.0 0.0 0.0 5769.8330349 4860.03176305 0.0 0.0 0.0 5779.20468826 10972.1520477 29678.7417226 238429.324071 853728.805101 333246.958705 416816.889787 271925.103468 0.0 0.0 0.0 0.0 1279267.4161 348992.313486 314513.58959 336617.288706 129586.491768 849648.181784 683147.70717 191217.420455 462500.982951 90646.1388946 0.0 13.1300210432 0.1521631242 19353.6951934 73344.8809034 2904.1377453 -9999.0 -9999.0 -9999.0 -9999.0 -9999.0 -9999.0 -9999.0 -9999.0 -9999.0 -9999.0 -9999.0
224689.206402 155184.976136 30151.4394596 31304.6747206 0.0 15141.2877446 10086.1532235 8236.14715664 8214.48081029 0.0 0.0 0.0 0.0 0.0 0.0 0.0 0.0 0.0 0.0 0.0 7478.2759669 6820.00730998 12916.5352339 12550.9811888 11612.7228248 6465.41651758 16035.8181633 35647.2818354 521406.792271 853835.751217 745836.944493 708451.54464 300438.996333 77709.9492833 0.0 0.0 0.0 0.0 86643.2468861 50895.9947429 248598.203743 179264.900144 0.0 4302.02877231 258546.050118 325548.582448 311760.623476 0.0 0.0 0.0 60814.2464172 38897.4907121 15617.000673 4036.59872933 -9999.0 -9999.0 -9999.0 -9999.0 -9999.0 -9999.0 -9999.0 -9999.0 -9999.0 -9999.0 -9999.0
226219.477266 222743.688972 106111.642794 6955.00601475 16072.8407977 8223.77443706 7881.46227465 7288.42773018 8035.86579712 0.0 0.0 0.0 0.0 0.0 0.0 0.0 0.0 0.0 7602.04895866 0.0 0.0 0.0 14020.0323683 6383.86283896 2982.21063698 42375.5761027 40993.8626979 52418.5175084 772598.604294 1485606.14096 776328.056283 977137.847811 333160.697403 0.0 0.0 0.0 0.0 0.0 64.0006899718 16.9102860394 254.826488547 12340.6399821 0.0 230250.37847 1702.98894909 562702.050527 359431.422587 0.0 9.05969424119 10.4845820725 17339.7854937 29891.7610734 17858.3335644 -9999.0 -9999.0 -9999.0 -9999.0 -9999.0 -9999.0 -9999.0 -9999.0 -9999.0 -9999.0 -9999.0 -9999.0
54055.3487341 218757.738609 79355.3500949 13253.4125666 15265.3688719 27076.8608192 29054.4506639 12918.2235583 0.0 0.0 0.0 0.0 0.0 0.0 0.0 0.0 6280.30459371 0.0 0.0 0.0 6641.10372956 5835.35730254 8514.46943414 3956.67007006 7558.12898463 21546.4316406 38581.9070756 64235.2315741 495589.926502 411573.273135 0.0 337220.659209 364941.468324 0.0 67506.8794118 292179.3044 880896.825354 283170.408621 34826.8016075 0.0 0.0 0.0 29118.866837 524466.244956 626681.589925 114873.571786 128237.868678 0.0771102481747 0.0 188738.135328 57687.8046643 2321.26053002 -9999.0 -9999.0 -9999.0 -9999.0 -9999.0 -9999.0 -9999.0 -9999.0 -9999.0 -9999.0 -9999.0 -9999.0 -9999.0
206927.854177 187383.42498 48524.1100646 15319.511632 32782.9381827 35438.2362431 61886.861288 13356.4642262 0.0 0.0 0.0 0.0 0.0 6719.81617792 5190.07344003 6564.8128279 18266.4944771 14826.3712126 9912.99919388 5496.4553499 6536.58431469 13870.8609197 10174.5703431 6450.89374189 12118.4194247 25858.332567 62295.64211 39787.1618451 110732.506333 420127.518138 304039.662964 396863.218916 304073.106502 401149.07088 89565.8521801 23623.5484833 119263.960396 94501.6965332 0.0 103254.466626 6583.27743335 134780.428287 58054.6619653 259501.62429 485097.454799 785287.949554 314161.116608 6.80364495126 0.0 40141.1542444 20131.0613558 -9999.0 -9999.0 -9999.0 -9999.0 -9999.0 -9999.0 -9999.0 -9999.0 -9999.0 -9999.0 -9999.0 -9999.0 -9999.0 -9999.0
198250.530472 207642.841873 26302.451159 26282.0332973 37099.4249112 79700.8730713 58251.001516 28295.3583999 6067.48905966 0.0 0.0 0.0 6264.50278004 27536.0741627 13102.8467276 0.0 38118.7708655 54495.7420482 61525.8845866 45336.7372802 19888.3523841 24819.0922295 8004.8005142 5223.04505548 5334.54991298 10769.5740343 40177.5251136 55373.4405703 68201.2969424 395693.963338 389302.69239 262113.353533 178050.438638 380644.743422 291002.277175 41192.0951989 90141.0022003 130349.567329 173122.209436 0.0 0.0 0.0 305265.669854 346879.533897 378868.640017 233842.252118 51431.2805833 7425.89809671 1099.06055436 12320.1453155 -9999.0 -9999.0 -9999.0 -9999.0 -9999.0 -9999.0 -9999.0 -9999.0 -9999.0 -9999.0 -9999.0 -9999.0 -9999.0 -9999.0 -9999.0
192173.528347 95290.537836 79528.4854662 41482.5400588 16339.5441416 25077.2643061 42241.1524858 24656.5310594 16023.6147275 22142.3750375 8986.27265588 11919.7516366 9734.99069007 22583.3400707 18805.4731352 9825.79193324 5529.5799425 12112.0245758 58409.6489628 72423.2345452 15286.2913307 9887.90713263 14100.9984558 14777.643861 3819.38672101 3303.02145055 31457.2449833 41921.5101784 0.0 188664.204024 379082.456782 279272.431365 170902.364536 34472.8635542 70929.8050021 2258.14297033 305901.374664 12039.9816054 112756.318582 309230.532932 200671.770541 236434.388102 361822.65522 543761.516568 405450.995629 166513.52076 313379.04869 20853.3199844 134062.724611 10738.0733168 -9999.0 -9999.0 -9999.0 -9999.0 -9999.0 -9999.0 -9999.0 -9999.0 -9999.0 -9999.0 -9999.0 -9999.0 -9999.0 -9999.0 -9999.0
39773.0568832 70069.8070858 73524.5989907 57882.650104 26569.3408036 26965.9715438 52429.3189228 39502.9581709 36703.4355853 8409.67628793 3996.89050561 14062.7661612 13997.6894634 13996.3300445 6692.06005096 14739.9814655 3221.78203812 10416.7612462 39125.9819689 50910.3307166 8140.80504318 3704.67463984 6802.38242434 7373.41688874 5723.32273554 0.0 9149.07640657 41633.4354898 0.0 106476.561583 312946.736719 293055.588079 191819.272702 21594.3448298 282405.82082 317409.242593 222445.075658 73114.7211651 147243.132033 380290.104578 314548.64933 461227.272626 627270.393018 504701.043074 358804.784684 241405.584755 161209.553942 99610.2622642 32651.0647083 0.0 -9999.0 -9999.0 -9999.0 -9999.0 -9999.0 -9999.0 -9999.0 -9999.0 -9999.0 -9999.0 -9999.0 -9999.0 -9999.0 -9999.0 -9999.0
34691.2928189 45003.1285046 45743.9839625 4486.7540485 19351.9172874 26306.2192138 52999.5518593 20404.992168 87395.6498336 34648.4738331 13537.4920417 27930.5471213 12826.2778617 8384.67759591 10917.773248 9326.20421899 9902.2156832 27159.6452197 36733.4313855 64626.7344566 22461.1235633 5827.79583322 14244.053082 12891.7380497 11883.9195128 0.0 92217.0489937 6582.47685677 0.0 0.0 347292.870068 232803.741173 123208.974317 101329.775337 203401.367524 68981.173886 146851.033234 2645.71287715 0.0 104109.899853 1184.43785754 204019.206998 360529.788369 0.0 141691.327877 154766.659089 186442.540953 26226.9752937 17000.8397552 75188.0295718 -9999.0 -9999.0 -9999.0 -9999.0 -9999.0 -9999.0 -9999.0 -9999.0 -9999.0 -9999.0 -9999.0 -9999.0 -9999.0 -9999.0 -9999.0
62842.1530407 31143.8004587 32945.2044785 21151.9504052 38177.841343 26750.3170652 68306.0017521 87250.0968205 104409.261332 58240.7139761 20003.8974325 15115.3476888 11568.3571887 7033.11645016 23881.5010338 27017.0125565 48548.2896362 12003.8974086 18364.9444235 59518.2677636 15198.0727084 8447.35800133 8762.50094504 35156.455568 33974.0298964 17533.6003642 5296.33832785 916.951484847 4983.17108877 0.0 169506.977054 122222.89127 73200.2734059 194147.009804 306589.089922 237004.041287 0.0 0.0 3929.26349562 68262.1171737 57262.9356226 101254.114078 15813.9067847 340161.184611 9391.0827598 104986.828457 63207.0633759 134639.033634 24844.7613592 -9999.0 -9999.0 -9999.0 -9999.0 -9999.0 -9999.0 -9999.0 -9999.0 -9999.0 -9999.0 -9999.0 -9999.0 -9999.0 -9999.0 -9999.0 -9999.0
192222.563506 79770.0331474 87040.2365208 46232.48348 7722.78755859 16871.439785 32823.798011 74049.2022397 66095.5806792 21628.4012743 23122.2640338 16471.4436011 8532.81309582 14812.6951841 38212.1393079 36084.6818392 51434.5677308 115351.662958 25588.6456628 31834.9973072 24625.3736992 7883.14826415 2720.89940138 22484.4701984 12223.5275245 14974.9408308 5926.43490545 5051.99243047 0.0 0.0 190424.121045 115371.069222 136146.731625 216782.721509 239721.772099 70091.6417185 111.631815523 0.0 84608.8846907 0.0 0.0 130761.765081 185596.841483 203347.570086 61390.1200835 112704.663867 112415.224247 62070.4979417 50828.4807677 23994.7427336 -9999.0 -9999.0 -9999.0 -9999.0 -9999.0 -9999.0 -9999.0 -9999.0 -9999.0 -9999.0 -9999.0 -9999.0 -9999.0 -9999.0 -9999.0
182233.575893 74907.5706159 58489.5827165 25933.5098288 2668.81077566 33977.5152992 8505.08656416 8050.11588122 23369.585225 6813.9518869 7201.29526629 33600.5667193 29657.1765696 56968.6289067 34319.1463307 34103.4956117 28114.4389603 73748.6030233 38864.2780902 20737.0082403 28898.5277566 38750.1934429 2591.90289247 8881.11991543 5069.30079488 16199.3771984 9778.0828991 28380.5029433 32736.3905694 0.0 0.0 371252.451598 126300.565172 152020.028458 25719.2895615 2355.83074836 0.0 120184.236493 0.0 0.0 12477.4059204 153357.581037 153613.581435 57167.8171997 49116.882573 56581.8097234 74845.1933321 102924.631337 32609.6632002 -9999.0 -9999.0 -9999.0 -9999.0 -9999.0 -9999.0 -9999.0 -9999.0 -9999.0 -9999.0 -9999.0 -9999.0 -9999.0 -9999.0 -9999.0 -9999.0
126892.793927 74340.4136821 31067.3971245 77683.8511024 16711.1143066 6203.79597189 44317.4652798 16930.4642466 8295.61023905 133382.992213 35444.9699489 16908.0518778 29177.742989 40030.4394649 29100.5856037 14728.663154 32563.5395454 51915.1039257 15975.8751519 47620.7113679 27221.3002988 33127.4249265 6178.32353521 10643.8903935 14625.3497508 9928.55133389 40175.9631126 85590.4264892 77582.8152359 39720.4155272 0.0 238891.374025 118766.545057 105184.230042 225894.177609 12129.6856773 341310.739746 169271.772278 164245.495643 61535.2997391 164008.45184 11604.1085206 179067.650315 94049.7498836 140456.319757 127444.331723 151132.120803 41806.4811534 38388.2656961 -9999.0 -9999.0 -9999.0 -9999.0 -9999.0 -9999.0 -9999.0 -9999.0 -9999.0 -9999.0 -9999.0 -9999.0 -9999.0 -9999.0 -9999.0 -9999.0
113455.960001 82138.9430388 24299.4051736 28721.0080806 31129.7323486 4537.45234105 2584.25660237 7148.70943184 41541.8135034 213897.248696 133494.479312 95432.1744423 215800.583782 76875.3915358 14370.7607276 7480.48693777 11105.1450434 18947.979088 11688.8323941 18430.8486269 47363.8085159 10059.9574623 14516.252751 25448.9763488 11678.6843312 13895.4640048 17950.1872688 43899.2109053 21486.6818954 58193.1317427 0.0 0.0 298667.753828 0.0 0.0 241387.737793 87528.3403902 52816.1715336 296779.978085 6672.66221051 194250.747552 143040.318712 237208.818847 173895.410148 110345.90401 276626.296464 176582.58647 228250.158225 34077.9036858 42919.7898521 -9999.0 -9999.0 -9999.0 -9999.0 -9999.0 -9999.0 -9999.0 -9999.0 -9999.0 -9999.0 -9999.0 -9999.0 -9999.0 -9999.0 -9999.0
