critload/trunk/input/1999/ngw_ag.asc
ncols 720
nrows 360
xllcorner -180
yllcorner -90
cellsize 0.5
NODATA_value -9999
[rows 93 to 123 of 360, columns 138 to 206 of 720]
0.0 0.0 0.0 0.0 8223.88841026 0.0 40427.0551086 0.0 0.0 0.0 0.0 0.0 0.0 0.0 699965.2526914199 602898.6964339999 152141.85425730605 121092.44729128107 216980.6461750199 11148.845857651 0.0 0.0 609492.7938392747 978512.571488 1159273.8753884977 1907916.00213 1610161.3173 1413227.7799867163 1077804.74738 80442.822029 949303.7473827202 897060.5894739166 835255.839714 1127635.415507611 1964029.93244 1746504.3871010002 1358356.0398010002 1462600.9033068456 290078.974904 13442.213958069999 -9999 0.0 0.0 421941.0474096054 440735.72262891044 263555.5982451 0.0 -9999 -9999 1879367.7623793785 1380451.64733 1199838.7829019472 319766.194656 608728.025047 805713.294297 860114.7019772304 528441.265355 0.0 3935899.8170747343 5799561.57887 1701453.133750007 960556.154542 0.0 0.0 0.0 0.0 0.0 477161.7374215246 1805248.47172
0.0 0.0 0.0 0.0 547579.641101 0.0 0.0 0.0 0.0 1576470.619054 1154081.445231 578356.4761240989 0.0 771336.482014901 0.0 405981.6005379 219086.04226040002 201512.348851 0.0 0.0 272745.4279464 0.0 532782.077204 9790.770311649 1101531.60362597 0.0 914829.3866102 1048179.636714 908413.260806 763668.471529 911883.8821814146 883837.140779 774177.778848 340544.089746 662288.597497716 180150.7078594 591697.1071563 551434.7757402 650278.363896 231738.417731 452195.11760799994 375959.31954299996 392758.411311 499453.693812 541676.233077 378947.2313925696 0.0 -9999 -9999 0.0 1361255.63589 501525.601017 140113.08356225817 233727.7642331786 266267.482114 879849.5359341907 1554915.7268669666 2144913.29764 2055156.78643 1528271.0058 1799649.8009545368 1150867.57917 0.0 0.0 996729.276724 2993805.162816735 1419171.5996197884 2198244.57626 2043254.13102
0.0 160259.1056417949 60076.56801903872 77536.58281768799 153040.391317 133528.48031126897 0.0 151372.18259846783 0.0 0.0 1573.708598393 286348.39636310004 871487.6169587075 768468.741658 9014.532561628368 199385.5085090837 487601.8913100777 0.0 0.0 0.0 0.0 0.0 0.0 0.0 2380099.754646 1142600.450737 1230966.405119 1336821.333381 1645741.4241071707 116438.233157 107800.16599 113020.753784 116511.824101 242240.80624111881 819436.687107 511348.16648500005 572200.855289 185688.9411758 203057.398897 220973.1033527 412185.549121 100724.9833457 101257.3511024 105274.25368020001 130291.6683353 71167.1813246 0.0 -9999 0.0 1500480.24669 1853387.42846 1272567.54642 836622.4952401789 522722.382743 1259504.09132 671958.138684 1340159.29035 1346461.25884 150655.89386231138 -9999 -9999 -9999 0.0 8251948.83929 0.0 0.0 0.0 0.0 0.0
24386.142967120002 96063.7441707 23650.630548309 25645.6467852 0.0 36053.3417146 54049.12120114 146602.8413148 140409.2082605 26100.92840835 0.0 0.0 282973.1745112284 27887.6125072 287504.6317742397 164415.8206593235 0.0 0.0 0.0 0.0 0.0 0.0 0.0 0.0 833962.730622578 1278344.1851380002 1630327.603546 1530012.7965882998 2394660.3776799794 2553594.13204 137281.239875 616015.40323 149890.681251 175899.095535 347957.5345316 181307.7801334 188507.84186349998 184392.6035528 179888.4312926 175092.3877992 137022.5259045 105253.5675253 107501.6655246 97909.2597445 102390.72483030001 68905.6187736 26578.091987980002 0.0 91988.1325368 2166676.9723062925 2705663.1779 2045576.9792 1919756.3411540384 2120016.366518082 1673056.46297 0.0 -9999 -9999 -9999 0.0 112203.278172 3737828.7821499277 0.0 0.0 0.0 0.0 0.0 0.0 0.0
74998.95011147505 112397.123177 23450.456445199998 0.0 47273.4591794 82531.5656395 0.0 0.0 0.0 0.0 847952.740663922 0.0 763674.2072551406 675988.7096640468 355872.2873149698 522382.733564 540779.0767903504 462564.438473 128049.46110883243 279295.1890928 434491.5756910971 0.0 1413170.658949 1762454.5788495112 1972858.9174259999 2321406.37701 2865373.452116 2518829.68313 2371587.08083 2651187.824492457 136170.086821 190019.300518 0.0 0.0 359701.516456 458097.714717 164355.8069565 455242.97552999994 242732.70784596118 157348.48029089998 79177.5593093 99219.1460094 103780.11994520001 113658.07520640001 117212.5865919 140896.9521918 119762.2918646 162106.845044 182091.498403 110619.053841 82464.2098807 91946.7117892 897235.439559 2906099.97468 619044.081218 621202.3527450839 804168.091884 737014.324564 323801.499745 212853.1923740404 129855.59509 0.0 0.0 0.0 0.0 0.0 0.0 0.0 0.0
0.0 0.0 0.0 -9999 23571.876470659998 78721.6194683 765787.294309 0.0 0.0 0.0 0.0 3190653.844522395 0.0 0.0 0.0 2112075.477313689 1089789.901155265 1319006.0631259999 658132.65675 20378.94685697 0.0 1723192.9108301282 2091532.6246969998 2231636.6680300003 2842402.2149115615 2836893.017459358 3254063.656347 2617837.2120201834 1791280.365985338 3596158.65981658 144541.965259 145495.084362 256834.54400289984 0.0 0.0 0.0 605863.933378 212779.4021076 83443.7640593 164708.6721118 115748.2033062 123376.2039697 121189.79310459999 136468.2542733 143262.4413941 139951.2496677 125037.5511565 79967.8976313 107325.029204 97188.9932082 104977.631381 116593.758712 937381.205902 1074369.62981 1064539.71677508 1081247.84175 958665.279182 657528.257395 638220.387329 528295.793965 415956.993345 0.0 0.0 0.0 0.0 0.0 0.0 -9999 0.0
0.0 -9999 -9999 -9999 0.0 -9999 0.0 0.0 0.0 0.0 0.0 2945059.36757 3726535.55471381 0.0 1730018.5466762907 0.0 930087.5401178233 773830.010621 830732.5749714 0.0 720800.3910510791 1381618.831682 559557.2034548799 1381198.3890159999 1462626.904601 1732993.59737 53880.8331859 2211361.5739641828 2042224.6742693703 3374559.8741787467 3451078.32783 1725654.3616713437 2085720.9194 2369714.886229247 1539513.065884 505269.90405799996 989781.2247353174 217613.7974236 1074105.152737 122911.5154007 0.0 138630.8378176 140731.2343057 127825.83529379999 144623.8075096 129265.44150829999 111344.0462252 82292.8001856 89133.5820108 108045.10922 112699.073698 1249414.99674 1107846.4290490919 985997.993007 932903.511364 935423.141602 777814.1538145962 1113968.1111038425 0.0 0.0 10373794.5311 0.0 0.0 0.0 0.0 0.0 -9999 929696.8263721929 8397699.98674
0.0 0.0 0.0 0.0 -9999 0.0 0.0 0.0 0.0 0.0 0.0 2997506.2120204703 459900.32790372643 0.0 0.0 0.0 0.0 0.0 875864.7500957 682561.2355199559 1085317.6317019 0.0 1173632.7955160001 978852.6089919382 1063188.2479659999 986633.2035644598 1813806.544633842 1128080.11898 2949342.36294 4839057.708579014 4223294.12952 5017875.364634587 2103257.18171 1735600.34485 1749230.9268328 1451933.3672779999 974030.9011570001 1473315.7224144326 690549.907174 68636.93064569999 111302.4652884 141663.1619152 139263.9127708 124984.0931368 140749.9180828 143441.76215199998 124552.8741193 85532.8470669 989667.370492 71905.2196487 101105.621468 108567.528665 936755.307149 706643.29388 921223.911881 962013.792841 691082.234343 11747.541075442743 0.0 0.0 0.0 0.0 0.0 0.0 0.0 -9999 568644.5208713155 641316.199411 1609004.36414
-9999 -9999 -9999 -9999 160865.274202 0.0 0.0 0.0 0.0 0.0 0.0 7075316.5901 0.0 0.0 1146513.4465047 0.0 0.0 947281.0640179444 515988.72370752174 657941.530976 565842.613686 1003849.95732 1113587.7628867559 1075920.8731530416 916707.896659 588454.1007437797 761606.34639 2449773.9980977126 4130452.9093081607 5095736.297004755 5319089.055640032 5254716.991223456 1526653.57096 1705971.87717 1953663.92101 1760518.4115121001 1736270.135776 2420455.28935 2345806.8429159997 1089704.43781 97443.7269373 91911.239825 716989.12276 0.0 0.0 0.0 1919406.255806 103177.466473 932831.9891737046 0.0 130200.72186 0.0 446027.27213142236 549407.184521 1159027.29774 4042519.21922 912187.288591 0.0 0.0 0.0 0.0 0.0 0.0 0.0 0.0 165264.462188 759988.2760068825 313110.051289 893657.6314982
-9999 -9999 0.0 -9999 0.0 923833.514335 0.0 0.0 0.0 0.0 0.0 0.0 1560073.79124317 0.0 0.0 0.0 0.0 1519228.42861577 597966.976297 0.0 0.0 0.0 768751.9096162 1213792.0585112 1198688.8386054162 1173179.34501 2281374.49698 4394884.29032 5378072.796050829 4684160.25269 5863561.3077217 5175924.32152 3968914.9611115064 1710446.66 1813969.62984 2405893.959733875 3733610.0437607 1234817.341990829 1136887.734094 1274326.8342158 1347953.5025230001 411518.95024000003 295453.0072825 0.0 0.0 0.0 2198422.173292 140114.72732882 0.0 133263.655739 408426.252629 8762006.88106 1432656.8056775944 1613330.1235493 461153.27750117995 1029628.82774 235441.77105379535 0.0 0.0 0.0 0.0 0.0 0.0 0.0 -9999 -9999 41875.103303 20396.0669273 315615.6001112
-9999 -9999 -9999 0.0 257311.48332721944 0.0 0.0 0.0 0.0 0.0 -9999 0.0 315544.2146535 199289.756311 157561.17687785672 0.0 3192145.1221622997 4341291.61004 1304307.2750833 914208.307243 720985.859071 920545.0308103124 1151147.5504491131 1235321.77449 1440974.83941 1548353.06759 4442310.535581212 4903705.995590727 4433422.38965 2860005.1116943206 5132733.81041 5210256.67694 1140019.14854 3065821.32302 0.0 228103.159950539 82828.38064613676 2140674.86568 4700125.42302 1533247.64254 1156948.5435687108 173258.3110247 729904.484159 0.0 0.0 1797623.6381778403 183642.7668025 156866.293128 3870515.848994 835796.5070142206 1736161.270939 1331159.861552 871810.8416831604 377833.529443 1058445.063552 0.0 749205.177214 0.0 0.0 0.0 0.0 0.0 0.0 -9999 0.0 -9999 40566.4418756 30758.4196734 44186.8374777
-9999 -9999 0.0 0.0 -9999 0.0 0.0 0.0 0.0 0.0 -9999 0.0 9011.770182275 0.0 511756.433074 0.0 0.0 0.0 950751.1848923 1046287.7114649 643536.4913379999 739667.842027 1286864.2299849 1723281.4275631001 2109322.912743317 3795691.6100021033 4482337.675770872 3861808.79893 4508258.61641 2970333.3754954073 5958021.80552 6232750.55658 5185842.82785 3588498.4920146954 6114598.64233 1778084.2789 397077.378525 295210.039564 559251.734379 0.0 732942.105195 1460485.790060529 1333235.1762607913 384683.399096 160490.3307922457 405614.285831 1416876.937775 1507122.560839 2677393.3992145993 747835.008403 851279.925956 1301796.5047775465 511457.0722137425 364188.44768 0.0 0.0 0.0 0.0 0.0 0.0 0.0 0.0 -9999 -9999 -9999 -9999 0.0 0.0 0.0
-9999 -9999 -9999 -9999 581963.139653 0.0 0.0 0.0 0.0 0.0 32615.183493792 0.0 0.0 0.0 0.0 0.0 3028045.9015894 0.0 815054.8644389999 701328.538514 965080.2295516843 872024.8606420001 1247148.184526149 1888659.765232 8053286.915027999 4454765.19026 5469940.459894094 5196879.71701 4853790.56515 3222595.0339 5991103.54338 6445443.94829 5892467.148891314 3557808.13872 6325267.95696 4995213.9124 285306.677798 380009.942092 0.0 0.0 0.0 0.0 1744172.970306 136496.6400258 110602.0576962 0.0 0.0 3027323.33839 869457.5976073741 303486.67838696344 0.0 982920.6594489999 541833.6122379999 515628.380887 0.0 0.0 0.0 0.0 0.0 0.0 3177685.9145 0.0 0.0 576512.833815 -9999 -9999 -9999 -9999 663078.73285
-9999 0.0 0.0 0.0 0.0 11676.025369712 0.0 0.0 0.0 0.0 44726.53172288 0.0 0.0 30414.530458753 0.0 0.0 1043821.842546 0.0 727533.9350119999 1212510.48428 1936595.4981372857 0.0 2832557.992389163 31455.2425052 3803196.06625 6383395.41337 5731298.96568 7268602.25398 4708155.00811 1957080.2754472664 6289348.16698 6263182.13139 1991302.58453 4059713.41598 711326.725146 658409.797004 0.0 0.0 534093.6378801996 0.0 0.0 3434444.1876590303 2228377.6164270216 1902349.6108669997 0.0 0.0 0.0 4271877.24592 2247483.5238960003 991799.8103889056 866176.9120789999 1021313.9422490001 0.0 913561.133563 0.0 930877.8316515044 0.0 365665.33831651794 0.0 0.0 0.0 0.0 908593.93821 0.0 2434235.53528 1625153.892818435 -9999 -9999 757049.470001
-9999 0.0 0.0 -9999 0.0 30689.120148230002 0.0 0.0 0.0 23093.59904324645 661879.6198875001 0.0 0.0 0.0 0.0 1327976.3637229998 619086.7330380001 1929062.9764053773 638889.694507 1666326.5094990071 1090716.352433 526362.773789 1293180.031972 3451308.20588 3254915.933992943 4125067.85351 5831586.10933 6746461.946880544 7358278.13442 6559125.92058828 6504097.87485 6716675.04543 6517065.96639 872445.327484 0.0 0.0 0.0 0.0 0.0 0.0 1659334.1149819999 2024337.272387 1625446.1988200056 2688077.904420193 2959292.4292200003 0.0 0.0 950927.511668 3242457.27077 3974670.46988 962886.01042 0.0 0.0 0.0 3090350.791855556 2912814.6778933913 1503425.63066 0.0 0.0 0.0 2059830.6097 1677558.03796 350857.33893 842331.710435 768891.379563 2120332.4301916957 450174.84764439997 -9999 0.0
-9999 -9999 0.0 0.0 13245.478887 0.0 0.0 0.0 0.0 39290.79319696 0.0 -9999 0.0 22250.7276027 0.0 0.0 0.0 2382410.923079 499128.4454701 1117985.9047770002 778282.0815369999 1393098.307001 1389579.784569 3201795.3601747635 3515979.24242 4931456.75013 5211075.12247 4787531.609 5007519.57658 6394363.74839 7219396.64189 5085954.93287 21567302.2245 0.0 0.0 0.0 0.0 0.0 0.0 0.0 1698373.804348 1286569.2376427443 1275350.680279 2353164.148073228 2361108.5035322034 954951.2853108349 0.0 902130.598385 3849218.16381 3597398.6538524562 3717886.2698005736 0.0 1528933.48498 3753379.38804 0.0 0.0 0.0 0.0 0.0 1761441.25111 0.0 0.0 803467.898626 -9999 996711.14528 968288.374379 212600.611057 182329.49699010001 0.0
-9999 -9999 -9999 0.0 0.0 0.0 704690.139415 0.0 37595.1472754 287508.2238933 0.0 0.0 0.0 0.0 22515.5766637 0.0 0.0 1524330.6392647575 928395.2352839999 1444994.2775091436 2862050.36035724 3431240.0144731076 3206196.3618159266 3192636.80345 3589401.9733235263 3852110.53324 5530233.22982 3529583.11618 3531997.60148 5897878.87281 10058475.8419 5913622.926945317 6269622.238019988 2925429.0656 853116.898306 2317584.132721692 1441317.977182571 2768414.6556109 1675517.8437222699 798845.060345 1683952.5489519234 1027546.82060725 1659208.070024 2001842.768348 3708446.962449 1646457.41082 0.0 1742791.53902 4598407.154987844 3226091.96255 1034900.03148 0.0 1300522.07453 0.0 0.0 0.0 0.0 0.0 1915632.47807 0.0 1061716.2971 1122216.71702 1805579.10112 1650151.66358 1317517.0062632 511542.1304003 480464.36074200005 0.0 0.0
-9999 141.514495211 -9999 0.163958245259 0.0 0.0 0.0 0.0 17376.15910831 44915.3978465 0.0 0.0 1630.147453176 0.0 0.0 0.0 837894.8712550241 1161137.3473033 3215347.2153708 0.0 3427114.885077079 3159076.43066 3114939.5283 2995797.43579936 3743460.10309 2844115.9114905032 3128739.62456 5251778.06036 4307574.00566 5582762.60803 7390251.105248284 0.0 0.0 0.0 0.0 0.0 2298145.4648 1983021.810761 1379267.719983 940384.49603 1280786.960565 1504390.990754 1931287.1931812756 0.0 1002622.470804 893755.546753 4834074.56736 4633233.8072 4617871.127054184 0.0 768874.437549 0.0 0.0 0.0 0.0 0.0 612590.321615 306043.825066 338493.465406 0.0 118805.632473 107331.821183 1414265.54732 921886.5812222054 -9999 -9999 -9999 0.0 0.0
-9999 -9999 0.0 38371.8576161 -9999 0.0 0.0 25919.895258058117 20448.476422915657 0.0 0.0 0.0 0.0 39827.1379575 128860.30191561594 186108.7407629 832090.728255 1533800.543609 3058448.4465790708 4526612.95565 3441554.8727167165 3034160.93277 2841365.467267311 2672673.5817412254 2862101.562096508 2721906.51888 2911292.16071 4363285.333862639 5100853.19994 4824106.45160941 0.0 0.0 0.0 0.0 0.0 0.0 0.0 0.0 970053.265712 0.0 1902594.8763990002 1868567.538979 1878206.466529 0.0 809839.1580930001 0.0 0.0 0.0 797000.567215081 4325088.17034 4891606.83121 3613220.9213919635 3332328.655285854 1781123.04057 3750154.2568 0.0 2034870.49552 -9999 -9999 -9999 -9999 20413.8964155 0.0 -9999 -9999 -9999 12749.248472274488 -9999.0 -9999.0
-9999 -9999 0.0 0.0 -9999 0.0 0.0 0.0 0.0 0.0 1450322.91507 0.0 0.0 0.0 43209.3407333 0.0 138815.5478903 852984.036806 924007.516292 2068522.3099709998 0.0 0.0 3119886.93525 2014804.92498 1410260.29435 1846206.56398 1700150.65545 4059048.02063 3791479.3937 4748851.238420797 5210095.186124459 5330997.7867 20438792.314 1429924.17532 2952833.80197 0.0 0.0 0.0 0.0 785233.617753 1835777.652057 1699147.1731460001 1599748.6755690002 401753.0389048301 1176760.016419 0.0 0.0 3490186.184199754 1343721.69047 1796325.6267 3817658.34895 0.0 2751711.22 1703480.35384 2685908.4583150726 -9999 -9999 -9999 25916.6218428 1587915.9009 -9999 807389.714648 -9999 355821.089028 196704.327193 0.0 -9999.0 -9999.0 -9999.0
-9999 -9999 -9999 0.0 0.0 0.0 0.0 0.0 0.0 0.0 -9999 0.0 117216.56030987599 76369.22525646033 0.0 62916.56442833 41536.82180898293 152953.928273 245558.7654698 531850.9432427 1936275.96295 2428328.51652 3014827.948752718 703264.745821 447844.831897 1009026.22555 2697588.59238 3972257.67068 1172981.04611 1136571.00801 3928840.25952 119037.209015 2542250.46264 5084655.49865 2498953.56703 0.0 0.0 0.0 0.0 1032370.622539 1619686.514688 1789927.202029 1221882.400073 0.0 0.0 0.0 0.0 0.0 2824301.19272 3177383.42871 0.0 421904.048843 2676069.976587521 2480944.71438 -9999 0.0 0.0 2070900.84488 -9999 -9999 -9999 -9999 -9999 0.0 -9999.0 -9999.0 -9999.0 -9999.0 -9999.0
165013.89713839462 -9999 -9999 -9999 0.0 5996.580025012 2887.058400911 3482.623268553 0.0 145.20674998430002 0.0 0.0 0.0 76728.2314408 0.0 36208.07468498896 13990.2070174 0.0 107354.54096672403 0.0 1314024.00916 1971798.28363 1510306.16624 229831.002146 1520661.85903194 1526828.4107293007 2944261.43027 169701.34645645617 473187.47653910937 3838935.051579479 0.0 0.0 0.0 0.0 812001.290362 0.0 0.0 0.0 0.0 0.0 0.0 1383941.410743 0.0 0.0 -9999 0.0 0.0 0.0 391387.535596 739770.461895 0.0 3345858.44206 2812185.97149 -9999 3563975.5103268404 -9999 0.0 -9999 -9999 -9999 -9999 -9999 609538.69164 -9999.0 -9999.0 -9999.0 -9999.0 -9999.0 -9999.0
4165.224037013 0.0 0.0 -9999 0.0 0.0 150.589369925 0.0 7571.743371861 0.0 0.0 0.0 0.0 113079.563944 0.0 2202.4943399960002 1333.095054831 1049.363079322 11559.78977459 18982.51088647 945811.36425 1487381.82725 2035812.69573 1666124.3254047004 1772112.6270073073 2032784.55507 2801110.64064417 36212.0671418 85528.0851939 3308653.33189 54679.8143747 2793719.8452759716 239641.101236 0.0 927301.8016611233 0.0 0.0 0.0 477838.22096 0.0 1216206.3059490002 318306.28053527 -9999 -9999 -9999 0.0 -9999 674060.230808 3561335.84625 1123521.14137 0.0 -9999 -9999 -9999 -9999 -9999 0.0 1585285.6673 -9999 729702.40829 22737.7611517 -9999.0 -9999.0 -9999.0 -9999.0 -9999.0 -9999.0 -9999.0 -9999.0
0.0 119697.3034449 0.0 -9999 0.0 0.0 29.5201084266 0.0 574.876389135 1123.59074549 0.0 0.0 23783.7970371 0.0 0.0 786.4488176903 441.167044755 1188.345796512 0.0 0.0 537801.041975 1007615.35505 455297.179957 1063392.95295 1398174.93318 1879214.87967 1960722.15436 460992.201415 66410.735983 350576.293871 2249526.52968 -9999 0.0 0.0 0.0 932310.733946005 0.0 0.0 0.0 0.0 0.0 0.0 0.0 -9999 -9999 0.0 0.0 0.0 0.0 -9999 -9999 3810411.41231 -9999 2658365.2288867095 -9999 -9999 -9999 -9999 -9999 -9999 -9999.0 -9999.0 -9999.0 -9999.0 -9999.0 -9999.0 -9999.0 -9999.0 -9999.0
37882.75313238 338021.4958169 0.0 0.0 0.0 8.66347113182 -9999 -9999 0.0 0.0 0.0 13263.961544054 6565.08236959 0.0 23706.2045652 5005.30035541 5577.13744189 754.3725081681 12610.74614384 39195.320245598 0.0 782120.218804 926522.079384 939338.142673 1030889.04714 1782805.50881 1869359.79043 836261.946395 4164494.963744504 3433938.06765 8719.6079372 0.0 0.0 0.0 0.0 0.0 945053.3068424122 989136.864395 0.0 0.0 0.0 0.0 -9999 -9999 -9999 0.0 0.0 0.0 0.0 -9999 1959633.9410613 2579841.042414 1378301.5672499998 -9999 0.0 -9999 -9999 -9999 -9999 2974.410400744504 -9999.0 -9999.0 -9999.0 -9999.0 -9999.0 -9999.0 -9999.0 -9999.0 -9999.0
417984.6851909 215443.7651834685 11688.685771057 -9999 0.0 0.0 -9999 -9999 -9999 -9999 0.0 0.0 0.0 -9999 0.0 8429.00620198 0.0 0.0 0.0 -9999 1559.78083079 0.0 955822.475376 1026120.115 2036180.70541 48907.8927497 31310.3244188 509054.788799 3618398.18868 3659327.6559155034 186239.875009 0.0 0.0 0.0 0.0 0.0 0.0 369118.238102 317622.0289746124 1059655.7536539189 0.0 0.0 -9999 -9999 -9999 2023831.7829770534 1607190.07126 1374908.240186 0.0 0.0 447327.03251866583 999276.591385 1240727.608296 -9999 -9999 -9999 -9999 -9999 -9999 0.0 -9999.0 -9999.0 -9999.0 -9999.0 -9999.0 -9999.0 -9999.0 -9999.0 -9999.0
0.0 -9999 0.0 43495.0169691 -9999 -9999 154266.1909179 -9999 -9999 -9999 -9999 -9999 0.0 11535.486911 -9999 -9999 0.0 0.0 -9999 0.0 0.0 442975.160276 680009.00742 1091347.02829 1442794.09201 1751035.90211 151809.102407 2427522.19606 2947894.95489 3760159.18573607 2975927.540356 731197.8733501057 0.0 0.0 0.0 159652.4883648 278105.391183 292488.713492 418688.55157762003 218679.5524494 335601.03938900004 82596.8426674 66885.3955552 0.0 0.0 0.0 171777.095619 116596.870836 142565.59646339357 0.0 0.0 -9999 0.0 0.0 -9999 -9999 0.0 -9999 340026.753643 36792.012182908315 -9999.0 -9999.0 -9999.0 -9999.0 -9999.0 -9999.0 -9999.0 -9999.0 -9999.0
0.0 -9999 -9999 -9999 -9999 -9999 799208.3369240576 0.0 88767.91297969 0.0 -9999 -9999 -9999 0.0 0.0 -9999 -9999 -9999 -9999 -9999 0.0 0.0 216500.674156 545848.531671 834161.642766 696153.521974 402883.233579 801547.2166412567 3690947.171693709 3032182.3990602125 1865497.5134293728 612838.6909818435 711304.2998941285 767020.107501 0.0 0.0 0.0 0.0 0.0 59852.998814 95657.16998478699 0.0 -9999 -9999 -9999.0 -9999.0 -9999.0 -9999.0 -9999.0 -9999.0 -9999.0 -9999 -9999 -9999 -9999 -9999 353761.629224 -9999 -9999 68410.5182182 -9999.0 -9999.0 -9999.0 -9999.0 -9999.0 -9999.0 -9999.0 -9999.0 -9999.0
-9999 0.0 0.0 -9999 -9999 -9999 0.0 810260.9890299999 11643.47209234 -9999 -9999 -9999 -9999 -9999 -9999 -9999 -9999 -9999 -9999 0.0 4911.40806347 205392.128707 197655.691563 10276.2316799 822647.612659 1229246.86649 945319.0037546343 1897552.2391597 2312267.2858206 811454.155457 1337500.6961039999 718331.203964 93217.48181804946 -9999.0 -9999.0 -9999.0 -9999.0 -9999.0 -9999.0 -9999 0.0 -9999 -9999 -9999 -9999.0 -9999.0 -9999.0 -9999.0 -9999.0 -9999.0 -9999.0 -9999.0 -9999.0 -9999.0 -9999.0 -9999 -9999 359790.270395 -9999 -9999 -9999.0 -9999.0 -9999.0 -9999.0 -9999.0 -9999.0 -9999.0 -9999.0 -9999.0
0.0 0.0 -9999 0.0 -9999 -9999 3317162.19575 2194927.2123893998 63424.2009835 0.0 -9999 -9999 -9999 -9999 -9999 -9999 -9999 -9999 -9999 94.5141123861 917.027604228 5076.120854967 129607.743106 489982.402703 734518.800791 303914.966011 2336485.959907 1831847.658588519 889817.4140849999 482702.53135 485102.053773 151118.023861 -9999.0 -9999.0 -9999.0 -9999.0 -9999.0 -9999.0 -9999.0 -9999.0 -9999.0 -9999.0 -9999.0 -9999.0 -9999.0 -9999.0 -9999.0 -9999.0 -9999.0 -9999.0 -9999.0 -9999.0 -9999.0 -9999.0 -9999.0 -9999.0 300399.706985 217620.295822 604213.031203 190194.940534 233409.501198 -9999.0 -9999.0 -9999.0 -9999.0 -9999.0 -9999.0 -9999.0 -9999.0
0.0 192.521191171 -9999 -9999 0.0 -9999 0.0 2135121.06444798 41502.35339086 -9999 0.0 166987.872937089 -9999 -9999 -9999 -9999 -9999 -9999 0.0 0.0 22623.627721470002 513.027626551 323846.606208 416529.724039 0.0 647771.468732746 387024.4467391 121263.6686678 272152.27976 16233.739941 -9999.0 -9999.0 -9999.0 -9999.0 -9999.0 -9999.0 -9999.0 -9999.0 -9999.0 -9999.0 -9999.0 -9999.0 -9999.0 -9999.0 -9999.0 -9999.0 -9999.0 -9999.0 -9999.0 -9999.0 -9999.0 -9999.0 -9999.0 -9999.0 -9999.0 -9999.0 330764.701329 101469.767898 579496.553544 131605.336387 154636.781297 -9999.0 -9999.0 -9999.0 -9999.0 -9999.0 -9999.0 -9999.0 -9999.0
