critload/trunk/input/1999/nh3_graz.asc
ncols 720
nrows 360
xllcorner -180.0
yllcorner -90.0
cellsize 0.5
NODATA_value -9999.0
[rows 196 to 223 of 360, columns 192 to 255 of 720]
-9999.0 -9999.0 -9999.0 -9999.0 -9999.0 -9999.0 -9999.0 -9999.0 -9999.0 0.0 89840.4002457 112739.276481 150350.148701 131361.81677 95370.6690746 43080.798527 29489.6466685 0.0 57167.6559004 0.0 0.0 0.0 39716.3942407 0.0 0.0 0.0 29508.0946389 102989.153192 0.0 0.0 0.0 0.0 0.0 0.0 0.0 0.0 0.0 0.0 0.0 0.0 0.0 0.0 0.0 0.0 65492.5521842 0.0 0.0 0.0 0.0 0.0 0.0 0.0 0.0 0.0 39213.195511 40087.3285675 0.0 56841.3905591 0.0 0.0 0.0 0.0 0.0 80820.4622119
-9999.0 -9999.0 -9999.0 -9999.0 -9999.0 -9999.0 -9999.0 -9999.0 -9999.0 -9999.0 43843.4000648 96676.8458217 150894.215262 167742.099129 133907.788041 53305.7288432 29403.5269724 11374.9940972 62977.5887806 0.0 0.0 0.0 0.0 0.0 0.0 0.0 0.0 0.0 0.0 37937.1183853 0.0 0.0 0.0 38159.4449511 0.0 0.0 0.0 0.0 0.0 12130.0369981 286678.552729 93060.4082366 0.0 0.0 202080.657239 0.0 0.0 0.0 0.0 0.0 0.0 0.0 35585.4834665 0.0 0.0 0.0 0.0 0.0 39430.8795012 0.0 0.0 0.0 0.0 30714.4548776
-9999.0 -9999.0 -9999.0 -9999.0 -9999.0 -9999.0 -9999.0 -9999.0 -9999.0 -9999.0 12157.4311506 117183.49332 118063.131783 160433.657069 180583.61006 69890.221915 56977.2564295 9982.49184903 29385.1742275 0.0 0.0 0.0 0.0 0.0 0.0 0.0 0.0 0.0 0.0 0.0 208712.810075 49857.0035114 0.0 0.0 0.0 0.0 0.0 0.0 19069.4072256 47891.1718862 0.0 85373.6937789 46166.9924251 48651.2912442 0.0 0.0 0.0 0.0 0.0 0.0 0.0 0.0 0.0 37254.4089284 38093.8418775 23117.0160212 0.0 23726.050554 125485.938526 0.0 0.0 0.0 0.0 0.0
-9999.0 -9999.0 -9999.0 -9999.0 -9999.0 -9999.0 -9999.0 -9999.0 -9999.0 -9999.0 -9999.0 33711.0957441 129228.788694 141595.412096 175323.037431 153395.871741 114565.051875 14861.8566071 14880.4313804 0.0 0.0 0.0 0.0 0.0 0.0 0.0 0.0 0.0 0.0 0.0 40584.4110624 197927.246099 355473.965752 169548.326503 34676.2348987 56905.6048092 35972.4510609 35488.588351 0.0 0.0 0.0 270787.268023 199558.95179 167730.118249 25046.0456545 0.0 0.0 0.0 0.0 0.0 0.0 60927.5679094 50055.1755933 123187.189329 87911.1289886 275224.512177 177150.878922 220567.520239 434376.174326 34704.5357409 0.0 81033.4173276 0.0 37142.5022337
-9999.0 -9999.0 -9999.0 -9999.0 -9999.0 -9999.0 -9999.0 -9999.0 -9999.0 -9999.0 -9999.0 15938.1364452 118609.70984 121944.691065 161325.973681 166319.636445 125445.780156 37695.3473505 14846.4084666 42861.3956482 0.0 0.0 0.0 0.0 0.0 0.0 0.0 0.0 0.0 0.0 0.0 32551.8514201 274523.607049 266236.770954 0.0 0.0 0.0 141406.728415 49391.3768795 0.0 69347.6484083 215951.896659 334480.494998 387993.618996 100572.822798 10637.8965419 29066.3617666 0.0 0.0 53280.3135152 45476.1410915 85414.8370324 36114.9147957 29020.8260576 86046.2572921 263067.747276 356851.006647 510319.279351 452161.533137 164000.21652 118753.663515 0.0 69069.4745401 191533.196577
-9999.0 -9999.0 -9999.0 -9999.0 -9999.0 -9999.0 -9999.0 -9999.0 -9999.0 -9999.0 -9999.0 -9999.0 88598.2401921 131785.179751 131744.159454 231175.716159 172681.443217 106714.99321 58778.9861135 29648.743745 14822.33393 0.0 0.0 0.0 0.0 0.0 0.0 0.0 0.0 77736.2971787 165717.519514 145608.04354 12991.1751029 0.0 0.0 21004.6149251 10620.1488123 336348.712687 0.0 0.0 58790.2911908 0.0 378226.545078 557211.781264 428328.570332 41349.6278923 0.0 0.0 0.0 32422.5847985 86989.5996825 0.0 80614.5623772 51211.8581524 72647.4741667 110478.653081 406567.440422 527162.256483 334513.184364 89740.2238557 39018.7616971 0.0 222477.978199 293046.34753
-9999.0 -9999.0 -9999.0 -9999.0 -9999.0 -9999.0 -9999.0 -9999.0 -9999.0 -9999.0 -9999.0 -9999.0 15525.0517675 90433.9390175 131412.257188 167892.849758 171235.429291 96976.0403169 73944.893016 8660.5454496 58666.3889852 0.0 0.0 0.0 0.0 0.0 0.0 0.0 0.0 0.0 16839.6116824 0.0 9910.67469142 0.0 10611.0781411 50744.9176569 42444.2875736 75472.0316115 0.0 0.0 0.0 87741.7799291 128944.774325 540619.068241 587491.103675 358898.942491 111388.316138 0.0 0.0 47459.7714503 249602.995586 62552.4806874 191514.815876 229749.765759 162293.256933 66788.0505314 157431.033551 198565.44117 172748.892802 207167.629768 0.0 0.0 100914.626206 209488.462097
-9999.0 -9999.0 -9999.0 -9999.0 -9999.0 -9999.0 -9999.0 -9999.0 -9999.0 -9999.0 -9999.0 -9999.0 -9999.0 67702.6530014 101096.822809 44311.3960307 197482.534734 162957.219016 172522.255238 27603.7274344 73841.3928879 43904.3336408 13814.8180596 0.0 0.0 0.0 0.0 0.0 0.0 0.0 0.0 0.0 0.0 0.0 42349.9879653 52970.9797338 42356.3750174 73594.2208524 0.0 39034.5653228 80643.2266978 102526.449744 238080.27117 458912.789647 666326.702353 667159.034688 258479.190027 0.0 38743.9114246 10062.3089575 70653.8558346 94915.8667971 48799.5889151 80460.434793 36803.340442 62691.6661703 221446.041455 222146.605959 102102.621102 35980.7825386 0.0 0.0 53409.332211 89824.9283708
-9999.0 -9999.0 -9999.0 -9999.0 -9999.0 -9999.0 -9999.0 -9999.0 -9999.0 -9999.0 -9999.0 -9999.0 -9999.0 0.0 90336.6857612 130731.768075 123163.24406 190482.961297 170895.32739 111852.802328 58620.677399 87904.6267536 14757.1707184 96668.9644813 0.0 0.0 0.0 0.0 0.0 0.0 0.0 0.0 0.0 21128.7515339 125090.359248 84505.796093 126832.904091 147529.439154 52850.451401 37891.6645868 85162.1925759 159670.674744 48753.3942643 236811.363416 307797.322104 174210.074618 109767.294113 76616.0666627 185290.131502 79402.3009189 40235.6767011 58814.7557649 35134.1963079 0.0 23694.6981765 94254.5308861 248765.424276 192647.135701 30645.9330075 35287.2696591 0.0 65637.4213115 31754.6331443 135553.351537
-9999.0 -9999.0 -9999.0 -9999.0 -9999.0 -9999.0 -9999.0 -9999.0 -9999.0 -9999.0 -9999.0 -9999.0 -9999.0 -9999.0 34179.7867219 133938.519611 136249.377811 154891.49817 165566.588533 194322.500818 126848.985089 58821.5595365 112158.269128 189120.641178 90391.346455 14142.7069196 9350.08731842 25885.5635828 27996.3842524 21589.8749435 10548.9300586 52723.6350175 94954.1788629 84384.346948 147708.933097 267939.708697 162163.35418 173892.731019 157929.272062 125647.445132 31405.417281 21097.7591931 80224.8025092 110929.537086 69097.3585159 328340.005346 259801.997146 233805.9386 79070.3479912 209286.817225 355762.523982 320946.475559 37049.8481859 33442.233491 55944.3686105 263553.78226 392198.463808 45628.2768587 33418.6849261 36740.6027765 0.0 0.0 107100.32461 189259.458635
-9999.0 -9999.0 -9999.0 -9999.0 -9999.0 -9999.0 -9999.0 -9999.0 -9999.0 -9999.0 -9999.0 -9999.0 -9999.0 -9999.0 -9999.0 34112.6349103 129796.556258 136436.166772 153264.054938 190155.167428 154354.520163 85623.885924 184990.753775 160871.530737 211965.164296 128499.813979 73395.5114473 29349.6435043 0.0 0.0 0.0 21073.2048469 63212.446048 73732.928975 262591.934206 178643.724128 163806.065988 270017.582755 326169.908917 166206.827057 166617.276801 114881.702677 31568.3404526 26223.7404981 198981.371656 345716.17333 470209.671558 194826.868163 89376.5684189 303923.04015 387148.067886 512854.948507 173321.545956 34994.7702128 68303.2671039 308237.951012 333878.257672 288447.783749 57020.3180388 96362.0159161 76693.958461 244225.262202 283140.627497 405241.411768
-9999.0 -9999.0 -9999.0 -9999.0 -9999.0 -9999.0 -9999.0 -9999.0 -9999.0 -9999.0 -9999.0 -9999.0 -9999.0 -9999.0 -9999.0 28063.7090575 73317.3118392 129946.199964 147080.548828 126740.041509 173049.170903 151327.999905 191493.516584 219983.120866 182013.101635 161640.380077 169142.846732 159222.333809 115355.393464 58585.0603313 20687.3215605 47436.6183016 49655.2235316 21018.4405618 154805.532462 293062.379519 266381.333867 264710.176205 317618.734349 136582.77021 156754.568246 115346.971877 104388.008459 31546.3438107 10296.3405586 0.0 18426.3420612 159419.793926 296778.889413 376695.333815 403728.782974 590248.670488 302442.864212 305475.104791 105267.103313 166179.854455 209767.631507 364688.175235 374356.207013 450132.553562 619716.974399 620384.972393 564333.354096 423345.598949
-9999.0 -9999.0 -9999.0 -9999.0 -9999.0 -9999.0 -9999.0 -9999.0 -9999.0 -9999.0 -9999.0 -9999.0 -9999.0 -9999.0 -9999.0 0.0 12446.3037776 101766.63954 137359.838739 166933.518357 155176.736111 164697.400692 180293.311318 183209.662818 233434.417579 189946.36708 173227.809703 204321.811056 175313.769619 123780.237053 37216.2801056 41910.9326873 15710.004682 93271.3585788 156089.749951 124481.980866 173936.296674 258803.583587 303125.240436 41401.6698186 98156.9585439 0.0 18764.6605052 10486.4926604 0.0 10474.8133423 0.0 193920.822519 177927.447684 591711.916029 770500.851191 636354.040062 431797.193579 327301.083758 327296.700469 323230.119746 453925.423827 633963.657048 714620.973379 670489.75142 744801.726312 669389.474 651174.804301 580481.51427
-9999.0 -9999.0 -9999.0 -9999.0 -9999.0 -9999.0 -9999.0 -9999.0 -9999.0 -9999.0 -9999.0 -9999.0 -9999.0 -9999.0 -9999.0 -9999.0 0.0 26945.7771604 131346.780777 159830.781387 157631.896395 152261.088506 98898.2933842 156567.192104 184237.248668 1804679.16711 1991136.5648 1966637.38867 225474.994741 155457.465059 131988.132039 254007.648458 81391.2246281 19428.4725388 170452.622904 52278.4973819 61651.2698364 120270.821489 291203.217113 61629.1728474 10450.8385886 0.0 0.0 0.0 0.0 62670.7942417 41815.4748551 252834.022844 353382.262955 484632.566955 584042.032979 500318.58979 457937.732407 441467.590621 608558.11098 695069.041764 617343.14508 536904.659272 470839.671673 478221.770498 504271.599098 702491.833988 661437.319104 503404.194155
-9999.0 -9999.0 -9999.0 -9999.0 -9999.0 -9999.0 -9999.0 -9999.0 -9999.0 -9999.0 -9999.0 -9999.0 -9999.0 -9999.0 -9999.0 -9999.0 -9999.0 0.0 14549.1531002 87212.4468222 143542.835362 114738.656555 129056.617413 145026.08585 171185.839044 20313.6595717 174554.186616 1835758.11339 160399.09338 300296.8282 255269.250835 68779.874051 77278.7851413 51877.1873225 10430.2529614 0.0 99965.1352724 117859.853632 150166.844682 118957.148781 29582.8996263 10426.0708601 0.0 0.0 0.0 80953.9421532 135937.120016 417043.072348 619055.722698 506540.165689 396376.592677 457257.591607 307446.528825 525715.986966 681864.124049 977874.642902 657360.689787 551922.905757 479052.506399 434567.161911 333902.487057 477745.771799 683822.145523 650147.692779
-9999.0 -9999.0 -9999.0 -9999.0 -9999.0 -9999.0 -9999.0 -9999.0 -9999.0 -9999.0 -9999.0 -9999.0 -9999.0 -9999.0 -9999.0 -9999.0 -9999.0 -9999.0 0.0 47138.0159166 101731.970115 72574.8620337 128890.064417 122772.944418 89900.5262371 156662.972988 172248.696047 2023775.18798 106537.766255 74528.5744236 285325.11304 144512.877747 60427.8891866 25890.8725788 10409.1252278 0.0 103865.017994 80824.5617221 54501.4324469 66039.6842764 110000.779245 98492.8696125 20813.9549348 0.0 58440.2916608 92526.2663345 147607.386372 259910.886687 571355.144762 552513.093364 519235.112461 461797.394437 331623.179622 533117.407093 665951.665008 943281.26112 726732.609963 506975.260254 643615.840277 594446.201194 525347.855216 561374.369325 573047.414362 581329.992871
-9999.0 -9999.0 -9999.0 -9999.0 -9999.0 -9999.0 -9999.0 -9999.0 -9999.0 -9999.0 -9999.0 -9999.0 -9999.0 -9999.0 -9999.0 -9999.0 -9999.0 -9999.0 -9999.0 -9999.0 0.0 14477.1198772 0.0 57872.2392598 114722.003615 95077.9416952 144084.202454 156540.641467 1927956.72027 1347709.25252 179643.082786 250123.91922 147513.865128 99747.2176127 92908.5711413 51888.5892439 0.0 88357.000059 70129.2279359 51612.1893521 66363.0326471 56813.007106 74135.5604187 54237.9510288 60460.1191447 95123.1759336 121220.023826 210303.771477 606128.140568 631102.720993 853706.310767 483668.19264 571640.938683 572504.535319 567933.32363 640044.799669 595788.732046 555709.782143 701291.691909 724044.541848 724198.384522 760022.232273 551745.739932 739596.391109
-9999.0 -9999.0 -9999.0 -9999.0 -9999.0 -9999.0 -9999.0 -9999.0 -9999.0 -9999.0 -9999.0 -9999.0 -9999.0 -9999.0 -9999.0 -9999.0 -9999.0 -9999.0 -9999.0 -9999.0 -9999.0 -9999.0 3350.40898569 6420.5836148 0.0 55585.1330776 100462.730943 115184.620585 103975.420083 2438911.79636 232873.896218 325111.535916 186374.090911 124110.807504 163454.312532 123937.998579 74727.9284457 120527.128407 53908.800047 7929.67144838 48971.310667 96774.1769 56001.3952047 89362.2160014 99296.1662113 89083.3638711 137845.641585 123396.766232 143820.348585 153694.70176 284808.505449 490732.736802 397659.699341 410733.206623 406495.940517 302102.177481 591500.030279 732790.670667 569796.961252 640396.506796 581435.205686 808580.336549 646877.591766 687093.007006
-9999.0 -9999.0 -9999.0 -9999.0 -9999.0 -9999.0 -9999.0 -9999.0 -9999.0 -9999.0 -9999.0 -9999.0 -9999.0 -9999.0 -9999.0 -9999.0 -9999.0 -9999.0 -9999.0 -9999.0 -9999.0 -9999.0 -9999.0 -9999.0 9774.87082514 0.0 84115.0445102 124007.645673 171543.537103 278833.261922 281288.062161 189395.011617 176186.366767 305669.947237 305200.39182 79398.7791655 114309.226832 18550.9108174 69045.9775246 51514.2689482 39193.1243757 91379.1898725 114267.146973 86391.8413185 127705.371165 148766.312969 140361.959299 61453.3527328 82446.6499362 134108.35283 260979.43758 570506.433344 487249.687097 447097.158974 270749.292041 347186.212187 987214.252662 762725.534482 489283.636096 550834.809906 732451.292786 632459.375801 711217.008991 675590.44993
-9999.0 -9999.0 -9999.0 -9999.0 -9999.0 -9999.0 -9999.0 -9999.0 -9999.0 -9999.0 -9999.0 -9999.0 -9999.0 -9999.0 -9999.0 -9999.0 -9999.0 -9999.0 -9999.0 -9999.0 -9999.0 -9999.0 -9999.0 -9999.0 -9999.0 7568.80919189 531.427714077 39542.4125403 143308.492086 133673.580001 260225.865923 143248.731172 146719.230314 116547.228756 332331.317438 114690.041946 253736.304559 188858.623971 100468.199192 89889.4619302 68343.8596633 129403.918557 218870.876836 243383.971953 214029.017766 252713.337648 265102.222869 128988.633335 88055.0777187 72181.5625832 113328.930653 102518.011891 136990.194394 578370.922043 635595.786068 649138.226937 560747.232169 860835.048059 606543.686069 737655.151952 742564.427023 570223.995653 618463.904489 531772.747928
-9999.0 -9999.0 -9999.0 -9999.0 -9999.0 -9999.0 -9999.0 -9999.0 -9999.0 -9999.0 -9999.0 -9999.0 -9999.0 -9999.0 -9999.0 -9999.0 -9999.0 -9999.0 -9999.0 -9999.0 -9999.0 -9999.0 -9999.0 -9999.0 -9999.0 -9999.0 0.0 17916.6534517 144926.447064 112318.811102 162932.672911 133658.050189 112578.562098 72974.8659687 303989.174106 184419.375216 189760.77205 263310.464755 171203.464071 153385.251638 61140.3360498 48979.24841 217070.694482 252064.902742 159951.459439 164120.087875 140935.824219 136968.893408 141312.596273 131311.951904 91575.2564943 80526.8995311 116391.758058 619789.122279 440253.016397 475788.553415 788273.733522 856923.155589 816747.147426 791854.199062 776528.796568 584999.647857 514430.974714 650469.230192
-9999.0 -9999.0 -9999.0 -9999.0 -9999.0 -9999.0 -9999.0 -9999.0 -9999.0 -9999.0 -9999.0 -9999.0 -9999.0 -9999.0 -9999.0 -9999.0 -9999.0 -9999.0 -9999.0 -9999.0 -9999.0 -9999.0 -9999.0 -9999.0 -9999.0 -9999.0 -9999.0 0.0 16032.3637778 160087.720362 61347.8815024 30717.3054221 40673.0114735 70151.3577857 261210.387964 257566.872974 189145.557382 191390.113152 153182.714518 173940.497806 9507.35999146 140156.325036 173921.463718 260145.421053 163822.976441 131660.943501 148458.009151 208923.051419 131999.626569 136129.207529 156317.628432 118672.338935 112668.782548 557116.899532 709691.190382 920327.619987 1076252.09124 887966.646796 639194.338048 730712.255413 722538.02409 628693.566469 486369.727932 469392.65299
-9999.0 -9999.0 -9999.0 -9999.0 -9999.0 -9999.0 -9999.0 -9999.0 -9999.0 -9999.0 -9999.0 -9999.0 -9999.0 -9999.0 -9999.0 -9999.0 -9999.0 -9999.0 -9999.0 -9999.0 -9999.0 -9999.0 -9999.0 -9999.0 -9999.0 -9999.0 -9999.0 0.0 0.0 192298.056285 159995.128161 51049.8131237 20399.1022105 60707.3743271 148065.323871 257527.658761 290152.521107 308381.863732 281475.313756 131760.815368 27615.8531251 137068.081297 167356.199653 173600.497294 153118.035645 142943.895106 132580.657651 151194.205408 150527.810487 107157.471501 10199.5511052 139603.339649 566652.52821 806930.874046 962119.491961 878024.866807 664150.825501 839952.654218 695937.885804 762423.596757 732365.087887 498464.094718 574464.871744 588800.120044
-9999.0 -9999.0 -9999.0 -9999.0 -9999.0 -9999.0 -9999.0 -9999.0 -9999.0 -9999.0 -9999.0 -9999.0 -9999.0 -9999.0 -9999.0 -9999.0 -9999.0 -9999.0 -9999.0 -9999.0 -9999.0 -9999.0 -9999.0 -9999.0 -9999.0 -9999.0 -9999.0 0.0 0.0 0.0 127820.040841 61112.9110386 71301.8929905 71291.2584767 101799.64338 91584.8017971 268397.005909 277873.858363 296966.377217 145261.250792 100073.548392 160603.930107 154527.31315 173144.258972 142465.375825 407726.013005 407707.265161 356963.611536 377226.524222 393158.444926 419529.412395 140133.47227 992749.458916 598992.731315 460560.220344 561829.48789 489305.825977 804069.777523 854715.079585 616732.678264 494097.330889 588757.86903 647392.844945 513114.522246
-9999.0 -9999.0 -9999.0 -9999.0 -9999.0 -9999.0 -9999.0 -9999.0 -9999.0 -9999.0 -9999.0 -9999.0 -9999.0 -9999.0 -9999.0 -9999.0 -9999.0 -9999.0 -9999.0 -9999.0 -9999.0 -9999.0 -9999.0 -9999.0 -9999.0 -9999.0 -9999.0 0.0 0.0 0.0 127347.297272 30448.9713824 20313.8482825 20302.9388709 80964.2319872 182666.920975 172509.852176 285672.826544 268264.776595 106521.706747 122873.962044 170208.02486 22138.8413645 152255.919151 406837.443399 432132.337199 355458.26431 25376.1500171 295294.061287 472589.11787 322052.429034 343395.072809 1155618.89169 692363.709575 426240.136222 715154.259602 766137.867264 795075.361447 951609.976749 618447.918331 682664.088357 674506.407687 606554.83248 648338.344803
-9999.0 -9999.0 -9999.0 -9999.0 -9999.0 -9999.0 -9999.0 -9999.0 -9999.0 -9999.0 -9999.0 -9999.0 -9999.0 -9999.0 -9999.0 -9999.0 -9999.0 -9999.0 -9999.0 -9999.0 -9999.0 -9999.0 -9999.0 -9999.0 -9999.0 -9999.0 -9999.0 0.0 0.0 0.0 158734.463261 111219.748263 70818.4042076 30322.0060158 30327.5875976 131529.187605 161878.998684 180988.330659 237016.168498 116579.251916 157290.036866 110642.144995 12052.0234091 404961.248804 430449.627893 430547.727858 354598.982943 303875.321369 379350.373633 380143.57524 371412.162023 370358.857735 815571.854538 824905.29876 612495.067309 755783.072561 741238.886656 714516.097508 719510.500815 467648.509947 633448.636697 702144.729218 632885.787031 647611.948634
-9999.0 -9999.0 -9999.0 -9999.0 -9999.0 -9999.0 -9999.0 -9999.0 -9999.0 -9999.0 -9999.0 -9999.0 -9999.0 -9999.0 -9999.0 -9999.0 -9999.0 -9999.0 -9999.0 -9999.0 -9999.0 -9999.0 -9999.0 -9999.0 -9999.0 -9999.0 -9999.0 0.0 0.0 0.0 110746.546083 79110.825719 100796.056327 90796.6818721 30254.1754275 161275.859127 201137.725569 190947.911233 248924.611843 147960.032189 261161.51802 253446.560304 312885.031273 454271.200449 450885.665377 423459.497072 450758.020345 403515.242874 428689.670795 328044.32562 343208.036707 367062.745164 767393.556961 780613.861097 635382.771508 769511.552904 766534.737319 761607.887976 780450.78875 710240.033065 700805.737684 642890.59841 680151.466379 675173.557104
-9999.0 -9999.0 -9999.0 -9999.0 -9999.0 -9999.0 -9999.0 -9999.0 -9999.0 -9999.0 -9999.0 -9999.0 -9999.0 -9999.0 -9999.0 -9999.0 -9999.0 -9999.0 -9999.0 -9999.0 -9999.0 -9999.0 -9999.0 -9999.0 -9999.0 -9999.0 -9999.0 0.0 0.0 0.0 62989.6962059 78849.302321 30156.3742343 80395.7074647 80395.7074647 170946.506578 180849.940688 255217.575485 262002.625054 48510.5006045 90780.3289042 318498.179589 249376.891228 466833.606093 449553.492474 447474.340752 449233.07282 401845.58597 426861.85739 399377.963366 246664.564277 389384.287138 822114.991825 798249.778065 834492.422409 815582.369282 744394.513876 710642.951375 823536.835822 787162.490907 823909.919486 631712.418843 609766.069212 798375.593618
