critload/trunk/input/1999/nh3_spread_man.asc
ncols 720
nrows 360
xllcorner -180.0
yllcorner -90.0
cellsize 0.5
NODATA_value -9999.0
[rows 84 to 111 of 360, columns 128 to 191 of 720]
0.0 0.0 0.0 0.0 0.0 0.0 0.0 126305.865384 0.0 212997.649882 175421.323382 173773.30248 185988.848004 153051.495596 127398.466218 130165.769891 143086.970065 148429.092367 130536.364337 148237.347883 213620.264314 157859.483901 133941.218491 151633.734293 372870.996634 609856.68596 560827.353782 290340.075233 0.0 0.0 0.0 0.0 0.0 0.0 0.0 0.0 0.0 0.0 237223.146587 335536.353578 197776.775539 110730.526408 238877.565987 62204.4670327 14808.1241451 0.0 37365.7663609 184060.727038 0.0 0.0 0.0 0.0 0.0 0.0 0.0 -9999.0 -9999.0 -9999.0 -9999.0 -9999.0 0.0 0.0 0.0 0.0
0.0 0.0 0.0 0.0 0.0 0.0 0.0 95361.0941745 117505.398691 131811.478131 0.0 151784.160074 190086.799042 116605.48517 149484.198267 142238.858512 137507.43346 117428.806457 115366.94529 180433.00026 142235.017589 223842.504459 210998.006054 200361.312975 660273.653421 618621.088641 434902.147747 399793.409037 353960.50236 0.0 0.0 0.0 0.0 0.0 0.0 0.0 0.0 0.0 91194.2813747 370274.019046 140691.557421 141146.127193 257004.047934 0.0 284194.24672 224892.569706 0.0 106728.64464 0.0 0.0 -9999.0 -9999.0 -9999.0 -9999.0 0.0 0.0 0.0 -9999.0 -9999.0 -9999.0 -9999.0 -9999.0 0.0 0.0
0.0 0.0 0.0 0.0 0.0 0.0 0.0 0.0 103259.083932 0.0 0.0 0.0 0.0 0.0 97542.8258554 153308.975262 156306.273955 164894.307561 159000.443966 142428.33322 179913.171107 190740.201482 185253.902067 203777.011393 664315.323193 451473.402759 0.0 398418.080399 369246.796099 338876.304889 410005.959025 0.0 0.0 0.0 0.0 0.0 0.0 0.0 338359.109377 473038.814616 230127.308483 212469.73446 146581.022021 452449.924665 175341.430676 193559.324721 0.0 46487.8068076 0.0 35604.9521076 0.0 0.0 19479.7690657 0.0 0.0 0.0 56586.7085112 0.0 -9999.0 0.0 0.0 0.0 0.0 0.0
13272.9261966 0.0 0.0 0.0 0.0 0.0 0.0 0.0 100382.650139 0.0 0.0 0.0 192617.990535 130865.056615 202355.192214 176233.03549 184619.329842 206177.135333 191813.989519 190233.274654 187210.396713 189519.746983 199071.185694 135222.540037 631382.034601 414444.101857 430403.577213 371177.350121 366179.05795 536730.801117 591899.604108 346910.570718 0.0 0.0 0.0 0.0 0.0 0.0 0.0 342073.554507 180514.965372 246769.290002 172086.034808 490670.476757 133755.779731 128765.764187 297261.680144 0.0 1386.16223614 7579.56662057 0.0 28183.9247904 42949.3111794 58688.4205057 15827.7763651 36046.6032014 20318.2527097 0.0 0.0 0.0 0.0 21312.6023027 63042.668942 39332.7590441
0.0 0.0 0.0 0.0 0.0 0.0 0.0 91781.0089372 146508.138388 0.0 0.0 0.0 124197.060605 206518.161961 238276.824741 228105.130041 235130.024012 201193.104919 179643.827623 196443.799503 132900.973869 196584.955401 199424.106369 184978.467365 658896.602011 757260.591149 821435.973541 567219.831061 772839.975216 806507.494713 0.0 0.0 520013.136189 0.0 0.0 0.0 0.0 0.0 0.0 139603.883577 266559.312724 245079.890334 282641.689515 510177.731477 290573.976335 293735.338383 396679.167703 84410.2833683 321931.183551 32618.997225 629.421616932 0.0 100999.186531 153730.871157 0.0 29304.4175738 9296.33283226 58105.9629351 0.0 0.0 0.0 0.0 4910.08354009 0.0
17569.8721087 17852.2747489 35547.719719 35490.9120428 100062.452706 0.0 128587.721126 150465.876116 0.0 0.0 0.0 0.0 0.0 0.0 206255.612353 164119.753029 179512.998356 130015.900524 178410.838523 189416.776489 125378.202125 190338.35591 181294.5933 179599.384885 621487.273443 673522.496445 525470.849464 528690.254405 540026.003369 554676.444939 0.0 0.0 0.0 0.0 0.0 0.0 0.0 0.0 0.0 277683.72641 250258.508535 257614.963424 350256.798421 574956.112349 733437.134268 636632.2146 887770.959074 441566.880208 475978.149831 241970.227862 145698.550438 172614.045448 217993.891501 219777.757223 27323.5303026 120003.409302 103991.583554 0.0 -9999.0 0.0 0.0 173434.091825 112126.363663 14044.5786007
0.0 0.0 26763.5549774 26777.8161599 157200.901037 184907.209137 0.0 0.0 0.0 0.0 0.0 0.0 0.0 0.0 357635.387601 0.0 0.0 0.0 173310.591033 189603.564247 189896.20194 139578.907718 137834.656605 118959.056922 785987.897459 763734.554563 512499.949821 733763.983634 818796.448199 592399.591709 711591.815289 0.0 636558.078077 365563.005143 0.0 0.0 0.0 0.0 0.0 480715.315524 552503.130439 293760.774333 372416.335485 887881.110721 670624.925897 498887.286537 1062822.85701 398853.072444 535607.476101 515129.927437 391818.208035 564237.719336 344235.529064 202947.408198 206588.784511 485590.341739 121129.670711 0.0 -9999.0 0.0 343034.104899 397523.155756 44092.9915369 24074.8245811
54076.5088576 0.0 0.0 26990.5189531 80087.4244997 80627.2310401 87831.8378457 153833.862353 224138.362686 51071.9171628 0.0 0.0 0.0 0.0 106458.159065 0.0 204114.949339 0.0 116171.208082 132781.628378 109678.512866 135601.088867 124840.884964 174637.85645 0.0 724672.860747 820060.95234 806633.524303 629738.530411 684205.212166 846119.631986 1041551.35053 569843.811096 430980.209293 0.0 0.0 0.0 0.0 0.0 244021.563903 174330.034238 177782.946391 372758.052546 394266.12839 498632.064479 545025.879412 467799.628592 445831.870536 235952.842939 584868.007467 264424.853089 149230.018204 280335.615742 361328.167674 581120.272612 401264.456614 594013.807699 -9999.0 -9999.0 224730.993789 80885.3981701 207597.187336 69876.823822 76963.8953632
139973.89242 52979.7113299 27196.6402775 79417.3121786 161514.637589 119196.845803 160438.710016 264669.838467 388258.228894 196807.60477 0.0 0.0 0.0 0.0 76037.0768399 140410.299051 143465.400327 85025.7148257 110170.175482 134968.419159 97393.8381556 103395.21757 109852.124894 99335.2466659 564809.286313 613035.46604 670834.811459 543002.425011 790570.364104 731331.20951 549690.687427 0.0 0.0 0.0 0.0 0.0 0.0 0.0 0.0 353765.250752 511060.205869 112801.486597 259836.573959 572162.085092 896917.633795 311212.151162 617572.297823 303316.26439 762661.3719 174096.649617 411209.406521 313927.533187 250865.990206 347463.939174 758313.468982 381948.290726 195334.02912 -9999.0 0.0 319750.150274 142647.188766 180865.770648 204390.900489 153702.961275
296548.32539 228799.052788 179635.552748 185775.320687 111937.332769 118250.672025 255067.472446 483707.085673 170103.069328 73278.4261074 0.0 0.0 0.0 0.0 251486.096271 171830.286387 90815.3609438 98305.0350086 87805.7250142 88227.9247127 89953.7461318 88637.1259878 98590.9727936 112100.661403 689594.933214 751164.543874 472394.812154 557809.025107 610004.914277 588958.067055 0.0 0.0 0.0 0.0 0.0 0.0 0.0 0.0 0.0 568900.478226 277540.440691 396306.28946 149697.71473 440325.91347 206808.981246 336347.223623 424304.618076 692171.831572 774023.491787 1460803.81199 159714.63274 342046.150602 476933.069754 665163.661369 800458.286198 775047.341844 0.0 -9999.0 -9999.0 342220.055329 390008.520396 257053.529756 112237.274149 118640.990535
304390.734904 260987.99 478148.339218 401278.805386 383083.281066 257446.184892 337897.228839 344380.430788 190426.548881 56970.5477257 0.0 0.0 0.0 0.0 0.0 93981.639033 86048.2129642 87573.5592835 114748.009585 105634.221076 107741.624111 143182.914026 137092.880999 127531.469223 980417.946156 1068500.84693 1156899.92749 1142275.39621 1167592.37965 1161549.49314 942437.615123 0.0 1085181.2202 936852.62087 0.0 0.0 0.0 0.0 0.0 498507.481227 135990.737604 121424.887938 499460.841183 819659.081181 779342.723498 676190.411522 701500.329682 568373.269888 601092.133173 5634285.28351 6085336.94817 567330.783403 573722.679374 770128.094472 860004.166015 937561.649662 0.0 -9999.0 -9999.0 0.0 267691.10153 293460.785528 167299.07804 223743.798764
160802.112967 200803.625017 293762.250001 189763.444524 188757.672178 280334.861146 333001.808955 291019.259323 146737.757244 161112.271038 0.0 53824.0244897 63740.1159305 85057.0651175 61636.9228835 80848.4275431 82846.9380374 86367.1075323 91929.9377607 127915.532672 107851.421233 114325.803184 160435.095353 180436.151666 1027291.61179 1250430.5844 1329348.91785 1047542.70497 962851.529192 999021.893943 718679.449305 741968.589753 0.0 0.0 0.0 0.0 0.0 0.0 0.0 430916.725063 206228.266211 243100.828246 450191.61418 566057.294247 712039.62442 493413.53183 692901.796206 505904.187002 589104.62881 802294.363559 6574278.17056 981724.54891 220899.479065 117234.8097 115597.930861 321955.237863 0.0 -9999.0 0.0 255838.935593 274651.921451 269349.585056 190937.624648 404409.87648
90786.0449842 60048.6058136 10522.5771587 25294.4032481 21796.6063011 7886.23174096 77253.0805609 346545.012467 193994.793276 45198.5955474 55557.1790445 57799.1828125 0.0 75810.2763847 79526.0967433 81512.0316266 82519.1185946 115321.39122 117568.03277 131198.917732 138284.65575 104480.602024 185850.857675 262326.746516 1959457.53295 1839405.14475 1236145.56687 1147129.59165 1149546.52231 1079074.43177 854048.822828 796544.621243 0.0 0.0 0.0 0.0 0.0 0.0 0.0 0.0 394988.522396 490111.021116 290695.167432 411364.519997 440532.127527 357162.295824 357435.87247 333223.842057 541864.395055 441898.655352 522407.109759 151819.998665 391209.796699 305572.430633 114740.160663 83948.00063 60413.399872 0.0 499735.004387 199680.717742 198057.743876 174712.263698 209403.016788 302684.618789
53536.5334961 50373.100664 18406.5724752 15317.5556086 0.0 0.0 628.982245466 162672.123961 47797.0676038 20192.0373129 50510.2843887 96283.7381692 0.0 72451.5855351 107889.361863 74662.9544906 81535.8935584 0.0 0.0 0.0 179028.900845 126508.604625 127982.750997 264253.616962 1149492.12148 1256128.24815 1347838.42361 1352759.10637 1305691.22262 1283886.94263 1231484.87869 1102762.88878 0.0 0.0 0.0 0.0 0.0 0.0 0.0 0.0 479291.203991 405683.898823 264901.265354 290422.051207 574536.707 333097.395753 311886.584024 321614.127843 473597.665249 444981.616105 191409.117353 180007.726329 307963.061878 267795.933835 113288.004508 151522.513935 122853.622359 380768.846577 323211.710876 417293.655396 395384.762738 406477.373316 3774.08131387 3183.24568986
97561.8560559 209393.180655 24758.0998013 18127.3776198 0.0 0.0 14100.8838268 112817.890245 23415.9870394 13674.3097844 1365.6632728 2405.94993926 12267.9078181 0.0 0.0 0.0 279067.044623 0.0 0.0 0.0 0.0 0.0 512186.555446 483757.394247 505278.960297 530674.03311 0.0 0.0 0.0 0.0 1148600.99903 0.0 0.0 0.0 0.0 0.0 0.0 0.0 0.0 0.0 389282.585137 386537.787992 315744.239867 262269.877643 253785.442126 253478.202662 362120.938333 484205.827176 513209.778524 539452.52632 246033.572092 214330.088384 160978.311725 165594.419828 92579.3548174 75651.8457793 77483.3003729 235696.496198 391054.322877 608888.248799 398807.623267 415356.365644 4673.38582679 4030.59107279
93199.5718312 70900.5258795 35965.6673448 18247.33782 0.0 0.0 22820.9928647 56827.8310061 205627.990264 17651.5597439 14980.00861 229283.597192 192990.29421 45247.0126627 357218.205931 375097.158846 0.0 0.0 0.0 0.0 0.0 576050.098634 0.0 0.0 596391.889156 517673.26125 0.0 0.0 1328841.4629 1349702.64218 1145927.36844 0.0 0.0 0.0 0.0 0.0 0.0 0.0 0.0 0.0 0.0 149911.734772 139529.364761 117314.554234 117848.565327 112389.273535 99076.0266833 128510.435388 143730.379085 198077.977935 142673.908944 245374.179295 269756.579853 96014.6705751 88267.1497215 89459.4046637 109240.418838 328256.730413 408800.039021 348783.507689 362440.89942 345853.906022 4762.53722171 4585.74090445
60183.385904 12366.3169948 45433.6986505 28590.3843834 3258.40905368 211.874764766 8209.57352545 33551.4515404 159908.552315 35772.4955121 9886.13910408 0.0 121.928847486 0.0 0.0 244318.671627 0.0 0.0 0.0 0.0 0.0 266962.543002 520725.160811 622342.434861 841083.424153 0.0 487317.421507 659874.481557 3754041.73832 0.0 0.0 0.0 0.0 0.0 0.0 0.0 0.0 0.0 0.0 0.0 0.0 0.0 181240.523621 157188.309309 129454.447784 141042.823581 137384.500823 139756.236309 146153.740692 145537.543692 107622.35 274468.754095 137305.277668 97848.8288187 90171.0300255 90815.9313644 82914.6535572 390596.88342 443528.712684 615143.599258 333048.386876 651146.854316 4204.9202117 3727.82539969
20592.6563794 24816.3491684 42747.3600303 27445.9267441 981.240600893 0.0 192172.002177 83223.5670603 199710.293718 26644.2267399 54414.0251581 9170.79701706 1219.26383757 574.624724468 624412.714124 0.0 0.0 0.0 0.0 0.0 0.0 261723.1648 396460.601607 552263.847529 646021.464912 739560.091504 0.0 0.0 0.0 0.0 0.0 0.0 0.0 0.0 0.0 0.0 0.0 0.0 0.0 0.0 0.0 0.0 161538.215532 186826.597021 180706.347522 164062.759401 184157.783129 182304.421018 191673.196268 194307.530927 197444.643817 299523.301826 108404.056521 501762.453794 495420.378879 572428.617137 96703.535208 585646.021247 1102957.79025 909350.618563 311367.869415 573236.540028 3079.56991874 3259.61565693
40016.8643763 46590.0131059 85037.1776198 42336.6731376 0.0 0.0 24943.5853593 129425.281289 39519.5412981 3467.87368248 29.8786424121 0.0 1893.54282138 2506.98925871 0.0 0.0 0.0 0.0 0.0 0.0 0.0 0.0 479866.462584 595924.673231 625481.873683 641405.694923 780896.75952 0.0 0.0 0.0 0.0 0.0 0.0 0.0 0.0 0.0 0.0 0.0 0.0 0.0 0.0 0.0 0.0 184170.409324 169672.776067 171874.519117 184471.630273 196082.389825 149343.214412 191392.791608 176696.135936 106254.669909 274931.112611 711002.052835 322561.339219 73587.6687197 424899.999644 258665.803208 567442.613882 560722.835372 590208.568305 1177131.22464 50637.0853033 45408.9090104
38723.1614298 39038.0105792 46669.2019696 105877.904355 0.0 34837.8295528 39494.5310899 23802.6462551 3627.04243412 818.64797574 122.888920093 0.0 2288.78372939 34288.9683181 570732.481554 0.0 0.0 0.0 0.0 0.0 0.0 0.0 589831.717105 901350.300006 848152.11191 681677.81261 772155.410554 0.0 6080309.26702 0.0 0.0 0.0 0.0 0.0 0.0 0.0 0.0 0.0 0.0 0.0 0.0 0.0 0.0 149217.288331 140725.470322 96414.5452092 124685.693283 127360.962317 119159.629278 6029013.43972 6780651.68023 704345.855228 264086.96381 328650.538208 99751.9892088 242138.675583 817200.346729 419373.202874 698495.795237 1448812.84643 47692.4540891 73171.1349275 52301.8577345 72870.4477757
28244.4984741 28294.7284136 37706.738812 96953.6583817 34508.9100702 98223.6942665 60635.0974495 13925.174641 3190.05898118 7150.85665096 219.333982427 209.152387701 15757.5388911 88042.1841544 0.0 0.0 0.0 0.0 0.0 0.0 0.0 0.0 794213.912776 636102.264371 799986.829084 733174.617141 692596.989748 1084470.15391 6251037.4578 0.0 0.0 0.0 0.0 0.0 0.0 0.0 0.0 0.0 3698703.57772 0.0 0.0 0.0 0.0 168480.79502 119042.497098 132878.728376 115058.701081 105756.38893 108074.722021 70922.2228983 110912.611264 173517.740958 179882.62658 305630.411722 277617.041944 568832.294471 71832.6959033 76856.4488484 40311.0820928 57120.3367388 43552.1379392 67988.4371445 74736.3057615 60982.2783426
28391.9978053 39663.3465153 47609.2481301 68303.1854053 9670116.96825 37899.6461084 50425.7436128 32446.1817789 1307.39165192 0.0 198.896965921 0.0 0.0 0.0 0.0 0.0 0.0 0.0 0.0 0.0 0.0 0.0 0.0 746954.933193 755972.200038 780474.00225 819862.697 1132374.29034 6157628.64452 0.0 0.0 4518211.63178 4510312.79864 3144468.98125 0.0 0.0 0.0 0.0 3490812.85462 3412317.61448 0.0 0.0 0.0 196305.696015 159675.109586 166037.338369 136532.443556 108661.560757 90446.8824535 71225.1569262 81471.5114916 93984.6121538 203415.952395 345765.013644 223112.408626 45201.8967783 39303.4481479 44186.4067849 36319.005327 47300.4252837 55673.6622938 47408.9284798 61657.9226433 24853.7602451
28662.7308819 38554.8957639 21151.3250379 98537.9202263 0.0 0.0 0.0 0.0 0.0 0.0 0.0 0.0 0.0 0.0 0.0 0.0 0.0 155368.231269 0.0 0.0 349136.707377 0.0 175815.347437 329626.012786 287873.91799 410613.689214 3274583.91604 2336495.40759 1562112.11217 2247267.44313 2124931.59126 1885227.25329 1576885.39943 1086255.52304 0.0 0.0 0.0 0.0 0.0 0.0 0.0 0.0 0.0 141252.502997 139748.019975 121706.736609 101584.574532 96467.7029584 130712.226392 78825.4836294 100959.950455 161804.533373 181652.376365 189319.222114 73055.7547447 49518.0542571 43556.5497792 66597.7963271 65956.3935805 65437.018483 57018.8226706 25950.7558664 14714.989449 12391.8944591
94269.2225919 32883.9803021 34340.3277209 38831.332447 0.0 0.0 0.0 0.0 0.0 0.0 0.0 0.0 0.0 0.0 0.0 0.0 0.0 287646.385719 0.0 238119.265768 245832.727399 0.0 447904.868112 298618.796893 338811.654756 829038.435261 1456067.8136 0.0 897258.603335 896824.265509 771100.854882 806846.870629 1490025.78361 1565740.30004 1520336.54825 0.0 0.0 0.0 0.0 0.0 0.0 0.0 0.0 165138.622177 88904.4038328 60775.2205203 110272.961217 157360.073543 115553.751503 60901.0410483 179622.050917 162613.189037 157473.901002 102170.882424 87045.0169758 162849.758778 298297.317051 278618.91651 206754.730123 174593.059377 255607.553543 71929.9581415 98983.4874241 145791.049173
32611.3929831 26497.3099286 96432.8460151 0.0 0.0 0.0 461707.621309 0.0 0.0 0.0 0.0 0.0 0.0 0.0 0.0 0.0 0.0 261741.341837 0.0 295189.305712 0.0 0.0 333806.610632 274136.175418 294364.045704 409545.238251 1219033.0767 1092189.59568 881079.841756 727502.217066 767664.790424 772504.643467 1527258.75765 1489968.19962 0.0 0.0 0.0 0.0 0.0 0.0 0.0 0.0 0.0 118540.158321 91873.6790544 93285.6220565 83938.3373438 160676.82296 92407.3852865 147681.385493 97927.0188212 116454.578658 146130.84007 108995.989602 117116.584479 196484.892746 199278.933264 135770.033446 165397.642986 134662.145895 76028.9636694 73333.5866531 173341.166131 206613.388373
35739.1328187 32876.2976093 110889.7057 0.0 0.0 0.0 556193.531397 0.0 0.0 0.0 0.0 0.0 0.0 0.0 0.0 0.0 313598.264906 281422.230106 297724.138437 435711.452158 281882.229197 275958.60592 257982.79357 0.0 378990.15114 400333.737458 1226939.67763 648119.611238 589586.657702 775404.114845 584197.365496 671146.744849 1753435.15399 0.0 0.0 0.0 0.0 0.0 0.0 0.0 0.0 0.0 0.0 295409.99665 169160.336001 222495.618448 180677.409922 179199.738988 99035.8257859 79289.856305 101204.519192 140873.425848 117226.991824 87706.5831615 146536.103481 195398.518381 187584.426312 92518.1193409 68690.1776403 113429.376411 85840.297497 146748.494935 199813.045971 54922.5359274
40012.9700772 32450.231268 88498.0247227 0.0 0.0 719807.546763 0.0 640305.072983 0.0 0.0 0.0 0.0 0.0 0.0 0.0 254083.714235 230825.392211 0.0 0.0 436601.93012 290732.240923 0.0 0.0 377235.21738 540095.148936 1051053.23394 0.0 0.0 796170.939245 559790.730378 641322.795244 723132.266443 1674855.85336 0.0 1487187.79635 1700302.47827 0.0 0.0 0.0 0.0 0.0 0.0 0.0 58977.6329622 43789.8825553 120447.1782 293493.288056 279745.361681 105426.455993 193119.281901 136489.09987 57589.813599 46923.8195348 24258.2465662 40123.6805984 18697.3528123 0.0 0.0 0.0 0.0 0.0 0.0 0.0 0.0
48733.1144166 54338.633227 36223.2934332 0.0 0.0 0.0 0.0 0.0 0.0 0.0 0.0 0.0 0.0 0.0 223516.114171 215932.166868 267956.346064 0.0 0.0 280302.736552 303620.216694 0.0 0.0 0.0 535226.872631 1304339.15487 0.0 0.0 0.0 870334.950235 556742.896586 905085.550798 689913.991203 1367261.59651 0.0 2347742.08984 0.0 2640039.21923 2732156.0635 0.0 0.0 0.0 0.0 97598.2996246 85906.7592677 197497.714428 210491.10427 394117.515483 173460.791864 213773.419507 69192.8066781 66742.1081469 47580.7437362 47527.5611197 74415.0943481 24204.9462297 0.0 0.0 0.0 0.0 0.0 0.0 0.0 5508138.44777
