critload/trunk/input/1999/nh3_graz.asc
ncols 720
nrows 360
xllcorner -180.0
yllcorner -90.0
cellsize 0.5
NODATA_value -9999.0
[rows 168 to 195 of 360, columns 384 to 447 of 720]
140240.753325 43957.1469113 5590.90800789 275334.439317 508583.041441 362968.135585 220093.078891 232993.645142 149126.042276 186421.653753 74612.0845695 74606.7592622 0.0 0.0 32155.8093777 36138.3872317 34555.612652 66252.3852032 74499.3272656 74507.6565924 0.0 0.0 0.0 0.0 0.0 0.0 0.0 0.0 0.0 111841.780798 868287.165534 622376.742419 569433.93136 660066.180349 630888.370898 672577.225738 738549.13697 761807.508841 762335.767971 260119.880231 263807.718836 963012.321635 0.0 0.0 0.0 976853.322621 1530226.16894 355179.039762 710280.341104 265927.149647 534125.150656 875448.34656 593470.315948 444680.538917 864484.565039 828751.721873 710453.765707 769584.307018 947143.757118 887995.828411 769472.269598 888081.813815 945601.48085 945840.548287
50561.6389998 39368.5480751 19835.4667932 83149.6589074 580117.619349 335548.019077 111944.062447 186611.842823 223953.157359 223729.857466 185282.578847 149280.266373 37336.2057046 0.0 71312.8825193 59874.6659669 23756.0829503 37216.7209954 96359.3959986 69576.2655068 0.0 0.0 0.0 0.0 0.0 0.0 34876.9068583 2057.43862376 83206.5623805 0.0 424331.129359 634005.112455 651706.663676 615504.4584 621101.959543 606365.613131 627060.60285 699643.758014 730721.557385 0.0 0.0 761705.233056 762648.353185 743123.954799 647264.11018 884793.618126 592760.752608 1333215.28868 532516.133143 633076.044489 559672.971692 869531.239976 1007113.06449 710868.266628 710939.703501 1331813.71771 1007380.85365 1333322.15806 947987.777992 888667.460843 829448.497038 829328.429381 888601.84444 829462.98213
180464.217754 132869.642568 89257.8642669 168421.265163 329231.676822 316338.387757 223844.543071 175359.738933 186759.652572 112054.849706 111871.934226 74681.9296882 37345.6340628 0.0 6384.53625272 5234.14229627 5582.26019928 70449.1613041 62768.9758114 32514.5972111 15488.0731198 65077.7413089 10882.525565 744.307119909 2126.97616285 2126.97616285 0.0 0.0 0.0 0.0 1963.17224967 330093.017146 992614.497318 639427.651196 994931.421426 913271.827193 623826.736783 968560.144839 987255.503942 532187.24861 924796.711765 606759.580281 583322.452405 858188.659075 652240.753716 652112.677101 547509.39882 907552.05763 59309.2418694 827974.401142 351357.190808 59273.4203451 355647.933786 711412.837324 948587.24401 889204.12289 889197.128812 1007952.47551 1660292.83877 1126550.38408 830111.507143 829987.453441 1185914.25694 530285.415806
97925.4455366 101175.498981 62740.172019 85839.2915577 137315.157309 302810.614634 232188.213228 178562.606873 0.0 37367.8111868 102358.576806 111636.834731 67667.1485026 5068.2065052 6250.84645212 2030.85024793 3121.29093418 5621.51416445 4439.13081878 1128.76930108 42493.6252785 1246.787371 0.0 0.0 0.0 0.0 1275.6098175 0.0 2129.20896252 2129.43527773 1908.42954096 2028.41560468 13299.3230839 6412.01784325 10312.8619681 10528.3025892 609118.022154 622341.605209 542776.639701 630263.969992 558614.717573 893231.763247 928868.118004 799236.118314 633235.754542 640453.711786 640408.623957 548556.170708 365947.882358 640433.576741 948206.825344 0.0 0.0 0.0 0.0 0.0 236178.139049 942911.150107 1535224.31801 1839207.25811 1225729.90749 432456.792453 589521.556646 589329.820905
126360.486035 88828.7929146 27085.0730711 0.0 39356.2019595 0.0 34418.1457889 25341.2311052 53692.9483459 0.0 0.0 90754.4970804 101125.40482 12230.5876955 16449.1651898 4612.37138376 4946.03263925 4259.9572736 0.0 0.0 2841.27613399 5794.48160511 1783.42189748 2342.51671931 0.0 1467.33848549 4157.19978514 3256.72643507 2683.18649963 6390.45914747 3933.92133526 5977.93409853 3210.71624952 5298.82893103 2130.88745118 6444.84654321 7250.57252824 526236.855264 1630359.24016 697160.67665 915016.90066 826696.805224 1699896.38938 1416527.84438 739059.122284 640749.643965 640810.974336 486681.259491 351491.453256 595053.407245 640832.776431 640837.586018 415671.517959 266040.72994 0.0 758794.352203 640780.417162 635132.471736 636687.81024 2901199.53529 588115.613638 589173.148717 589826.563314 550644.201597
109314.684021 0.00105956004455 0.0 32136.2397159 0.0 31303.1682249 20636.6625163 0.0 48108.9906405 415.18941676 0.0 0.0 415.292116915 7796.74507413 4467.14500887 5100.38611872 11508.1038971 8927.89544641 0.0 0.0 1797.75647139 1708.73844756 0.0 1263.55059357 0.0 0.0 1540.20608309 2390.30244536 1688.50924455 2723.11827222 1425.70253851 1315.64247394 2131.95661507 2062.45986204 4263.05292883 5907.18773649 4143.71644476 213181.073815 683418.466367 435632.073052 686667.087636 362917.414763 526165.169291 749738.492902 1261082.69758 549502.701255 595363.327982 616327.191275 347927.140477 595378.604532 595359.533302 641162.245281 682518.259672 711051.151435 681338.838385 594851.971197 724997.150107 641207.712171 973979.288087 590165.745651 609428.052038 608832.488274 590224.719035 588739.395313
51093.5291224 20086.2651153 69198.0262255 36048.1724819 39690.3401114 0.0 42129.4709886 0.0 68548.1381674 0.0 0.0 830.920383743 682.064140288 1562.66911015 7990.79919249 8394.61596232 7271.14315798 4545.45925286 3077.38398143 4031.24307848 9903.65864972 3766.08303573 1101.8746504 2111.97781951 0.0 1971.97562676 0.0 0.0 1316.63520665 0.0 6523.93955434 17478.832863 4171.70524315 3770.34256113 2132.86415234 6255.26606755 28581.5085046 7944.56614974 617757.228313 747413.475611 552231.130477 631850.216881 318825.149189 961952.423109 525325.564489 1008689.5031 595637.17275 641430.860644 540019.677764 451904.600733 641494.697704 595649.245625 641469.643023 641441.115658 686257.313131 725693.044173 883977.125582 977979.871926 570652.029638 570896.37997 589898.231519 610209.03828 610034.662694 589948.348827
1858.61224065 411.111670762 46938.2463984 0.0 82865.033772 45637.4507797 63525.6028623 0.0 415.646670815 0.0 831.271057284 2077.95529867 6875.0975934 0.0 1713.06446373 1792.83406817 5303.57468319 3672.12502322 3477.01957297 10600.4894201 16178.8633149 12615.426408 8265.45783447 0.0 0.0 0.0 0.0 0.0 0.0 0.0 1800.63293201 3987.05039566 3022.61334849 0.0 6400.48455082 8221.09111846 24748.8710792 18276.1450537 742965.464047 0.0 405900.948911 683752.363315 766097.216031 1462541.19314 1405826.02222 1282873.70091 647261.648995 641699.088795 595716.331195 550029.448712 685626.800084 687572.640266 687567.084787 978776.912322 1080688.09077 1025806.44743 779247.252972 769024.601607 590810.566856 590761.636898 589344.827377 590508.943606 590821.86418 590805.108208
940.574354627 940.574354627 415.743531954 276.644948864 415.667513883 2679.78016255 2494.10479004 982.950276332 1075.88318104 0.0 831.469177303 5404.25674083 9382.49148728 0.0 1445.34182331 1628.2988135 1709.52404398 3061.49961311 1815.69630539 1218.45872038 0.0 1754.4755562 1661.13428584 2025.79050002 0.0 0.0 1350.31476074 1754.34435788 1818.31294932 0.0 2133.71705525 0.0 0.0 0.0 17071.981193 28367.6334422 830432.366253 13055.4555273 177470.756893 324862.919424 750593.46911 641780.20174 551384.771669 1402796.3023 1380557.88311 788972.950058 549750.119387 711278.233986 596051.188412 612169.72709 641913.531103 1030536.54165 1082097.00823 1030598.37606 979034.011339 979013.599893 916985.020799 779485.889941 590952.055697 590997.530438 589142.1218 590993.444767 590986.213852 689492.637976
1411.29835084 0.0 0.0 940.84728282 1663.21737085 415.776016097 287.985666154 352.901111179 805.886306279 0.0 1247.4747628 1078.5394934 3177.07679856 0.0 0.0 1269.31960158 0.0 0.0 0.0 0.0 0.0 0.0 1331.16187342 3746.29388587 1846.49657231 2055.06453358 2860.937614 0.0 0.0 0.0 2055.22665343 1661.03313641 0.0 0.0 11681.7649094 21547.5412956 946142.974873 290129.498911 295588.541065 737136.167635 969426.918849 879928.77413 906120.908762 630077.106654 646294.721808 268471.805206 163299.501566 529029.569366 733796.129858 611920.198444 642056.820074 979251.478437 1030766.62849 1022124.99672 1064343.20774 927698.867702 917199.467182 825467.110917 591074.967264 591127.410232 590589.010812 638638.612427 696541.939192 682759.251457
0.0 1363.76490409 470.50746816 470.044226069 171.093165649 635.109633071 706.549727231 272.695313026 0.0 415.892242074 2849.60000588 1420.63724672 0.0 0.0 0.0 0.0 0.0 0.0 0.0 0.0 1497.35032938 1599.68835966 0.0 4693.45234542 9910.16383666 4997.47171501 9340.6833094 0.0 0.0 0.0 0.0 0.0 0.0 8381.27850329 19961.8426116 25955.3360894 412489.165807 108314.893638 103699.954148 195936.692413 819955.14533 868870.565493 1147784.06609 635540.23947 42738.4454465 48567.0953384 212558.794309 494692.826604 618444.737334 618369.371129 774980.990657 681736.7615 815223.464448 1029195.32919 1134047.68797 1030952.7959 733879.409059 733186.233631 591221.771152 571511.471937 512384.588159 619793.939527 624856.290216 157409.510364
3292.66655657 1411.58377988 1411.58377988 1411.57449831 415.91064606 1802.39238222 2500.6665354 1225.84334215 805.066715433 831.819370417 2402.75744046 500.423597807 1618.21143433 0.0 0.0 0.0 0.0 0.0 0.0 0.0 1724.20903655 1541.65370368 0.0 2834.13616421 2756.86021949 1330.82475987 7858.62998162 1362.27826075 0.0 0.0 0.0 0.0 4269.91048833 3165.40508012 11002.3940919 14656.8212183 220631.186551 134733.250819 597924.995226 685228.465979 339913.714708 444353.028048 769519.37419 35756.8609004 38911.3194287 26119.861873 15875.3891066 274731.524841 430645.51625 814191.696867 605454.78526 449138.618326 884833.867621 860463.991477 927919.985592 927926.041232 779144.250393 733417.770347 670099.788068 591262.992102 1021136.29551 567309.211098 161562.212542 -9999.0
1411.03207025 3293.68548012 1882.0995262 470.518463888 2314.46714448 2708.34491169 2566.59375618 4836.24105256 325.54014163 415.91064606 2797.77486895 7445.82625002 1945.19041551 1789.7084142 1409.98357188 0.0 2041.60243988 3312.38366211 1585.08015871 1678.94011393 0.0 0.0 0.0 6021.92332529 2565.52334431 0.0 2319.28017038 1219.9844036 0.0 0.0 0.0 0.0 2134.89548784 2848.61787146 7824.83620281 85012.6691806 79691.7239539 333193.657936 335265.201347 214620.263017 48120.7382158 -9999.0 -9999.0 -9999.0 443.353076044 109465.076232 24759.7392302 139284.934737 266556.188882 745091.918441 746702.052629 377760.096505 829397.088831 458706.950669 760195.827693 1126577.65304 779806.591485 687481.457856 625550.477064 478459.464392 538643.510935 198359.989493 -9999.0 -9999.0
3293.27081993 3264.7936812 470.483386262 428.7295452 94868.4828294 8252.6740282 8348.96213111 37550.1256655 3455.02403532 1170.49462907 4639.41881809 3842.7100837 3100.77062305 2134.6668962 0.0 0.0 0.0 0.0 0.0 1883.16248173 3321.64987562 3421.47810248 1846.38032255 1522.66394164 3014.9136422 0.0 1236.44683371 1589.14024976 1355.80623384 1230.24636608 0.0 0.0 1943.88029137 15112.0264703 6859.70842475 20181.5054015 358446.084289 513084.447772 105200.987526 295736.907122 -9999.0 -9999.0 -9999.0 -9999.0 106950.185997 629.210850773 36970.9946093 322291.94425 563441.450633 571802.581215 318763.872544 446835.594772 288024.133998 1088360.34376 642132.799301 926764.732572 764747.362841 642129.110594 2803449.55188 2377549.48393 243210.369345 -9999.0 -9999.0 -9999.0
4598.70488172 1880.15407663 859.767164864 2533.81309445 11341.8310578 10870.8556023 39349.0003438 4841.8774322 37889.3528303 3533.40199521 5677.68009799 0.0 2134.61207215 2134.27402211 0.0 0.0 0.0 0.0 0.0 0.0 1752.75817851 3548.87307736 3783.55967288 2000.37596599 0.0 0.0 0.0 1616.51418408 1754.93831674 0.0 0.0 0.0 2134.35104136 4971.0997709 7424.89235876 123238.296015 718797.395675 191054.013543 369602.347467 138937.954674 -9999.0 -9999.0 -9999.0 8965.70906171 105300.814425 59307.7224921 437046.603013 621520.849318 569391.26692 766965.640217 538072.537868 374887.514505 359329.868442 766500.004816 731459.15786 761717.005912 641868.153883 594506.426919 679601.239407 1915615.49862 -9999.0 -9999.0 -9999.0 -9999.0
940.634099477 1851.21709907 1821.54163499 2383.45456962 11881.1378075 11890.9721556 10726.4341873 9057.29842344 5752.00262205 8614.20524665 0.0 3792.67833569 2573.03756295 2107.6688007 2134.10727352 0.0 0.0 0.0 0.0 0.0 0.0 0.0 0.0 0.0 0.0 0.0 2134.19188088 2133.92079586 4267.73251271 4267.53844694 4010.93676138 1987.78244466 5823.70015067 11075.2061162 155721.650695 7530.18122265 334890.6539 357173.171285 308887.138737 38760.9889538 -9999.0 0.0 3904.30153631 148982.366094 191665.386415 200640.685918 341008.374404 484365.612809 605244.586187 654069.169642 564718.494957 279822.952127 364229.331064 541041.967438 687746.107349 641922.612253 725409.810116 359324.708647 426376.578305 52119.1273292 -9999.0 -9999.0 -9999.0 -9999.0
940.190800208 1924.795102 2819.27809889 3681.98948916 10604.0058683 10672.5454166 10527.8020723 10451.9784185 22095.6780128 1863.80613837 3852.24256378 1890.5771978 2284.28907412 2133.61006299 2133.13011539 0.0 0.0 0.0 0.0 0.0 0.0 0.0 0.0 0.0 2007.69871424 0.0 0.0 0.0 4267.10573531 2133.61006299 1335.28946067 13436.925311 15540.0549457 13928.7523274 318062.711863 23418.496167 413578.030708 1161373.71149 407541.666445 118965.990889 42157.8623133 8878.54793695 26680.0136787 177789.132292 307502.096781 228388.677893 544372.661731 28854.3608551 761428.291373 647563.631468 894632.940135 710619.115474 548465.022207 91682.3569527 924283.562836 757130.421116 517939.252844 208203.991381 21650.1950277 -9999.0 -9999.0 -9999.0 -9999.0 -9999.0
3689.916286 3222.22704886 3739.14557025 4465.83355248 11357.4032081 11166.2412045 10991.6915922 10570.0120134 18342.2105134 3977.5554767 3985.94852704 7325.55026381 7260.77555011 3621.48573364 0.0 0.0 0.0 0.0 0.0 0.0 0.0 0.0 1704.67600418 0.0 0.0 0.0 1988.36228964 1782.78577721 2333.28165497 1232.70246469 2642.6636896 6988.21198373 11839.605047 18090.7539419 416411.988377 62165.7331448 208846.811705 353705.011293 396226.482623 162189.913148 212531.819837 112363.420563 113231.073924 201720.729626 214491.224911 115695.67144 57864.8351121 0.0 70428.763772 705259.966417 908603.276664 555533.195422 169787.655497 0.0 918115.093804 549826.072526 158622.059989 32381.6104869 -9999.0 -9999.0 -9999.0 -9999.0 -9999.0 -9999.0
5342.94834034 3695.34227998 3321.82051503 5778.89791162 8189.9450913 10917.0694304 10903.7366257 9665.97267442 11782.8253496 3429.31612093 7797.71339208 9041.72399115 16001.300964 3934.74172315 0.0 0.0 0.0 0.0 0.0 1880.54363725 1654.34998948 1963.43817479 5145.69920411 4157.31485874 3046.35895487 1974.23054575 1929.50182028 4655.62887067 3227.69237532 1994.87948473 4262.33926762 8266.86362561 18978.3184226 12514.2996288 391069.469965 190731.664185 161007.371348 508886.296293 373309.615776 298829.458712 278283.556757 271058.973166 342466.389841 191266.738913 351818.611427 461504.515967 38806.1048289 265495.080433 374849.566688 268110.544629 250141.566349 561738.156472 481910.031945 136009.013596 726565.778965 276789.685665 68360.2593983 -9999.0 -9999.0 -9999.0 -9999.0 -9999.0 -9999.0 -9999.0
4921.45960871 7908.89460514 39618.1613683 7576.5060816 5266.08097351 9533.32857619 9842.11207697 39458.9022576 6181.5541226 5676.43523157 8000.96894059 16221.1916005 12532.3917182 8017.62039034 1991.40390535 0.0 0.0 0.0 2007.1084356 7860.78524038 3974.76810043 0.0 11611.4005895 15811.5720746 17557.8122613 15151.0477083 6107.75825324 9229.32765191 2935.86944155 1598.45400274 3631.843458 3626.29721775 12782.9374895 16854.1516469 103532.564484 247461.009029 423127.872895 163041.477533 341573.201987 252084.124628 243056.422689 293261.875122 122924.242477 508149.822678 462149.870901 490390.746485 415922.204209 329785.650834 530723.994283 410210.517702 532176.462529 318762.808051 606020.436561 604914.847716 630068.96929 262534.419978 -9999.0 -9999.0 -9999.0 -9999.0 -9999.0 -9999.0 -9999.0 -9999.0
4464.80533139 7562.0029608 9434.78440329 7657.28193398 38649.7025509 6066.10694805 31091.9731454 16394.2723316 19761.6360393 15329.7872111 3686.44996025 5216.4536285 9050.08369182 5244.15106267 3423.88933642 5526.94217947 3125.47825878 4506.99095999 3603.08791961 7693.58530901 5943.66633356 3642.92353195 1887.12252363 4257.72171648 18304.582053 29432.8951671 5907.56494115 3908.73156087 6670.61840622 6278.39834642 4526.83620492 1809.84705318 12274.2597776 14777.9710886 3554.58244289 242594.679822 258806.279871 188905.61299 316491.765926 163474.682187 377306.769141 331671.27603 218623.076424 371217.745727 221364.489463 242344.703092 273219.276317 300201.307612 435467.009226 676044.970891 666275.192661 356431.237236 562770.144668 746067.326847 392614.819119 139301.30232 -9999.0 -9999.0 -9999.0 -9999.0 -9999.0 -9999.0 -9999.0 -9999.0
4997.78348144 22495.8040761 25760.0686805 21345.8379508 25111.2839083 6204.62415735 7432.79248587 16666.1962397 18986.3743768 14136.7474449 10076.3241028 6174.30919037 10883.6057061 8196.84917414 7703.85068617 3284.8153016 1945.57611886 3950.67454152 6345.63815065 5596.2077609 2665.95186609 4809.56075507 1283.57224294 4094.97304303 14216.1679965 22407.6172481 4003.0375828 2054.15066025 3346.94307587 4632.05767687 3210.14281648 0.0 6301.74335784 16434.0648624 0.0 159321.566538 220514.290987 461189.017179 342430.468524 78168.0892708 208636.897042 368667.985751 335199.750768 259481.420797 188193.877822 293724.750291 518827.542758 591773.149678 721073.89736 736605.596705 751842.292516 751226.357648 214222.620072 315011.399865 222911.042667 0.0 -9999.0 -9999.0 -9999.0 -9999.0 -9999.0 -9999.0 -9999.0 -9999.0
41897.4476219 8879.39507265 5702.72383934 16331.5696825 20709.1714948 19436.668342 9218.95105206 10630.7282242 10630.9991195 2126.42906053 7950.17898916 6225.07440453 11228.4305237 7877.77732965 21068.0678446 12454.7979647 5784.2263012 7718.67218876 6490.31875114 4318.13596402 4241.4327125 3418.97550775 3799.47253454 10396.4516898 11741.2832865 20177.2579454 12577.4680547 3184.6478106 5941.10356517 5093.75631616 7188.82279332 2125.28534352 2125.86716141 4250.86169083 4250.57068705 62151.5736651 396491.273505 279370.770441 200720.801023 107563.729201 158746.703433 180628.263222 357438.681348 395173.209824 459500.086381 211564.582254 497884.610463 286237.011188 438837.057686 433442.328514 464985.053787 240467.357537 248663.480072 178946.768502 78528.463392 80951.2997513 -9999.0 -9999.0 -9999.0 -9999.0 -9999.0 -9999.0 -9999.0 -9999.0
47508.1126574 9591.99933014 15565.2884275 25378.461628 16598.0192097 15133.127812 18707.7786849 8494.36329997 8892.09367032 9860.75209367 13652.6166052 6090.03099997 15847.9764221 24582.7006639 24723.8799424 12580.0010777 8852.2744103 7887.66962809 5400.92512843 3764.83553242 8251.49376874 8957.36282481 13786.5968215 4629.30994843 5693.30639491 15788.2742802 5983.27980414 3883.50623621 3419.59830141 13174.6226449 16323.1160791 8401.30578676 3818.27202488 1302.38343793 6063.17734405 36164.9164575 174595.440156 139547.663895 229525.579031 357477.041341 425365.314643 311053.229301 429856.532985 325658.480035 438549.61253 410963.683484 504186.80268 108577.465984 442692.831101 436835.974197 257024.302427 55984.6993657 210173.760349 317477.565021 36559.8360691 -9999.0 -9999.0 -9999.0 -9999.0 -9999.0 -9999.0 -9999.0 -9999.0 -9999.0
15341.0754989 66595.6925602 64274.3541627 61152.5335196 31641.1157315 50425.0442705 63427.1753871 38494.1449945 26083.4066914 13228.8214951 3853.05801941 4022.85425851 7645.4096113 22845.3899307 15355.9757318 10051.9516811 7484.85685936 10680.7799858 4955.62060734 6967.96802189 9449.7974788 11016.3217253 15181.6146599 39139.6029206 7667.26991531 9533.76857859 9651.20754338 3898.02835013 1732.04963497 8250.71151106 5774.62279646 5738.53551792 3528.23605171 4245.88370474 3987.7404958 11851.5877311 289654.236544 130836.227272 95132.4377466 386412.520641 585196.667055 495129.814166 384457.883887 399870.315227 568962.258486 555468.478338 428446.934679 82657.1541031 186382.938057 310217.806055 272967.071831 328113.943693 233742.082072 235283.714524 126182.76634 37834.8021485 -9999.0 -9999.0 -9999.0 -9999.0 -9999.0 -9999.0 -9999.0 -9999.0
-9999.0 3014.70108142 53312.5101502 69292.0958483 67196.9246798 61115.012038 57590.7113777 34363.5695903 25978.0013513 15574.0196157 2121.06578845 8481.38650348 2119.24084938 1987.48518067 6120.45144431 2121.06578845 2119.24084938 12816.073925 11842.6562237 15175.1823188 7976.92189671 7663.53334302 7981.18938961 25562.9268677 13321.7048803 6096.55233057 11351.4756937 13216.242524 1355.61180764 3204.91275357 1888.51486488 6143.58894002 4238.48169875 10599.5210073 12716.5639622 0.0 103338.241585 479367.305613 353601.185818 220225.942849 383113.107601 533330.868332 487007.455382 484485.071864 508006.342505 422180.674071 454810.836957 454035.320437 336342.531183 167795.446109 286958.220806 214312.299457 179728.658843 199787.717864 231141.356053 -9999.0 -9999.0 -9999.0 -9999.0 -9999.0 -9999.0 -9999.0 -9999.0 -9999.0
-9999.0 18701.7606741 54269.1354815 56513.7472381 69699.8365332 57205.7571563 61740.0069982 34945.5769743 19440.6427432 43723.6151623 6174.66408602 4136.35253105 11951.9353585 4182.67764189 2118.86030595 54052.3555437 19440.7155376 6319.75964199 10579.104454 12359.7043734 8163.75657895 4236.56949649 9031.68276669 14381.614867 4682.51855115 14712.1747885 7979.23748267 9113.71908959 2117.30379607 3788.05509348 5480.60331518 3971.00815683 16508.0524452 29587.8482965 30861.791368 17772.7131025 0.0 378360.601898 316272.353527 159061.068638 344814.81883 361399.139792 489107.210744 223456.030676 271412.07185 144224.771595 427149.821604 496774.253635 331268.487029 194576.393582 227811.572457 175049.444105 378428.697639 173863.724141 247493.718139 -9999.0 -9999.0 -9999.0 -9999.0 -9999.0 -9999.0 -9999.0 -9999.0 -9999.0
-9999.0 -9999.0 5564.09836978 76496.0905046 36900.3715637 23713.9270388 47359.36606 34894.8821066 15540.7302762 13295.329299 18446.3130841 2116.49566296 2115.25500792 2114.402105 10486.8184613 100771.560432 77475.8690128 50475.0164533 96900.4014805 42723.4503864 4232.58365502 2115.67273306 3143.61640789 5525.90367153 3427.7720176 5736.35152873 14053.5774213 4228.80421 6162.72427985 9405.42651348 5248.4739772 4232.17598412 8341.28369244 16929.5041021 8463.92912112 22925.4163166 5641.56326379 261238.82851 278338.894976 94081.8684515 218847.280603 309458.762218 108184.666487 113842.652503 0.0 22333.8566574 422402.737189 184404.576766 337688.615811 240380.851191 143444.603451 352135.285196 445064.121905 311561.411285 184545.717656 50291.4614118 -9999.0 -9999.0 -9999.0 -9999.0 -9999.0 -9999.0 -9999.0 -9999.0
