critload/trunk/input/1999/nh3_spread_man.asc
ncols 720
nrows 360
xllcorner -180.0
yllcorner -90.0
cellsize 0.5
NODATA_value -9999.0
[rows 189 to 215 of 360, columns 244 to 304 of 720]
0.0 171.97888548449828 131.66915375372326 144.42956722104478 0.0 0.0 0.0 0.0 0.0 0.0 114.66700425083339 171.97888548449828 171.97888548449828 172.0000041000681 0.0 0.0 573.1453827358868 1143.2768195824349 825.8910198010375 936.7859749876652 866.9407399395424 1093.7738555039814 546.1986460378649 494.3422506701289 618.2549813235244 916.7312718278799 1521.6833117235421 752.6130398816296 1119.678862894351 884.7059013396733 777.6848026255918 1194.7351512906528 723.7515707825721 1182.229537587645 1832.5481689816565 1264.7301198706493 1379.6193134377465 1862.6679376148159 1536.5662831658858 1556.449045189585 486703885.8948321 131585557.75895089 0.0 -9999.0 -9999.0 -9999.0 -9999.0 -9999.0 -9999.0 -9999.0 -9999.0 -9999.0 -9999.0 -9999.0 -9999.0 -9999.0 -9999.0 -9999.0 -9999.0 -9999.0 -9999.0
0.0 0.0 0.0 0.0 0.0 0.0 0.0 169.76866977273232 0.0 343.8037906496441 171.86772519022236 0.0 0.0 0.0 291.88012930825494 575.5327928514316 806.5270950415171 1465.952595950437 1846.0013344144654 1696.726403933467 456952894.52150214 1498.8640259760955 1058.4802876606798 1297.6544288597659 1069.6254758595642 1189.2781102893757 1398.984969340984 725.8352088037904 184.55374125628833 422.40205565698494 931.0246498226617 868.9999554384382 891.253552519073 1022.9216722662885 1548.6455986167305 2121.773829764244 1820.4777125816736 2029.672343105149 1432.186279994165 2292.4876171978926 1391.0393294176613 675046326.9113238 1392.6930656156774 1121.7916450072694 1118002600.500831 234.188289233532 -9999.0 -9999.0 -9999.0 -9999.0 -9999.0 -9999.0 -9999.0 -9999.0 -9999.0 -9999.0 -9999.0 -9999.0 -9999.0 -9999.0 -9999.0
0.0 0.0 0.0 0.0 0.0 0.0 0.0 0.0 0.0 0.0 0.0 0.0 0.0 149.260349734504 0.0 928.0933956567287 1660.4210248402417 1497.0003377783296 1713.0183752265968 2051.53751477687 200277231.93332794 2478.8519724445114 1864.235840008745 1873.4875373466077 1499.276633599405 1159.453681513941 762.4595755059853 374.8947069208237 436.42366173621986 837.9817080389547 456.9448140297134 821.6223085296763 638.1482203995103 916.0259614230812 1288.4585663022613 1129.2103274342676 1647.1295050694735 1909.6971337840066 1662.9725054233563 1425.439510020724 2483.9774943387106 2118.6494675281415 1606.5128925276485 1507.8657829927631 955266361.6215192 272463135.8031771 -9999.0 -9999.0 -9999.0 -9999.0 -9999.0 -9999.0 -9999.0 -9999.0 -9999.0 -9999.0 -9999.0 -9999.0 -9999.0 -9999.0 -9999.0
0.0 0.0 0.0 0.0 171.61785991559847 0.0 0.0 0.0 0.0 0.0 101.86369590663233 285.27783357227594 606.4641410095156 712.9704815556166 343.2357198305793 615.2118253889485 1530.3647725889616 2016.5637231197675 2644.3162996000774 2405.511168708357 310669036.9762471 2515.446492326997 1149.278618304194 1442.1873236782305 868.7639302445363 977.5447972386056 940.2607715584345 581.8292341835131 775.91213316821 1442.8312543507795 770.9233823564995 948.4402410304391 778.7714618931528 686.3626872269828 1151.8525159992635 1564.602823632354 1813.5020604136928 2223.0437258968127 1721.5830164777592 566216724.2284409 2825.8341076715483 3085.13106535302 1859.6947574566757 2362.1918436857727 795457463.5006801 1066647971.0169219 0.0 -9999.0 -9999.0 -9999.0 -9999.0 -9999.0 -9999.0 -9999.0 -9999.0 -9999.0 -9999.0 -9999.0 -9999.0 -9999.0 -9999.0
147.95773039589284 0.0 0.0 0.0 0.0 102.17211998365563 0.0 171.36216670003526 0.0 0.0 0.0 374.4091721462306 1158.372214634588 1333.346650928734 1098.7346565931591 1954.281804703416 1635.3329514848574 1797.3828067327934 2492.2271115306867 2366.7704351060606 348695339.1173486 1607.9345478981202 1601.5481524497532 1316.1941404307327 722.9286713398074 868.4383023712248 855.6802256955524 1152.7293037641048 887.5816999932412 1158.4289177375442 1177.4193853045372 1083.6444261882225 983.1276743468316 734.1424427070674 812.7742098052074 1257.8896719143702 1868.5712053951179 713057984.1825347 2542.3285102840464 439499807.720122 430069314.1877882 2979.883508619017 2229.0616502935213 196420950.60714135 1325063836.5376742 1248266158.8484604 0.0 -9999.0 -9999.0 -9999.0 -9999.0 -9999.0 -9999.0 -9999.0 -9999.0 -9999.0 -9999.0 -9999.0 -9999.0 -9999.0 -9999.0
479.436045451146 0.0 0.0 0.0 0.0 135.62748810604535 171.17541188482758 0.0 0.0 0.0 0.0 0.0 171.27029995588816 154.94729415329255 570.1242366121312 978.3242644430686 1401.0525218545513 1511.5331446116768 2342.3187612034544 2944.410280247258 2836.409790097794 1157.2910137525926 1200.8077545415345 964.301038676382 1728.6300391416091 1898.505839308168 1749.7386430355982 712.2333618480873 1001.4968163779525 1285.491027528432 1175.7915568434685 821.3402688670665 575.4395632694127 773.6209949566581 680.0717090048097 1676.5810286112417 1352.624558207384 422299081.04930073 595428625.6164393 829649448.5914606 2817.240581513516 265300368.55491695 3220.03487155279 141757260.98205963 4755.861158579027 4678.806870412273 221270113.90470508 -9999.0 -9999.0 -9999.0 -9999.0 -9999.0 -9999.0 -9999.0 -9999.0 -9999.0 -9999.0 -9999.0 -9999.0 -9999.0 -9999.0
0.0 0.0 0.0 0.0 0.0 164.1129963012473 0.0 0.0 0.0 0.0 0.0 0.0 386.6352982444018 342.1542381382956 789.6895161917299 1120.362730647518 1785.4648444986426 1500.0000868165462 2531.4077882870065 547141708.1178498 443556635.7249603 2477.1946858165775 1603.4007643692944 1052.7572821852184 972.5616204267129 639.4748138617119 359.0254854798548 350.7710559148822 846.293135664179 895.7525337045818 681.4728267950463 509.7483061865851 692.848905652712 748.5125156220782 813.5943384774063 2216.9939753110207 2482.084181745921 2161.3927442224985 529484465.7598203 2493.076837689528 2495.051105668994 51728262.98542313 57067839.21581735 123104840.3673036 4972.1241349379225 1399773666.6850007 74724501.01579393 -9999.0 -9999.0 -9999.0 -9999.0 -9999.0 -9999.0 -9999.0 -9999.0 -9999.0 -9999.0 -9999.0 -9999.0 -9999.0 -9999.0
0.0 0.0 164.5819431950182 168.17911561502288 0.0 239.67197217440955 0.0 0.0 0.0 0.0 0.0 339.0194757090273 170.79889626366477 286.2608592011245 640.0630593143836 1585.197365114023 1962.6848101860405 2233.329180738645 2271.0558471208606 591722452.604648 269151052.8956961 128745854.51163036 2179.051554699571 633.4617802991734 629.5186792021204 260.10772067412864 372.70500802251365 636.1443722530095 731.6981399389542 659.5252420819853 667.9257614651098 765.1702935729927 506.6672090766178 759.3189408060917 1363.7677229786746 1715.948512685684 1878.6689885940773 2479.610608135825 2296.987444098571 2516.4693966604223 2897.329566493289 3058.3826449758553 511241480.54033273 886314783.2256576 4949.821847933173 1280848180.7932062 128.32765267713071 -9999.0 -9999.0 -9999.0 -9999.0 -9999.0 -9999.0 -9999.0 -9999.0 -9999.0 -9999.0 -9999.0 -9999.0 -9999.0 -9999.0
149.64724801705256 0.0 0.0 0.0 0.0 0.0 165.47269204471206 0.0 0.0 0.0 0.0 128.81968966730352 163.22801432665318 156.57312039984436 556.3293807220412 859.2034129758126 2047.8720239588504 2808.106083618407 2420.5150390319045 345980014.94908583 418848320.6893679 338608393.1479431 1540.4122891781371 781.1330972932055 413.4073039765073 265.06459825268655 293.2763356635665 790.1223346120051 568.7187160778043 564.0012883065781 1135.1290791389501 682.1836705656044 682.0690748555513 2150.492116482955 1919.2859075382949 1714.12684288036 2156.7466036700002 2733.3994189205973 2120.2424341238843 2636.935301469638 1617.1091972129097 760907967.0576054 508626525.50446856 885583393.7318885 917690741.317301 695478246.4938504 -9999.0 -9999.0 -9999.0 -9999.0 -9999.0 -9999.0 -9999.0 -9999.0 -9999.0 -9999.0 -9999.0 -9999.0 -9999.0 -9999.0 -9999.0
0.0 156.51016640528564 159.84715501373535 112.2434856410072 0.0 115.12917383857106 607.3530445208575 0.0 0.0 0.0 0.0 0.0 0.0 314.5204117989825 538.4593249411206 1053.7596280167375 1683.0448811343697 254422531.94861883 2287.20728632152 2281.4481443665527 366138472.4874492 541253258.6339645 2057.261813632161 1163.4613169454365 457.2186330561785 273.66139349597086 578.7170500514213 631.3492348290712 772.500620025991 1412.4550229160297 1348.8356880284496 1664.6709503198504 2120.922961353468 2441.904628244077 2019.1468337625297 471327780.6470568 2529.966647692246 1935.9755870174115 2348.2078058173724 2791.601739890318 652112647.0045137 1004454732.9920641 1039404597.3887043 1316333118.7743955 1288361339.028686 56515478.823462434 -9999.0 -9999.0 -9999.0 -9999.0 -9999.0 -9999.0 -9999.0 -9999.0 -9999.0 -9999.0 -9999.0 -9999.0 -9999.0 -9999.0 -9999.0
211.71635639426228 519.0168848641753 373.2020838034333 1162.475895385968 748.0902886134811 932.490086918536 1830.831035375468 146.01021775176184 0.0 390.5443701746034 0.0 156.05100621108383 158.85314254996337 590.0042330749563 974.738211907479 796.5532285868923 2284.8568053326594 274976289.43339765 261062056.11461222 2569.9439781608626 328660587.02434754 388404547.585145 2698.906954019925 1347.0458083230149 1249.1109840354525 653.5949001468962 758.1536936911747 616.5995068188067 1139.762676512791 1753.063773369103 2578.0071508940478 1933.432589819058 1147.132716984628 1197.7918976439605 1593.1999582857907 3569.3692063357776 1951.09506214015 1950.0981350822365 1950.072730651401 2536.7893868993683 5101.48987186586 796045457.165148 4471.391407478971 1401850859.6912894 98152729.98532555 -9999.0 -9999.0 -9999.0 -9999.0 -9999.0 -9999.0 -9999.0 -9999.0 -9999.0 -9999.0 -9999.0 -9999.0 -9999.0 -9999.0 -9999.0 -9999.0
151.7984497813395 122.6122765670039 363.0006662994529 1111.1853453458914 1508.54811723181 2154.113320029355 1907.1652728187971 690.8157116387674 500.79016055649714 0.0 290.62417049525897 806.0515328020421 956.3495737933167 1205.7978612111604 1157.8183622516003 517.6685390588951 1749.0199847365784 315856268.74680895 2123.3706343380727 2332.572797127071 428725002.1691947 373869200.10003924 2303.4935604055227 1922.5402660708928 1012.2965171482331 800.0646809554315 696.9410096220314 658.3175025697158 1358.4287005689134 1513.0236308461876 1482.1838626833226 1843.1373568236527 1671.266454055681 1502.6301015370236 2107.842439116074 3117.805793965123 2888.6569346339197 2448.532796294029 1930.2681147344088 2125.8040648657848 286762058.5191473 510161435.0592385 1216311062.524827 381545781.4487787 -9999.0 -9999.0 -9999.0 -9999.0 -9999.0 -9999.0 -9999.0 -9999.0 -9999.0 -9999.0 -9999.0 -9999.0 -9999.0 -9999.0 -9999.0 -9999.0 -9999.0
340.6322165395916 216.4582342579899 305.32738289728246 466.71844617009447 1714.4114596950787 2223.380248492472 1410.3003357204473 378.82709760478133 163.7586172951514 0.0 936.5438148621905 1235.829096016861 2142.4792979228437 1388.6662713759029 822.8606575110557 778.6850953976415 1539.3226784238338 351361963.7234209 338316760.5743746 2383.734984907134 1826.1200830809194 418451382.2472806 848.3122241195857 2186.6668730038596 1392.8606906876068 1303.2390349941743 1568.4721605353816 1704.4785841873706 1670.1822039484268 1676.4311170000992 2209.27379976112 2352.462154290896 2277.0203128412363 2532.183024351274 519732210.4670016 361255505.0547865 93038993.90800236 155103189.35498685 1948.5459681027269 1046114918.9508992 4769.30221975726 1962.397793243824 50434012.11956001 -9999.0 -9999.0 -9999.0 -9999.0 -9999.0 -9999.0 -9999.0 -9999.0 -9999.0 -9999.0 -9999.0 -9999.0 -9999.0 -9999.0 -9999.0 -9999.0 -9999.0 -9999.0
810.3161726791069 972.0982888406236 690.0352896318963 284.34593884813813 663.0708532699042 839.3433772139251 733.0809388061448 874.124925237593 0.0 0.0 424.82263535935294 883.0508669940893 1754.4657665263317 1698.3651581253378 1315.0602791609892 794.9890541866012 871.9311178248304 395573479.71688825 386381917.2503105 279741166.2424674 361419602.04068565 349848927.04407835 2340.7724878496324 1879.1497342374466 1784.9696170816455 2348.01436232201 2739.179510246441 2787.0629669572836 1867.9972338751559 2403.3451983106816 1424.508108216318 1854.1676881066787 482951387.32174766 811045210.2976294 505901352.6630166 369704495.55387974 213832523.36118338 5037.178591111077 307250934.8757069 339095776.70272636 3990.0999634066047 161572281.27358314 -9999.0 -9999.0 -9999.0 -9999.0 -9999.0 -9999.0 -9999.0 -9999.0 -9999.0 -9999.0 -9999.0 -9999.0 -9999.0 -9999.0 -9999.0 -9999.0 -9999.0 -9999.0 -9999.0
206.5204022653309 340.6130891829699 157.77702503031426 266.84275549036096 942.6732131308346 942.5651705903207 432.8490589967698 151.24550593588387 0.0 0.0 225.49743184746342 381.03815238441433 982.8163770828392 381658862.7442736 1177.2734241094595 1084.0129299833584 1453.0755242265457 385519230.9299266 216144481.52580246 328779154.1461312 322079678.67514944 384069573.9717051 218381676.5426755 2647.004591971413 1920.2576129330982 236986132.51616442 2991.2259895772363 2879.2457074620324 2170.269501606295 2093.895540931625 1316.3221359920342 1479.7283969718292 723214814.5780693 1942.8366348670029 2124.4870082818497 385918590.6748504 232445379.6941613 4570.020416380224 382883904.00914896 448634637.7238133 446836823.7737357 0.0 -9999.0 -9999.0 -9999.0 -9999.0 -9999.0 -9999.0 -9999.0 -9999.0 -9999.0 -9999.0 -9999.0 -9999.0 -9999.0 -9999.0 -9999.0 -9999.0 -9999.0 -9999.0 -9999.0
147.7566650606943 0.0 100.66510054426193 406.15850355001027 1060.9454960358537 818.0318359478975 129.2814447960158 148.38566997690847 0.0 275.82776395185937 133.84576196756896 573.0314937721021 1102.5018242324345 2546.7471078203253 1463.6871784273926 1597.8609485385932 370611443.6098653 292785587.33984655 2156.3295859147775 278699999.26127696 477094851.2392425 482067714.1889719 235793213.33511394 2209.0132753096777 1794.1722798889973 2456.354353553731 2294.4572559185563 2710.9718716241127 709900744.4658915 2384.5537160634326 2196.5536119689755 1752.6400500709608 486977713.1509562 1972.9955640535652 1797.9917981721828 326292113.411046 174062911.43494195 301433000.5028102 676412042.3067772 1787.1139612174381 72726188.04401617 -9999.0 -9999.0 -9999.0 -9999.0 -9999.0 -9999.0 -9999.0 -9999.0 -9999.0 -9999.0 -9999.0 -9999.0 -9999.0 -9999.0 -9999.0 -9999.0 -9999.0 -9999.0 -9999.0 -9999.0
155.63632875351647 140.78600909876064 239.68215457205136 1131.8328786689258 1219171705.6816943 197.20982091710428 237.99965808294695 154.35843022073388 18.848437429836984 56.38772230042266 455.25887109967846 802.2039301443782 1742.054295929888 372509780.6043732 1564.0339652298762 308520684.8404095 465079801.9252737 364650130.12460905 388153371.59892434 2405.0542923971807 391098957.435822 255004617.59124255 455083175.9068843 2675.6033859639506 1873.6318155634397 1912.1619707981329 2078.872075133058 1726.0602246848237 701445162.6383216 645438741.4829633 1946.048710714033 2100.7572693790153 869858410.267418 1921.6619032693566 2130.3242493369357 2317.5416103155358 2374.662377543254 603006343.049063 1865.8596285955264 216378637.49945843 -9999.0 -9999.0 -9999.0 -9999.0 -9999.0 -9999.0 -9999.0 -9999.0 -9999.0 -9999.0 -9999.0 -9999.0 -9999.0 -9999.0 -9999.0 -9999.0 -9999.0 -9999.0 -9999.0 -9999.0 -9999.0
751.1001036489915 149.67561275076773 287.39851958252547 1315.6858251816248 1427.525585061222 1234.2482573847763 244.10075122797835 503.3267124663407 428.6520496286808 1029.0300298609413 1197.331885960164 759055395.282377 444799283.39372945 252879451.58924577 294125717.5905697 579432900.0715562 536232714.18640167 339461680.3985674 412133436.1751141 544532702.6383106 271839642.6200453 604886149.8934611 525740304.9459193 410190810.9334727 1891.0707911197505 2047.2557376189388 1881.3295751925468 573488752.4446143 689339184.6713701 345832493.09440017 1490.5961661876408 1915.8918952331908 1331.5813431618008 2159.507485374569 631295639.1232156 2355.369545523202 1473.2750561951082 528162467.5705449 2167479.2770249285 -9999.0 -9999.0 -9999.0 -9999.0 -9999.0 -9999.0 -9999.0 -9999.0 -9999.0 -9999.0 -9999.0 -9999.0 -9999.0 -9999.0 -9999.0 -9999.0 -9999.0 -9999.0 -9999.0 -9999.0 -9999.0 -9999.0
1367440564.6383126 1304.3177478900066 616.9054465425055 718.4915343545105 900.9798902247435 1546.7429064089158 1649.3353524101358 1898.3906013124702 448091145.6734439 1718317830.5505733 642069301.779158 939156570.6201239 556085234.3553717 2216.123167482692 472712526.5456629 531722138.494129 483668929.5042902 507340985.09446913 373475628.1556201 53804401.3683956 4525.742098818277 5004.394928243711 4326.9610321417285 260418811.35808083 2127.1179418454954 2032.064136699862 2914.680258648726 591091216.224889 822229286.4089248 788979043.7575775 488126184.7984203 1118403964.488062 1728.491183235693 1650.8380462467458 1916.2656677055004 2373.1249391367205 866161067.4868423 2039.9798429143605 4576843.7023977125 -9999.0 -9999.0 -9999.0 -9999.0 -9999.0 -9999.0 -9999.0 -9999.0 -9999.0 -9999.0 -9999.0 -9999.0 -9999.0 -9999.0 -9999.0 -9999.0 -9999.0 -9999.0 -9999.0 -9999.0 -9999.0 -9999.0
915491270.0066674 1390.9374653854543 1628555057.4990454 1599.3117121866003 1354434891.4129462 746829279.2316618 857530732.6712359 799556313.5961716 831331425.8605286 721315813.3478972 666159302.6287117 605630521.3376653 397747756.7729815 306490840.2547352 537700923.3253852 585554207.4844676 493028501.9397193 499356707.11229295 449313615.3139785 3947.9942546501616 4257.167073942844 4543.743463477409 3991.1499120327835 4158.860935490973 2412.9987763791937 2249.3331456540227 305459148.2224189 430419157.7774485 646979286.1533988 638970448.8082958 874637149.4485399 929587045.4623289 2360.954301395829 1979.1577739382833 2494.4657366396573 2376.1390694590036 732918228.1964945 1235.9413734961092 107578.0903256415 -9999.0 -9999.0 -9999.0 -9999.0 -9999.0 -9999.0 -9999.0 -9999.0 -9999.0 -9999.0 -9999.0 -9999.0 -9999.0 -9999.0 -9999.0 -9999.0 -9999.0 -9999.0 -9999.0 -9999.0 -9999.0 -9999.0
2221.7805327846017 777398916.1211903 451511939.6467335 623313640.9150461 602533997.5392761 1056427457.4148043 1071127447.4416969 1254868298.6757476 1188528311.2523692 628126453.0001785 961086964.560089 595125368.8944297 546215157.493868 470019294.73709816 672886928.0549601 764834409.811895 4167.009313303628 792629468.7171252 448070104.4057371 407030427.87084657 4168.810668907703 4694.541956557665 5387.753702143908 5233.394750170719 2227.9430310331704 291046594.5388426 4637.269172909537 712832722.9790466 855923974.8254094 552433579.9971757 799366784.9266037 841377864.4967815 1046709494.4845016 836392075.2196286 535311040.6392317 1682.5297841816523 434037849.4980139 1434.3663295021224 -9999.0 -9999.0 -9999.0 -9999.0 -9999.0 -9999.0 -9999.0 -9999.0 -9999.0 -9999.0 -9999.0 -9999.0 -9999.0 -9999.0 -9999.0 -9999.0 -9999.0 -9999.0 -9999.0 -9999.0 -9999.0 -9999.0 -9999.0
1305.3674270197782 516809251.33179265 612814205.2429159 4119.79754261091 614637244.1651788 974051921.1359825 1286540359.8327546 1400512278.965142 1037573869.6873013 863083588.2467004 582996210.294483 632754200.9734337 490098123.44627887 609374619.4576173 742170179.8253934 537707899.9329891 1019286520.7045037 818747941.1449728 4032.8499524554295 5060.686756122552 4664.631268462904 343435434.8236628 408992319.9436892 4586.3327195419815 346308930.5987622 4789.547659347812 5402.716308609704 669520473.0997256 698933940.0669876 832651340.3178791 748151770.9031501 381085723.4456198 348804873.5158787 584492979.3207732 1344.5483769201423 2363.249976888723 2460.819587179703 1508.6988078298698 26621.899095519446 -9999.0 -9999.0 -9999.0 -9999.0 -9999.0 -9999.0 -9999.0 -9999.0 -9999.0 -9999.0 -9999.0 -9999.0 -9999.0 -9999.0 -9999.0 -9999.0 -9999.0 -9999.0 -9999.0 -9999.0 -9999.0 -9999.0
1399.096431974319 2392.5316636478046 606648914.257584 3968.879290087513 519500097.3226329 1099085812.40821 640958616.2503545 631522407.3616756 747995977.5609996 616632242.3332783 581253124.8132515 895769555.5521835 1038640804.196446 919244741.6322048 576323035.8962029 4050.189407289212 891106016.9069226 604810972.9768926 3995.6771943897606 298855681.8033173 252658439.68107516 3933.818234824435 422985969.94146144 4203.806705612854 4519.035473794338 301202463.72813225 301795672.30796635 522458475.5602953 896515395.7866404 873726926.9205027 540294196.6277909 395421802.74331665 370414956.7587955 2244.4925992119684 1567.786353858293 2431.914372973847 2019.3036177430108 1486.6861002556468 211.2726715413315 -9999.0 -9999.0 -9999.0 -9999.0 -9999.0 -9999.0 -9999.0 -9999.0 -9999.0 -9999.0 -9999.0 -9999.0 -9999.0 -9999.0 -9999.0 -9999.0 -9999.0 -9999.0 -9999.0 -9999.0 -9999.0 -9999.0
359304391.0814488 460356201.52583265 701133485.3028408 513348081.3616864 408393458.91539055 845999417.9252341 857903903.0315677 527564213.4758482 838251873.1266385 731784482.0258238 984111029.3125746 908430187.6151412 783040632.8742074 707297990.6573187 887162501.6659572 843290923.4359953 1041204352.102533 989629019.4179258 742907269.3701726 3874.8113364717938 1133594283.6611614 692819195.2154251 397716089.3759173 551196738.7791239 290284336.12113184 235929433.1293965 221001442.03143042 335107797.56532156 724537627.9579209 409450357.2096253 180593323.5615768 788407017.8894249 546602035.5365293 656122042.0342653 488320232.36288726 2078.9113435256554 709832905.3265996 1964.0779249901323 28.058850331050134 -9999.0 -9999.0 -9999.0 -9999.0 -9999.0 -9999.0 -9999.0 -9999.0 -9999.0 -9999.0 -9999.0 -9999.0 -9999.0 -9999.0 -9999.0 -9999.0 -9999.0 -9999.0 -9999.0 -9999.0 -9999.0 -9999.0
1926.3544279566197 1984.2533971082075 1960.8990569314071 1460.0780795180447 305332425.1608428 598474456.9821483 920694073.0702714 847745709.4753593 1025134469.3984214 692771936.4245073 945287365.341597 823783097.4903282 845328768.4536073 1119604224.3193502 795747871.3569258 731713145.5596799 1157230069.1161847 560989214.8512836 1196534019.6198573 1254550440.90286 933062442.0381515 688615936.8750193 392854514.6379611 410026431.65947217 270413500.77827877 245885966.48228437 326823377.654052 216598756.41693968 596791346.6674918 299276144.0715338 2251.5071532911065 794436264.7779114 667145291.9573041 502631220.59104925 742162408.1531271 579285875.418145 1514.5010437320182 260694534.90153804 -9999.0 -9999.0 -9999.0 -9999.0 -9999.0 -9999.0 -9999.0 -9999.0 -9999.0 -9999.0 -9999.0 -9999.0 -9999.0 -9999.0 -9999.0 -9999.0 -9999.0 -9999.0 -9999.0 -9999.0 -9999.0 -9999.0 -9999.0
2355.9911455264623 2158.899064311894 1308.180297737435 1673.876197809154 4771.955873632498 704546658.3689327 1121981126.824038 862640826.4069877 591863280.0247236 746702265.9496055 1200501855.0693722 938136822.1145557 1120731644.173886 1594085869.7905648 1339142820.1499689 1074739449.8348403 909482317.4093164 824082990.8483024 916010860.1294328 984015901.9120743 1191731529.868227 791866750.2919811 3895.7333978778915 287482076.4277071 3890.9082769481 141416597.62568602 400687976.8504432 336562976.4115165 397747131.5035999 230138036.79459417 386154620.34906363 327182561.26237375 505861127.0172573 676729721.5790293 639653503.8650467 1955.817564293028 1883.063453393361 913.4991968963493 -9999.0 -9999.0 -9999.0 -9999.0 -9999.0 -9999.0 -9999.0 -9999.0 -9999.0 -9999.0 -9999.0 -9999.0 -9999.0 -9999.0 -9999.0 -9999.0 -9999.0 -9999.0 -9999.0 -9999.0 -9999.0 -9999.0 -9999.0
758.8523173386676 2793.9550262153325 366589441.86403584 427478526.43195516 2712.287655339931 381929956.29572886 1286132355.8350055 882872834.6174512 868272948.9450089 923364119.9127766 874398673.7848883 1201152194.9758978 1076282797.376265 1357948367.4643552 1200198028.051269 1237434893.6483748 1493846683.694033 1208278088.7083216 1071803686.84097 4221.8205065459315 4205.4902463327035 1022950382.0629618 328035299.42212796 234421124.0824611 253441766.52779147 270516127.15974754 4009.795192767974 211009872.36058056 157098437.31262517 249172118.50994226 219829290.10503948 365315063.8973577 501015123.70332474 545121909.180042 612222736.6503856 582662146.4755272 1796.7734724254726 1008.718923698863 -9999.0 -9999.0 -9999.0 -9999.0 -9999.0 -9999.0 -9999.0 -9999.0 -9999.0 -9999.0 -9999.0 -9999.0 -9999.0 -9999.0 -9999.0 -9999.0 -9999.0 -9999.0 -9999.0 -9999.0 -9999.0 -9999.0 -9999.0
