critload/trunk/input/1999/nh3_graz.asc
ncols 720
nrows 360
xllcorner -180.0
yllcorner -90.0
cellsize 0.5
NODATA_value -9999.0
[rows 56 to 83 of 360, columns 448 to 511 of 720]
0.0 0.0 0.0 0.0 0.0 0.0 0.0 0.0 0.0 0.0 0.0 0.0 0.0 0.0 0.0 0.0 0.0 0.0 0.0 0.0 0.0 0.0 0.0 0.0 0.0 0.0 0.0 0.0 0.0 0.0 0.0 0.0 0.0 0.0 0.0 0.0 0.0 0.0 0.0 0.0 0.0 0.0 0.0 0.0 0.0 0.0 0.0 0.0 0.0 0.0 0.0 0.0 0.0 0.0 0.0 0.0 0.0 0.0 0.0 0.0 0.0 0.0 0.0 0.0
0.0 0.0 0.0 0.0 0.0 0.0 0.0 0.0 0.0 0.0 0.0 0.0 0.0 0.0 0.0 0.0 0.0 0.0 0.0 0.0 0.0 0.0 0.0 0.0 0.0 0.0 0.0 0.0 0.0 0.0 0.0 0.0 0.0 0.0 0.0 0.0 0.0 0.0 0.0 0.0 0.0 0.0 0.0 0.0 0.0 0.0 0.0 0.0 0.0 0.0 0.0 0.0 0.0 0.0 0.0 0.0 0.0 0.0 0.0 0.0 0.0 0.0 0.0 0.0
0.0 0.0 0.0 0.0 0.0 0.0 0.0 0.0 0.0 0.0 0.0 0.0 0.0 0.0 0.0 0.0 0.0 0.0 0.0 0.0 0.0 0.0 0.0 0.0 0.0 0.0 0.0 0.0 0.0 0.0 0.0 0.0 0.0 0.0 0.0 0.0 0.0 0.0 0.0 0.0 0.0 0.0 0.0 0.0 0.0 0.0 0.0 0.0 0.0 0.0 0.0 0.0 0.0 0.0 0.0 0.0 0.0 0.0 0.0 0.0 0.0 0.0 0.0 0.0
0.0 0.0 0.0 0.0 0.0 0.0 0.0 0.0 0.0 0.0 0.0 0.0 0.0 0.0 0.0 0.0 0.0 0.0 0.0 0.0 0.0 0.0 0.0 0.0 0.0 0.0 0.0 0.0 0.0 0.0 0.0 0.0 0.0 0.0 0.0 0.0 0.0 0.0 0.0 0.0 0.0 0.0 0.0 0.0 0.0 0.0 0.0 0.0 0.0 0.0 0.0 0.0 0.0 0.0 0.0 0.0 0.0 0.0 0.0 0.0 0.0 0.0 0.0 0.0
0.0 0.0 0.0 0.0 0.0 0.0 0.0 0.0 0.0 0.0 0.0 0.0 0.0 0.0 0.0 0.0 0.0 0.0 0.0 0.0 0.0 0.0 0.0 0.0 0.0 0.0 0.0 0.0 0.0 0.0 0.0 0.0 0.0 0.0 0.0 0.0 0.0 0.0 0.0 0.0 0.0 0.0 0.0 0.0 0.0 0.0 0.0 0.0 0.0 0.0 0.0 0.0 0.0 0.0 0.0 0.0 0.0 0.0 0.0 0.0 0.0 0.0 0.0 0.0
0.0 0.0 0.0 0.0 0.0 0.0 0.0 0.0 0.0 0.0 0.0 0.0 0.0 0.0 0.0 0.0 0.0 0.0 0.0 0.0 0.0 0.0 0.0 0.0 0.0 0.0 0.0 0.0 0.0 0.0 0.0 0.0 0.0 0.0 0.0 0.0 0.0 0.0 0.0 0.0 0.0 0.0 0.0 0.0 0.0 0.0 0.0 0.0 0.0 0.0 0.0 0.0 0.0 0.0 0.0 0.0 0.0 0.0 0.0 0.0 0.0 0.0 0.0 0.0
0.0 0.0 0.0 0.0 0.0 0.0 0.0 0.0 0.0 0.0 0.0 0.0 0.0 0.0 0.0 0.0 0.0 0.0 0.0 0.0 0.0 0.0 0.0 0.0 0.0 0.0 0.0 0.0 0.0 0.0 0.0 0.0 0.0 0.0 0.0 0.0 0.0 0.0 0.0 0.0 0.0 0.0 0.0 0.0 0.0 0.0 0.0 0.0 0.0 0.0 0.0 0.0 0.0 0.0 0.0 0.0 0.0 0.0 0.0 0.0 0.0 0.0 0.0 0.0
0.0 0.0 0.0 0.0 0.0 0.0 0.0 0.0 0.0 0.0 0.0 0.0 0.0 0.0 0.0 0.0 0.0 0.0 0.0 0.0 0.0 0.0 0.0 0.0 0.0 0.0 0.0 0.0 0.0 0.0 0.0 0.0 0.0 0.0 0.0 0.0 0.0 0.0 0.0 0.0 0.0 0.0 0.0 0.0 0.0 0.0 0.0 0.0 0.0 0.0 0.0 0.0 0.0 0.0 0.0 0.0 0.0 0.0 0.0 0.0 0.0 0.0 0.0 0.0
0.0 0.0 0.0 0.0 0.0 0.0 0.0 0.0 0.0 0.0 0.0 0.0 0.0 0.0 0.0 0.0 0.0 0.0 0.0 0.0 200941.398618 192013.1448 51190.4555949 0.0 205863.721107 0.0 0.0 0.0 0.0 0.0 0.0 0.0 0.0 0.0 0.0 0.0 0.0 0.0 0.0 0.0 0.0 0.0 0.0 0.0 0.0 0.0 0.0 0.0 0.0 0.0 0.0 0.0 0.0 0.0 0.0 0.0 0.0 0.0 0.0 0.0 0.0 0.0 0.0 0.0
0.0 0.0 0.0 0.0 0.0 51572.5580822 0.0 14214.8504283 29904.0104003 6419.24277956 14958.7544403 36576.7614198 0.0 0.0 0.0 0.0 0.0 0.0 0.0 0.0 207131.321997 188709.32319 141211.760054 0.0 0.0 204656.853302 203139.89506 0.0 0.0 0.0 0.0 0.0 0.0 0.0 0.0 0.0 0.0 0.0 0.0 146814.260599 0.0 0.0 274452.788465 209720.966395 0.0 0.0 0.0 0.0 0.0 0.0 0.0 0.0 0.0 0.0 0.0 0.0 0.0 0.0 0.0 0.0 0.0 0.0 0.0 0.0
257792.254314 0.0 237947.544437 0.0 0.0 0.0 0.0 200501.148909 137313.350419 44167.5452417 34292.5489366 39058.6231746 65839.8415941 0.0 0.0 0.0 0.0 0.0 145209.608818 104336.715148 209533.396824 0.0 179165.293219 0.0 0.0 0.0 0.0 0.0 0.0 0.0 0.0 0.0 0.0 49918.6492557 202175.881038 118841.391706 175147.134361 157966.802048 106747.676235 0.0 190296.556208 0.0 194024.953327 241488.292099 0.0 237449.618042 0.0 178515.857554 0.0 0.0 217804.95334 0.0 234710.123572 220700.726683 0.0 0.0 0.0 0.0 0.0 0.0 214441.970997 0.0 0.0 0.0
55041.1251909 264628.36613 181415.010266 222363.849175 154907.847839 0.0 147678.144305 216795.951332 0.0 141624.023064 46015.5763599 13694.5762066 28264.5838034 27859.967313 168917.169068 0.0 95618.5181129 61280.9126175 75687.3809055 53144.3778701 196754.647524 34608.1857326 49173.9407435 47846.8047402 0.0 0.0 0.0 0.0 0.0 0.0 0.0 0.0 0.0 0.0 0.0 148863.591533 171049.451004 157096.596199 158029.202632 183458.105641 170987.077236 126532.100354 151040.092288 140533.32068 267999.056545 168802.336102 149169.108863 98244.1135479 105269.544478 117592.693644 127123.734436 187754.084458 214753.352711 252499.446165 89273.8019532 0.0 0.0 117582.310134 0.0 31569.6100203 123598.477379 142208.653317 0.0 0.0
9624.62779351 7336.80049315 19120.2146481 24369.5665535 110867.682774 26947.0953457 2601.13886872 25983.5445086 55054.1045461 125425.602659 81243.9617697 1408.11974268 5178.8093737 129999.90976 117164.10815 54697.036109 60030.1217546 1684.21680522 113539.897554 135087.876566 70540.4331241 84259.1531028 33131.4755561 10057.1733841 0.0 0.0 0.0 0.0 125488.629771 0.0 0.0 0.0 0.0 187551.846248 117899.090396 120554.621815 175109.401083 165846.080674 125805.843174 110978.718527 87570.7254419 148343.523353 154121.958025 123771.102655 80879.1281491 91042.3485724 82498.9573773 0.0 132398.982066 0.0 73690.3313427 0.0 110026.241549 0.0 0.0 0.0 0.0 80147.8665515 81593.8481689 0.0 90538.6548385 161993.482365 78945.3910527 0.0
21505.6342008 2070.46383874 33200.4556012 2265.02610235 55009.8613634 0.0 61525.1276555 45925.1850181 5327.21920082 4227.24776698 25771.832243 9876.58414115 11789.2539233 28514.7519399 45056.4137697 45371.8608535 36150.4639389 33478.8248562 80935.2048601 53239.953424 15646.5971772 3273.47864602 7522.21084292 51052.0307963 0.0 0.0 0.0 0.0 0.0 0.0 0.0 0.0 0.0 169604.617047 168273.48474 176296.560598 91514.5990266 64306.6043108 75247.5154717 94145.9334202 129051.049584 74884.6128763 106959.972823 38172.1786612 25742.4026366 0.0 24178.7418324 25717.8368801 205187.794932 5284.49554011 4898.67228672 14464.6947448 51987.5199412 21726.3133505 0.0 95424.3190546 49308.4142326 37246.9050754 82126.4934992 56298.2695859 31069.7854976 12989.6388917 24957.2553395 0.0
0.0 32483.9311641 11872.4125121 18388.6068748 40556.3510024 0.0 0.0 19161.0472522 9803.16532739 49225.9401738 150696.953241 23998.0882659 81325.8851379 91972.4762737 71628.5565062 23099.077014 104923.793883 36187.4316137 26275.708786 48857.335891 80502.6485558 5916.01037039 38521.0960767 100024.337277 157579.784866 0.0 0.0 0.0 0.0 0.0 0.0 0.0 66676.5510403 63107.9126194 65075.2451379 66097.5570656 63043.0965101 28340.5377649 47328.642276 49896.0905959 113088.724313 112672.217637 42721.7384161 65368.953666 9627.33875313 8708.59348254 5296.74362856 19427.3502513 8028.81752457 44211.2729789 32067.9861483 64506.3162827 73209.3625926 10179.0613588 67889.1083724 7596.93469532 3663.23101164 7445.93429665 24100.4252871 10567.3882086 1633.24488159 1925.7855595 21658.6693623 0.0
47311.8674258 17320.4899353 30729.5460258 38932.4852361 74874.6061942 43502.0102356 23895.6132829 20806.8049719 45318.6203987 46944.2509804 73027.9513793 144040.657364 43623.5383653 284.101344997 31616.0580227 234.593803289 11415.5426783 5278.43880631 30807.1415406 0.0 67900.0737736 11442.4889571 4618.95734936 35704.8125971 34877.2258249 0.0 0.0 0.0 0.0 0.0 77155.1520296 43649.2992754 13414.6340447 40187.786809 30906.2071498 27247.8448858 8356.00229336 47023.6715722 27397.7531784 15029.4938454 11797.708893 33758.3986476 302.550440885 35039.408905 53653.704722 60035.8312817 50234.8765544 45455.1400783 49678.1325847 54300.9404032 79120.3543014 79878.3752026 5514.47764872 90643.6046814 40492.9147329 102418.155147 110527.186234 66397.5593907 5706.5964028 10135.50698 6271.5472468 18423.9030006 60473.182975 0.0
58009.5043469 39125.1384568 23189.1970859 0.0 0.0 0.0 0.0 57905.6886113 74910.9812739 103929.364831 25334.4594061 33722.8302569 17382.3487784 6629.72523952 40158.0117255 41159.210759 14084.5567476 0.0 1847.6569917 2646.5438367 3682.23648885 53797.7957477 3993.85141417 32669.1148452 105153.627883 0.0 0.0 0.0 0.0 0.0 4713.23194865 7491.66384683 16582.5555102 10898.1445895 2103.5880393 35975.9190155 35737.6564272 25591.135124 25588.6248162 0.00152253146364 20477.3269477 57846.6240463 40873.9164627 45123.8262036 71562.5335555 76560.7562085 48705.4336147 10308.9506925 61138.2960978 10468.0351226 71515.544132 76445.089375 76351.0782303 65445.5937326 10328.3452159 79082.2786429 72199.502584 75971.0537076 50622.0506771 0.0 0.0 9703.47259495 9541.77431263 10491.6626865
20915.0441139 40999.6293398 94011.6573316 129025.468688 107528.108505 98780.7555217 39229.1849243 74183.0286537 64172.9156441 54169.8493572 0.0 167965.832982 110133.010373 31400.6129884 26827.7802695 20120.0985016 0.0 165.41282295 165.476426449 157.462087108 176.721783669 13657.9509442 6814.95674716 3133.61956764 0.0 0.0 0.0 0.0 0.0 18011.5351253 34676.0757517 6686.36419652 10789.0357127 9694.83929878 31046.0724297 9649.95789921 40773.7693411 56634.8262838 10454.8905837 9792.51205477 10583.9666381 10577.7270826 10536.398874 10246.5834371 10597.6907643 10537.5036202 10589.6515662 65023.3263142 65940.9076154 71003.5581548 10448.5829547 71848.0295618 76091.5407526 72039.4558695 60444.165832 10484.39602 10676.133953 5686.56841975 9738.87748872 10647.7836228 10616.7841031 10599.1549246 10422.2556428 9790.27014914
18525.4754133 37132.2037929 34805.2797772 27178.5714692 49071.6585531 52649.9251075 100243.134044 53880.5890901 7397.11839535 5341.39502123 3423.25686203 1255.86355838 2863.91958215 7304.40387069 9778.45397285 5547.32662624 39497.818784 11146.936036 0.00750377583803 40.4934365994 3699.19238174 4048.44741458 165.762276669 20792.9561461 15037.7026796 0.0 0.0 0.0 0.0 16246.9039912 17635.6726046 10245.6391132 17717.2039444 69909.6912672 26699.3045702 10518.3074958 10421.6770161 10177.3548286 10105.1219299 10747.9573815 10819.4222475 8857.39825176 10748.8947635 10411.8757528 10707.0053835 10588.1850176 10716.966285 57327.7018557 10372.9584512 68308.821446 68736.5053907 56097.6093318 77300.8491786 77704.0454765 81646.9952482 10782.8052485 10712.7304699 10819.7177119 10770.8059509 10811.5243104 10099.3610727 10803.8008255 10664.5140633 10776.9228628
24125.4337492 6892.43819319 7833.69441507 27316.7227436 55025.8561463 42444.4086565 74338.1435791 55760.7584379 22848.8313634 0.0 0.0 0.0 0.0 0.0 0.0 1144.50759504 2151.09410917 602.677020199 17883.5137866 30175.5139572 10914.275654 28805.3074807 6747.2568375 2604.22710893 6513.84947219 19525.1847552 0.0 0.0 42410.1503429 39283.1937881 24437.6222186 0.0 45343.9269244 0.0 10715.2377938 10844.7883908 10646.0898888 10508.2724682 10595.2977906 10510.1620062 10557.1773913 7603.44367162 10956.2386417 10953.1722345 10884.9914971 10854.734625 10740.1380985 10705.1550215 10834.1906959 37049.6166769 10831.7071689 10824.4991431 68697.851311 66801.9395675 69116.3538691 81026.1645186 10871.6597119 10875.5503788 10907.4759921 10960.1504866 10952.4241405 10935.4335152 10695.6092155 10118.3160093
4347.47253323 14949.2738174 5445.67530249 33078.0290631 57357.2550967 68197.955959 74375.4958493 0.0 0.0 0.0 0.0 0.0 0.0 0.0 0.0 0.0 0.0 0.0 0.0 0.0 0.0 0.0 0.0 0.0 0.0 0.0 0.0 0.0 65170.4170882 0.0 0.0 0.0 0.0 10683.0486384 10648.7697133 10977.303271 10684.2777325 7077.98667289 7075.91320932 7698.05609573 7994.79175708 7999.24296069 7652.7515091 7697.72110879 8899.45167568 11083.4870177 11021.1804094 11021.2072623 10975.0298183 10989.9682071 10958.8050234 10987.3851672 10753.7243441 64029.7169035 10913.7671502 11033.02296 11048.9725737 11034.0847545 10831.5022223 11037.4810569 11016.733165 10756.9255299 10308.5345922 9833.26265633
2560.75645043 23217.8036653 21669.6896718 61085.9146578 40542.8261456 0.0 0.0 0.0 0.0 0.0 0.0 0.0 9022.45602157 9641.39735455 10855.4984654 11187.1673093 11197.9162099 10871.2192344 10865.023633 9545.51391996 0.0 0.0 0.0 0.0 0.0 0.0 0.0 0.0 0.0 0.0 0.0 0.0 0.0 0.0 0.0 9154.78949529 7758.38516259 7782.62078955 7132.5507917 8090.22459208 8409.11424208 8093.60990003 8099.82041475 7786.57368848 9299.63392043 8663.59303076 8713.89339015 8039.31567963 11143.2072615 10892.523878 11080.6634542 11196.3468346 11164.2357969 11137.1390955 10378.9377619 10800.5522876 10961.3109154 11014.6776549 11145.7252578 11184.9384995 9988.62629887 11194.3114142 10453.3265115 10768.1050839
20858.431708 74927.5417344 23258.5048801 99098.5202916 0.0 0.0 0.0 0.0 261273.667682 0.0 7866.36580154 8174.48728504 9127.03149018 7950.0927891 10236.2249745 8821.38429406 9756.24376757 9750.09074108 9124.38983909 8801.22138379 8491.84739996 7862.3206166 0.0 0.0 8154.72882201 8185.77266855 10597.9584115 55461.6420399 9063.14029825 7863.55263592 0.0 0.0 6945.54181522 0.0 7225.76019007 8039.49625266 8805.44053569 7876.45915559 8187.45924671 8813.94456871 9127.18782624 9123.26912859 8810.02529662 7560.41210022 7553.68728488 7868.61652405 7507.03225591 9064.17360548 8502.94043442 7551.55187016 7828.8827203 11288.9221711 10954.9672423 10959.6820741 10639.1685019 11195.4237012 10922.8176864 10722.7628184 10773.879382 10470.4490148 11227.6590647 10160.4752095 7193.78318769 9674.7275168
71079.7299168 79597.1642843 160882.131474 206295.88473 0.0 0.0 0.0 8901.54003047 0.0 0.0 8907.11441908 9222.67348762 9222.05002128 7401.36594803 10422.3728344 9511.35587467 9854.14296105 9535.12410619 9539.57013987 9225.94501223 8570.42050698 8909.34136862 8588.85031224 8591.27310164 7958.42775585 8276.69650241 8623.40406443 7504.13463682 8548.65302817 7950.6389891 8269.46081098 7952.30700843 7957.30932101 8591.63035919 8258.99046959 9224.27582193 9222.60895148 8911.01522073 9227.61420255 9222.05291557 8254.19022734 9222.05408655 9219.34750165 9221.49168762 8905.45282906 7853.25168806 7279.17357285 9225.94209585 9222.60431178 6350.07924898 6689.23490191 8269.97111261 7943.94539237 7915.04911216 10736.9475137 10169.5446242 11020.2243599 10994.7108147 10599.6695325 10509.8247833 10727.9513424 10662.6577743 10298.790182 11102.6647235
63035.9830723 193214.297496 0.0 0.0 0.0 0.0 9939.39488402 8348.15660515 9312.08064501 9863.11136259 8990.4614104 8670.30757242 9312.39305202 8671.40665304 9634.85065985 9957.8389619 8346.50360964 9314.59684718 9635.99693291 9641.71426873 9639.50470706 9316.2527149 9323.4281343 9320.66892185 9643.78234141 9323.42873084 9278.58738596 9001.28757324 9004.59815978 9002.93937569 9321.22378678 9324.53379889 9320.32849982 9002.38800158 8994.19613255 9322.87558925 9317.09250214 9320.11582447 9252.75163413 8631.55524817 8348.71606561 8673.06218935 9313.51493351 9320.11407903 9317.35141993 9322.32770596 9325.08632187 9322.32189528 9316.80294013 9319.56502477 9323.42755986 9309.42595854 9321.22551011 9319.01422511 8364.17373996 8682.45063916 8851.01977094 9683.44099953 10517.2661725 10855.6178572 10981.4022595 10315.1713572 9269.9747926 10174.004113
245432.291686 247646.998079 253615.906621 0.0 0.0 0.0 9736.01894761 8763.82840572 7452.59256963 7777.98342314 8763.83247097 9088.01110122 8324.59647561 8438.43052635 8441.12599807 9409.46514012 8444.41515359 8772.59712306 8766.46132973 9409.77350402 9415.79748037 9090.3637427 9090.90698627 9089.26737963 9737.49380042 9742.89006842 9701.19535158 9741.7960252 9739.05243309 9079.59451569 9414.7104188 9329.9294704 9745.08109335 9421.28755886 9076.18611969 8425.736196 8691.41625688 8652.43314031 8759.44403601 8111.31021054 8435.10842893 8437.8391845 8112.94751943 8763.82372182 9408.13212986 9737.96070972 9740.14241102 9412.51009236 8767.66310256 8435.64815957 8764.38037636 9409.2279406 9413.61520461 9414.15670276 9354.82588017 9421.28464244 8934.33380931 9353.32343211 10514.9239686 10584.7422553 9789.743509 9981.52311752 9555.99909958 9857.66644391
201592.785642 0.0 251516.99664 0.0 0.0 97368.4660192 7858.53130053 9837.79941172 9188.58517493 9516.75035307 9517.84033103 9512.43418707 9511.85168274 8523.5579726 9178.24980484 9335.87604093 8527.35736346 9177.86097518 9841.10396664 9176.31467087 8529.53621468 8853.3436683 8510.56356359 9504.7834406 9180.42114415 8855.52137063 9181.51346405 9835.66839367 9503.15766471 9508.58572577 9509.67919455 9502.07055895 9501.52612232 9178.79651714 8525.47384072 8166.66177622 7839.9843095 7877.01629619 8193.75606001 7478.6751319 8197.0237624 8202.45818648 7872.66610565 8524.64046074 9179.88134723 9504.24304714 9834.58128791 9508.5891945 9511.85113039 8200.82779298 9514.57150185 9840.55897766 9840.55897766 9836.78112829 9716.38659623 9954.82032346 9840.02145642 9393.66163076 10493.0203386 9509.13994997 9890.98930636 10148.8937861 10492.3308426 9187.49574931
0.0 0.0 0.0 0.0 0.0 0.0 8616.18170721 7284.18034838 7941.47295809 9264.968892 9605.01061877 9606.62998745 9607.71536988 8612.39506448 8288.13835457 8659.83208758 8943.26671708 8615.631482 9268.74104115 8936.25116878 8613.4298741 8608.01447282 8275.59032968 8608.61478482 8614.55131372 8944.88725673 8943.81115372 8605.91873869 8937.87751911 9598.54299792 9268.20184076 8941.10465719 8610.77973901 7949.03179414 8256.26375718 8942.73098542 8619.41408154 7947.95337126 4630.58851755 8280.97954975 8283.67791573 8612.93194505 8610.77277945 8614.01094235 8941.64734841 9931.02937946 9272.5207464 8940.56892554 8939.48818281 9594.76735794 9269.28896861 9929.95212756 9891.11485247 9569.4225977 9274.14186049 9270.89905787 9609.87164119 9931.56743098 9940.20524225 9611.49390416 9278.46308598 9609.33069538 9272.52770596 8937.87345384
