critload/trunk/input/1999/nh3_spread_man_crops.asc
ncols 720
nrows 360
xllcorner -180.0
yllcorner -90.0
cellsize 0.5
NODATA_value -9999.0
[rows 140 to 167 of 360, columns 315 to 377 of 720]
-9999.0 -9999.0 -9999.0 -9999.0 -9999.0 -9999.0 -9999.0 -9999.0 -9999.0 -9999.0 -9999.0 -9999.0 0.0 0.0 0.0 0.0 0.0 2024.2703368030236 2113.6230373170356 0.0 0.0 0.0 0.0 0.0 0.0 0.0 0.0 0.0 0.0 0.0 0.0 0.0 0.0 0.0 0.0 0.0 0.0 0.0 0.0 0.0 0.0 0.0 0.0 0.0 0.0 0.0 0.0 0.0 0.0 0.0 0.0 0.0 0.0 0.0 0.0 0.0 0.0 0.0 0.0 0.0 0.0 0.0 0.0
-9999.0 -9999.0 -9999.0 -9999.0 -9999.0 -9999.0 -9999.0 -9999.0 -9999.0 -9999.0 -9999.0 -9999.0 0.0 0.0 0.0 0.0 1078.727704590676 0.0 0.0 0.0 0.0 0.0 0.0 0.0 0.0 0.0 0.0 0.0 0.0 0.0 0.0 0.0 0.0 0.0 0.0 0.0 0.0 0.0 0.0 0.0 0.0 0.0 0.0 0.0 0.0 0.0 0.0 0.0 0.0 0.0 0.0 0.0 0.0 0.0 0.0 0.0 0.0 0.0 0.0 0.0 0.0 0.0 0.0
-9999.0 -9999.0 -9999.0 -9999.0 -9999.0 -9999.0 -9999.0 -9999.0 -9999.0 -9999.0 -9999.0 -9999.0 0.0 0.0 0.0 0.0 0.0 0.0 0.0 0.0 0.0 0.0 0.0 0.0 0.0 0.0 0.0 0.0 0.0 0.0 0.0 0.0 0.0 0.0 0.0 0.0 0.0 0.0 0.0 0.0 0.0 0.0 0.0 0.0 0.0 0.0 0.0 0.0 0.0 0.0 0.0 0.0 0.0 0.0 0.0 0.0 0.0 0.0 0.0 424.34015028420225 0.0 0.0 0.0
-9999.0 -9999.0 -9999.0 -9999.0 -9999.0 -9999.0 -9999.0 -9999.0 -9999.0 -9999.0 -9999.0 -9999.0 0.0 0.0 0.0 0.0 0.0 0.0 0.0 0.0 1076.4363814589826 0.0 31.43238550238717 0.0 0.0 0.0 0.0 0.0 0.0 0.0 0.0 0.0 0.0 0.0 0.0 0.0 0.0 0.0 0.0 0.0 0.0 0.0 0.0 0.0 0.0 0.0 0.0 0.0 0.0 0.0 0.0 0.0 0.0 0.0 0.0 0.0 0.0 0.0 0.0 0.0 127.57738885591178 0.0 0.0
-9999.0 -9999.0 -9999.0 -9999.0 -9999.0 -9999.0 -9999.0 -9999.0 -9999.0 -9999.0 -9999.0 -9999.0 0.0 0.0 0.0 0.0 0.0 0.0 0.0 539.8252053652167 2613.008351828488 767.2062305794894 0.0 0.0 0.0 0.0 0.0 0.0 0.0 0.0 0.0 0.0 0.0 0.0 0.0 0.0 0.0 0.0 0.0 0.0 0.0 0.0 0.0 0.0 0.0 0.0 0.0 0.0 0.0 0.0 0.0 0.0 0.0 0.0 0.0 0.0 0.0 0.0 0.0 0.0 1579.421616161481 0.0 0.0
-9999.0 -9999.0 -9999.0 -9999.0 -9999.0 -9999.0 -9999.0 -9999.0 -9999.0 -9999.0 -9999.0 -9999.0 0.0 0.0 0.0 0.0 0.0 0.0 0.0 0.0 0.0 0.0 1024.192104852873 1431.5192512274004 0.0 0.0 0.0 0.0 0.0 0.0 0.0 60.68132428877768 0.0 0.0 0.0 0.0 0.0 0.0 0.0 0.0 0.0 0.0 0.0 0.0 0.0 0.0 0.0 0.0 0.0 0.0 0.0 0.0 0.0 0.0 0.0 0.0 0.0 0.0 257.04385425651697 0.0 770.944188397289 128.52948930549994 0.0
-9999.0 -9999.0 -9999.0 -9999.0 -9999.0 -9999.0 -9999.0 -9999.0 -9999.0 -9999.0 -9999.0 -9999.0 185797.63044540776 219757.2290867792 140675.99989958399 68482.0943105643 48089.112944085486 0.0 0.0 0.0 0.0 7193.055721102246 0.0 875.8415853066311 4821.415929552745 0.0 0.0 0.0 0.0 0.0 0.0 0.0 0.0 0.0 0.0 0.0 0.0 2400.2401175869736 3094.5425147447418 2818.0656503524992 3225.5319808716904 346.9225072052753 0.0 0.0 0.0 0.0 0.0 0.0 0.0 0.0 0.0 0.0 0.0 0.0 0.0 0.0 0.0 248.13147955647855 723.9234002665245 0.0 2196.8761101638074 0.0 0.0
-9999.0 -9999.0 -9999.0 -9999.0 -9999.0 -9999.0 -9999.0 -9999.0 -9999.0 -9999.0 -9999.0 -9999.0 16466.336471188406 16842.20760645348 0.0 0.0 620.319814994104 39724.110421277415 25321.440983070315 37427.62553116791 0.0 8244.242858325631 1031.7278206789017 0.0 479.2640533157005 0.0 0.0 655.8325422673654 0.0 0.0 187.01778601855744 763.0348610373225 0.0 0.0 0.0 0.0 978.1505246407305 25240.48722664865 13464.88045721234 0.0 0.0 0.0 0.0 0.0 1174.2550446693592 0.0 0.0 0.0 0.0 0.0 0.0 0.0 0.0 0.0 0.0 0.0 0.0 0.0 0.0 186.37029733271592 0.0 0.0 0.0
-9999.0 -9999.0 -9999.0 -9999.0 -9999.0 -9999.0 -9999.0 -9999.0 -9999.0 -9999.0 -9999.0 463.7566387304474 47964.792400552724 384186.33439496404 823.9250611965919 481.86101630539474 0.0 0.0 38451.52662645004 26448.641181782885 0.0 0.0 0.0 0.0 0.0 3671.887700373751 0.0 580.7958484828773 0.0 0.0 0.0 0.0 0.0 0.0 0.0 0.0 6396.0668131025595 0.0 5045.430633301711 0.0 0.0 0.0 0.0 0.0 0.0 76.73921669711405 0.0 0.0 0.0 0.0 0.0 0.0 0.0 0.0 0.0 0.0 0.0 0.0 0.0 1590.070522946332 0.0 0.0 0.0
-9999.0 -9999.0 -9999.0 -9999.0 -9999.0 -9999.0 -9999.0 -9999.0 -9999.0 -9999.0 0.0 276843.7503579692 100830.07190068888 4152.216427818581 5357.604640406099 279.1568926710961 2369.7981721497094 0.0 10046.429371604527 40374.42748865674 0.0 10115.365638645182 30671.441021402912 20269.731068599733 779.1301859725635 21905.212653511284 31070.669480390618 112712.27740311172 116050.77140620888 41080.15484917056 30334.674016791603 20262.167448467673 0.0 0.0 10425.428604477838 0.0 0.0 0.0 0.0 0.0 0.0 0.0 0.0 153.01156091574575 93.6769047424121 0.0 0.0 0.0 1652.1432587650309 960.9341326404059 0.0 0.0 0.0 0.0 0.0 0.0 0.0 0.0 0.0 68.17160886957417 0.0 0.0 0.0
-9999.0 -9999.0 -9999.0 -9999.0 -9999.0 -9999.0 -9999.0 -9999.0 -9999.0 -9999.0 35257.04492323941 530548.0927928237 64567.59013450485 6152.821686297028 10534.087953534228 12992.481574657175 2418.263479146142 345.8768946386088 611.8457486709452 18120.88968792339 22624.628103098807 56286.637318972695 36391.51661933885 64176.92465269443 16848.08109247212 279696.7357233223 261597.17126327954 163388.42762769345 183610.289477065 145425.12265559545 57625.36603374659 113787.56574037798 16620.20802201253 0.0 33069.5781307854 166.3993315137838 49285.21138223669 31317.13712908026 22064.96118133772 21397.907952885045 0.0 0.0 0.0 98.10973409736903 426.02097891990087 428.4626604477167 10307.107929854163 3232.7149417718606 779.710447201109 98768.02174998842 424.91494738059504 0.0 0.0 490.8185260920111 1345.349704605974 4923.316408295057 11404.971824216473 438.8071592785886 0.0 5991.198054683576 12909.319206939675 37461.85097881483 20754.480688845273
-9999.0 -9999.0 -9999.0 -9999.0 -9999.0 -9999.0 -9999.0 -9999.0 -9999.0 -9999.0 -9999.0 502789.11177338817 55170.13792460329 56379.21733129854 60899.860778152666 621951.3194768176 50211.811187300154 1800.0338785317247 212791.5048073358 250343.34390405955 189997.10456772352 35959.516455531084 162664.77212274272 28991.12299952368 8585.302548753674 189050.17063247005 77012.86259206283 37717.876054154716 13937.948447200675 27149.19338767249 37243.97057774869 58838.15841056633 20329.909109149965 10121.216043514854 3039.679554276012 18961.108842999034 35880.93103718581 53664.99272393163 35421.83481741001 205.91848243004065 0.0 0.0 26.76913431452692 0.0 0.0 210.21476976434113 0.0 21846.050096366078 8790.4169106652 128472.63246306626 50037.36442252563 0.0 49115.62563923673 51273.153787945776 128003.82289199039 5117.374847454833 81357.48834006969 103821.0602367342 78767.09543140559 0.0 108014.34493672915 36237.467676551154 150190.6189140186
-9999.0 -9999.0 -9999.0 -9999.0 -9999.0 -9999.0 -9999.0 -9999.0 -9999.0 -9999.0 -9999.0 3728.6680119994885 994562.0689181729 471606.9223806347 658110.8098956625 543367.8406677049 269131.7222229876 295419.6277123455 27519.19021153906 33789.842151625344 11640.487525659457 0.0 2590.4242492434396 30098.376331531486 2860.578962416885 1866.6336624134285 5180.108040111221 12547.092095908993 140857.84893340222 330714.27773357515 334628.03198848554 4877.692231525436 216401.27406826572 56138.05718882549 9830.90570025325 38062.90985789982 188476.67884621586 70839.07291406565 86213.87735482877 148.72226638424445 147.7674358301991 0.0 0.0 0.0 41.82824010941825 0.0 10088.806537593551 24444.75838698241 17032.888793988695 33311.662507496345 28598.374081122147 107773.982554213 103284.86887094424 32495.05918125233 22811.680545945972 11997.45280006691 14176.318021194134 120412.16000246919 150973.32601959285 169066.71858687757 164672.23968251023 153673.072547227 1880.6668571185585
-9999.0 -9999.0 -9999.0 -9999.0 -9999.0 -9999.0 -9999.0 -9999.0 -9999.0 -9999.0 -9999.0 665980.9546408674 720919.7015971725 277283.25491105637 31149.79577223301 71301.97774206495 486083.194117713 42653.25827617642 10775.337475764974 2308.7424651557894 2254.302421957387 1276.5730525675888 2756.005656513025 3420.006288330443 2172.574455826778 37238.16053499386 46507.283602334865 14734.819288345107 135095.83433289538 145696.26415318766 76909.57035897645 382280.56785351905 282262.64733246464 31783.92956868671 249496.44434719713 296972.46108886047 136397.29115765946 472054.2954951257 576352.0939163109 10972.82086585063 7635.972992116287 4468.1018165722535 23628.934696775632 530.6883032003572 1422.2350816304458 724.1782768256961 16528.20822192172 151556.21763402194 121729.60325021423 107939.5215501938 138242.0344400862 234194.13746947568 228327.32630357723 43377.27527273223 65213.433105726464 41855.27588621909 32516.126531645394 36934.43392150271 234177.59012768333 310385.45166525175 47148.97188200968 221770.9353158196 165875.42989898188
-9999.0 -9999.0 -9999.0 -9999.0 -9999.0 -9999.0 -9999.0 -9999.0 -9999.0 -9999.0 -9999.0 11888.94427886109 32946.77532636041 62035.378400643036 49509.17742189406 52575.39399245967 34837.84855383025 21135.50076099042 13171.709098303832 531.134025999331 3123.2705237892646 1276.9796277703178 971.5103236216025 0.0 2883.7746164756427 30410.171101584052 24107.70776297489 22729.779167949986 43779.974942226174 46456.75787482357 145164.89805809144 294331.95492177596 230304.14345580954 455083.9607756144 370482.7886246416 312942.4400971581 68489.08042387776 48204.710243910435 486593.5425982008 23196.630846320535 321926.9019936698 22338.95708529843 329212.44219857757 13436.061177176558 30406.21575329893 17162.46407330377 5491.633986105646 259601.1836826224 218880.6668324186 329791.90376202494 284610.9682781853 295450.7299323229 316735.9280644022 72747.57938874533 215047.87452785208 234114.82602040816 260265.21898340466 222353.07231397502 224241.82951768214 222937.02066806896 195091.0151454003 187545.16475559166 44443.2087511846
-9999.0 -9999.0 -9999.0 -9999.0 -9999.0 -9999.0 -9999.0 -9999.0 -9999.0 -9999.0 -9999.0 58902.32035083712 26536.256547677684 273368.27179629065 320682.1333059882 204057.29503990957 148909.2182940476 108244.95840993026 5346.300041969327 7001.923053006872 3961.032483980776 19589.501115673585 298.3779115055265 0.0 6152.765273141627 7059.874602126771 7300.992826137359 23487.235877828673 76314.61216820426 229465.96737208145 135353.4692884037 228639.83112722955 191528.00800717305 205610.48491335925 235012.61045311892 233333.10131339182 73959.68071652642 75018.26039060236 442162.86392268795 469997.4385231106 902043.1622327266 83215.75634044196 54276.04377510168 859031.5367907061 683775.7966908491 755176.5766939578 63702.95596181827 22550.729391916848 491343.4423462907 100786.79887624021 9418.637145923778 5782755.364008512 77054.54991208456 57446.49501717152 215253.63728329836 245667.52975200143 208100.09013508825 198412.9294936264 241551.5074074638 233326.34794523107 280366.2533122016 255077.5294883549 245579.92319035172
-9999.0 -9999.0 -9999.0 -9999.0 -9999.0 -9999.0 -9999.0 -9999.0 -9999.0 -9999.0 -9999.0 -9999.0 28658.944138516166 13717.727678014882 33814.27166776223 128655.08489687082 16446.48585297333 7669.210365097736 4398.608981346436 3583.9910459665707 96195.04985344932 34454.943185201766 1344.1447805925065 7539.035722161173 4331.533221161474 10680.262964240206 18200.363807007332 45881.38046591593 157102.35882665822 158555.95658389947 136931.01425854172 267552.93354247254 221197.5007898435 226892.53229616777 92033.5454028366 65615.63907329839 669344.0015550074 334728.1059098263 71811.11923990419 454862.8109318901 62621.2970122857 79821.07670924634 126199.65018002981 781968.8519833949 1011442.6240156734 69293.90471469703 10739.092022802055 14237.687419448534 34290.91157893798 17486.402815825117 5136.832256132332 215865.63183964853 234073.15529891555 198258.9442325736 189851.43694018893 209991.4007881678 198304.51647097772 209822.543566917 225871.12794541247 257181.24643190132 286561.81909337407 262543.8217731306 270345.72793292877
-9999.0 -9999.0 -9999.0 -9999.0 -9999.0 -9999.0 -9999.0 -9999.0 -9999.0 -9999.0 -9999.0 -9999.0 35534.462577478196 2091.4377111469385 20114.72938913132 280060.5424599782 66491.98188247466 23419.415464526293 22377.792940595325 12915.32933540091 13356.941515053539 1439.3601088506575 101293.49098979426 9046.54144814469 1341.7036902765349 70.35808523670832 25155.214655481697 369293.1000115326 122918.54805287252 131325.19508576707 218102.56199684966 177398.9780567447 243411.34760630847 223066.61966563 413259.2505982921 241309.95483608558 378473.35624095605 46342.69244306561 34593.080437068835 37521.791576489915 55521.93003844287 17892.599173255683 16997.780779812387 774373.5258209187 1123476.3066644154 114090.68858537386 18586.973069979158 4769.9962831234825 4245.264899836078 144447.27141230626 24455.763887299447 26548.67842748125 149396.11761802653 201986.90950981138 216987.78721574976 242102.6638805505 236006.21585007338 216580.33708025125 212627.01186847468 272529.1714360095 283284.2200678912 274858.8897136458 258366.7839775123
-9999.0 -9999.0 -9999.0 -9999.0 -9999.0 -9999.0 -9999.0 -9999.0 -9999.0 -9999.0 -9999.0 -9999.0 -9999.0 -9999.0 10228.020817752618 7578.72506833653 17481.22428633414 17691.47361455183 25377.89884080447 15005.251372767534 128358.6066819765 4530.71462065524 106909.97276381117 75157.85554744145 886.9094203372395 6969.357594042148 10758.581985807663 8933.100644055454 24014.805211509552 20351.830025289135 82210.36862604499 111929.95195814004 232128.79658195705 194263.95984262897 73908.9036632673 37867.75407773015 43795.02649887674 30017.868981338634 35748.57014073535 78797.99293542381 61343.52851930889 43179.79275518754 67664.33258047947 92298.63660342715 119755.32021054986 131770.3689320428 130676.76519816385 17971.652285620552 6243.676861297939 748.2954692646274 26909.5441283527 6462.997474160755 175105.72668337572 165653.53702571426 184692.91528572157 235280.76907782187 221023.93525864498 188371.32311269053 192587.65375223945 210782.32466622614 269066.08869634435 258879.4166013193 221061.36791336772
-9999.0 -9999.0 -9999.0 -9999.0 -9999.0 -9999.0 -9999.0 -9999.0 -9999.0 -9999.0 -9999.0 -9999.0 -9999.0 -9999.0 -9999.0 24.781771993993292 9816.940443721054 247234.86599888213 203679.40352683593 11321.426472083196 10825.39910601017 115315.1602262048 99098.2512888968 1324.588828747197 300.6100897674183 9651.31927317439 7197.035742383039 433.4892873482157 756.5970488038221 807.494491330397 719.7818215772616 47738.00305748594 83597.86959488709 105383.78056589885 92511.48809276849 20183.841339738436 7834.201361917584 1262.2016420349148 13044.441287708978 56820.89331655201 44711.94382136405 9783.617620327796 43881.267072588045 73748.164611154 88676.40499207815 88452.65290317188 137154.239138797 24220.09057016397 8245.213989358153 9477.002555241117 11117.49184900654 21133.155816552542 23398.08521235508 38108.14251652401 139794.80221711026 191144.90682965305 180770.39740491004 209783.68873247347 176415.36446565812 204845.56763667372 229882.3263605744 210385.3632996278 252841.1685680593
-9999.0 -9999.0 -9999.0 -9999.0 -9999.0 -9999.0 -9999.0 -9999.0 -9999.0 -9999.0 -9999.0 -9999.0 -9999.0 -9999.0 -9999.0 -9999.0 -9999.0 69937.74851669285 13509.038585740695 16592.61610762034 3345.536212397714 1356.1355075613421 1065.4687606624384 16431.791279400175 7509.652199131655 479.1160599456158 84.73259279421917 100.53992229311478 138.2476992564117 455.9814290559882 79.76554417578609 10968.821966054556 44115.61495594743 41261.93859620468 16025.849812138536 192.44455246051464 3291.5285927082837 410.16638351226686 5940.013888858693 54930.47711754348 51332.45764385095 2940.0393005386027 54527.86109181114 94589.00656142618 65014.21496481304 93320.0935040442 132405.3107093374 99329.42652623435 4971.21262649425 3260.489529977201 3091.6838368573017 15723.468111027863 18557.714451843043 15721.630394243706 81258.29716352654 100072.67488764855 132952.4985783328 209758.94388958442 206412.6900768588 199073.05617328556 188224.9316055247 206662.56177893525 218615.4907709117
-9999.0 -9999.0 -9999.0 -9999.0 -9999.0 -9999.0 -9999.0 -9999.0 -9999.0 -9999.0 -9999.0 -9999.0 -9999.0 -9999.0 -9999.0 -9999.0 -9999.0 -9999.0 15426.124707714494 92626.86799630066 1296.1103021308793 4392.7018371610675 10272.63231805283 953.3253937583889 7192.637074270132 8523.169606762238 1476.3748615527952 1092.3240351965378 1211.5849069225958 108.00335377911259 245.9342929686923 507.5819433603132 12876.773662555419 35648.19833272633 5009.377787263397 868.4704555958431 124.0417956410251 0.0 178.337843443355 8066.866291318243 20742.394995406066 13991.446251519865 40270.66212885583 65459.61082755777 39696.104673428694 52607.62482970694 44695.06774418283 74512.39939119901 5365.353481325974 5994.376663750223 10845.978772109775 93908.74410290965 82687.6360745435 60333.92484634164 97758.62300805081 110260.40833370537 150516.57753367955 197164.18517236607 184301.1776712843 180527.98504822818 149847.35133153648 165100.01315628877 154623.7158640418
-9999.0 -9999.0 -9999.0 -9999.0 -9999.0 -9999.0 -9999.0 -9999.0 -9999.0 -9999.0 -9999.0 -9999.0 -9999.0 -9999.0 -9999.0 -9999.0 -9999.0 -9999.0 9300.048117884762 93693.07297492429 13027.915455832466 19200.11090972492 14735.372520534833 9290.318030467839 343068.68059824966 308474.41151436564 11305.756316945372 719.0384538930278 5445.831245950516 146.52193616630237 745.9866371428968 1592.5459011728992 4666.274627812682 1176.6234183346692 406.50674140332114 1268.1951334162945 183.8638036995966 91.52947058907247 612.7628540489509 67.86044649163557 9524.029722047933 8746.919174294891 45135.711458404956 13602.218955651373 51136.63859038604 62984.185005175656 26265.857182144715 104093.55716173821 18246.94092666767 5104.185899907494 12328.779050009893 39962.88818525958 137139.0681787181 143877.84639047558 117978.9580527493 148168.68429783906 132803.73046363765 142505.38346010307 113668.17732574235 128687.77093276884 163992.89980440977 169912.62371480456 170263.5997707599
-9999.0 -9999.0 -9999.0 -9999.0 -9999.0 -9999.0 -9999.0 -9999.0 -9999.0 -9999.0 -9999.0 -9999.0 -9999.0 -9999.0 -9999.0 -9999.0 -9999.0 -9999.0 1143.483254290722 16949.428985907205 96353.31757224123 117118.04189032594 12919.499318634886 71374.05392266782 3039.07240860953 832.8451722918451 19188.644142672267 20142.468480790845 147709.56697214462 3297.443479609894 3860.9598436069614 1720.244777971093 2019.4700164371843 10244.704126336186 17894.64351361795 2066.443403277805 1602.7106115831882 1116.6813765479144 2548.744431635555 14672.783166490763 13367.550026217814 29992.407022508607 20211.654739337613 52034.419063216774 61890.477350623 55946.642622190564 10353.687609672934 94435.33120932034 18354.690975435788 15271.962764795871 26693.44402186145 111774.39776992527 118952.56273410867 136474.94109471535 71858.65645925849 26200.74128295879 27456.36876984039 34091.221725131494 100000.44689476381 110934.49638551369 148781.52621880156 156499.14991006156 167534.90575481564
-9999.0 -9999.0 -9999.0 -9999.0 -9999.0 -9999.0 -9999.0 -9999.0 -9999.0 -9999.0 -9999.0 -9999.0 -9999.0 -9999.0 -9999.0 -9999.0 -9999.0 -9999.0 -9999.0 5148.447141490714 79115.18231631757 108720.17500095532 93379.17795038575 7054.7151056700295 12.228931560422943 254.59880309673628 28465.28673196756 415399.63687422965 26630.476027521177 10958.28134660002 9742.16474227622 43196.10874778357 6684.603072577632 42756.18860923575 7714.877589717576 11253.655183345883 28301.772057239745 61459.50378746125 61118.20815585224 63326.09183194252 78359.17424001585 46025.042134151794 25843.57805719233 49558.01677546397 12248.416166711017 14443.622904598184 13542.899111154671 114474.72481932833 17340.341832165534 17833.126084657906 43029.78652251896 147410.9173121934 177825.71100986603 158221.6272725044 154728.16294523134 168314.8321697978 53917.08833501507 169547.02119600712 123519.96246940715 49799.82015890826 131696.08870061525 69524.24658401488 157015.2186877541
-9999.0 -9999.0 -9999.0 -9999.0 -9999.0 -9999.0 -9999.0 -9999.0 -9999.0 -9999.0 -9999.0 -9999.0 -9999.0 -9999.0 -9999.0 -9999.0 -9999.0 -9999.0 -9999.0 -9999.0 1619.4340363072213 55408.225708292426 12098.36216651795 0.0 726.6854783966596 1676.606230542076 156902.9747078079 2556.65978115036 16237.645887033405 62714.63220920923 70784.49044009812 66395.87981618126 66748.36025445018 66209.87944631786 54965.52505625581 8008.350762278086 52502.85315638609 69415.56467362771 57751.15528268762 70464.54469713771 71690.67173549991 79329.87780760076 49384.53144652902 21543.28875274282 28924.309386513094 11851.920206573144 64211.30519557046 116001.2310143488 194860.00425763926 198999.7954977535 318023.53013428964 175917.17083579695 164291.46513434243 153600.45136207266 162921.19918609288 159895.5173010977 143577.89741014416 132128.47573038403 135695.95029936032 45867.099674351695 69570.67375649717 71395.12969887575 180761.53974841264
-9999.0 -9999.0 -9999.0 -9999.0 -9999.0 -9999.0 -9999.0 -9999.0 -9999.0 -9999.0 -9999.0 -9999.0 -9999.0 -9999.0 -9999.0 -9999.0 -9999.0 -9999.0 -9999.0 -9999.0 -9999.0 0.0 792.6478972512864 82186.99706636828 128779.5535908457 2383.4324074381743 2050.8442571766827 1940.9612723942096 18930.46049930592 17974.78029309271 69957.17791189642 77878.32636786108 78868.78916006428 86691.90159810404 70583.31727933766 12983.778274914726 66996.24598388697 85114.04994664068 72795.64870039925 24420.776299836114 61427.95363806626 83988.17654307032 82611.500123942 54179.12757844158 13122.250926086448 38272.047116858295 144547.1611592818 159929.00997958775 236434.39048953555 318645.42204462306 414683.8586942129 134340.72348995486 81800.16615161962 83527.01350395911 132117.63149109262 43509.198207073496 88376.5532819705 148060.76994478476 151145.46324079784 129973.48038871928 66966.56345966895 145295.34304433657 138127.66771438147
-9999.0 -9999.0 -9999.0 -9999.0 -9999.0 -9999.0 -9999.0 -9999.0 -9999.0 -9999.0 -9999.0 -9999.0 -9999.0 -9999.0 -9999.0 -9999.0 -9999.0 -9999.0 -9999.0 -9999.0 -9999.0 -9999.0 -9999.0 627.691319841011 65949.82179281705 878.3852418079751 270.86771509574544 548.5143153576341 2167.114252342301 9913.629803640191 14204.587132636178 89109.32237841435 76487.82718427079 84969.82357128286 88174.2480701132 85092.82048839153 75293.61048217563 89409.42127123542 75360.06046632314 34817.89498643901 24855.499233985436 69067.83170871602 60294.246350363224 75293.50527060509 94735.2806631711 2550.282447817752 89130.59039925906 149329.38992645353 76479.27600664822 52289.104571982774 23360.32227893996 13297.178747186033 4068.481506483174 7765.171214147683 120748.98132236786 116451.69826408895 113387.22874434138 180836.30886637286 133981.49436800263 161434.56830275166 144162.8179413663 210501.0887602859 87606.63565578798
