critload/trunk/input/1999/nh3_spread_man.asc
ncols 720
nrows 360
xllcorner -180.0
yllcorner -90.0
cellsize 0.5
NODATA_value -9999.0
[rows 112 to 139 of 360, columns 512 to 575 of 720]
0.0 0.0 0.0 8322.3520554 0.0 40786.8485986 0.147623993155 0.144243839687 7.83759702621 8326.8395421 0.173698481303 0.164952917029 0.152648188719 2423.37842679 7.84736053688 2667.04716821 7046.45379231 3953.26514794 4375.1217766 0.0 0.0 1962.69536028 0.0 0.0 0.186385018473 0.0 0.0 0.0 0.0 0.0 0.0 17120.634392 119.393302932 32.9003587022 0.845701214973 0.0 0.0 0.0 0.0 0.0 0.0 0.0 52.9164487485 0.0 556271.36553 0.0 20594.4234914 29890.1051655 19064.3269152 3095.65613374 8520.65603295 177572.551128 256096.551953 213329.579163 2672.7716372 2676.21266162 88.9219910008 331228.664201 474623.47498 408796.632696 353587.771854 119.799328558 1092.75593827 19447.2386229
79121.7775802 4418.7591599 0.0 0.0 0.0 10388.1852104 0.107163564362 2852.57948285 6219.57243696 6578.02664661 4474.7253274 2560.88095637 6.36884719832 7.90648469389 2683.06042354 1.93968807439 27.98820362 6.37472159308 2559.83582448 2559.95125379 2557.5099751 9678.31050968 0.0 0.0 0.142633331123 0.0 0.0 0.0 0.0 0.0 0.0 0.0 0.0 0.0 0.0 0.0 0.0 0.0 0.0 0.0 23723.8245652 29736.870015 83668.3338468 27017.3750941 340386.328477 0.0 34427.8497829 16855.3349597 45026.3229582 21702.1284688 21907.251284 278139.086958 203708.829696 165849.762189 103158.577179 2468.78443771 100358.777327 370.914848532 259.600847208 116.306557642 411.563041446 2437.23189545 392345.765645 1761.84704645
81827.7957529 101806.95956 8579.17226776 0.0 0.0 6947.45542588 34910.4429664 2769.81571487 7150.82667399 0.18458071346 0.175695692581 4.96993733093 2316.52032549 7956.77337421 13982.6606938 17467.6971843 16860.2328208 17214.6157047 8437.93700025 8431.74920329 10003.6286508 2532.82350178 12863.805633 0.141183314638 13350.505691 5529.10591576 2451.85569023 0.0 10529.2569342 13625.4098064 2452.20079965 0.0 0.0 0.0 0.0 0.0 0.0 12485.3711847 0.792650770498 0.0 89364.7586231 0.0 0.901874784872 95288.0197211 0.0 15946.2987242 294104.860694 299656.688863 109464.532714 94104.1482247 94277.4123976 156564.96372 183604.59584 135687.694331 225575.172182 4188.38567964 409.700106112 125936.708423 90892.2395474 16322.1921519 12029.424294 11541.8880955 1127.71896882 980.741662192
186406.793291 73989.3993444 43707.5830397 4169.03698802 0.0 0.107511253928 2343.10675252 12827.6055709 12233.7861686 12028.2053984 8716.85719533 7767.94399437 5780.09240373 2588.73166649 2585.60884593 13837.610586 12931.9425068 13305.098945 6896.38898361 2016.01435614 6225.41202677 2113.39510314 3035.34766868 7202.3230744 5967.26584125 5150.05276846 6172.62976083 52669.6004449 24152.2236591 52451.6138623 45.4595412682 16.1233479545 64078.4546768 40644.7417432 0.171999813163 35174.6166226 0.0 7933.87520426 31470.4288279 20261.0778302 47144.5627887 84939.6828301 17903.751692 11897.9928926 0.0 263.930414301 278121.118144 150108.544787 297098.761922 31850.2228085 221.378973043 158722.010583 61415.3330233 191114.979622 39375.5950552 147310.682037 3930.77723061 198111.897788 383103.077171 691501.381907 23582.7554977 321554.292932 6899.42631714 2160.94151194
726808.656254 131464.686926 159655.406026 38522.8405587 52658.8423594 3312.03000963 327.565487038 2478.44145678 9903.36230764 0.186411127212 2727.43329846 6489.98105855 3787.13527256 0.172200790658 5003.01346133 2602.32195538 9079.79107468 9009.12327091 2601.20652727 15912.3088354 26416.4171339 6124.72324206 18.5016957538 9758.53195247 18543.2063671 4691.60903065 22883.9399231 42833.4676002 22186.3807249 30065.5700323 27903.2564274 38.9745681387 40.6825784323 30428.1407524 32644.3402426 33742.9893438 15299.5030068 8108.55085365 7642.43380005 0.0 26943.24808 8810.49424378 2328.27324002 0.172856554623 13.2656160116 89739.8081465 105244.940716 212008.01718 347302.214698 151839.718563 310505.351655 417.945636433 35783.5934559 1527.48886885 274809.516367 2457.78290953 318466.126819 724420.626337 978772.471427 984406.108568 639855.453662 839472.844465 3503.43344616 293572.840518
1084014.10939 149284.165072 132043.760184 218770.480335 203809.672744 62519.3700692 453907.98538 14271.5230404 7453.4236748 2618.3727806 0.0 0.18734883071 0.177951981516 5.23180355223 2136.22354228 0.17810424429 2074.7530789 5336.87350522 2491.6244083 17097.2162903 2492.94501385 12760.1503196 16622.3769608 2443.53831128 1722.44680494 8029.86391894 15011.0631653 20745.9034581 29527.7758821 36161.2582797 23008.7122613 53.14729091 49.1425586626 13119.5528103 3960.43668334 17097.0089534 17005.0189871 7045.70858056 9495.4430918 0.0 0.0 29.8553698328 0.106599430118 0.0 28126.2767073 288224.586621 46771.7309017 440028.947594 103668.538523 273969.591506 208130.198306 50927.3556337 23838.8806998 178644.861522 75245.4789666 288957.417452 1623287.73671 895166.431439 823473.888898 666949.893588 1253588.97722 1115442.82309 1018398.29876 629143.433614
1249432.32316 1022066.68023 72759.2305074 65478.7685539 65961.2889068 26918.6028228 16594.2691979 108118.656579 1.54088440901 36968.582995 14590.4072453 18549.8742511 0.176584472466 0.0 0.0 2660.9029418 5626.33833811 2505.27632943 6030.73201633 6525.46730675 7694.36366605 30917.249454 28587.4742577 9988.35029817 9722.47386627 16391.9823242 12243.8819397 28457.6288849 16574.2346994 5167.45460949 41032.3873466 19439.8130512 3912.01221524 539.798840442 16010.3772074 0.141634764307 5.98249841802 8.14290869062 16416.0471114 0.0 0.0 0.0 6566.85531221 21098.3695231 25465.9272323 54420.7239993 26183.8617878 320894.482052 78483.4639884 97088.6648057 220358.494494 49292.2388866 4928.29165928 550.984833571 188159.803131 1881406.76847 2053903.01348 1681286.89566 1436979.62447 2027646.3294 1052822.86712 992219.41644 871796.197341 804849.883138
1602143.29963 1214223.6908 1570429.81012 1286110.37815 169292.025062 44385.1121309 44347.7305641 29142.0354646 34104.9666989 14397.7782897 0.0 8470.16215304 0.0682708819919 13744.5287473 23453.0892369 0.105207497078 0.0 0.0 0.0 0.0 8794.17692227 8346.52071744 0.18952346431 0.0 0.180415036921 3689.01301378 6324.26297754 0.180346069919 4.20933445417 19476.261312 33089.8314114 25610.3840464 2808.923253 8327.81302452 8364.43988654 6.99576074974 457.552610598 7.1647231496 7430.49272671 0.0 0.0 1564.75658813 27329.0544971 1969.11026582 27109.9528935 13797.5196636 119276.955408 302996.296776 207067.258364 5400.99944516 228377.720225 166712.317807 136046.717544 166560.623918 36011.3090358 2123711.7688 2184384.87065 1982943.55987 1709061.56443 1776034.70843 1754371.39884 1336438.81934 1646452.27603 39874.0726882
1478255.55924 1608025.55736 1251726.89722 1681310.5819 1368274.64953 44912.6515339 44719.7886556 42185.585012 113086.231643 91155.4896787 11062.4294072 26975.7407635 18366.586221 0.0 1400.3702619 13.9732122877 7.12041146744 0.0 2528.30773324 2530.79704595 8533.72418076 494.705546624 0.0 0.0 19746.088691 919.062094872 8.59210486139 9483.30841294 13.5254825525 19851.0174354 21.5722460237 16.1330424995 3.09470407793 0.151277887057 943.206161168 6946.44251992 6133.59200209 3697.13373267 7.67176360128 861.078824927 0.0 0.0967609141331 9925.47707813 6409.07273429 3437.95796519 9868.62496134 38425.1318549 50944.1433966 14938.9667197 64676.5478072 40171.9899802 62144.9559469 211836.997224 232296.830899 348140.50753 1641329.51043 1631639.26055 1748230.2336 1702000.33911 1558951.25228 1236017.65699 1261398.09886 416616.105214 484104.844179
1361257.38045 1617351.56035 1250442.98699 1203361.77313 1238048.19553 974990.864351 440815.138481 155045.746403 211896.357164 991128.718434 1014601.58865 48159.2359426 21707.1631048 0.0 0.0 0.0 0.0972324297204 0.0 0.091534981049 4158.82377099 5.28638228428 9741.644044 7094.76974465 19.5654713399 11.9520644229 21.3412457431 13.1268705758 15.0508721326 14.1756321241 9.32056225706 4.60477894163 17.3691044554 5494.56056004 2236.3674785 306.416293766 3139.44449641 2961.76135282 0.335294481652 17507.989203 462566.561496 0.188751999617 9.93815993191 399.581509852 903.977462929 2493.71814701 9963.71123154 70326.8686747 48449.8374053 0.0 40934.3716212 81612.9828036 320077.217628 64662.5089804 230451.973046 277066.890195 1017336.23595 1511312.12767 1916317.44707 1897362.49184 1226544.2852 902202.765826 1186695.67382 303875.04903 304554.207608
1265347.09009 1727770.55527 909469.733451 1226853.85761 1246065.73636 1217735.41611 1263514.66073 1237781.8677 1504275.70638 671416.902016 355314.091511 985277.16867 377465.222582 22357.3650784 17630.1829188 0.0 0.0 0.0 0.0 0.0 0.0 0.0 0.0 2825.7938739 3372.56142899 12.5348403124 17.9264106185 10826.9519704 11722.4302986 10408.3371012 18852.7632131 16.7350614644 15.2965959504 306.141402403 2578.5094079 4475.64133116 45222.7825434 67058.0673321 74766.8720635 44880.3582857 47076.5744068 9.53735212313 465.93587631 1415.52047274 2298.86712703 206289.934844 80337.6106047 82378.1928195 0.0 606.289297699 10104.3741327 75161.5149732 211980.020188 127227.625902 142639.136735 225757.479138 1017239.99133 1216540.65422 1463119.55411 1125183.86802 407490.174011 932280.441772 577989.511213 594495.661329
833424.960137 1613332.00438 1203929.56662 1270123.73923 1259392.89823 1279023.44872 1214629.9518 1280061.59757 1244867.78578 1032848.30709 986808.66491 744655.833588 770670.283051 998206.735702 755508.231607 638842.189056 484105.996795 60026.0353661 23721.1377082 0.0 0.0 0.0 1492.24871725 0.0 19388.0047982 1533.97168119 13.3855763444 0.0977820157808 0.0542896390181 5.27208152145 0.694484860345 6357.06365653 12470.2504957 0.0751263370893 47351.7989285 30053.9208651 22435.3045405 0.0 22695.837771 45487.5723628 54578.6822315 59321.7808345 157944.029812 13321.2375089 5268.60776098 198599.589673 341273.374596 112750.878511 130.947716857 3842.7861742 4058.72708526 5645.43724722 205156.581784 145743.114067 235189.80686 287821.237984 958566.003431 13194.4099723 523722.275511 232769.23431 603085.237572 548612.117702 464096.616354 585530.918816
1216661.04958 1018297.16187 1250015.27033 1280245.23586 1232165.10676 1279791.87162 1262312.5959 1258933.56917 1288641.65872 1278219.02255 1209798.55567 1247311.54966 1050837.06767 1051553.3027 898164.153862 730390.64885 715368.214833 582936.550779 881381.476125 535442.45295 255683.511358 19057.9312876 32370.3192054 19009.160934 0.0 18551.6229792 2835.07350902 5992.98785173 1080.66457322 871.348717646 396.663879541 46136.460966 45530.1701709 32343.8158454 22549.8100868 0.0 0.0 249330.143286 742948.96847 835057.316215 45032.0187809 9725.88926879 5983.87909364 5332.28302955 29902.250324 897.935383984 188008.775521 558.113673886 24325.5148257 871.384519794 11930.7609534 15743.6629321 200188.294463 228571.18902 956.011060365 739761.762537 868.233004828 996102.997557 705512.4851 746340.756086 718468.555464 649004.562335 479048.021685 378563.56295
158693.586772 746607.35213 1284160.27646 1197039.06923 1203944.18914 1276971.84388 1289302.76244 1249936.06638 1290514.59026 1292781.68586 1241372.13837 1282133.40313 1292319.18735 1286198.15049 1266459.98046 1163703.55459 728416.391279 1247740.90386 972122.973094 720774.206041 766175.557017 766432.606337 925918.118182 433498.821094 12078.7258542 71569.4865871 3687.16725098 1927.72753783 41374.8976066 20935.0318826 76866.2684176 82082.7024778 15154.4401045 22777.5026674 0.0 184158.534922 1144356.5006 1048495.11688 832679.597789 181707.098363 0.0 0.0 5999.63475931 0.0 2139.73240523 327.090803601 537751.01641 251373.801536 169354.259877 74599.6123076 10522.1223776 6358.03377492 5012.57022606 238989.462932 2211.64930044 1223065.21049 2494.30103462 907135.546599 1177588.5573 832080.765649 529398.238704 525558.061793 472081.185715 297504.982288
1077076.71576 1011535.17029 824739.525308 1298504.04472 1298369.52664 1266353.62851 1263657.35426 1296318.57611 1258651.38573 1175766.16387 1291223.33767 1254441.78323 1216675.27195 1259491.6674 1251684.75751 1270585.37493 1684536.52015 1636621.0679 1288330.62532 1671768.86843 1579455.90533 962050.887772 1032770.61447 979626.014162 721259.968324 942026.628577 811927.928659 1319020.9589 793946.986038 315064.85785 587930.937764 755237.402404 809136.777494 996652.259755 657214.620937 876781.882432 994937.521911 273397.290994 22835.9424795 0.0 0.0 0.0 0.0 0.0 0.0 21149.8178168 474306.45055 565.875550588 370953.226814 252408.566531 408579.306202 16642.7226917 30142.9476814 335524.977443 2021.93279657 1569.59598284 2426.13209929 1514.70178256 2566.51190271 934742.684056 645950.675969 532066.910613 271216.63458 318416.434757
1049487.86632 677351.224393 997537.160353 1253359.84162 862126.450665 722526.931507 1267334.2851 1280739.32085 1152948.62012 1278641.21594 1328580.2197 1303971.34122 1295099.2455 1296560.55173 1258504.57493 1215116.05012 1550246.45854 1662497.26841 1603551.81445 1256415.37672 1258973.82654 1242617.18022 1287548.55923 1299097.30755 1308283.74103 2377278.39002 1307210.26508 1285048.50488 1085532.97561 937290.057356 1060041.99441 826119.172997 781956.294058 795576.39947 139685.163143 322232.522025 115831.290075 22903.1990839 0.0 0.0 0.0 6440.48461393 0.0 0.0 0.0 1106.63512404 162446.289098 308809.973052 719451.799678 671044.662469 214.002453706 561131.655591 537938.042952 304215.711266 1653.18589394 936.678377013 1448.12732538 932.310883626 551485.023902 765643.777495 695691.584806 370152.366177 191304.630756 267694.752362
1282987.56104 1241745.14206 326184.894316 869781.666828 1046715.51959 1273985.89447 1193598.25228 1241840.02432 1290587.16723 1317445.27038 1278870.96875 1301264.55422 1317649.95005 1303345.00821 1268859.19415 1221940.21419 1701614.13346 1692081.91124 1449758.23498 1545672.97473 1591563.96379 1282192.4799 1305159.08556 1299871.47754 1320944.99705 2900464.97826 3070985.37275 2793187.72125 272000.170996 139012.786324 138716.046478 92232.9290963 91848.7794464 186171.221979 229870.670677 182743.708476 44954.2210232 0.0 5905.57627918 0.0 0.0 6573.15768489 0.0 0.0 10627.8177346 910.911182754 293840.100085 229308.225651 1132856.49397 923643.799734 728500.552327 872485.262939 591076.540797 614153.50184 1721.92163543 1799.67011761 2207.49662256 547393.170597 1006065.85478 399778.477161 696470.173443 278782.814809 1045.88791015 376321.269429
1625006.76105 1060684.25576 408984.456228 1013545.91521 823588.838307 828956.950632 1030152.55876 1278334.17936 1320923.77976 1136551.64632 1294879.65494 1231352.47783 1246801.94329 1155269.23265 1216483.5773 1291328.62341 1300493.31723 1288540.59228 1279913.65569 1718789.48648 1400400.41407 1230011.96744 1665270.82288 1645702.32494 1311451.3649 2762864.00279 1900336.74421 2732583.57884 343106.869807 254986.086354 307893.252774 271964.771471 315830.364417 23020.0683242 46049.5456782 0.0 46449.266894 0.0 6394.30978011 0.0 3656.44588748 19097.8332072 47766.1076966 6561.53378866 1341.00699043 734636.84479 1127963.7283 1354.95020987 954471.706264 901180.600344 1025037.20155 914627.786342 862097.4932 808554.725128 895762.986491 1296176.94028 724635.798718 915916.112245 1794.01907318 496453.08142 440.93481702 2330.22547167 8942.70150355 5472.45751606
1342581.89072 834923.034555 509822.801427 1198724.84324 827748.425628 1096821.39974 989888.877712 544730.883509 376874.882291 943393.554777 1051456.14631 1024802.06717 933576.498881 931145.21193 868511.549287 459480.29143 1688377.58193 1242233.37889 1197735.52005 853626.069703 1163004.8038 1310267.5822 1091340.8551 1674041.01537 4045888.87662 2855636.07984 2074748.5551 2927990.33156 2878451.0598 1803519.68734 2163558.94364 2577115.96292 2907002.64859 1068548.59145 64690.5432814 251582.663647 59420.9952199 26452.6591544 6602.50433634 0.0 18704.8273838 0.0 4732.12180325 626.937126603 1428.22906983 710976.40503 1119778.10072 563254.952143 519328.11579 472.145777211 978.291747675 461688.923489 417748.97585 1599.01135786 2601.86357019 1416325.23285 937343.435744 683965.504618 525333.8639 1984.22818394 3536.14217258 3721.1351336 4096.19915067 4770.17118419
1493753.40719 980740.403736 1066966.8695 976784.889751 1300178.77331 767927.350458 882613.901767 660600.222762 378502.825904 428754.65104 1156072.59687 1173680.78991 659299.741052 1017878.00767 904054.826405 1052529.1709 990907.204323 427298.680749 722947.879438 1024596.41238 1247258.17228 1101809.33179 1061753.52808 1290305.57251 1751586.30669 4212648.15926 1733497.40143 2792525.37865 2741570.03015 3102352.98905 2915224.70995 1502575.49125 313442.429337 46822.478328 0.0 70127.7466493 22319.8449651 46035.4366002 13259.356426 6637.06337755 71457.1277787 39555.112 36620.5083186 1902.63880527 1657.04229806 789.59324003 535684.108837 293722.242707 701729.8965 1523.88662455 883.005316663 367204.077156 685506.629138 899430.258142 1166044.16166 2417.13738509 781334.212977 363845.056385 649.564685457 22.5136316978 4285.47524656 499455.28404 699147.164937 264026.010805
1635177.14378 1448390.06727 516904.719462 1255064.67288 1402994.76865 1439428.13301 1489353.41458 1122420.16455 1348764.03299 1450256.60769 935067.309108 206797.988602 27029.2095315 108493.865175 189922.685594 162548.982266 81492.7867763 298915.116895 370362.289222 820721.130121 1050123.47059 1098752.30673 1210522.34761 1331820.85139 1298070.4478 2290569.93883 2803981.6331 3893717.63249 2179082.51439 2885624.63288 1192327.08531 275617.171406 69583.2264527 18882.2984763 0.0 0.0 32953.6838473 6672.90126695 25114.5610811 50772.8230411 51084.168692 0.0 0.0 26341.8258237 0.0 38172.6287133 582699.081901 605424.083487 774.499194411 552.008040192 356.590119315 525502.751768 713704.780273 850520.226191 1284419.64084 3572.39211497 1549308.22483 3612.62957217 2279.68846171 529763.451427 6501.36878178 851423.926632 897178.312964 1012886.36657
1690026.97122 1500942.85913 1337201.81135 1024481.17706 1344270.97528 1690630.63579 1499656.34882 1077085.22167 1216838.27026 889647.636881 269346.135531 433583.955567 269726.296537 326988.952245 379284.417619 54552.8883495 109273.630577 354151.210781 632902.1989 329449.377567 773061.691192 1066367.08429 1256318.39836 1331630.81543 1331904.80671 1249162.78312 2741478.76661 1962315.08224 2616556.73794 2650381.86289 2790371.37278 792131.906106 832072.262638 0.0 0.0 0.0 58606.7394859 0.0 83102.7028666 83207.9044142 19989.011784 12421.4301016 0.0 6223.52253309 6492.30125037 3466.14201721 1168.4901122 540526.303271 213444.177592 606.528488304 994.228089579 335778.042224 748255.639893 852450.25237 2349.4138318 2106.91740002 1504897.96168 2680.03349172 56679.3861749 598990.874942 1055066.85317 1074136.15262 878558.67995 17502.7752955
1310999.40863 1463178.03873 1494621.2699 927704.211351 954838.955363 643529.593935 1221373.0066 1554218.42921 1595898.61999 894549.32215 410124.345982 327042.355775 408725.155588 136410.837088 109769.483103 219560.493852 219413.373655 356224.761392 217360.389708 349035.32155 491810.360698 773290.025311 1304883.7501 1336122.42424 782474.497459 1254183.18051 2530211.85305 2418024.5443 2898876.41228 3240299.64914 3015941.50218 2180255.37458 1384884.26777 23546.5684761 0.0 0.0 48268.7976166 59812.4767263 1110806.58843 921248.61613 19715.9648655 0.0 6372.33368379 12878.8054246 19678.6817474 0.0 21968.4588778 854246.823708 517060.482606 1135.6353618 589.073146085 1020.40533857 373.707559524 599842.770381 416839.561295 427687.239054 1524.46874727 26794.9249044 0.0 6417.06625547 24165.3896671 13629.2544235 1246389.88108 1189720.65996
1644474.45778 1212652.28923 1025620.62235 472230.291716 220214.712271 1026283.62313 1231700.85381 1273099.00391 895631.671318 588462.476111 301335.286153 819636.275382 869806.455479 757647.214411 164141.34044 220469.845452 302930.88458 370007.20923 80846.6838792 402691.253034 270252.005174 1008876.75516 1333896.77492 1242674.35933 1081190.79406 1060057.29885 1543864.6992 1810609.24524 2727199.30506 1749784.02183 622397.448231 1326855.95209 1713271.80613 22093.3870371 0.0 0.0 19468.3453407 696337.252587 1466956.77635 1320142.15193 105013.743082 26853.9122631 6480.5847004 6747.04860162 13282.8746819 0.0 39760.5062371 546215.657723 471432.672506 1677.8726059 163.565520318 44652.6942411 20867.5451452 0.0 0.0 6495.97270473 20877.2944896 29144.4480867 18553.2070237 13515.80178 12326.6764613 703810.975363 1254506.66174 1133196.85782
1369295.36126 1187080.20791 295670.904024 1045800.02268 996127.146283 348735.014721 219896.805103 594794.070768 1083886.48652 242575.953693 785084.262022 1003455.78206 1157890.82663 929810.149413 808163.9864 235521.969506 328007.688032 82783.1397488 82273.2309118 714485.415464 137854.909706 1116989.67249 1193230.41675 939363.917321 880314.66355 115340.599164 723364.489976 221546.918545 627258.147314 -9999.0 -9999.0 545035.793283 1573132.79719 0.0 0.0 0.0 32802.5419894 728277.240711 1277299.3763 1192725.12418 101637.171547 0.0 0.0 6711.16095485 6748.47422841 0.0 0.0 0.0 1893.63894523 1733.81903586 215.105202994 1477.54156106 0.0 0.0 0.0 0.0 4198.77733602 69167.3085912 115374.34322 68873.2511692 40631.5355498 16669.5736909 1747.05764037 3396.32724507
944639.70647 522012.956943 480738.148402 1002053.95883 489950.093747 521476.447318 1273464.3363 1143136.11334 545939.465833 413909.003271 1097943.53568 1217740.743 710334.220999 751790.47202 470306.848516 1134742.49146 138216.299072 206924.45156 254402.445514 166045.401947 468387.955819 822427.291719 -9999.0 -9999.0 -9999.0 -9999.0 -9999.0 -9999.0 -9999.0 -9999.0 -9999.0 -9999.0 2142074.31855 0.0 0.0 0.0 43973.2807877 1108426.03084 1438431.58251 1148999.58744 106532.975063 46372.9801085 13214.5633003 25894.2035432 13090.7971089 0.0 0.0 11147.1932191 0.0 0.0 28912.0062322 14105.0440607 0.0 40323.3602309 12602.7352964 6494.47251963 20931.6294734 15682.1393373 1600774.80946 2544327.75453 2044812.77288 21477.5031416 26481.7164826 233801.096808
1049022.96347 1090110.79449 1275393.07718 940394.206138 1145368.20557 953211.033567 949833.778636 1100514.15218 193713.702861 360180.470523 878320.484805 817234.078855 250164.172406 387721.377015 826401.941701 781927.457123 450159.011247 136419.222489 462872.059671 849435.283029 1331247.22551 1012393.13321 -9999.0 -9999.0 -9999.0 -9999.0 -9999.0 -9999.0 -9999.0 -9999.0 -9999.0 -9999.0 145818.845608 71479.3940295 72977.9941582 0.0 33424.1020942 1132309.88637 1042435.12415 1307860.68642 84598.1282401 82554.6936202 39851.6295749 39257.5708156 6540.52372738 0.0 0.0 12992.6263521 0.0 0.0 0.0 42149.8217652 0.0 0.0 0.0 0.0 0.0 0.0 54320.9320579 2221129.26185 3357286.7539 1425466.08375 3112.09460878 -9999.0
1103592.86834 1199110.79117 1008677.55132 1056482.70117 957559.382304 1149145.74094 954089.740518 518953.528669 137785.619078 83460.3834532 193190.89632 195159.897925 47303.9679285 278629.904232 870011.283985 83466.3442123 110793.763194 139200.812913 858256.680153 1216737.77411 1291518.05909 228006.219545 -9999.0 -9999.0 -9999.0 -9999.0 -9999.0 -9999.0 -9999.0 -9999.0 -9999.0 -9999.0 -9999.0 201015.953708 113083.392764 0.0 6454.48398592 1257641.28091 1399232.33198 99088.4878455 92147.7679065 31064.9052387 32913.6519557 13535.4487908 6807.45476921 0.0 6610.06275103 12299.442655 19658.82636 42635.7364318 84123.8898737 36595.827075 41267.8404321 37795.0634229 0.0 0.0 0.0 0.0 32806.6351448 1517642.64797 2707032.55681 155455.188356 -9999.0 -9999.0
