critload/trunk/input/1999/nh3_stor.asc
ncols 720
nrows 360
xllcorner -180.0
yllcorner -90.0
cellsize 0.5
NODATA_value -9999.0
[rows 112 to 139 of 360, columns 512 to 575 of 720]
0.0 0.0 0.0 57762.1539412 0.0 247307.191811 11.4078636286 11.1466572421 13.4299987896 17821.9437708 13.4228084802 12.7469819938 11.7961158132 16412.1653958 14.7614474533 18062.3953565 18048.2841835 3625.20696596 17892.5985278 0.0 0.0 17067.5616773 0.0 0.0 14.4031795084 0.0 0.0 0.0 0.0 0.0 0.0 65628.4298092 78.8947426656 70.6570886258 61.7228946577 0.0 0.0 0.0 0.0 0.0 0.0 0.0 91.8139324406 0.0 1117820.04486 0.0 61953.1467894 77063.6619368 63806.3495818 54127.2387854 63156.2525889 190777.720471 1022172.66202 1092457.46358 33931.7337502 33917.9653207 558.721590338 984293.47921 1087563.04054 910007.63189 738637.829846 1455.38300872 1733.21168236 568296.662426
401676.946395 29188.5043787 0.0 0.0 0.0 87176.9766472 11.4615150439 17966.6488729 18000.007148 17157.9121752 18819.7278098 17343.3919153 14.71951978 14.1820892182 18170.8440379 16.1901763731 16.6098052365 14.7206601254 17336.3138307 17337.0955679 17320.5621742 19448.4310078 0.0 0.0 14.1528419204 0.0 0.0 0.0 0.0 0.0 0.0 0.0 0.0 0.0 0.0 0.0 0.0 0.0 0.0 0.0 73851.0454292 64800.2921716 79302.6876753 41822.1337015 1115617.79935 0.0 48454.3549819 65386.3775174 70850.0945934 65425.0284322 12787.2230626 1115756.91357 928570.018275 895664.383891 208777.118323 35556.2859474 895780.908922 739.914561277 695.996170455 332.600129063 1184.98486271 1946.12318612 665878.469527 1617.62589496
380413.351845 201973.883348 58651.5902005 0.0 0.0 58302.5954154 292683.203299 18266.1680573 18108.495106 14.263749155 13.5771459521 14.7952509559 15688.4761803 18098.1819013 20586.60007 20495.4491731 19598.1700711 20430.2859823 18091.6664818 18086.3881036 19023.4956075 17153.3747144 19752.3033283 14.00896353 17840.2135355 18101.5815544 16605.0257235 0.0 19591.6289216 18771.6356438 16607.3629535 0.0 0.0 0.0 0.0 0.0 0.0 46279.5425784 62.4191304878 0.0 78560.8175124 0.0 65.8226822376 957817.524897 0.0 900909.096678 1007858.2201 239101.844618 991279.688176 892624.243354 875517.70039 916943.302477 990873.467561 966623.655606 1023700.62335 37168.863649 22865.8767943 777359.356595 157255.98261 16015.063737 13717.9045152 11029.2377866 1727.62252538 1482.90906017
329361.467515 403821.777004 303722.179734 29407.4472427 0.0 8.56598424725 15868.5309472 15860.0871757 19028.1280884 20036.0239827 19711.7573104 19035.9449575 18206.437698 17532.0089533 17510.8598637 19957.5889819 20029.1506506 19322.0395092 19597.7951564 17531.2226554 19207.7280375 18360.3486023 18206.0989261 17233.7277992 17324.3463656 16506.5926971 3674.44354327 22378.8262285 19450.1288134 21532.9184516 18.2522905055 20.5576408649 25886.9199391 22215.0076335 14.341171497 21542.4128834 0.0 19536.9018391 63076.004743 69786.9358618 82648.1012896 83887.0465034 3855.2356692 3856.07289379 0.0 30193.5564513 1012875.98466 1021130.68301 1177388.2756 848251.415881 27325.4342278 938491.844376 988318.664896 1061946.93144 946671.321012 781818.808115 17256.0942562 741531.325257 889763.054749 1107069.14653 21009.8319692 628331.833457 5744.10785167 2869.40720707
1000824.31869 294648.531896 325738.426647 265072.028688 325539.725632 15464.2143982 3541.69714645 16785.0760173 17622.5492675 14.4051971 18471.3563121 19133.9514962 17487.4851985 13.3070722081 12367.6049951 17624.0482595 18472.1070841 19128.5061096 17616.4940986 19120.2580002 21140.8782031 17525.6275822 18.116659264 17557.5927075 19293.3911637 12335.1023086 14452.3597648 22609.9880917 3952.43744475 21693.5262523 20424.6618227 20.3153261807 21.140597353 4211.51822412 21310.4996423 23317.8988268 19476.036857 17299.1717837 16630.2829678 0.0 21321.0952964 19644.8899507 16790.3663908 14.4126057386 19.6198266679 204974.779556 199055.909804 231171.807493 1100992.26351 894314.912586 1002018.77261 36155.1945723 869910.74059 36142.2240535 699458.40896 24579.1522773 952561.933723 1183216.96589 1333169.80371 1438411.45287 1032356.46887 1292668.29113 7152.13337835 662670.4353
1572313.50762 265568.49578 178711.619014 446240.769988 416617.174388 446397.63046 1065738.87054 19058.2282877 18571.7801025 17732.7513805 0.0 14.4776595324 13.7515040352 18.343691723 16914.2036739 13.7632703676 14051.1239639 17550.5076457 16874.3566589 20875.8184994 16883.3003701 16461.1593803 17253.3872607 16548.6968409 14978.3647906 17854.1081832 18392.049968 20921.077852 20256.5394551 23081.3882779 4052.30888572 21.6598871553 20.9565697029 20758.0244437 18392.1987695 19065.3643149 19071.3215414 17547.379402 19907.5358276 0.0 0.0 17.9316320987 13.1013631048 0.0 23446.3869238 637407.798657 804477.199748 1148578.70414 205028.611528 1024243.93356 1099087.52157 915067.159575 832447.149677 1015409.35576 832006.638307 870634.478647 1396118.00754 1039703.81754 1349481.16559 1124299.90003 1478945.88373 1307360.88853 1321313.95022 1252837.66971
1808849.94832 1484172.46036 119929.810677 89604.2557003 89604.2551538 182725.514602 112342.458581 333567.562506 10.9439761036 20862.0464521 17241.5388481 19853.4193572 13.6458277396 0.0 0.0 16964.6118303 18653.1489508 16966.8133653 17802.9552858 15185.109901 17017.2588905 21554.7936164 20189.5386553 19009.7875032 4087.05570908 18316.4057232 20369.5799114 21295.4765542 3215.6096256 11822.3287322 21717.2795027 20703.1766358 3744.82111755 3575.75484388 18481.0676243 10.9450370617 12.3398450496 11.2690945118 18461.6675599 0.0 0.0 0.0 18330.8082421 23068.8907786 22397.6063142 787229.925946 189375.815315 1121488.47606 807617.418206 189339.985943 1020996.39928 879189.773278 35066.5781933 37987.8504377 879045.349649 1367089.66074 1295477.20786 1457304.7841 1239774.42086 1466712.70911 1373354.34883 1012485.79817 1407924.03629 1356354.58747
1809102.44967 1758633.65295 1645511.30723 1351376.75623 228803.706804 60157.1450761 60157.1461329 180190.083509 209862.342449 138843.141486 0.0 63331.9293979 9.05323764075 19444.6400555 22859.8246749 13.9513134275 0.0 0.0 0.0 0.0 18209.5306845 20120.3968919 14.6457075781 0.0 13.9418403049 18178.986497 18575.3902005 13.9365107773 12.3997272782 19444.8004142 4107.27235296 4109.98638208 17910.8977626 18583.6356984 16208.4218165 12.1995644666 3073.25675934 18.1050702343 3080.41187007 0.0 0.0 16209.8910431 20983.418898 17054.2457309 23535.1225656 16373.7442163 778302.0212 254014.730462 218095.45835 19384.8568691 677340.612629 1060124.09084 883247.589182 874610.219084 20443.0093045 1451935.37192 1485023.28693 1240426.41949 1499156.95 1422573.01339 1387038.95999 1406132.12443 1421545.23751 22557.5233689
1671119.99484 1815462.48865 1813178.61784 1760788.51289 1437597.17926 60586.2293274 60461.0117734 56933.2222256 199578.255214 191939.889686 75740.5170562 164299.712288 126805.610729 0.0 16274.4860784 15.9400291014 18.0838488221 0.0 17122.7919794 17139.6506803 20230.0694058 3611.70534392 0.0 0.0 21255.8814334 3617.35662847 19.7545045011 4129.02812518 18.7791193705 4468.93112671 20.2759248962 20.0199934043 18.0817538332 12.6133981316 3439.20591545 3957.16813264 19673.9132824 16261.148358 18.2052754862 3245.04051638 0.0 11.2000755975 18369.419366 3786.39753019 3441.50279169 19023.7008299 782349.880302 879081.359979 41037.2056426 921592.798925 647059.342216 802711.389605 888093.641058 876265.637098 916402.694984 1467082.06886 1267726.49856 1478641.06503 1475808.26699 1216712.17687 1395835.01836 1340680.66382 702352.242179 913161.06776
1426526.61569 1826513.76018 1811215.12803 1743359.99631 1795934.38291 1623734.55613 516967.827827 209157.639638 162880.965641 848717.013837 758796.03766 122701.521195 140804.952537 0.0 0.0 0.0 11.9501329971 0.0 11.2499008877 18930.8151352 15.3371353644 21347.4306176 3630.87318244 20.8271855964 20.1286951887 20.9551537436 21.0981707176 20.6999571843 20.9681539822 20.7959008467 19.7095447151 20.5222635981 19633.3587425 17741.2220734 3288.21555566 17044.4549918 15159.3745636 11.2465647158 18081.8615797 1011900.20573 9.15037740535 11.8238371349 3101.96731365 3277.16344231 16360.8072045 19631.2496975 685033.880482 616167.277145 0.0 866899.040413 717824.134322 651111.087942 875142.516129 951164.179911 1164100.40979 1473232.3081 1526520.8609 1473686.32636 1338151.02703 1167357.69219 1005856.52522 1450253.91895 1019175.28463 1095427.4801
1328559.0149 1806738.7039 1316160.16496 1777265.80227 1809490.26184 1765786.3879 1831543.01901 1794435.92184 1597782.31405 880231.83607 169100.81781 941944.232754 182529.738466 133888.224701 128310.587788 0.0 0.0 0.0 0.0 0.0 0.0 0.0 0.0 18854.4765237 3649.77912471 19.5131624988 21.0764404648 4336.11999122 3890.97141291 3985.69876941 4342.5031424 20.8764319708 20.5185701659 3303.29254803 13151.5205174 11725.1828394 427017.371704 91521.2144185 152551.497793 91569.880226 390511.957447 16.9810768405 3131.16810069 16450.5551525 15568.9210957 1013283.65064 853620.566628 790287.225735 0.0 17580.3319645 22065.6865389 619288.244772 938751.680033 892809.415616 938921.106113 972653.8689 1194959.60178 1252721.11166 1468471.98824 1292277.25614 1015293.8387 1550736.20994 1522515.32194 1576094.34657
1218607.06771 1698577.38176 1741136.37546 1838762.82369 1824538.47067 1853618.86205 1762349.39291 1854324.84054 1807191.04572 1499044.91544 1432026.82853 1084409.37319 1272111.8806 849513.358124 1445749.3984 1145922.26811 886068.05034 189430.763355 154061.12762 0.0 0.0 0.0 16073.016512 0.0 22428.9804114 16522.4147126 20.0628400672 8.88806075869 6.67234592921 14.8348639758 15.2339323338 17377.9802527 4185.53445365 9.23323342207 398536.19711 61320.8813086 30612.3043737 0.0 30732.1401266 61440.4743207 183444.798848 429100.734125 447343.872671 65738.9141364 16004.8124419 215373.271509 991677.355274 161944.709994 14980.2911151 11980.0097599 16477.5220383 23970.6022463 960906.864233 960785.924149 1012156.82128 1018667.91635 267648.003442 10415.5883052 1115032.30156 806042.426014 1460941.76363 318353.997569 1428272.55649 1370146.42331
1280098.78309 1072771.62254 1808379.41569 1854559.40218 1782918.29702 1854457.11487 1828842.04869 1825940.77639 1868806.81569 1852842.18364 1756764.64458 1807509.98398 1495315.31999 1294843.76738 1476286.14858 1274439.28026 1106010.8048 1036962.87901 1513819.10772 1186251.64403 1248735.6107 139481.249488 150766.473897 123123.400559 0.0 178677.551395 112254.174264 52177.0882763 57241.8776359 43410.3856588 26050.1785945 338078.108388 436984.73809 308508.402621 30779.6251234 0.0 0.0 336942.673967 1244949.49994 1398475.9378 60860.2180993 92433.4049565 9376.46952567 9744.48541236 146234.465911 3526.81818606 1022989.41346 3606.07281387 640960.898606 1670.62295268 22585.8125819 21059.7430836 973738.546285 1163322.25571 3893.99091559 1366628.69151 4175.99772659 298742.575582 1743161.94697 1537949.28376 1533011.77258 1483584.87512 1390489.10918 1127920.95189
185685.125187 1089333.63869 1861225.27185 1739719.32214 1741751.16837 1849715.60054 1868012.83652 1815172.34546 1869966.8808 1872822.91379 1802064.08324 1857889.46072 1877316.22805 1867911.97943 1836491.42882 1684339.58505 1311446.68896 1432318.93036 1637831.09848 1439540.37124 1409834.22477 1419912.65304 1459399.30073 581145.768094 92808.0738909 185264.345327 43496.5688425 34779.6891727 17401.016811 8673.17967916 33043.4138934 34827.519496 30920.5447651 31013.1724456 0.0 216003.583417 1665165.09946 1753849.59123 1392424.03839 245351.691999 0.0 0.0 9789.10034834 0.0 9789.09962105 2099.55379473 1108261.06907 679258.966448 947162.872051 980693.295927 25694.5835249 19331.641725 12091.7763194 943256.915268 4443.43256516 1531945.44046 4510.20218277 371869.685305 1823801.43228 320693.870124 290517.089862 289573.365354 1365755.02078 741229.986367
1512193.37624 1466871.35552 1197992.17032 1875152.14947 1876564.44097 1830360.80137 1831217.54014 1877986.5507 1823820.02088 1703511.13323 1872530.93065 1821555.87512 1762759.94706 1825173.1236 1813975.29796 1844434.15321 1765777.56114 1852510.54819 1871522.145 1762756.89338 1784716.6185 1300429.43954 1505409.39057 1570116.10548 1279096.30143 1567827.7276 1339103.95339 1453155.75125 710029.088928 427210.646342 978741.470611 1257213.83186 1351778.62163 1665834.26075 1099887.05259 1466488.65097 1663789.82593 368230.293672 31036.1590092 0.0 0.0 0.0 0.0 0.0 0.0 98365.6218624 1032064.07627 2076.85463863 886466.739288 1016048.12287 803498.719557 22999.2910102 20347.9798666 630198.855714 4288.25872428 4472.62175354 4468.6850385 4500.34086266 4648.18801308 1492610.72395 1654520.41728 1132517.2362 1229494.38812 921624.749964
1472885.75761 941467.189554 1365244.20934 1810859.5682 1243830.9085 1043651.70419 1852769.75052 1856645.16768 1670257.06271 1817968.24233 1874740.25564 1889177.32033 1879029.30069 1878086.1861 1824450.91885 1763429.21965 1752019.19962 1743263.8798 1816213.5609 1825051.08877 1829004.19301 1804949.84572 1870607.48994 1889060.85902 1887619.95494 4123235.29757 1893904.14766 1869027.05028 1820316.69464 1566581.21974 1772281.42521 1381962.58865 1307666.14818 1328645.85621 187619.132546 437225.851821 155953.618632 31172.6978324 0.0 0.0 0.0 9876.06719377 0.0 0.0 0.0 1588.44495192 946478.989984 1077378.08758 1259568.51753 1115213.24327 2249.79517648 1001023.79701 1183298.02734 1190128.85009 4071.71218918 4028.69323951 3897.69997181 3771.47841844 1443119.55642 1573005.3054 320581.227207 1158506.69136 748739.897533 926264.074519
1424542.49936 1739349.95429 470485.211618 1267729.20913 1522639.15677 1845468.66063 1685242.88085 1743650.89167 1872400.63979 1845338.58399 1807478.98229 1851540.22446 1882694.60678 1887849.51974 1837956.47762 1770211.52622 1782931.93376 1773534.45656 1520289.74381 1748374.22799 1801817.37667 1861066.02072 1894208.20159 1888761.14671 1891222.68095 4168396.89076 4165838.45847 3806140.96198 372278.15437 187973.66727 188061.539824 125601.868021 125601.984265 250565.954456 313378.608611 247114.358922 61316.8264966 0.0 9925.41876549 0.0 0.0 9946.24277323 0.0 0.0 29838.7281265 1713.4508914 905106.57732 814790.57426 1066327.56943 1112307.13941 932778.304311 1248397.57861 1191654.83048 1164702.79167 4229.59142294 4054.28335277 4344.53930913 1542941.57286 1512142.63705 1311437.50226 1202529.88453 920943.246053 2055.5762041 961125.94118
1856954.07766 1216434.68863 377784.563206 1162198.97684 1197332.75858 1201451.24587 1483778.41943 1856954.08242 1850392.69567 1591088.05433 1826285.02215 1727406.68561 1808042.4632 1678308.62425 1761451.16467 1869893.12149 1882657.14906 1868616.61009 1856772.10231 1802610.2572 1471069.00325 1785828.31558 1747902.60648 1728330.88603 1901033.29197 3989472.8277 2570860.97382 3838023.93921 403651.629365 409935.888406 447572.527202 378216.090887 440877.718954 31438.7281201 62899.1902055 0.0 63007.2235806 0.0 9980.54762139 0.0 6167.96217017 29792.5458358 78347.8058333 19967.8982833 1262.66476755 943653.099654 1021596.23947 2130.39188752 964470.2655 1079708.66008 1105546.95486 987606.041168 1060044.31471 1081509.79726 1338782.27447 1417972.3881 1306103.67867 1773654.63893 4295.38560636 1289368.56304 1163.59741413 11337.3962752 15532.6166523 15118.9277806
1539873.39927 958566.423108 471483.432579 1381447.96518 1203700.49654 1595783.91422 1438117.30413 503082.578653 441263.726664 1371377.70672 1528597.81787 1489838.83253 1355598.3905 1356281.86391 1268589.63873 539301.209616 1767182.70182 1801002.40656 1741844.05146 1243020.4139 1692371.06749 1904182.05709 1586415.25877 1758192.4018 4015038.49546 4215471.80986 2806511.97217 3957295.70456 4216312.12523 2440952.17352 2949599.6188 3608930.50949 4145110.53608 1558005.07069 94810.9632161 339999.221692 86277.407147 40023.6772179 10007.6097559 0.0 29521.1794048 0.0 8006.08857431 1135.80856674 1816.43430961 902117.417751 1313667.54367 855539.479747 903450.196337 1339.22666024 2010.5507413 947494.274288 1164665.75353 1795.99111555 4236.59037308 318824.9569 1126365.24019 1329368.53439 1317278.89287 12652.2786697 11601.4628837 14780.0883549 12873.4612357 13287.5661835
1711348.79389 1123661.6027 1227139.03664 1120354.23851 1491060.64186 1115402.0724 1283808.51244 962010.202581 444315.239944 503062.135177 1326165.98689 1344914.38512 958410.587939 821091.541069 1315007.92727 1537917.25586 1440791.63488 504559.297783 1051557.84252 1490389.04063 1813697.78901 1600687.40078 1542513.08017 1871846.24115 1835110.94241 4213487.42137 2581932.01057 3814564.9648 4263834.46919 4198091.42764 3953773.93102 2466489.86314 442962.48655 63390.2806419 0.0 94546.1323172 31757.753936 70170.449819 20127.9683091 10040.9649718 109523.325495 60318.2643017 59806.395055 1167.25390686 1579.56180682 1868.55512563 1097764.53396 1090553.78655 1137691.3639 1974.939614 1480.46742211 870614.015239 857968.88598 1308732.74016 295463.265176 4296.54600987 1283600.63513 917234.915861 1205.68986786 404.172111429 12502.8740975 1371482.57551 294261.474196 1312249.27828
1872962.29345 1664718.06008 478338.190584 1441047.19754 1608685.86259 1649909.59882 1707860.22133 1288148.43006 1547267.93077 1664133.57387 1073217.17518 191184.585092 31819.7611148 127320.075056 222881.830408 190540.985603 95582.1907318 350650.749239 434661.016439 1194140.87176 1531078.32792 1599363.39211 1757119.63043 1932841.46274 1883588.16288 3553750.33377 4243650.05715 3934266.78376 2979097.99153 3922643.28151 1739239.62503 376263.068829 95520.7974627 25698.3846082 0.0 0.0 50465.9737045 10080.2766114 40353.2805117 79508.5900838 80726.189199 0.0 0.0 48419.4043826 0.0 100912.511958 938072.226183 873974.378934 2140.63079432 1934.8273234 1621.8227452 1048898.85955 1045224.67086 1348093.07464 1500501.01383 4701.94777109 1518003.27902 4534.44541223 4270.14918347 233050.710519 14893.3550399 1390840.69315 1423381.8428 1776408.41587
1935720.15049 1720546.38179 1533028.38188 1381147.48825 1542383.90379 1940189.94611 1720067.38201 1707294.20659 1396684.20288 1021924.9028 315930.215707 507960.709637 316213.343707 383115.873505 444350.519425 63964.2639755 128008.01479 476735.55154 1057965.64962 446601.649476 1124526.74036 1551889.71372 1824166.62336 1931142.11132 1932084.94523 1930735.80531 4034328.497 2952567.22816 3923113.16005 3635550.05028 3864096.39188 1277477.80322 1670794.11278 0.0 0.0 0.0 89998.5485658 0.0 131409.648075 130808.441767 30413.442743 19846.6165678 0.0 9487.07275339 10125.1854408 10112.4628349 1727.95277395 962894.4175 914480.07943 1588.55274483 1866.29423987 242151.309628 1180398.71234 1318926.5338 3883.45338765 4177.03728017 1513446.49467 4062.23445972 156099.32605 1043389.26497 1860078.3502 1725187.36279 1694994.67633 32412.6588369
1502343.35155 1677033.87199 1714778.83215 1468987.32209 1511816.71489 1020351.82886 1399844.7214 1785222.71377 1836034.9756 1028101.66334 481338.148137 384129.178387 480362.075342 160347.892021 128579.966926 257159.887519 257081.872902 417351.872069 256650.589349 414282.374151 492486.878176 1122533.84997 1893378.21389 1937479.98244 1135301.76344 1811877.52627 4280575.73545 3534192.33729 4212117.04211 3266384.40171 3128602.27923 3819393.99982 3007456.8933 32140.1662901 0.0 0.0 80260.8451152 91545.846784 1637724.59699 1456622.04242 30513.1983311 0.0 9708.48971998 19525.4423343 29844.3626759 0.0 50851.2560239 970747.555487 1112296.31784 2293.42344333 1333.72788135 1904.69645442 1360.4971756 833684.815739 824746.117573 787603.529179 2040.20918346 73095.783504 0.0 20879.0081679 51454.4678459 13707.8347924 1605743.93518 1692395.45534
1887123.73067 1925766.70148 1625616.16159 512731.629546 258103.558056 1176875.99371 1411766.97877 1460278.11856 1031041.99456 546053.525246 353802.37214 1190622.63275 1263670.51197 1100952.49514 192335.009943 257873.422655 354621.940545 433892.941649 94959.6215137 547945.551121 322136.389783 1465718.11741 1936125.7843 1804126.10196 1570716.45306 1540570.99623 3280838.28466 2637349.47793 4097728.27124 2547217.01372 942959.857299 1823203.95372 3283737.13264 57937.5976517 0.0 0.0 30586.9049694 1158361.7877 2124495.82917 2075523.01498 159142.750482 40798.827132 9853.91026817 10187.502827 20381.1191462 0.0 97897.6335214 834814.536997 1088778.00445 1877.1688842 546.827316138 192072.826248 128048.551299 0.0 0.0 9975.5187057 37742.3041726 48053.128621 29415.0064099 20867.5175504 20986.7421189 1207734.39176 1817925.5918 1833006.40088
1569900.54901 1361680.8781 323390.23872 1410483.74247 1141867.05887 322156.268045 258425.990291 549916.746262 1239950.73259 225180.723445 1144323.0583 1463796.78081 1687513.25452 1352488.36937 1177553.09407 276336.803281 383946.745241 96975.8688652 97069.7454132 1193515.21629 161788.533951 1620279.60787 1730837.10898 983355.494247 927385.105944 99145.6725078 710122.849398 409389.41231 1115764.79471 -9999.0 -9999.0 1114296.05439 3118780.73837 0.0 0.0 0.0 51208.669279 1225494.39308 2007898.82163 1713697.01469 155317.56234 0.0 0.0 10247.6771694 10223.8630845 0.0 0.0 0.0 1753.30010441 2068.99670081 383.649614591 466.400743719 0.0 0.0 0.0 0.0 8431.66340816 107604.569886 174808.756048 102986.924026 62826.3739077 30428.0743718 5388.23280916 11289.0450898
1084544.74265 487048.907616 552155.932563 1148692.6445 453127.802189 486554.031546 1464178.76611 1311973.55242 505435.801986 519400.748341 1602853.09176 1769793.19258 1036784.90116 1092380.04788 551954.305031 1300247.88403 162196.692219 242720.98131 302368.111252 194492.782723 547671.971935 1193291.97755 -9999.0 -9999.0 -9999.0 -9999.0 -9999.0 -9999.0 -9999.0 -9999.0 -9999.0 -9999.0 1812996.93529 0.0 0.0 0.0 69848.1457783 1594803.79513 2073179.78183 1841947.77324 164355.110717 71967.5216003 20577.008812 40101.0212009 20559.6880514 0.0 0.0 18754.4027087 0.0 0.0 129026.294183 64476.4363791 0.0 64513.2253058 20420.8739696 9620.62665638 31040.9769955 29245.3591032 2584398.69445 3565434.24455 2859493.28128 31696.9867257 41693.9032161 586884.248489
1206279.67763 1252159.33877 1470374.6483 1082785.11962 1316952.17929 1097299.73877 1097177.5814 1261449.00595 227954.762325 422105.372665 1279764.91887 1191027.24775 292915.492446 454127.243343 1202332.09986 1137631.56417 416721.859693 160161.039383 547892.60621 1234589.00112 1930361.7837 1469585.87578 -9999.0 -9999.0 -9999.0 -9999.0 -9999.0 -9999.0 -9999.0 -9999.0 -9999.0 -9999.0 376123.701378 94869.6877975 112577.793658 0.0 51533.8951283 1781745.7189 1539040.51882 1962965.57769 132880.618498 131109.561924 61483.8607094 61380.7299943 10305.6699706 0.0 0.0 20090.7429504 0.0 0.0 0.0 64231.14204 0.0 0.0 0.0 0.0 0.0 0.0 84752.7391992 3106135.62816 4685530.48724 1998968.81435 7025.84253119 -9999.0
1265694.97569 1376260.14899 1155660.24466 1210558.79758 1100553.69606 1320712.24137 1100523.64125 490196.897003 163363.911717 97993.6957797 226522.802389 228663.939706 56115.9139793 326727.987495 1265665.60528 97888.4647984 130599.888742 163486.379129 1247451.31888 1767152.13705 1874255.36751 494462.421336 -9999.0 -9999.0 -9999.0 -9999.0 -9999.0 -9999.0 -9999.0 -9999.0 -9999.0 -9999.0 -9999.0 439858.894488 152978.646104 0.0 10328.2653213 1836251.67704 2046160.85521 154296.370716 144087.987168 47452.5464177 51697.0431517 20689.9606066 10333.8630659 0.0 10356.0091279 19736.2243687 31880.2568814 64979.1005493 128768.406945 64908.9034725 65083.2572485 65048.6527666 0.0 0.0 0.0 0.0 52554.4622349 2522840.01617 3782133.73275 328183.841381 -9999.0 -9999.0
