critload/trunk/input/1999/nh3_spread_man.asc
ncols 720
nrows 360
xllcorner -180.0
yllcorner -90.0
cellsize 0.5
NODATA_value -9999.0
[rows 81 to 107 of 360, columns 122 to 182 of 720]
0.0 0.0 0.0 0.0 0.0 0.0 0.0 0.0 0.0 0.0 0.0 0.0 0.0 0.0 0.0 528032.7906818506 1272825.0222102988 1756467.8585445536 1695750.0582833267 1181548.9557780866 1300832.5234774812 0.0 0.0 0.0 0.0 0.0 0.0 0.0 0.0 0.0 0.0 0.0 0.0 0.0 0.0 0.0 0.0 0.0 0.0 0.0 0.0 0.0 0.0 0.0 0.0 0.0 0.0 0.0 0.0 0.0 0.0 0.0 0.0 0.0 0.0 0.0 0.0 0.0 0.0 0.0 0.0
0.0 0.0 0.0 0.0 4910.059160963383 28117.57910596016 0.0 0.0 0.0 0.0 0.0 0.0 0.0 128854.87013044712 138585.7288789548 175156.70070165177 175522.66339477152 176489.42343886837 151155.64006492496 96747.89531286102 96842.98195748634 97636.88637030908 89583.54335123007 85891.43381747071 95298.99678561767 0.0 142921.43749014498 0.0 121426.4483364985 0.0 0.0 0.0 0.0 0.0 0.0 0.0 0.0 0.0 0.0 0.0 0.0 0.0 0.0 0.0 366521.156161986 71466.87626460896 51551.75911278876 12999.44345849515 116915.65195658965 0.0 0.0 0.0 0.0 0.0 0.0 0.0 0.0 0.0 0.0 0.0 0.0
0.0 0.0 0.0 0.0 16820.3326466222 24688.59625196557 0.0 0.0 0.0 0.0 0.0 0.0 0.0 0.0 0.0 193276.97603870824 200484.87314521743 199361.48370919828 117858.39908178843 154162.50227912707 100272.54359072796 93181.71541128309 97286.73844048055 158360.72661669453 111263.81060982485 133696.7910393107 113747.28533196225 143328.6673808162 141028.52575838647 153121.46606874603 0.0 355386.914150552 532973.0033678393 0.0 0.0 0.0 0.0 0.0 0.0 0.0 0.0 0.0 0.0 0.0 178540.85194313343 137415.5208658055 157803.09673089575 14514.930929814696 12568.712773261483 0.0 29625.55982629498 0.0 36754.73370788261 136355.19676975528 0.0 0.0 0.0 0.0 0.0 0.0 0.0
811520.3968778402 715710.4313954634 776883.9630670234 0.0 104610.52994121802 0.0 0.0 0.0 0.0 0.0 0.0 0.0 0.0 126305.86538368932 0.0 212997.64988175596 175421.32338226374 173773.30248038698 185988.84800374234 153051.49559580814 127398.46621786215 130165.769891024 143086.970065259 148429.09236676828 130536.36433741581 148237.34788310167 213620.26431384805 157859.48390072322 133941.2184910458 151633.73429286253 372870.9966337936 609856.6859604138 560827.353782155 290340.07523343404 0.0 0.0 0.0 0.0 0.0 0.0 0.0 0.0 0.0 0.0 237223.14658730154 335536.3535780779 197776.77553893696 110730.52640814753 238877.56598672713 62204.467032695495 14808.124145092635 0.0 37365.766360852795 184060.7270376526 0.0 0.0 0.0 0.0 0.0 0.0 0.0
1131587.3906943903 1154851.0771575244 824313.802356569 0.0 77803.08194400424 0.0 0.0 0.0 0.0 0.0 0.0 0.0 0.0 95361.09417447263 117505.39869081462 131811.47813107615 0.0 151784.1600743014 190086.79904232884 116605.48516953751 149484.19826687174 142238.85851169348 137507.43346020364 117428.80645665004 115366.94528957199 180433.00026012602 142235.0175887448 223842.50445862394 210998.0060539565 200361.31297494905 660273.6534213752 618621.0886412493 434902.1477466427 399793.40903682227 353960.5023600819 0.0 0.0 0.0 0.0 0.0 0.0 0.0 0.0 0.0 91194.28137473657 370274.0190456603 140691.5574208891 141146.1271933687 257004.0479338924 0.0 284194.24672011985 224892.56970630886 0.0 106728.64463969966 0.0 0.0 -9999.0 -9999.0 -9999.0 -9999.0 0.0
0.0 0.0 0.0 0.0 210260.0009711188 13131.668780663083 0.0 0.0 0.0 0.0 0.0 0.0 0.0 0.0 103259.08393204106 0.0 0.0 0.0 0.0 0.0 97542.82585539535 153308.97526158544 156306.2739548696 164894.30756125724 159000.4439661088 142428.33322009948 179913.17110736083 190740.20148245047 185253.902067438 203777.01139266987 664315.3231932413 451473.4027585527 0.0 398418.0803994549 369246.7960986765 338876.3048887487 410005.95902451884 0.0 0.0 0.0 0.0 0.0 0.0 0.0 338359.1093765472 473038.8146158877 230127.30848267738 212469.7344602933 146581.02202145397 452449.92466545204 175341.43067561666 193559.3247214529 0.0 46487.806807610556 0.0 35604.95210755923 0.0 0.0 19479.769065736593 0.0 0.0
0.0 0.0 0.0 590117.3468113592 227242.02157960727 238334.14265279358 13272.926196561855 0.0 0.0 0.0 0.0 0.0 0.0 0.0 100382.65013864789 0.0 0.0 0.0 192617.99053523276 130865.05661532903 202355.1922136317 176233.03548970012 184619.32984185126 206177.13533328346 191813.98951931784 190233.2746538212 187210.39671250444 189519.74698293366 199071.18569400947 135222.5400367842 631382.0346010404 414444.1018566023 430403.5772134556 371177.3501208656 366179.0579497879 536730.8011166106 591899.6041078073 346910.57071768155 0.0 0.0 0.0 0.0 0.0 0.0 0.0 342073.5545071012 180514.96537241506 246769.29000215256 172086.03480775314 490670.47675743746 133755.7797308479 128765.76418679811 297261.680144499 0.0 1386.1622361386421 7579.5666205680955 0.0 28183.92479043687 42949.31117936458 58688.42050572023 15827.776365123931
88819.06203948666 37587.97286851273 14808.68193682302 8860.142747870505 1042.726606579457 125443.70070720499 0.0 0.0 0.0 0.0 0.0 0.0 0.0 91781.008937238 146508.13838801417 0.0 0.0 0.0 124197.06060527747 206518.1619613849 238276.82474093704 228105.13004055564 235130.02401197643 201193.10491857346 179643.82762312551 196443.79950346233 132900.97386865082 196584.95540068188 199424.10636938916 184978.46736478058 658896.6020111742 757260.5911489 821435.9735406546 567219.8310608459 772839.9752162575 806507.4947126753 0.0 0.0 520013.13618938555 0.0 0.0 0.0 0.0 0.0 0.0 139603.88357669488 266559.31272389484 245079.89033391932 282641.6895151107 510177.73147703835 290573.97633476066 293735.3383826982 396679.16770301305 84410.28336825292 321931.1835512328 32618.997225006064 629.4216169321875 0.0 100999.18653091346 153730.8711574801 0.0
2337394.608329462 12426.151075665322 34557.118194402785 12545.867765559053 2078.921698507491 69221.2654479056 17569.872108717536 17852.27474888169 35547.719718973065 35490.91204275771 100062.45270602033 0.0 128587.7211258436 150465.8761160467 0.0 0.0 0.0 0.0 0.0 0.0 206255.6123525037 164119.7530287443 179512.9983564886 130015.90052358131 178410.8385234636 189416.7764886647 125378.20212486247 190338.35591042638 181294.59329995216 179599.3848851604 621487.2734425176 673522.4964446658 525470.8494636756 528690.2544052794 540026.0033692108 554676.4449386052 0.0 0.0 0.0 0.0 0.0 0.0 0.0 0.0 0.0 277683.72641037096 250258.50853478705 257614.96342426934 350256.7984210987 574956.1123492954 733437.1342676186 636632.214600007 887770.9590743823 441566.88020770176 475978.1498312951 241970.2278620124 145698.55043822312 172614.04544828576 217993.89150101325 219777.7572226604 27323.53030261939
0.0 6582.698732538427 38724.96121333821 19140.53249328828 262671.616116788 148565.28645988458 0.0 0.0 26763.554977411462 26777.81615986513 157200.90103704412 184907.20913691857 0.0 0.0 0.0 0.0 0.0 0.0 0.0 0.0 357635.3876005194 0.0 0.0 0.0 173310.59103279264 189603.56424722594 189896.20194022532 139578.90771794147 137834.65660546895 118959.05692166324 785987.8974587945 763734.554563323 512499.94982102944 733763.9836339769 818796.4481993581 592399.5917087938 711591.8152885088 0.0 636558.0780774812 365563.00514311844 0.0 0.0 0.0 0.0 0.0 480715.3155243437 552503.1304385337 293760.77433286246 372416.335485382 887881.1107207618 670624.9258973087 498887.28653705504 1062822.8570096053 398853.07244439283 535607.4761005125 515129.9274367888 391818.20803500246 564237.7193356659 344235.5290641953 202947.40819839484 206588.78451102643
6984.63867939899 5428.0766920414435 8790.428228882618 41925.920427477904 270286.84738880594 178047.77886830823 54076.508857553825 0.0 0.0 26990.518953116465 80087.42449965829 80627.23104007746 87831.83784567245 153833.86235285236 224138.36268637507 51071.91716276872 0.0 0.0 0.0 0.0 106458.15906467244 0.0 204114.94933854803 0.0 116171.20808200439 132781.6283784501 109678.51286600041 135601.088867438 124840.8849635566 174637.85645045497 0.0 724672.8607474735 820060.9523398576 806633.5243029782 629738.5304108096 684205.2121662861 846119.631986293 1041551.3505327015 569843.8110964405 430980.2092933577 0.0 0.0 0.0 0.0 0.0 244021.56390344037 174330.034237752 177782.94639128464 372758.0525458414 394266.128390366 498632.06447937444 545025.8794122337 467799.62859169487 445831.87053633924 235952.8429390891 584868.0074665295 264424.85308871546 149230.01820413535 280335.6157415479 361328.1676743611 581120.2726119049
17644.75733400017 2719.9713994483864 7018.333894585191 67063.7418406478 445953.4933844772 289692.39692661643 139973.89242003925 52979.7113298609 27196.640277515955 79417.31217861739 161514.63758913128 119196.84580279158 160438.7100156629 264669.8384672922 388258.2288938627 196807.60477033874 0.0 0.0 0.0 0.0 76037.0768398623 140410.2990507504 143465.40032688613 85025.71482570418 110170.1754816588 134968.4191588248 97393.83815564915 103395.21757017629 109852.1248938665 99335.24666589829 564809.2863131076 613035.4660398265 670834.8114586915 543002.4250112236 790570.3641039466 731331.2095095734 549690.6874272779 0.0 0.0 0.0 0.0 0.0 0.0 0.0 0.0 353765.2507521956 511060.2058693227 112801.48659655201 259836.57395940323 572162.0850915011 896917.6337948949 311212.1511619624 617572.2978230715 303316.26438990445 762661.3718998062 174096.64961739792 411209.4065214237 313927.5331874679 250865.9902057259 347463.9391740521 758313.4689815041
28411.181764119225 1042.034802059839 1483.048299732055 4089.077293993787 193903.04233263177 315265.0733025248 296548.32538962644 228799.05278829916 179635.5527475237 185775.32068652005 111937.33276909136 118250.67202542385 255067.4724462409 483707.0856731306 170103.06932764692 73278.42610743058 0.0 0.0 0.0 0.0 251486.09627079472 171830.28638696467 90815.36094376752 98305.03500859151 87805.72501416862 88227.92471266998 89953.74613176809 88637.1259878069 98590.9727935602 112100.6614028638 689594.9332144114 751164.5438742477 472394.81215436687 557809.0251070817 610004.9142769345 588958.0670547136 0.0 0.0 0.0 0.0 0.0 0.0 0.0 0.0 0.0 568900.4782261271 277540.4406908985 396306.2894604571 149697.7147296002 440325.9134701818 206808.98124551162 336347.22362281836 424304.6180763587 692171.8315724168 774023.491787223 1460803.8119878254 159714.63274032483 342046.1506018193 476933.0697538667 665163.6613693959 800458.2861977473
5719.213957236729 2120.784314599067 9011.980225659037 6368.50892500953 203592.28616644806 176428.86719731218 304390.7349036161 260987.98999958465 478148.3392180747 401278.8053864576 383083.28106599976 257446.18489247892 337897.22883943387 344380.43078784406 190426.5488806611 56970.54772571899 0.0 0.0 0.0 0.0 0.0 93981.63903298133 86048.21296419589 87573.55928347775 114748.00958508518 105634.2210758903 107741.62411104114 143182.91402556462 137092.8809994067 127531.46922252918 980417.9461556579 1068500.8469314473 1156899.9274926237 1142275.396213286 1167592.3796455539 1161549.4931395033 942437.6151229662 0.0 1085181.2201981498 936852.6208695824 0.0 0.0 0.0 0.0 0.0 498507.4812269049 135990.73760375855 121424.88793836508 499460.84118254366 819659.0811809617 779342.7234980782 676190.4115216326 701500.3296816224 568373.2698881067 601092.1331732722 5634285.283514498 6085336.948171342 567330.7834031018 573722.6793741535 770128.0944721164 860004.1660147285
4761.4501425890485 3116.3358862731693 1708.1786769029854 437.8302767516119 149791.2505276499 147032.0848600244 160802.11296651873 200803.62501725322 293762.2500005707 189763.44452363192 188757.67217776692 280334.86114591645 333001.8089549498 291019.2593232292 146737.75724366953 161112.2710379529 0.0 53824.02448973125 63740.11593049894 85057.06511748805 61636.92288348876 80848.42754309403 82846.938037366 86367.10753234572 91929.93776074717 127915.53267175089 107851.42123335163 114325.80318351557 160435.09535258333 180436.15166588261 1027291.611791033 1250430.58439908 1329348.917853895 1047542.7049660438 962851.5291921488 999021.8939432168 718679.4493048377 741968.5897534883 0.0 0.0 0.0 0.0 0.0 0.0 0.0 430916.72506337904 206228.2662108487 243100.82824634586 450191.61417967244 566057.2942470701 712039.6244200892 493413.5318298023 692901.7962058331 505904.18700159807 589104.6288102221 802294.3635587783 6574278.170556087 981724.5489098933 220899.4790650391 117234.80970000621 115597.93086138499
18565.152402738975 77027.16734331471 33679.566451096834 22302.480962895075 7970.268792744278 97869.54286795671 90786.04498416618 60048.60581356424 10522.577158736227 25294.403248144008 21796.606301118598 7886.231740960632 77253.08056092754 346545.01246661885 193994.79327559547 45198.59554741341 55557.17904453277 57799.18281254085 0.0 75810.27638473776 79526.09674325843 81512.03162659123 82519.11859457383 115321.39122015843 117568.03277046783 131198.9177321407 138284.65574985498 104480.60202371611 185850.85767460076 262326.74651634926 1959457.532950356 1839405.1447459923 1236145.5668676866 1147129.591648623 1149546.5223062339 1079074.4317657358 854048.8228281493 796544.6212428672 0.0 0.0 0.0 0.0 0.0 0.0 0.0 0.0 394988.5223955058 490111.02111618425 290695.1674317944 411364.5199969589 440532.12752735685 357162.29582384037 357435.87246967095 333223.8420569211 541864.3950552482 441898.65535154333 522407.1097587285 151819.99866474106 391209.7966987987 305572.4306325902 114740.16066274504
17968.0488829773 22175.67412113557 80256.75260090415 27864.37505044392 35228.510333709106 79873.90359490358 53536.53349611111 50373.100663968195 18406.572475174675 15317.555608632263 0.0 0.0 628.9822454662919 162672.12396077573 47797.06760375784 20192.03731294559 50510.28438867085 96283.73816921304 0.0 72451.58553508285 107889.3618626691 74662.95449061815 81535.89355842835 0.0 0.0 0.0 179028.90084484988 126508.60462492224 127982.75099730439 264253.6169621621 1149492.1214751217 1256128.2481545592 1347838.4236130326 1352759.1063693198 1305691.2226197652 1283886.9426284395 1231484.8786875976 1102762.8887782309 0.0 0.0 0.0 0.0 0.0 0.0 0.0 0.0 479291.20399133844 405683.898822989 264901.26535416563 290422.0512069896 574536.7070003235 333097.3957531535 311886.5840241432 321614.12784343335 473597.6652485363 444981.6161048943 191409.11735321744 180007.7263287693 307963.06187825487 267795.93383534945 113288.00450816995
18044.19855843949 33338.49406636499 29364.67205092604 36146.01433642449 59633.42086659577 44359.286000501015 97561.85605589725 209393.18065461286 24758.099801328026 18127.377619784314 0.0 0.0 14100.883826847936 112817.89024488082 23415.987039377625 13674.309784407142 1365.6632727991903 2405.94993926312 12267.907818113106 0.0 0.0 0.0 279067.0446233811 0.0 0.0 0.0 0.0 0.0 512186.55544635525 483757.39424744714 505278.9602965129 530674.0331104985 0.0 0.0 0.0 0.0 1148600.9990264804 0.0 0.0 0.0 0.0 0.0 0.0 0.0 0.0 0.0 389282.58513687184 386537.7879915625 315744.23986680096 262269.8776428254 253785.44212565958 253478.20266212162 362120.9383328997 484205.82717613596 513209.7785242796 539452.5263202713 246033.57209185086 214330.08838436473 160978.31172524768 165594.41982831276 92579.35481739091
35697.58501629236 113424.00049723484 27276.391359631347 69479.8591503467 22098.67726739815 42174.62147651639 93199.57183121351 70900.52587948559 35965.66734483928 18247.33782003677 0.0 0.0 22820.992864728625 56827.831006148626 205627.99026405255 17651.559743850787 14980.008610038863 229283.59719172705 192990.2942101092 45247.01266273682 357218.20593124366 375097.1588463277 0.0 0.0 0.0 0.0 0.0 576050.0986339053 0.0 0.0 596391.889155878 517673.26125002187 0.0 0.0 1328841.4629047206 1349702.6421836126 1145927.3684383205 0.0 0.0 0.0 0.0 0.0 0.0 0.0 0.0 0.0 0.0 149911.73477224912 139529.36476061455 117314.5542343918 117848.56532656451 112389.27353516217 99076.02668330738 128510.43538775404 143730.37908464827 198077.97793518886 142673.90894433175 245374.17929534806 269756.5798530829 96014.67057513104 88267.1497214813
51811.44341812522 18336.776494244277 25451.3810474555 18818.02583293214 14331.071387252363 47218.25816568037 60183.38590399304 12366.316994782588 45433.698650542035 28590.3843834265 3258.4090536763115 211.87476476625034 8209.573525453001 33551.451540412156 159908.5523153817 35772.49551210693 9886.139104077274 0.0 121.92884748600501 0.0 0.0 244318.6716272541 0.0 0.0 0.0 0.0 0.0 266962.5430020445 520725.1608110386 622342.4348614282 841083.4241528196 0.0 487317.42150712654 659874.4815574872 3754041.7383176815 0.0 0.0 0.0 0.0 0.0 0.0 0.0 0.0 0.0 0.0 0.0 0.0 0.0 181240.52362082366 157188.30930857512 129454.4477836299 141042.8235806773 137384.50082253458 139756.2363089369 146153.7406921456 145537.54369158082 107622.34999985626 274468.754095013 137305.2776683735 97848.82881867918 90171.03002551585
147471.14357603597 12337.533473517951 34374.89994204006 34000.64810096351 25298.984029150197 48745.247488279914 20592.656379425785 24816.349168407338 42747.360030252225 27445.926744139782 981.2406008929813 0.0 192172.00217672507 83223.56706027109 199710.29371814025 26644.226739932365 54414.02515811964 9170.797017063102 1219.263837570708 574.6247244676853 624412.7141241229 0.0 0.0 0.0 0.0 0.0 0.0 261723.16480007427 396460.6016070708 552263.8475288369 646021.4649118993 739560.0915037424 0.0 0.0 0.0 0.0 0.0 0.0 0.0 0.0 0.0 0.0 0.0 0.0 0.0 0.0 0.0 0.0 161538.21553200498 186826.59702108146 180706.34752211164 164062.75940096538 184157.783128528 182304.4210178708 191673.19626828996 194307.53092745825 197444.64381744264 299523.30182630615 108404.05652131155 501762.45379360975 495420.3788788733
18666.253959553556 18692.632148762328 25024.53336170283 50257.250696582356 51957.972983885484 48232.29542152819 40016.86437634977 46590.013105900456 85037.1776198287 42336.67313763522 0.0 0.0 24943.585359320732 129425.28128895989 39519.54129810962 3467.8736824833813 29.878642412055587 0.0 1893.5428213779464 2506.9892587137533 0.0 0.0 0.0 0.0 0.0 0.0 0.0 0.0 479866.46258360293 595924.6732314901 625481.8736833595 641405.6949231152 780896.7595202527 0.0 0.0 0.0 0.0 0.0 0.0 0.0 0.0 0.0 0.0 0.0 0.0 0.0 0.0 0.0 0.0 184170.40932406392 169672.7760670484 171874.5191165207 184471.6302730354 196082.3898246283 149343.2144116052 191392.79160829002 176696.13593589902 106254.66990949624 274931.11261134694 711002.0528352717 322561.3392188096
27981.42969739222 12741.256839456255 12511.29514082208 18738.19708078545 37503.47926278684 29397.51490330809 38723.16142975698 39038.01057923676 46669.20196958105 105877.9043552575 0.0 34837.829552789335 39494.53108985843 23802.64625506886 3627.0424341205444 818.6479757401154 122.88892009273832 0.0 2288.7837293863954 34288.96831806854 570732.481554308 0.0 0.0 0.0 0.0 0.0 0.0 0.0 589831.7171053812 901350.3000064604 848152.1119103706 681677.812610488 772155.4105539982 0.0 6080309.267016366 0.0 0.0 0.0 0.0 0.0 0.0 0.0 0.0 0.0 0.0 0.0 0.0 0.0 0.0 149217.28833082708 140725.47032224928 96414.54520922978 124685.69328328333 127360.96231685116 119159.62927806348 6029013.439724366 6780651.680228517 704345.8552279695 264086.96380985965 328650.5382079481 99751.9892087595
20140.846270470684 23043.305944821586 25214.572349843656 18873.827371945732 18859.705642129713 37693.0185522848 28244.498474144762 28294.72841356451 37706.7388120372 96953.65838165133 34508.91007018316 98223.69426654032 60635.09744952704 13925.174641015066 3190.0589811827854 7150.856650962551 219.3339824270776 209.152387700967 15757.538891116847 88042.18415442052 0.0 0.0 0.0 0.0 0.0 0.0 0.0 0.0 794213.9127763541 636102.2643714845 799986.8290844952 733174.6171405874 692596.9897480535 1084470.1539058834 6251037.457798928 0.0 0.0 0.0 0.0 0.0 0.0 0.0 0.0 0.0 3698703.5777210686 0.0 0.0 0.0 0.0 168480.79501969126 119042.4970981547 132878.72837562126 115058.70108074057 105756.38892974879 108074.72202140026 70922.22289834596 110912.61126382952 173517.74095774224 179882.62657969078 305630.41172204417 277617.0419442284
9173.587133198556 48093.611805851426 25806.461295079604 19035.899371056406 12768.492693572909 37996.150851900435 28391.997805294053 39663.34651525994 47609.24813010748 68303.18540525192 9670116.96825113 37899.646108361994 50425.74361277158 32446.181778896524 1307.3916519236445 0.0 198.89696592131827 0.0 0.0 0.0 0.0 0.0 0.0 0.0 0.0 0.0 0.0 0.0 0.0 746954.9331928391 755972.2000383401 780474.0022503759 819862.6969996488 1132374.2903407908 6157628.644515909 0.0 0.0 4518211.631779855 4510312.798641019 3144468.9812462763 0.0 0.0 0.0 0.0 3490812.854618474 3412317.6144804223 0.0 0.0 0.0 196305.69601549132 159675.10958561325 166037.33836871 136532.44355591765 108661.56075735504 90446.88245354945 71225.15692623239 81471.51149157049 93984.6121537613 203415.95239492945 345765.01364412816 223112.40862600674
7059.011022964227 16546.93818978986 4712.130816209544 0.0 35360.450412588354 19181.795397086873 28662.730881938427 38554.895763902976 21151.325037879666 98537.92022633704 0.0 0.0 0.0 0.0 0.0 0.0 0.0 0.0 0.0 0.0 0.0 0.0 0.0 155368.2312687395 0.0 0.0 349136.7073772218 0.0 175815.3474374491 329626.0127857014 287873.91798962536 410613.6892141274 3274583.916038016 2336495.4075850956 1562112.1121688392 2247267.443134493 2124931.5912631154 1885227.2532899939 1576885.3994330293 1086255.5230432583 0.0 0.0 0.0 0.0 0.0 0.0 0.0 0.0 0.0 141252.50299739087 139748.01997456935 121706.73660922804 101584.5745315986 96467.70295837175 130712.226392201 78825.48362944667 100959.95045462364 161804.5333732501 181652.37636528234 189319.22211420484 73055.7547446522
70717.6080718335 12924.701656590409 24137.958344959785 21325.83813190615 7066.45001679858 21653.349123911667 94269.22259186392 32883.98030207285 34340.327720921254 38831.33244698373 0.0 0.0 0.0 0.0 0.0 0.0 0.0 0.0 0.0 0.0 0.0 0.0 0.0 287646.3857191874 0.0 238119.2657675611 245832.72739928644 0.0 447904.8681124432 298618.79689294257 338811.654756372 829038.4352612926 1456067.8135997776 0.0 897258.6033350748 896824.2655090974 771100.8548822014 806846.8706290264 1490025.783613296 1565740.3000422847 1520336.5482526342 0.0 0.0 0.0 0.0 0.0 0.0 0.0 0.0 165138.62217728252 88904.40383279997 60775.220520258474 110272.96121669537 157360.0735432718 115553.75150300737 60901.041048322426 179622.05091688584 162613.18903728764 157473.90100182072 102170.88242357843 87045.01697576913
