critload/trunk/input/1999/nh3_spread_man.asc
ncols 720
nrows 360
xllcorner -180.0
yllcorner -90.0
cellsize 0.5
NODATA_value -9999.0
[rows 224 to 251 of 360, columns 576 to 639 of 720]
-9999.0 -9999.0 -9999.0 -9999.0 -9999.0 -9999.0 -9999.0 -9999.0 -9999.0 -9999.0 -9999.0 1097.32011699 869.346538314 5750.08022303 5971.44721394 4642.44094848 4643.76068723 4202.86065263 4422.38879141 4201.54087141 4205.49594715 4647.18034237 5089.26097347 5753.11075546 5971.97180553 5971.05197603 4474.68082733 4476.01402285 5532.13626335 615.750964864 1917.63882428 4156.31105271 4474.58451201 4474.68202398 4313.40441093 4314.16431703 4474.96593786 4153.83804406 3994.3672101 4474.96578445 4315.87660645 3983.99348734 3995.22444407 4475.15678887 4314.73478357 4313.21457247 4313.78286048 5529.6303225 5531.61082243 4154.50247864 3835.75224469 3833.66150569 3354.01289068 5972.36865717 4475.06206909 4473.53903512 4473.91789891 4473.82314844 5971.57773545 5125.69781735 4714.62792521 4456.87309858 4315.11748279 5972.89997974
-9999.0 -9999.0 -9999.0 -9999.0 -9999.0 -9999.0 -9999.0 -9999.0 -9999.0 -9999.0 -9999.0 2324.93710471 6061.74943527 6170.07335273 6170.34133907 2982.73511043 5949.63067155 5286.42657504 5507.54360675 4627.92091325 220.709287341 4186.37122252 4407.08222976 5068.13470664 5511.03277993 6170.74322302 4457.86004214 3182.97794332 1908.38721447 2855.02102681 5512.61379329 3980.5199265 4299.75095463 4458.53929682 4458.44117117 4459.0249083 4459.41626025 4459.02714819 4458.92820943 4458.92859298 4138.63321765 3341.28466288 4458.4439787 4459.12226686 4458.73577823 3742.25842068 4459.51176246 4140.76554804 3821.44021436 3821.1504246 3820.6631869 3663.03751701 5068.93926018 5510.22650648 4299.36306991 4458.24892407 4458.44178484 4458.34727984 5949.76397463 4138.72772264 5288.30683224 4084.81340701 3662.55294876 4440.93804292
-9999.0 -9999.0 -9999.0 -9999.0 -9999.0 -9999.0 -9999.0 -9999.0 -9999.0 -9999.0 -9999.0 1903.65564374 5927.34784444 5927.21233309 6149.31149299 3647.73045338 3808.20210449 5490.42233534 6146.70348334 5489.73741059 4826.87837754 4609.71476538 5047.19083447 5047.87433658 5928.17363135 5927.07650323 4282.28379209 4441.56622973 4441.66636514 3809.29501797 4284.066454 4441.66357295 4442.45664786 4442.95554527 4442.25958345 4282.87621263 4442.16165725 3865.9381082 3865.93949668 3865.68105279 3865.51024324 4443.2519473 4442.8539984 4442.35852221 3865.76434814 3865.93776108 3728.10295022 3590.00775961 3807.70682773 3491.02376789 3491.32277803 4610.40414913 3489.24050766 3647.63151463 4124.58675252 4442.0615065 4442.95413383 3865.94003071 3865.50849429 3727.24250749 3727.32843294 5050.21019815 4824.91745674 4222.16063064
-9999.0 -9999.0 -9999.0 -9999.0 -9999.0 -9999.0 -9999.0 -9999.0 -9999.0 -9999.0 -9999.0 4692.80420397 5907.12112926 6125.77816913 6123.81966697 6124.51990098 5902.92414176 4424.53573858 6125.21599448 6123.25997663 6123.81994301 6122.2819677 5904.31798496 6125.07959132 5906.97782526 4424.53274694 4425.54462546 4424.93753824 4425.64597287 4107.04529001 4425.74751972 4267.25237315 4424.83818525 4425.7479186 4424.83519362 4425.95081285 3300.66974297 0.0 0.0 0.0 0.0 0.0 4267.9641983 4426.15290934 4425.2403838 4425.84866768 4411.97817207 3942.3043449 3950.37120568 3000.22666205 2687.7918167 3925.15183407 3949.66297049 3792.58788427 4424.6338949 3851.13212225 3851.57483325 3851.04531565 3850.51683942 3850.34322621 3851.04462142 3025.70096907 3477.42224334 4406.53399131
-9999.0 -9999.0 -9999.0 -9999.0 -9999.0 -9999.0 -9999.0 -9999.0 -9999.0 -9999.0 992.118333249 4792.49454786 4406.84750182 6100.91164455 6102.0532778 6100.48445041 6102.05495524 6101.3391147 6100.77027278 6101.77110758 6100.05555761 6100.76997551 6100.06118445 6100.62917705 4408.49965171 4408.70292951 4408.29151059 4408.39365576 4407.98021173 4408.18977964 4408.70495462 4408.29171003 4408.80668557 4409.22276837 4408.9149214 4409.22338204 3149.51869397 0.0 0.0 0.0 0.0 0.0 4407.56839393 4408.18632775 4409.42725816 4408.70271472 4249.88641992 3758.16101725 3304.00093737 3461.68168404 3933.90475288 4250.0943616 4250.7118812 3561.85829603 3152.53510593 3700.42563605 3835.75823529 3561.67733992 3563.2046795 3699.61488482 1643.75607394 2739.71332409 3990.51974989 4587.98809481
-9999.0 -9999.0 -9999.0 -9999.0 -9999.0 -9999.0 -9999.0 -9999.0 -9999.0 -9999.0 239.971851504 6940.89245157 6078.30806616 4390.80593797 5641.65587297 6075.97919037 6076.41640664 4389.85763554 6076.41640664 6076.55837294 6078.01502444 5205.73614604 4121.02296351 6076.41613061 4390.17333747 4390.38466967 4390.38666409 4389.96280303 4390.59460577 4389.96419913 4390.8065363 4391.1216399 4390.49123326 1881.59354382 0.0 0.0 313.914492936 0.0 0.0 0.0 0.0 0.0 3920.5622119 4234.47849982 4391.2292007 4233.31966296 4235.32163476 4234.58326843 4233.74492011 4232.16660992 4075.94433926 3412.14190174 3547.26524126 3820.89883297 3001.36963417 2729.84046837 3276.2850184 3276.55940309 3003.29397177 3139.14478051 818.705176933 4370.68447659 3973.21813788 3001.91718863
-9999.0 -9999.0 -9999.0 -9999.0 -9999.0 -9999.0 -9999.0 -9999.0 -9999.0 -9999.0 -9999.0 1438.45958402 7343.77794913 4372.76863106 6049.80972263 6052.62562819 6051.59058643 6051.58561783 6050.10805146 6050.55140418 0.0 6051.88422268 6052.32950763 6050.69863635 6052.03255899 4372.76763385 6052.03145485 6052.33116384 6053.22090566 6052.62480008 4373.30431791 4372.76863106 6052.1842077 3456.64969406 1294.5723675 863.048245002 0.0 0.0 0.0 0.0 0.0 0.0 4215.37324039 4216.44281912 4372.44689983 3904.65260219 4061.29775204 4215.15988308 4060.87303184 4216.76634533 4216.44521243 3746.72611184 2990.19363807 3668.88502761 3126.22988878 2581.70972975 2718.9589899 2990.75359538 2717.74788962 2718.30559066 680.275563287 4322.37323725 4971.29167246 5185.7217433
-9999.0 -9999.0 -9999.0 -9999.0 -9999.0 -9999.0 -9999.0 -9999.0 -9999.0 288.67512648 544.97336735 953.456080853 2742.33034699 4355.04630502 4355.48386623 6028.71471135 6027.20293802 6027.50324154 6027.05179891 10121.4960125 6027.20461545 6026.89902483 6028.41135022 6027.3562854 6025.6950504 5810.37942071 6028.8655532 6027.80743077 6027.20431819 6027.19988042 6027.05460171 4354.82829917 6027.65378612 6027.80740954 6027.05014271 3732.3355626 0.0 0.0 0.0 0.0 0.0 0.0 4200.56986079 4199.47654842 3888.99499559 4198.82179447 4200.13147113 4355.3748633 4042.71013761 4199.26076712 4353.08368473 5810.6811044 3517.88027223 2976.73739999 2977.78280406 2707.30707948 2707.78533019 2706.36004376 2572.4030261 2571.64408915 0.0 2571.92898088 4519.42067516 4951.85596394
-9999.0 -9999.0 -9999.0 -9999.0 -9999.0 -9999.0 -9999.0 -9999.0 -9999.0 -9999.0 2446.62187916 1031.36010655 3723.3359365 4334.78670386 4335.89730635 6001.61891671 6001.00132298 10077.7578436 6001.30916435 6000.84910096 4085.1022515 6001.15441556 5573.74317519 6001.15526489 4337.11892154 4336.7871108 5788.14343439 6000.8504599 5570.2083078 4180.65291696 6002.08004177 4336.89692684 4336.11969993 4336.56391945 4336.34272252 4025.63434236 927.452297887 927.452297887 0.0 0.0 0.0 0.0 5144.48335781 3715.48237571 3868.84093012 4180.43330023 5570.51389843 5144.48148927 4713.99457433 4180.65353063 4336.11890216 6001.61668721 6001.1558382 6000.84992906 2357.76640222 0.0 0.0 0.0 0.0 0.0 0.0 2560.14901003 4711.27075275 4928.7062421
-9999.0 -9999.0 -9999.0 -9999.0 -9999.0 -9999.0 -9999.0 -9999.0 -9999.0 -9999.0 110.160602009 4732.86497017 5336.72901819 3701.70305595 2623.05487998 5976.67174781 5976.04413192 5976.0460854 5974.79420849 5977.14098401 5976.67117451 5973.38762526 4161.0301813 5545.66493386 5760.85144344 5974.1677392 3755.84376057 4316.84404002 4163.73945245 4318.20363864 5548.32086722 4318.0902173 4317.86561451 4317.75119596 4317.86420307 4318.42966821 4316.95847391 4317.18813947 2772.20991035 2412.44727119 2412.44727119 2412.44727119 4161.02857042 4316.96252413 4164.07870391 4161.81722691 4317.40910627 5974.1671659 5974.6378035 5975.26178849 5976.19913551 5975.10536226 3757.80928524 3756.82634934 5972.76085871 3836.81560791 1072.59299045 0.0 0.0 0.0 402.074545198 3218.95578689 4298.2809645 4908.22931291
-9999.0 -9999.0 -9999.0 -9999.0 -9999.0 -9999.0 -9999.0 -9999.0 -9999.0 -9999.0 -9999.0 409.737372576 2803.12212419 3376.24893502 3528.42191195 5950.19163591 5948.28211914 5948.12125513 5948.44160296 5950.03467885 5950.03102671 9999.25894145 5949.55429514 5950.03242812 5948.92224148 4299.18443092 5948.59856002 4298.72572882 4297.92137775 4146.32130669 4296.42586683 4298.1476221 4298.2670574 4298.60848739 4298.26543117 4298.26524707 4297.92117831 4299.18443092 4299.30125813 3739.6595496 3740.85859415 3741.05932274 3740.8594753 4297.80373744 4298.49386939 4298.03559686 4145.16946565 212.841475193 4299.07120902 5949.23953169 5948.59828398 5949.55429514 5737.34765518 5524.18583216 5099.93509368 5521.00749426 5096.75673453 2270.56109398 0.0 0.0 0.0 4887.09194105 2671.74144575 3205.75098355
-9999.0 -9999.0 -9999.0 -9999.0 -9999.0 -9999.0 -9999.0 -9999.0 -9999.0 -9999.0 -9999.0 -9999.0 71856.0378079 125103.942529 7009.7806983 5922.12914974 5921.80073324 5922.93542319 5921.80132777 5707.81407881 5709.42768736 5922.61008552 5921.8024319 5710.72570439 5921.80107297 5922.1258161 5922.2869349 5710.88907392 5921.64046377 4279.2589571 4277.61992438 4279.14234468 3811.03451971 4279.72528404 4278.43894213 4279.14053435 4278.20528773 4278.55696599 3723.41118827 3723.51284091 3723.41013356 3723.81630355 3724.02223892 3722.80116563 3723.81681087 3724.12321067 3191.31991348 0.0 1595.65995674 3723.20713535 3723.104428 3724.02066353 5287.43904574 5286.46997606 5500.29495962 5290.35432345 5289.54749794 0.0 3058.3015606 3455.6364814 3193.04950363 4864.31711556 2792.3540913 3322.80096709
-9999.0 -9999.0 -9999.0 -9999.0 -9999.0 -9999.0 -9999.0 -9999.0 -9999.0 -9999.0 -9999.0 -9999.0 41966.8894984 120499.771201 121512.645758 26058.0828203 5685.62151472 5894.23013925 4258.99154699 4259.82124258 5896.53595561 5685.62204556 5893.24631238 4107.07552854 4259.58293963 5896.04111197 5894.06481625 5682.49689723 5683.31569837 4259.34686123 5895.38041449 4258.75123428 4205.93539292 4257.91974371 4259.22762538 0.0 0.0 4259.34604812 3706.48685157 3706.90335503 3706.89985714 3706.69333433 795.684792599 795.684792599 795.684792599 795.684792599 3706.28126331 3704.83599081 3705.66248257 3705.86721638 1265.47670811 1265.47670811 3792.82682179 5473.22479365 4632.36507839 4422.11411655 0.0 0.0 -9999.0 795.167691202 2515.023529 2646.6034583 2912.76722317 2649.29343493
-9999.0 -9999.0 -9999.0 -9999.0 -9999.0 -9999.0 -9999.0 -9999.0 -9999.0 -9999.0 -9999.0 -9999.0 -9999.0 103923.04251 128518.091792 193019.770991 23481.3761628 3786.49149873 5867.37477005 5868.71510517 5656.44807751 4610.99883206 5237.59959619 5239.60676522 3937.08252949 5657.95152736 5867.88156808 5865.03527757 5659.12428874 4088.3954649 5867.37782766 4238.98569789 3935.14585205 4240.43734683 4239.10675941 3630.10613024 3630.10613024 4238.86583303 3689.08339637 3689.08287569 3688.7668233 3689.29391106 0.0 2368.31064043 2368.31064043 2368.31064043 3688.6614992 3689.08339637 3688.13669442 5866.37227905 0.0 1255.53987412 3766.61962237 4820.42680979 0.0 3884.28079029 0.0 0.0 1400.1084954 1448.14132348 2767.7589455 4609.82908582 1712.86105747 0.0
-9999.0 -9999.0 -9999.0 -9999.0 -9999.0 -9999.0 -9999.0 -9999.0 -9999.0 -9999.0 -9999.0 -9999.0 -9999.0 17480.2603142 122230.143129 163810.279151 219810.284436 88279.6591607 5004.76217005 3917.86346518 3315.65173147 2862.42755791 3315.89805814 3014.1173627 2863.41271116 4376.97522506 5212.154887 5631.01364527 5627.95782389 3616.81954052 4068.93832777 4217.6817858 4068.4456591 4220.01338981 5027.3472482 5411.4612585 5412.24926461 5411.46123882 1809.9438426 0.0 0.0 0.0 0.0 3670.43813416 3670.65286768 3541.00009298 3540.03782405 4219.03047646 5838.40523685 5840.10488302 208.070953189 2318.86010307 5219.24495773 5627.61968251 0.0 0.0 0.0 0.0 0.0 0.0 4169.75197162 4588.95700365 4587.93586975 2357.88962946
-9999.0 -9999.0 -9999.0 -9999.0 -9999.0 -9999.0 -9999.0 -9999.0 -9999.0 -9999.0 -9999.0 -9999.0 -9999.0 0.0 126897.018849 129178.979343 211676.901438 163208.656342 124705.020756 4773.43842826 3738.07288801 2997.55686515 3733.9322114 2850.8307053 2846.96703105 3942.35132812 4358.32205109 4773.61209596 5395.41590254 3297.23276858 4565.19045248 5187.51611154 3747.12732853 3595.42150699 4034.42356342 5382.42875762 5385.62620229 5383.86650174 3844.13795829 0.0 0.0 0.0 0.0 5383.86599007 3653.11717327 3653.33487066 5385.14850237 5385.14590468 3653.44285156 5383.54796952 5386.42660648 5382.43005646 5383.54899286 5189.42447042 4612.80215509 3848.60909886 4358.84417961 4151.11497747 4151.28446221 4564.50469963 4358.15286361 4149.04298296 4769.30025719 4357.28785866
-9999.0 -9999.0 -9999.0 -9999.0 -9999.0 -9999.0 -9999.0 -9999.0 -9999.0 -9999.0 -9999.0 -9999.0 -9999.0 -9999.0 101064.99396 110536.063592 143671.107599 210602.407294 180621.044658 158767.516572 24174.0206331 4534.9522169 3918.69440481 893.757307653 3921.67064353 3714.10621233 3718.48344989 3922.72265074 3923.07527328 4336.8031156 4131.16263986 3134.98310411 5163.56107175 4975.13825232 5356.64343146 5356.96792655 5358.75519807 5358.75492257 5355.66945418 2291.94533168 2291.94533168 2291.94533168 4587.79534952 5357.77941029 5357.29216581 5168.16550548 3635.76190094 3635.31969727 3634.32996584 3634.43932186 5357.45440353 5357.29370082 5357.78096496 5357.94322235 5356.96820206 5165.7297751 3824.94388343 3825.43291873 3921.84736885 3637.2774215 4334.87608129 4971.08522217 4976.60156009 3827.05433152
-9999.0 -9999.0 -9999.0 -9999.0 -9999.0 -9999.0 -9999.0 -9999.0 -9999.0 -9999.0 -9999.0 -9999.0 -9999.0 -9999.0 67195.9562025 130993.761124 133425.961062 191257.07451 203021.296155 167884.011315 169522.884381 20516.6958448 104976.665715 2966.79119237 4106.83678055 4103.99051128 4258.76832269 3897.26473441 4109.85697234 3903.86582753 3901.56058448 3898.53398022 4516.50157544 5326.70386355 5329.50098806 5330.8198287 5330.15871595 5140.72460295 5330.15899146 5329.66812596 5330.98671078 5330.98259776 3430.55578256 2288.02198937 1716.26218061 1144.50237185 0.0 0.0 0.0 388.220681609 647.034469345 1939.09907273 4572.10056335 5139.73799144 4949.15058166 5329.1718486 5139.40755314 4513.58317642 4309.27057182 1648.17340521 4723.56196895 4760.87102494 4565.6755447 1146.27355392
-9999.0 -9999.0 -9999.0 -9999.0 -9999.0 -9999.0 -9999.0 -9999.0 -9999.0 -9999.0 -9999.0 -9999.0 -9999.0 -9999.0 17263.3968666 96492.1752531 114541.954281 112192.963306 195495.73151 174808.743994 164201.576376 161001.987112 74465.8188811 3249.37840889 2951.90791307 4697.23463112 4899.63890801 3874.90665623 4086.06559933 4085.34313399 4084.62451189 3882.40169536 4354.32365649 5303.6336181 5302.46101574 5302.96451547 5302.62919666 5300.28991546 5302.62766166 5303.46620469 5301.62554271 5302.79863706 2268.1129193 2268.1129193 2268.1129193 2457.37369537 3319.71066641 3403.67757565 567.279595941 1539.39162952 0.0 0.0 0.0 3211.03288886 4355.99718057 3600.28740109 4356.49349728 4701.38341888 4699.03893656 3063.7825953 3788.37919581 4357.83093505 4164.72986412 3786.04196129
-9999.0 -9999.0 -9999.0 -9999.0 -9999.0 -9999.0 -9999.0 -9999.0 -9999.0 -9999.0 -9999.0 -9999.0 -9999.0 -9999.0 -9999.0 49550.8868564 122851.685155 115813.339356 133049.555943 173746.581603 158403.940572 82999.8676529 3748.83880084 3048.89407621 3228.74731256 4673.25285853 4677.27473445 4265.5657183 4140.80842175 4705.89599812 4707.93040467 3954.59139356 5084.42555978 5274.53833964 5274.20067896 5274.19991147 5273.86227047 5276.23717154 5275.89642119 5088.32725466 4712.16743804 2640.23387501 957.272803472 631.374425735 757.649310882 631.374425736 204.478959133 1697.96938699 11394.6624051 22031.1241111 34249.6632655 1146.24820124 0.0 4708.43599042 4895.16220571 4140.46897024 4064.27721241 4709.11591677 5082.90108816 4142.1616031 4705.89727728 5298.89082208 4706.40182003 4896.5171779
-9999.0 -9999.0 -9999.0 -9999.0 -9999.0 -9999.0 -9999.0 -9999.0 -9999.0 -9999.0 -9999.0 -9999.0 -9999.0 -9999.0 -9999.0 58435.8910317 9682.92813277 122540.36835 132952.164603 67216.1122947 27348.3744771 109965.738125 23964.4644058 5254.03853332 3505.35232124 4649.12446953 5250.88503845 5052.95732882 1876.36190934 3749.29171578 4496.64393109 3932.73488061 4683.85990983 4871.43171341 4686.61684882 3371.86302473 2200.19355765 2630.1741417 2233.09193019 812.564081186 164.206972989 -9999.0 -9999.0 -9999.0 -9999.0 -9999.0 -9999.0 -9999.0 166.379546382 95.9397009607 29108.9768531 86752.6365576 153646.031717 22451.3414961 4684.03639549 4870.40046882 4679.39475182 5243.99016384 5245.36288692 4853.32052212 15484.7474459 6574.67213048 5055.73302205 5056.24710934
-9999.0 -9999.0 -9999.0 -9999.0 -9999.0 -9999.0 -9999.0 -9999.0 -9999.0 -9999.0 -9999.0 -9999.0 -9999.0 -9999.0 -9999.0 68396.7334664 18708.3777599 135549.138898 135284.047905 27688.6112194 28350.1605228 15568.1927735 100283.072893 23872.1817484 3159.97609514 2905.34651375 12086.6733998 166590.938458 3348.18011744 3348.18011744 3430.43956247 3735.8802253 3538.02277663 2955.75416003 749.302056259 -9999.0 -9999.0 -9999.0 -9999.0 -9999.0 -9999.0 -9999.0 -9999.0 -9999.0 -9999.0 -9999.0 -9999.0 -9999.0 -9999.0 -9999.0 -9999.0 -9999.0 62746.5957757 113056.24425 19872.9456483 9922.46032137 4677.31328612 4845.65012246 5216.47075982 7816.53668008 172494.74669 27596.6008342 5315.01070669 5215.07737327
-9999.0 -9999.0 -9999.0 -9999.0 -9999.0 -9999.0 -9999.0 -9999.0 -9999.0 -9999.0 -9999.0 -9999.0 -9999.0 -9999.0 -9999.0 79173.1337417 16180.5586662 124426.604497 116274.217559 116222.410219 16611.1930443 109801.836759 101943.753612 115681.639787 8922.0752278 17335.6944012 147632.53229 152035.523621 133351.31179 154937.453348 9103.76734673 4633.38416526 252.701937216 -9999.0 -9999.0 -9999.0 -9999.0 -9999.0 -9999.0 -9999.0 -9999.0 -9999.0 -9999.0 -9999.0 -9999.0 -9999.0 -9999.0 -9999.0 -9999.0 -9999.0 -9999.0 -9999.0 11883.2390893 73667.7917528 104777.393567 129656.916732 75834.49448 38727.2204009 3777.72434541 3063.37894088 163294.459587 7312.4614099 8526.8158294 8540.08660749
-9999.0 -9999.0 -9999.0 -9999.0 -9999.0 -9999.0 -9999.0 -9999.0 -9999.0 -9999.0 -9999.0 -9999.0 -9999.0 0.0 97858.7145669 160569.390961 139206.182986 111950.187487 119205.499925 138401.186917 114860.03558 109399.297252 118445.042283 113298.85422 142396.324466 78546.2531023 72884.6487892 78849.7650007 90367.7824173 77596.2156031 4877.43639674 1247.20282643 -9999.0 -9999.0 -9999.0 -9999.0 -9999.0 -9999.0 -9999.0 -9999.0 -9999.0 -9999.0 -9999.0 -9999.0 -9999.0 -9999.0 -9999.0 -9999.0 -9999.0 -9999.0 -9999.0 -9999.0 -9999.0 8512.10127493 91983.1458389 125110.006138 144850.949138 3572.28847136 23537.7033951 49145.7769684 14443.063835 162802.944108 20827.6263034 4604.78238936
-9999.0 -9999.0 -9999.0 -9999.0 -9999.0 -9999.0 -9999.0 -9999.0 -9999.0 -9999.0 -9999.0 -9999.0 -9999.0 -9999.0 11856.0354565 9824.92135275 143195.111052 115423.022717 119495.428901 114586.322973 108674.767985 121223.507879 105834.182994 227.117748461 -9999.0 -9999.0 -9999.0 -9999.0 -9999.0 -9999.0 -9999.0 -9999.0 -9999.0 -9999.0 -9999.0 -9999.0 -9999.0 -9999.0 -9999.0 -9999.0 -9999.0 -9999.0 -9999.0 -9999.0 -9999.0 -9999.0 -9999.0 -9999.0 -9999.0 -9999.0 -9999.0 -9999.0 -9999.0 -9999.0 51235.0432144 144080.174692 80892.6975676 -9999.0 0.0 154826.009967 121950.376213 181385.912481 163738.822821 17099.4330124
-9999.0 -9999.0 -9999.0 -9999.0 -9999.0 -9999.0 -9999.0 -9999.0 -9999.0 -9999.0 -9999.0 -9999.0 -9999.0 -9999.0 -9999.0 419.354906063 61352.676522 3916.55354611 77800.2708447 92426.307789 77154.6219368 15042.4664936 -9999.0 -9999.0 -9999.0 -9999.0 -9999.0 -9999.0 -9999.0 -9999.0 -9999.0 -9999.0 -9999.0 -9999.0 -9999.0 -9999.0 -9999.0 -9999.0 -9999.0 -9999.0 -9999.0 -9999.0 -9999.0 -9999.0 -9999.0 -9999.0 -9999.0 -9999.0 -9999.0 -9999.0 -9999.0 -9999.0 -9999.0 -9999.0 10688.061618 77344.8468705 -9999.0 -9999.0 23475.6741276 103805.846716 14280.9398123 159762.613648 212505.871618 65601.1888447
-9999.0 -9999.0 -9999.0 -9999.0 -9999.0 -9999.0 -9999.0 -9999.0 -9999.0 -9999.0 -9999.0 -9999.0 -9999.0 -9999.0 -9999.0 -9999.0 -9999.0 409.66280902 1751.5977421 6870.98995261 -9999.0 -9999.0 -9999.0 -9999.0 -9999.0 -9999.0 -9999.0 -9999.0 -9999.0 -9999.0 -9999.0 -9999.0 -9999.0 -9999.0 -9999.0 -9999.0 -9999.0 -9999.0 -9999.0 -9999.0 -9999.0 -9999.0 -9999.0 -9999.0 -9999.0 -9999.0 -9999.0 -9999.0 -9999.0 -9999.0 -9999.0 -9999.0 -9999.0 -9999.0 -9999.0 -9999.0 -9999.0 10063.2632434 69327.5702841 17126.9743549 17271.9082837 130293.45126 97677.5281758 35340.2156351
-9999.0 -9999.0 -9999.0 -9999.0 -9999.0 -9999.0 -9999.0 -9999.0 -9999.0 -9999.0 -9999.0 -9999.0 -9999.0 -9999.0 -9999.0 -9999.0 -9999.0 -9999.0 -9999.0 -9999.0 -9999.0 -9999.0 -9999.0 -9999.0 -9999.0 -9999.0 -9999.0 -9999.0 -9999.0 -9999.0 -9999.0 -9999.0 -9999.0 -9999.0 -9999.0 -9999.0 -9999.0 -9999.0 -9999.0 -9999.0 -9999.0 -9999.0 -9999.0 -9999.0 -9999.0 -9999.0 -9999.0 -9999.0 -9999.0 -9999.0 -9999.0 -9999.0 -9999.0 -9999.0 -9999.0 -9999.0 -9999.0 18017.606006 76937.6339695 33610.1124827 19446.1524683 7805.01453161 58620.484585 152548.511404
