critload/trunk/input/1999/nh3_spread_man.asc
ncols 720
nrows 360
xllcorner -180.0
yllcorner -90.0
cellsize 0.5
NODATA_value -9999.0
[rows 81 to 107 of 360, columns 366 to 426 of 720]
414115.1922620722 321748.93666240346 246395.7094640446 252834.30499304036 544910.3093673198 444145.7913492974 831227.3797705485 638385.3041966006 953700.0885489808 375577.2575305751 714834.0775049109 620277.2527799732 381819.1663557319 403833.0798524972 508368.052886493 543489.3267661892 575665.4291867907 355052.5979515225 490387.3914946874 233556.45094697527 0.0 479299.9170595243 499531.02875089576 258908.62170647812 0.0 154152.675923927 308481.8447843184 537424.8570075572 564663.4786496777 661113.8703149058 0.0 0.0 0.0 0.0 0.0 0.0 0.0 0.0 0.0 0.0 187662.80751826247 256492.20942886776 265416.20964725455 242493.32686431904 192483.71902022476 213094.9018874786 171686.50029436167 262263.2054020951 198300.4602489547 144810.51679988706 163472.6694922678 135767.52479139488 130020.0160909382 123271.15814786158 157006.90226135385 175473.37955124 181799.19637994646 230421.98305766142 196533.43294463932 116639.28909339354 0.0
242890.3127213281 251352.15368829496 192367.1060540027 523714.946141234 484365.7386849565 650402.6484021703 716409.1969340816 817807.190198545 646878.4450751374 556554.0056760355 432824.4130103933 543911.3363346861 564709.0591145958 554128.2435764226 978795.2814128934 670997.3331052747 519375.9325594149 691110.0621885904 618569.9952714551 464026.4262631571 426241.4544673779 359600.8049560676 0.0 0.0 624373.0395535404 545791.8245526154 747987.3027953716 782056.8676224756 653066.7586652713 299330.5136332985 270969.0354323857 0.0 0.0 0.0 0.0 0.0 353022.4012497383 383194.76912576554 213970.79846356524 0.0 0.0 0.0 0.0 278351.5293137602 229939.46810649836 211148.25019369082 106280.27642994233 0.0 310501.8546523483 192128.86128518687 200473.02173564475 210266.55452524236 259465.29476361166 209742.36390974637 162194.54442406833 203213.29167522502 170986.25304246048 195795.55843068773 215311.2459276813 173214.67900423682 308167.0811522106
265346.22769334004 224547.75573947674 273940.06237126875 292550.2600299604 535055.6487041784 841719.6754131614 842315.622985332 565941.5589891649 69504.56706109029 730642.067749996 274072.9846686844 735025.9297858232 616054.275098423 653292.972379776 1039336.069727367 687426.3093069424 501683.46912549296 464646.41149408114 787387.6915926982 871997.8460600339 741093.6823282768 703814.1239682231 792755.4256572003 523551.42297546857 388214.689916653 614786.3273985783 599942.5229112734 897622.5231322346 670960.4411871748 435875.3143364643 358844.6780457478 268253.51596007164 507734.9345523597 436322.3069490188 0.0 357139.9293316391 351955.1495622896 177852.1425219896 238832.60432038363 229424.6798990835 0.0 0.0 0.0 0.0 203695.14593654397 286068.01732706034 285149.6505076792 324137.10564811004 242526.0590063649 188908.1418641374 207260.92536158755 271197.59571099945 233717.95310072898 206946.04587786185 191664.31394974823 185852.24725079318 205096.57462930668 180140.39546121942 145385.0742555483 130759.33357009257 223125.88907490636
278384.864506463 293150.3988431092 350197.97184526303 288640.2580823432 491289.0383697424 743330.9294360352 690680.9925431946 424321.1075783488 459323.1420832444 498336.02763772686 509855.5852990303 860452.7981089014 720690.0460891647 1233003.2355947024 1076881.1708725765 1064508.4490221613 488621.2372171993 472456.6052714203 588887.8218643018 518620.75699038536 472742.23212165834 272335.5609447772 287203.4196060101 194354.558880699 130298.4610700664 97619.93976684738 460351.2123264448 941720.6486071118 208860.44233832954 490803.41656391846 420483.18407746835 373061.37584314006 714786.379045844 207520.7918907798 381063.2346190784 370548.63206870307 271977.9145745635 688151.0905952312 507912.12858656165 187499.04440613222 220237.85426648404 0.0 0.0 0.0 0.0 0.0 363584.07727353653 301778.96001050895 258350.26488852798 180731.36636615262 116735.65994245672 172723.78285809467 217427.08690107567 228854.40863882462 150881.36006114748 131649.31241580786 163433.65748744263 107095.14351400768 0.0 139324.3777909125 251751.95632921642
532593.3438329494 470197.8417706218 383720.71729465737 457839.0291895894 277902.984959424 421807.28853631427 606607.8154377465 655458.8228903422 1069398.1019446806 1099683.699465316 1048086.5698058878 526201.915345847 599062.6776379764 389275.39599382645 0.0 256231.50242914507 32350.543954462853 0.0 372122.9387098088 133284.41927351104 0.0 0.0 0.0 190629.93004995864 289347.1650860297 393036.5475452774 697365.172027207 233835.06743960013 212288.58329382265 510206.69521475903 771360.5577198461 570920.8513758588 312330.75536236167 493721.2279371516 346787.4358934833 178673.0868013529 204354.02185150777 250119.11090258177 279564.12702243216 352900.4071894883 305249.6978890503 0.0 0.0 0.0 0.0 0.0 343122.4881352626 329920.01193055685 567091.7393281629 262735.15735089773 230794.3844306816 156102.85898363547 254627.81308576063 190046.24013466385 125820.61877062972 150096.59726913497 241323.49107294914 181943.74767188815 184232.25328243745 197438.49318539465 201359.864293003
582583.6853133468 443453.4181580318 441619.9458996597 469903.8117800038 336143.6003325741 360990.7717481865 630420.905345699 1469997.8903754125 827111.8799669768 316167.12398657337 331923.6105932014 587392.2936206398 456369.68755669636 419424.0042915909 0.0 611031.9686054068 396366.9666214792 379208.4958374694 627489.2634587147 249817.36384969208 66199.0265760513 244014.49176336385 278196.933295083 290272.5559110495 357266.5863967005 738501.5135410533 823126.3602465811 306821.0122572819 0.0 0.0 190693.51113585843 265695.20918778586 469389.0198021459 300808.97237258556 378618.0332142755 223886.68128445774 376410.09237191593 396476.6427273037 0.0 0.0 0.0 185419.89290865313 134456.65247664307 0.0 0.0 0.0 0.0 546045.3720891268 643454.2003246259 635922.4880325893 341029.1009071957 216487.02276056664 316036.2668613469 234918.26175759343 340195.08721854875 323970.9632273166 142275.102548406 226493.65731179854 194225.26855736575 205721.28498533077 404555.6602126125
467701.9401401333 381497.1149284352 408559.03788333054 308816.00488180673 297281.1927103926 240934.42760990598 322668.53358037304 304584.4893736235 537219.211859172 612570.2250992925 586576.845687779 93502.97504178905 364827.0170806952 493544.6524477902 446894.9630869537 617781.8090718044 180224.30019223137 441841.3596876011 426241.7959908499 316199.97128140996 323661.51615291333 0.0 0.0 0.0 0.0 861224.2411031192 226611.43431586245 228952.13070585363 573859.0305829381 169450.9154217799 335291.5861887109 351453.23405893764 385770.53236092813 483651.43431223126 398855.4390235449 289297.1788738336 395152.749293934 339393.6908423257 0.0 0.0 0.0 309625.65293079324 333086.89591103746 0.0 0.0 0.0 0.0 478594.82421514386 382406.9083848606 602767.346099725 266228.47155945364 357601.3763811827 372840.25265622896 443243.47248152574 276898.478155808 58160.56335500593 -9999.0 10120.36945782691 148097.9251276362 256884.97909281467 212868.80762170366
364470.3810656613 152324.7689090895 431381.5002962287 243711.32768987445 344829.22408216354 252218.66827055503 131087.44047636123 169185.17445118885 731289.4833875787 647942.7313598176 339658.0073217795 318094.82543498895 180859.44794846774 255665.43394779798 278386.06963309646 313128.8550198226 464064.91395600693 289600.89599608997 321337.69586787024 275847.7357166686 185338.33940553287 720544.4719599703 0.0 0.0 0.0 228850.74353053595 204217.38185486718 225257.1001551099 182662.8709444186 174703.53258657985 222301.82815573053 312713.61303643545 543546.9561196788 446597.3627148346 417110.99169289524 203002.8124957746 225950.33703108557 237525.10236480227 0.0 0.0 0.0 0.0 0.0 1007079.1238432374 0.0 269720.9921249394 0.0 0.0 309302.20767448435 594549.6459009581 332842.30212314625 264912.395523653 277751.9016773922 123059.67620589276 31491.701896485825 -9999.0 -9999.0 -9999.0 -9999.0 0.0 236330.03208408048
282053.5211519496 260652.57256818746 477616.9302602722 152445.30160580538 205758.62797091994 102869.94343050531 341476.47480945825 458580.7540669981 445344.8624369122 373811.53771285235 366526.86193279154 129071.11697691052 114346.94824576311 125850.38322478461 126799.21662763618 115779.62550176453 323906.2630169891 344292.42877273296 183075.41940559683 5289.268242187622 -9999.0 244127.40832963184 136575.9094425588 0.0 0.0 149720.19738030992 0.0 210984.8790075009 195765.77250612006 225164.59548785174 212548.86169273208 207862.34473180544 796789.1651729438 629486.3114522388 505447.2498160157 308673.3710704403 180569.0132235598 487423.7677967568 0.0 0.0 0.0 0.0 0.0 0.0 0.0 0.0 638935.0415312411 616531.2600498958 521491.38439813256 600357.77127308 392653.1792433245 800497.7596565865 720867.9070287973 0.0 -9999.0 -9999.0 -9999.0 -9999.0 -9999.0 0.0 247312.09388917868
305957.34397016844 265974.1819844082 138114.3319224625 176343.7299130112 122989.15680396643 192731.47502383744 327603.46174933243 363736.48316866515 472642.3767855797 330363.1238665833 340923.886572426 335673.28748533886 161881.60891747993 149573.55806181073 169407.88733341373 139371.03952000584 126340.80214138803 129892.31352729256 209204.8712503083 -9999.0 -9999.0 0.0 0.0 0.0 0.0 0.0 0.0 232622.70563797318 216794.3275746492 250896.91610944216 244034.1695787701 315356.91968038725 437423.11729157285 410762.97204525536 481933.69830622326 526657.0028604458 817026.6300507325 0.0 0.0 650402.0706542486 560275.9548729499 954570.9565797006 605070.133916878 305871.4305002923 306027.95105510426 382276.1502169091 510892.3268368377 739209.2464477692 540736.9999618029 652840.8121127083 403325.3628267142 439828.2602762205 0.0 58934.533438253355 -9999.0 -9999.0 -9999.0 -9999.0 -9999.0 -9999.0 0.0
160920.26696099655 50457.12848124155 157926.88543647068 338436.88677594275 136844.19604122298 134875.8398510943 253803.47147266666 498524.1991759477 517377.99672835774 377770.5206084896 457759.4579463245 83233.78547840998 166859.6194677684 255200.00819621727 186887.76821529056 136022.62815301126 174155.64253811544 159475.27280160424 117826.37187010696 11887.978742718442 -9999.0 -9999.0 -9999.0 -9999.0 0.0 233529.12570641653 0.0 0.0 0.0 0.0 0.0 0.0 0.0 156445.63278919095 333996.12677532586 390137.79040527623 433897.56176791876 0.0 1054508.9396235074 490755.86892142845 244985.68671121832 554766.1738948352 469882.1885870616 465466.53287858993 421149.3462746879 356799.74845703307 300958.9115605037 515091.5692762567 661562.9328150066 670605.2463333311 331571.96891001554 141497.95195124054 -9999.0 -9999.0 -9999.0 -9999.0 -9999.0 -9999.0 -9999.0 -9999.0 -9999.0
139475.72371585277 146606.35547596632 512366.98604865593 872896.2290309572 384528.2250014643 211478.70528480044 79163.87347727412 110040.1348306789 198531.137668288 185698.026399127 55360.12978596111 -9999.0 -9999.0 -9999.0 294491.38372485223 511780.4085444893 321546.09421035333 172068.57367118064 454706.2824215582 280205.6041588324 142436.7565840448 11038.146665112468 -9999.0 -9999.0 0.0 0.0 267256.37546241935 246452.15345426716 490081.2430898888 0.0 0.0 0.0 0.0 0.0 0.0 306697.5536768151 551525.7781043737 0.0 769145.9861992141 262842.00470897957 480304.54157295293 375308.58853522554 777416.3659671054 730932.0231317343 585601.0415780824 720021.6261153145 495820.40626042016 289917.4509442697 417384.240303648 448057.7370899399 340445.3265697165 128897.35287230328 -9999.0 -9999.0 -9999.0 -9999.0 -9999.0 -9999.0 -9999.0 -9999.0 -9999.0
305086.8195745897 46238.633321185225 5296.189388441253 58685.9336570233 141153.76161775982 305874.91966048896 288848.15563649184 132582.54013383688 -9999.0 -9999.0 -9999.0 -9999.0 -9999.0 -9999.0 47301.91203967549 409324.333871983 358094.7878032862 409876.08848897566 301139.1864340389 328716.1568785398 314561.4133437335 253901.52321111862 -9999.0 -9999.0 -9999.0 -9999.0 0.0 0.0 245419.74376765886 486180.28106477275 395874.12369488005 0.0 0.0 0.0 0.0 0.0 0.0 398566.1495357933 0.0 0.0 0.0 202657.42139311766 357010.94053147425 268510.8392628613 241847.67889240786 195433.2150009626 185275.1933137183 372031.62648655183 319909.32750195434 378176.80153254635 83922.98957948151 11822.062057333851 -9999.0 -9999.0 -9999.0 -9999.0 -9999.0 -9999.0 -9999.0 -9999.0 -9999.0
35979.5948570176 -9999.0 -9999.0 -9999.0 -9999.0 -9999.0 -9999.0 -9999.0 -9999.0 -9999.0 -9999.0 1117.687077525326 34312.80004370725 -9999.0 28641.011248490555 163125.1966298965 564900.5677094411 396259.8518234064 583798.138246591 215516.77887456893 114614.6090326139 278285.6584079918 24192.05217322539 -9999.0 -9999.0 -9999.0 -9999.0 0.0 0.0 0.0 477875.24917238194 0.0 0.0 0.0 0.0 1090016.7448325278 879440.2720755475 0.0 0.0 0.0 222723.93952416015 0.0 0.0 0.0 0.0 0.0 0.0 0.0 175607.56605093193 0.0 -9999.0 -9999.0 -9999.0 -9999.0 -9999.0 -9999.0 -9999.0 -9999.0 -9999.0 -9999.0 -9999.0
89155.37521884884 -9999.0 -9999.0 -9999.0 -9999.0 -9999.0 -9999.0 -9999.0 -9999.0 -9999.0 -9999.0 14914.999424871297 89701.7686740133 89705.77957934936 -9999.0 -9999.0 79624.42040710771 425714.52473480406 675427.9892624433 383928.9242722322 355335.9375231805 385826.2649758286 299558.8185065208 101498.01971081403 -9999.0 -9999.0 -9999.0 -9999.0 -9999.0 -9999.0 0.0 0.0 0.0 0.011897107625533818 0.018332429624018376 1226280.5283851912 885056.8500293288 190539.07882944116 0.0 0.0 0.0 0.0 250618.11030162525 236009.78776259147 219490.75739133297 261142.33071450837 237226.64685420386 187138.48082460067 151484.22348119091 0.0 -9999.0 -9999.0 -9999.0 -9999.0 -9999.0 -9999.0 -9999.0 -9999.0 -9999.0 -9999.0 -9999.0
67126.0101498173 -9999.0 -9999.0 -9999.0 -9999.0 -9999.0 -9999.0 -9999.0 -9999.0 -9999.0 -9999.0 71486.72501528125 49387.5511995087 -9999.0 -9999.0 -9999.0 -9999.0 -9999.0 235790.95981810638 610969.9274162203 288400.998881533 519396.3330228386 259566.23517521058 374276.4609166498 472952.6996795214 475499.62681270984 2797.8522091555315 -9999.0 -9999.0 -9999.0 -9999.0 -9999.0 142431.82773868943 0.06922500973197991 0.033128677024534536 0.0 0.0 318367.3225751907 320697.1312769466 134847.76959675003 0.0 0.0 0.0 0.0 210436.55328259777 240372.1830577572 286219.2142360965 492184.9192390444 471092.78460919095 187755.20576455642 869.5392280071434 -9999.0 -9999.0 -9999.0 -9999.0 -9999.0 -9999.0 -9999.0 81444.06029133474 5634.5707276659605 7455.029883265701
-9999.0 -9999.0 -9999.0 -9999.0 -9999.0 -9999.0 -9999.0 -9999.0 -9999.0 -9999.0 -9999.0 12263.41190224763 419076.7435996754 33184.38482885339 -9999.0 -9999.0 -9999.0 -9999.0 -9999.0 64718.68215366673 297855.6643433296 382031.71525176545 433957.50622314715 437645.31879254524 335748.9613669088 498240.0424484654 646812.4078564176 208311.66385837094 17687.621349971312 -9999.0 -9999.0 -9999.0 120244.02392952435 1646869.5130925945 0.02502013956303499 0.0 145026.63670002908 167497.0449462582 156978.03700135628 261792.98834487022 126770.19160249823 94637.22161551868 103971.50675367964 102474.72104538306 103203.59424175255 120612.61960664665 133468.0089824628 532601.410517343 490001.74477351876 476250.8489479249 261571.06210583635 188694.4329559511 250590.29417343016 3145.0821133269187 122220.87574775737 2934.0678761259132 45386.90045685394 165029.7757995855 11004.191863739707 265108.0896137973 9093.986246500699
-9999.0 -9999.0 -9999.0 -9999.0 -9999.0 -9999.0 -9999.0 -9999.0 -9999.0 -9999.0 376558.16130617773 561117.8731662419 468851.75501473894 238379.5385207843 -9999.0 -9999.0 -9999.0 -9999.0 -9999.0 -9999.0 -9999.0 -9999.0 205903.65888872955 376816.72620117816 310251.60780136473 377902.52767297893 623866.2234218423 907441.8369209247 825293.7339224119 483986.0464277232 12311.311733305378 -9999.0 426705.66699161264 1964422.8167876245 0.015393880534275442 0.07051577739014742 104478.58449548071 121668.38316511331 146417.30430641578 224444.348234966 157418.71286622615 115860.84036712139 55402.24382429004 88971.92482043977 16661.11720732247 55828.73804217915 734318.1645491112 352190.4273429677 213534.9308325462 1557.7618401123345 -9999.0 678.4132595631926 7713.13409091634 148849.21097725668 326156.5808849167 274502.936367357 156498.28825431038 5766.5569657353935 166215.86509702195 181718.73071729008 264395.33728560305
-9999.0 -9999.0 -9999.0 -9999.0 -9999.0 -9999.0 -9999.0 -9999.0 -9999.0 -9999.0 35598.790773707675 658669.1388212717 547158.9473625582 236439.89537469903 -9999.0 -9999.0 -9999.0 -9999.0 -9999.0 -9999.0 -9999.0 -9999.0 -9999.0 -9999.0 236305.45320061196 420009.4067914644 805606.1801695037 401910.00307765906 94787.76948029504 634345.9284614034 748004.2107647175 -9999.0 0.0022733698392465897 0.03607460766459942 0.019694999281560977 61057.500277192135 181919.28393162964 110304.62830784191 116541.77024614377 45952.48309733819 131500.00505571504 121160.95560408106 14491.361535317692 -9999.0 -9999.0 30841.41861244547 7490.500081938344 235373.24111199589 273959.1146391929 356304.83137559885 325089.18359893217 174220.83842473346 177596.52326124936 301588.64496174484 16490.477852832926 159300.16681874942 172571.95651434088 10314.05645675197 190339.89150255726 242374.66520400456 14761.088194478612
471159.9340427243 35353.795201790315 102837.1949925973 -9999.0 -9999.0 -9999.0 -9999.0 -9999.0 -9999.0 -9999.0 38144.37751449294 599045.7383852096 567803.9426392615 188102.41426674812 -9999.0 -9999.0 -9999.0 -9999.0 -9999.0 -9999.0 -9999.0 -9999.0 -9999.0 -9999.0 -9999.0 183621.45241404563 534528.7492756194 149851.7738374084 -9999.0 -9999.0 188298.5899130757 -9999.0 -9999.0 19657.62037071716 103920.41496356012 126022.4797788504 91585.30311364282 137027.7339221489 137456.75410180746 96095.1558933704 3546.2489652118084 13448.149669658927 -9999.0 -9999.0 41255.65506395746 -9999.0 311887.98906075367 204644.17965295946 161352.80081577305 249431.50524683925 16837.102009083235 119988.3320769958 6905.398640330845 237775.94590639352 202899.74954122663 391549.2388733851 295427.6316645979 301459.18025016197 410347.3527684422 382083.46835554426 380184.98964269523
124088.41793346565 -9999.0 -9999.0 -9999.0 -9999.0 -9999.0 -9999.0 -9999.0 -9999.0 -9999.0 123265.86713470754 511735.36389621685 306146.9884235656 71122.51552583455 -9999.0 -9999.0 -9999.0 -9999.0 -9999.0 -9999.0 -9999.0 -9999.0 -9999.0 -9999.0 -9999.0 -9999.0 316476.48629563 359323.3241037463 124749.17457683728 -9999.0 -9999.0 -9999.0 -9999.0 3322.9505421114463 971.8299611971131 142871.79623851678 135061.74604524154 102832.68795856493 194712.79948161473 189884.6410864763 25500.719704926574 2107.5016912794385 -9999.0 -9999.0 -9999.0 1690.055409481279 138235.31486952113 185029.36105773735 299021.29248059005 13522.968073486474 9230.350619059147 9271.501141842127 202233.68975085937 325125.7144158201 360185.3083566438 19167.791346230948 609362.7797987864 412587.6084713529 620698.8229242234 549167.3781829501 483551.3265330742
-9999.0 -9999.0 -9999.0 -9999.0 -9999.0 -9999.0 -9999.0 -9999.0 -9999.0 -9999.0 -9999.0 60837.09480087239 -9999.0 -9999.0 -9999.0 -9999.0 -9999.0 -9999.0 -9999.0 -9999.0 -9999.0 -9999.0 -9999.0 -9999.0 -9999.0 38598.563994316064 529343.857564976 173939.68022752274 22114.917319579483 -9999.0 -9999.0 -9999.0 -9999.0 -9999.0 -9999.0 29555.79026136936 142450.8582876113 91022.18788301462 127167.58794939125 182000.6966868624 145663.44550827506 114942.12899684365 22265.443323847427 7332.187057557339 -9999.0 14815.795204072383 729.9094636171267 155147.78739007073 294060.0313218335 790334.8705295892 231033.57167094937 14526.831779425274 451563.2382872757 304557.41280777374 385726.79517002933 407968.47830048966 279400.4590381314 452462.9017705315 588767.3695649133 567396.2990463064 234601.97845390183
-9999.0 -9999.0 -9999.0 -9999.0 -9999.0 -9999.0 -9999.0 -9999.0 -9999.0 -9999.0 -9999.0 -9999.0 -9999.0 -9999.0 -9999.0 -9999.0 -9999.0 -9999.0 -9999.0 88575.4378739037 188597.03658761558 22789.395997888307 -9999.0 127459.58092755084 170714.41889619146 297842.7274802357 302994.78522086766 9896.081988676271 -9999.0 -9999.0 -9999.0 -9999.0 -9999.0 -9999.0 5336.8553683629125 6195.005670762452 74086.23960358324 161762.65720230652 160909.32184968228 153173.61149858288 227537.89128924915 234442.73846259332 100571.44174093656 11025.797092406254 -9999.0 20206.295838155995 65713.63688943036 7931.224328357275 299976.69055405585 21743.540019456406 15613.969244201659 15741.712612511776 351278.3520507318 423669.9822448409 337027.4170700541 151205.11738878663 322277.43268411135 398179.67958464066 419025.81649948645 550983.3158929184 467354.88027169864
-9999.0 -9999.0 -9999.0 -9999.0 -9999.0 -9999.0 -9999.0 -9999.0 -9999.0 -9999.0 -9999.0 -9999.0 -9999.0 -9999.0 -9999.0 -9999.0 -9999.0 -9999.0 29313.0972353718 745390.0763392572 903678.7462114259 533189.7285465491 543215.1782649504 800769.0614359286 314803.15432837425 95371.85702196554 23444.29823678193 -9999.0 -9999.0 -9999.0 -9999.0 -9999.0 -9999.0 -9999.0 -9999.0 10246.956281805342 70212.54922131973 215733.99029756364 141057.14125657902 239942.28612526317 131202.55432439726 58500.57220504526 26952.853476359454 30978.536210632377 12458.626046455936 -9999.0 18196.288520154238 25532.301459307695 29877.09878989372 375584.94461444917 22507.153488820226 15356.487289217097 247234.1341249628 202093.0847768081 16703.436803095967 10877.10351616087 7468.344434389934 298228.83603520173 18107.617635245337 589069.5052640361 420111.2608202409
-9999.0 -9999.0 -9999.0 -9999.0 -9999.0 -9999.0 446.8401152372017 31.900805929448214 527.311369158611 0.0 -9999.0 5808.42249573504 198433.37320035324 302447.7612050468 110352.92002756466 10710.132621603288 8821.18787512216 -9999.0 -9999.0 -9999.0 103929.08706319555 422051.9147206139 986586.1842105595 899556.7284263305 354897.0702636784 -9999.0 -9999.0 -9999.0 -9999.0 -9999.0 -9999.0 -9999.0 -9999.0 -9999.0 -9999.0 -9999.0 -9999.0 170313.65136731265 149858.14490162025 185394.22739838462 46531.85908287594 -9999.0 -9999.0 1251.6538978184576 36366.02747361301 15095.050319482561 -9999.0 4568.537930087246 63049.66744674454 7940.461674699633 9608.288708103575 3240.5861152193993 10520.371459938562 261989.17600870552 265021.2263821775 20614.984360778817 3874.2779751380594 6690.982901642667 11494.130571307092 310360.85727717547 481107.7973298877
610050.6610851248 463747.4975134543 468010.2082114891 565013.4555438688 255534.3525211512 354602.5523742171 464874.19958040427 748392.909885697 942537.0142224195 718360.235533915 677478.4396105031 446321.84490508976 608726.4333991647 881450.5310411958 574800.2705346778 626889.1847031442 43946.16335559756 420.39725604137215 -9999.0 -9999.0 -9999.0 -9999.0 32802.655441243376 315441.14824384876 115974.10370744955 -9999.0 -9999.0 -9999.0 -9999.0 -9999.0 -9999.0 -9999.0 -9999.0 -9999.0 -9999.0 -9999.0 -9999.0 39084.60495771279 88220.32810345621 175581.6317499677 19617.892618126552 -9999.0 11385.508498396728 11261.306741422604 16700.852110900265 2575.516654950436 5416.871700952966 0.0 1825.7555525490632 779.5142755092529 7884.821203341049 14275.578090618228 9993.516980753899 12418.1144292715 7874.800575598586 249051.73269068828 203798.22238745133 9701.58026345135 6810.85159521078 10073.812001466347 9435.392758697619
734145.9931994673 782880.3167608483 421456.890841598 645745.4000907349 922098.4186551524 959796.1553213593 1132361.8341243407 1084772.4529564206 1205285.4555703045 898327.347781355 819991.454654052 756929.7644397342 683883.2628754112 719927.6055409445 616552.3661289136 54386.36521276619 -9999.0 -9999.0 -9999.0 -9999.0 -9999.0 -9999.0 -9999.0 -9999.0 -9999.0 -9999.0 -9999.0 -9999.0 -9999.0 -9999.0 -9999.0 -9999.0 -9999.0 -9999.0 -9999.0 -9999.0 -9999.0 -9999.0 4320.512486798724 13790.439037356613 13403.653525504275 -9999.0 -9999.0 -9999.0 4217.5339967313475 -9999.0 -9999.0 -9999.0 -9999.0 64372.175180707934 67167.29918050434 -9999.0 5064.122785961862 4603.781717842127 135955.6520463773 0.0 -9999.0 -9999.0 123761.65783763406 8160.8813151218465 10093.288826415064
