critload/trunk/input/1999/nh3_spread_man.asc
ncols 720
nrows 360
xllcorner -180.0
yllcorner -90.0
cellsize 0.5
NODATA_value -9999.0
[rows 54 to 80 of 360, columns 366 to 426 of 720]
-9999.0 -9999.0 -9999.0 -9999.0 -9999.0 -9999.0 0.0 22362.194226656113 9523.529427078673 0.0 0.0 0.0 0.0 0.0 0.0 0.0 0.0 0.0 0.0 0.0 0.0 0.0 0.0 0.0 0.0 0.0 0.0 0.0 12758.489023376103 28690.699110363017 0.0 -9999.0 -9999.0 -9999.0 -9999.0 -9999.0 55248.652432337374 73639.23630351263 74034.04735902099 105659.08646413535 40741.85103120618 24638.94268090411 4250.196849849269 0.0 0.0 2766.0988834919945 4205.242970235022 0.0 0.0 8780.30383623486 4642.7087205488115 2603.1220520777947 46014.65454421327 25144.486698702884 10659.132715682825 10822.663791697469 6223.165386473922 0.0 0.0 0.0 0.0
-9999.0 -9999.0 -9999.0 -9999.0 0.0 3365.122306416665 13965.556094941247 0.0 0.0 0.0 0.0 0.0 0.0 0.0 0.0 0.0 0.0 0.0 0.0 0.0 0.0 0.0 30820.835503109698 13643.823491068973 0.0 0.0 0.0 0.0 49231.510946908165 2441.121111566422 -9999.0 -9999.0 -9999.0 -9999.0 -9999.0 -9999.0 64510.57169530482 50817.25995502875 55506.765646561296 16698.167506675432 0.0 5803.621446453577 0.0 5986.114653022674 0.0 9482.587190483007 0.0 6137.513964242573 16258.94902504193 26604.20591901256 0.0 13205.830562094323 6001.687938574894 0.0 6247.914196800031 35207.88777406571 0.0 0.0 0.0 0.0 0.0
-9999.0 -9999.0 -9999.0 2435.9936555407967 28400.964762506614 13216.315064392222 0.0 0.0 0.0 0.0 0.0 0.0 0.0 0.0 0.0 0.0 7398.045873293944 0.0 16361.69170657635 0.0 30914.74705248722 0.0 0.0 0.0 0.0 0.0 0.0 4478.030707268062 42831.90650422275 -9999.0 -9999.0 -9999.0 -9999.0 -9999.0 -9999.0 -9999.0 293.5676409719994 36235.50772955608 6317.932693226156 9585.549789680204 14432.406812312664 67.64616530738797 13310.82231213723 0.0 31616.374796239677 7386.516078897265 9739.875018058676 4062.6352649703904 14895.849036545767 12912.092065781078 12858.959651307843 821.1290875442475 4831.058414435195 18551.52640173257 0.0 0.0 0.0 0.0 0.0 0.0 0.0
-9999.0 -9999.0 -9999.0 5677.929920874431 0.0 19355.545338639615 0.0 0.0 0.0 0.0 0.0 0.0 0.0 0.0 0.0 14632.234264074643 14520.415801312643 0.0 0.0 0.0 17140.38898030764 46345.32563690173 16187.410426977522 0.0 0.0 0.0 12989.116833290353 9551.10859985404 55358.284333338466 -9999.0 -9999.0 -9999.0 -9999.0 -9999.0 -9999.0 -9999.0 5757.838759195779 67580.26748830514 57900.838542459685 89411.20762147148 83512.42144218902 54619.325511581614 53202.34088316596 19713.13974390863 20597.754920506282 27195.64260610904 11157.630130428892 749.5728835887379 12067.69378106992 1045.4618638527388 19464.31945909547 43615.11113494094 0.0 0.0 0.0 -9999.0 -9999.0 0.0 0.0 0.0 0.0
-9999.0 -9999.0 -9999.0 32724.888948917804 10507.419685861536 0.0 0.0 0.0 0.0 0.0 0.0 0.0 0.0 0.0 0.0 143669.61671443956 269145.6733824261 72902.05884602986 76066.86494910547 12613.683861986161 17412.84385217798 0.0 17230.943580698007 10714.266345032904 0.0 30613.72788387204 16463.45446215767 41494.926515570674 157747.75067121972 6210.63945875638 0.0 -9999.0 -9999.0 -9999.0 -9999.0 -9999.0 12056.250285974626 101861.98700304504 126731.86477088367 340363.90068302286 350973.18859786907 133020.3369609669 42660.5628523309 130571.3494874631 180760.94249982672 145420.90235069607 75742.99128729592 119785.65289108132 50780.83729315248 42813.54476757496 0.0 0.0 0.0 106833.35819810366 0.0 0.0 -9999.0 -9999.0 -9999.0 0.0 0.0
-9999.0 -9999.0 -9999.0 -9999.0 0.0 15885.45587440923 4706.418687102892 0.0 0.0 0.0 0.0 0.0 0.0 0.0 60712.407690434185 20245.4095037066 359817.67601501814 30018.89028751271 56717.62043614433 0.0 0.0 15966.51600978376 0.0 0.0 48202.09309522328 105944.56696694423 85556.01565550677 3563.8061758578206 37725.49265076095 49644.8313929688 51505.87342221016 9761.422220385657 -9999.0 43147.87945803015 13232.598181964 -9999.0 -9999.0 7733.099618621592 58541.02283984619 150983.27442475478 188698.2203018524 73157.4313460136 101242.9894579647 98232.95000706778 55552.3422324063 59697.40900002289 12401.109759406037 8462.642664545787 -9999.0 -9999.0 -9999.0 0.0 0.0 83294.32564637548 0.0 0.0 934.1744882507743 0.0 0.0 0.0 0.0
-9999.0 -9999.0 -9999.0 -9999.0 16714.723418533526 12999.045494453674 0.0 0.0 0.0 0.0 0.0 0.0 0.0 33234.234971002115 68473.2286481848 183653.38166153652 445778.0409116411 22869.73361440056 15058.970462187106 22479.619315465126 19235.73790426968 24633.412734344038 0.0 23730.930137989508 17282.27176444746 22393.756641809876 101928.2488745175 145476.27644776384 157238.3445010205 253063.0584532058 59964.936178306714 73174.8369847857 -9999.0 -9999.0 -9999.0 -9999.0 -9999.0 -9999.0 -9999.0 4877.168029276965 22936.193173162013 8196.06610914595 -9999.0 0.0 -9999.0 1165.0351209340129 20614.48720364876 5719.6977574241855 -9999.0 -9999.0 0.0 0.0 0.0 0.0 34366.412366711644 0.0 108283.27092088904 0.0 0.0 0.0 0.0
-9999.0 -9999.0 -9999.0 -9999.0 83573.49903510936 15907.779440518902 20153.67987116162 0.0 0.0 0.0 14583.819500208005 14583.81950019507 0.0 85342.62793108911 434176.0030099512 216261.86118423956 330454.18716154 15497.308976046384 0.0 43217.03351605081 58152.27775559587 59617.99251098322 91503.72933521103 37815.629597791085 179391.63035664713 59449.889653355865 86252.21411118688 107488.36374922724 72575.13429107149 129761.40280379313 244878.83814145502 23785.12742237357 -9999.0 -9999.0 -9999.0 -9999.0 -9999.0 -9999.0 -9999.0 7391.097040102737 21269.91138751707 18198.983809583075 106184.25481341568 120919.6088245387 32556.434463677673 116639.97283725167 192972.0364051115 30009.568343056024 153731.52248955425 136320.41468090765 0.0 0.0 0.0 0.0 0.0 0.0 0.0 0.0 0.0 0.0 0.0
-9999.0 -9999.0 -9999.0 -9999.0 -9999.0 388106.33845710667 32894.70952466018 13488.528247691258 15833.26365443982 24186.44574365642 12957.913747277065 42377.99620892242 0.0 19438.82866297215 -9999.0 -9999.0 14235.48768876682 0.0 34417.520381377144 10708.033103134812 56258.43365952408 76441.90909700608 48823.59248863332 35110.8673431799 47873.11231449075 26450.549146131754 35117.831212644116 114635.18494035595 69070.69095991988 28761.49414290406 -9999.0 -9999.0 -9999.0 -9999.0 -9999.0 -9999.0 -9999.0 -9999.0 17999.578443646024 43336.38174954224 4061.873943075297 20818.48147577 69589.08173313875 65075.98517468563 81247.88484694893 120721.18681172903 139583.17600612188 267155.7523885956 47013.29074351426 53201.076434887 0.0 0.0 0.0 0.0 0.0 0.0 0.0 0.0 0.0 0.0 0.0
-9999.0 -9999.0 -9999.0 -9999.0 -9999.0 0.0 26770.721932305816 56891.56453208138 27475.430152061934 32711.150399161586 29666.46801909971 66204.97190427803 -9999.0 -9999.0 -9999.0 -9999.0 0.0 29274.757019833225 124325.29139864766 155791.5211976451 207439.03070205633 147014.69220998054 30313.36048257812 50143.86171407941 125721.50201584368 90259.60874852259 41956.09111105592 26092.418309459117 -9999.0 -9999.0 -9999.0 -9999.0 -9999.0 -9999.0 -9999.0 -9999.0 -9999.0 0.0 18384.92837789312 24423.105795091415 4048.2141443436917 2660.268742485664 24900.837353781346 38728.29924070591 70280.05201047988 130656.70544403481 102361.57509469998 200427.35886054867 69973.28114287998 0.0 120592.96864687082 0.0 0.0 0.0 0.0 0.0 0.0 0.0 0.0 0.0 0.0
-9999.0 -9999.0 -9999.0 -9999.0 -9999.0 -9999.0 -9999.0 -9999.0 -9999.0 -9999.0 -9999.0 -9999.0 -9999.0 56627.63401750175 510268.94601689395 -9999.0 -9999.0 29677.203198677227 15725.38865690543 0.0 2668.9794162512353 0.0 80856.38751818448 32386.360085865108 15654.216486572039 61531.51086121432 47886.044694603566 73406.18770914365 -9999.0 -9999.0 83259.41296765913 99381.541842412 19983.54037882493 -9999.0 -9999.0 -9999.0 -9999.0 2675.3981608580207 10876.198475223557 3669.8804443414433 -9999.0 -9999.0 0.0 37404.867651789114 75014.60157175837 32139.710720348652 3642.7577229758845 65836.1025006228 98178.09403613473 137811.81440128325 139905.153555496 114562.92932910772 0.0 0.0 0.0 0.0 0.0 0.0 0.0 0.0 0.0
-9999.0 -9999.0 -9999.0 -9999.0 -9999.0 -9999.0 -9999.0 -9999.0 -9999.0 -9999.0 -9999.0 524932.0866817939 473269.10132158734 718533.1980862294 709183.6250550499 129470.48893991318 21558.32674105902 6826.080747132154 104794.30240225389 35306.820859841704 0.0 0.0 26729.32052481044 0.0 0.0 16572.425081332698 65916.30442844464 75204.92433473744 24481.54203703303 -9999.0 97957.30920190041 69232.6646321691 -9999.0 -9999.0 -9999.0 -9999.0 7525.287128345066 15723.19749260095 18608.233515146658 68458.40704685477 19642.73781981635 -9999.0 8747.25854317789 2978.2552544708965 1486.1709041246543 33804.89677660994 1489.7853363280672 18693.177116728584 12399.519352353362 43038.88743978292 121234.70947153372 107237.1590219813 0.0 0.0 0.0 0.0 0.0 0.0 0.0 0.0 0.0
-9999.0 -9999.0 -9999.0 -9999.0 -9999.0 -9999.0 -9999.0 -9999.0 -9999.0 -9999.0 483084.0182680499 550223.2534734007 562316.3061604255 555124.3047350894 628375.6201431354 -9999.0 -9999.0 -9999.0 21786.900699584636 144624.4404055217 76551.68628052223 38979.82375812278 14232.262559013401 66907.77443077449 14014.069746505358 53812.065655708 126301.61192460483 115599.98388931724 -9999.0 -9999.0 12415.03092029447 -9999.0 -9999.0 -9999.0 -9999.0 -9999.0 52313.40511987976 81590.3264337577 56471.08020013837 100589.15878941641 161230.2346480014 15609.605524224799 91043.49704821373 52317.083267098795 61260.163680580255 40973.65906890464 3028.9896828059364 66767.42963964862 27776.519263029622 112541.57947166378 123410.09324146464 152793.84907389636 0.0 0.0 111559.65342901868 0.0 0.0 0.0 0.0 0.0 35135.986090904655
-9999.0 -9999.0 -9999.0 -9999.0 -9999.0 -9999.0 -9999.0 -9999.0 -9999.0 -9999.0 364783.3985222409 468208.827268982 443148.24926291604 895734.0047245482 759373.9509063277 498163.995356834 -9999.0 -9999.0 304155.4694136984 237844.32394831395 181759.47549261578 213374.1167798652 175770.38219490167 180707.48957959033 118378.42700683814 94017.88410457349 56367.17121158766 11198.185655959474 -9999.0 -9999.0 -9999.0 -9999.0 -9999.0 -9999.0 -9999.0 -9999.0 94604.2920379704 0.0 0.0 153016.28966819026 0.0 143559.36764394768 166261.36748101978 150328.9486791551 145412.38355337537 63868.118118360406 63597.521300200744 107347.70582629117 46546.727359802346 58811.24532048452 0.0 99630.50908647005 0.0 37922.06476328717 142232.11271680534 158457.68690883805 0.0 0.0 0.0 0.0 0.0
-9999.0 -9999.0 -9999.0 -9999.0 -9999.0 -9999.0 -9999.0 -9999.0 -9999.0 -9999.0 452665.4293464783 414101.3371588956 565253.773751236 846340.2204825694 419473.8305873398 87030.35926066345 575249.1839528943 794305.4368428376 892710.0154045484 110809.68213478924 373913.69106702966 319265.93855544995 190908.25555358102 -9999.0 -9999.0 -9999.0 -9999.0 -9999.0 -9999.0 -9999.0 -9999.0 -9999.0 -9999.0 -9999.0 -9999.0 -9999.0 176160.2263249326 0.0 128025.24158099611 133188.7556924477 0.0 158774.41648131376 0.0 0.0 136900.14910212657 99965.51667973291 0.0 116256.04628365344 0.0 313796.8403413482 329322.423617521 0.0 0.0 0.0 0.0 0.0 0.0 0.0 146201.52591861517 29236.43794420299 0.0
-9999.0 -9999.0 -9999.0 -9999.0 -9999.0 -9999.0 -9999.0 -9999.0 -9999.0 -9999.0 54867.057038939936 453942.8686300046 681841.0209366343 530210.7646993065 907186.3510975954 583213.9649872808 396356.56938064203 836095.7964550207 460974.0875732541 12461.959926154821 115440.05153116214 69699.82851847149 44891.033002083896 248200.61681724194 99753.12880351936 -9999.0 -9999.0 -9999.0 -9999.0 -9999.0 -9999.0 -9999.0 -9999.0 -9999.0 -9999.0 0.0 103624.43588416878 204667.34215653886 140324.46309693897 149996.35388046384 136923.00227743606 0.0 0.0 134230.44802708813 131840.08012060594 0.0 121814.02453325398 259198.2114434772 0.0 299186.1786163642 0.0 205514.00530266747 287546.1525648074 345865.63358865766 370360.26762763615 410233.62459453207 183023.56424387178 0.0 126334.48735269562 0.0 0.0
-9999.0 -9999.0 -9999.0 -9999.0 -9999.0 -9999.0 -9999.0 -9999.0 -9999.0 -9999.0 37107.85653340003 555585.7836876684 815134.513386435 444149.26997218194 56747.28627130791 140662.25496718052 462383.3057252187 510182.1131229942 197272.2010846608 0.0 55603.195840687156 59158.88653944392 -9999.0 -9999.0 -9999.0 -9999.0 -9999.0 61802.18074797284 201772.96034547893 0.0 226195.68737870784 0.0 -9999.0 13596.400285133983 202215.60081541285 219154.1229963744 206627.19305146227 217410.89950637022 240707.92384891582 171598.97020446887 153283.93958320655 126916.73065667489 135601.7477155668 153512.80060131685 108127.32323857197 74903.4415689305 0.0 0.0 0.0 0.0 0.0 0.0 0.0 0.0 331586.65712185646 368388.5571809619 201998.8598492135 197599.50301606907 192467.54666004312 64094.072043099106 209649.4123673598
-9999.0 -9999.0 -9999.0 -9999.0 -9999.0 -9999.0 -9999.0 -9999.0 -9999.0 -9999.0 -9999.0 257973.76653300636 868104.9648706141 775377.2451360265 549287.6480255825 257559.55397938727 75314.09241638414 242514.57194317167 280425.79714491015 301624.1702543814 373257.5055995881 163068.70366823708 0.0 0.0 96002.37591892894 147164.57825515306 227619.17283856816 0.0 0.0 0.0 305440.70237038395 323529.5413600699 241848.93283274787 341135.46238318726 311950.8441668333 338681.1342031924 308989.547248689 262756.96025112586 223458.64316644572 0.0 0.0 0.0 0.0 0.0 123072.47379078463 0.0 0.0 0.0 0.0 0.0 0.0 0.0 0.0 369479.7174548985 521039.3855493282 337416.0713261884 452480.982833031 126328.99544375588 142989.79877022468 163245.0768239055 0.0
-9999.0 -9999.0 -9999.0 -9999.0 -9999.0 -9999.0 -9999.0 -9999.0 345407.3672696047 453530.5506972967 107753.96090389013 693499.1688710593 1396304.7163332459 700390.4372460862 482815.74744987016 347355.64744386217 342019.5580367592 354327.4829013911 404146.69960882154 401537.5431487368 367837.8115148216 358563.8640237041 107174.7364073458 592197.8814630519 0.0 0.0 0.0 0.0 0.0 0.0 0.0 469819.59731852217 265430.24879414827 0.0 0.0 0.0 0.0 0.0 0.0 0.0 0.0 212854.99659472486 0.0 262221.9795430495 0.0 0.0 0.0 0.0 257219.08069110077 278440.44457231264 0.0 0.0 0.0 0.0 376393.5440205279 281688.32651286974 0.0 294866.31875037274 315494.6629308207 158522.1356769894 149483.51503735187
-9999.0 -9999.0 -9999.0 234287.47769246632 95171.23407454138 3379902.5790442685 4101468.0800551674 2766730.4909041775 1205958.1202517012 836010.835753358 861804.3996300569 791495.4690489285 509298.4338094992 488668.7753760549 492957.31283399893 397601.23928206787 572715.5963028362 572249.397158108 293617.40585015755 251903.63117168343 270642.8656055053 214978.46619859483 328546.2831344182 548281.1954660768 0.0 0.0 0.0 320548.66867485526 272428.3942297723 392971.13573285576 467228.35299655615 548931.5765701802 186846.3071607259 221422.54004310636 272719.12125124515 0.0 361714.3806494945 422799.7051661067 0.0 0.0 0.0 0.0 309358.3075457669 280968.6810409983 0.0 0.0 305179.2522791812 311325.32022561826 282368.4026984306 0.0 0.0 0.0 0.0 324077.81610688055 364198.6065886342 0.0 0.0 287941.80640641454 329959.54264922056 155693.44236490646 195919.4612585791
-9999.0 -9999.0 -9999.0 3074031.247547742 0.0 2883039.488283041 2713871.4898392973 1257662.800238556 352534.46565428365 312436.68730224564 382532.62288904074 329609.55036206066 625686.1769696466 384976.4956005159 234016.80134836095 221220.2209259036 403169.49083044427 494005.0916747493 644520.5807435479 460139.1793455347 658351.8189348225 363910.99136984616 789531.7099348584 591673.0652994445 0.0 366146.9036156408 564128.1382756097 433358.92124062404 201189.8467187414 238949.07697453198 236602.34002980136 426236.83061027847 481337.787962788 481663.4292109357 500819.42517650954 121381.68563314124 475541.23553149437 426623.64409622544 359322.4431223426 287157.851979489 267658.16207271285 0.0 0.0 252527.80067548223 0.0 0.0 0.0 0.0 0.0 322577.5341149763 0.0 0.0 0.0 0.0 534289.8925561886 445149.49968017306 0.0 126523.79999244829 134898.31832672653 147105.84773327774 164715.05146757604
-9999.0 -9999.0 480237.55105878477 2915326.72770214 1782695.5225661583 1345216.8408259696 2818304.366623789 2010914.5182755562 419599.72985122364 409309.96554109594 469478.3808643678 634627.9525783575 633885.2423973207 541250.626108905 684074.7477797277 673113.5966825442 524081.9535161618 680814.3550971581 353832.02751756756 144236.4316806402 233615.76478792218 29299.646302537225 428698.7531164415 618121.3707418945 0.0 332814.2847295354 488710.2328203465 554078.1688324101 204475.1261630633 338849.9834885517 466332.8649515776 526668.7283913791 446354.1292418946 556902.4011866136 384045.83473083866 0.0 372704.4879006073 230605.86424184384 0.0 333505.6733072622 362790.52509065217 491480.11232425016 399817.26824359415 0.0 286507.4871324432 406231.41213619546 400753.07202127436 376937.78811410355 410305.3036647954 355888.5643090622 0.0 429616.1790909038 383544.91492375697 0.0 345112.0253240623 385217.1938455928 372212.74376515375 150226.73744209035 142709.21013840998 192930.28586132987 260564.60850223716
-9999.0 1008691.754280578 3030797.9897489264 4664115.143010244 3915988.754360798 3038201.9514255146 852217.6771616499 547956.9385973702 402555.46118658327 655381.7678231578 791170.1516394659 654791.490980033 421401.57097516616 301346.79965488135 242296.34882831672 246666.61965795624 507065.0046903376 934187.3070838086 449854.6463546764 481284.5422462769 166083.1992798665 249275.58702908785 3454.453074880146 605309.0707712186 0.0 488060.4120295305 492616.76411145274 308079.33489582106 482188.51826690376 476897.7178139009 275571.86114825075 441156.9206683811 485891.3070946717 412405.2824167031 312844.29005053744 273740.4582524444 285415.39460854436 442459.5232472038 102189.04851840975 360472.87465704326 367334.39650446206 371971.8334979117 407606.3927135184 257304.9437043847 191957.33766289364 240409.82452650083 253503.217313998 208365.2487821554 0.0 0.0 0.0 0.0 0.0 0.0 0.0 276880.56908374093 209671.5932100437 271191.39663272945 197438.37045019423 229819.2174396682 257030.55402084335
758295.339704711 1282266.6598806914 1049682.347123342 976961.9548888609 897767.6634830162 1825996.3456848706 767652.0568722122 461454.55577746755 647276.0655920558 638557.8735027616 353977.07979480206 298324.58234894805 366667.8736263973 182554.7157645363 231314.01215779074 292500.8202162481 328189.9444128262 129663.36259448968 154202.94752555722 175472.1178942349 421380.1221539173 283218.86842613475 600733.8698482754 742950.018199629 312345.2060557797 330114.4560373642 518717.6008655032 248451.23758360726 508419.9784006531 496401.74327996944 584573.7541668635 643173.4433447026 702574.6966887994 381581.2955988387 309952.9430711703 0.0 261800.36846546974 506471.3255353433 698086.2888910023 400143.619631769 373911.76888979774 258898.9956300005 217601.60406367417 179178.4622325718 213673.376027676 253949.78611450735 237768.15181025164 186434.66231886996 0.0 0.0 0.0 154877.89691647416 178599.20338778954 247891.74162370435 203155.26976797075 255152.02219616354 235418.90967242097 261173.06993856438 261773.6426859541 266441.5542341548 202224.18261701678
1115019.2122547682 1069896.1560133812 1216315.2021494333 1644255.315263031 2274839.030206662 2072132.000816381 477166.5274967599 683149.854121611 823866.3402640442 684364.4889617622 537654.6155825943 416130.55581003975 418071.52738878934 384263.2367808649 340811.2544609275 234044.43532782746 270855.17194038955 419645.62362562085 426147.94884425966 665282.0880049642 451679.3800805933 678059.8494178494 402197.67067923513 727083.9477758122 0.0 0.0 238614.9644446242 256070.4292108966 347420.8157012917 453081.92711610615 386754.65022364305 451525.1219501479 618678.1183419132 415873.013540541 353830.3868488475 513782.223601758 461173.8421419984 741425.351113568 377693.6944307332 0.0 269112.95899317786 372797.9684551735 181931.46617690998 111687.12417621826 131992.54599816748 169420.18588970968 212483.45874073147 143246.20191409855 126524.60631195124 131001.6667864518 140295.7013503035 137916.6178417097 181852.6682820103 185350.46686970384 259546.45557137375 250012.38971060602 195597.1703328712 197216.9564328524 188900.29264724095 164055.52308970978 185640.81563424147
374524.3589213999 521329.20717465074 1671722.1545690817 1280764.930951578 1348022.354331532 993001.4438070345 579325.2451717946 504425.7361710944 424726.5328950933 503189.8136712038 631439.1652165211 821021.5858755347 748842.0812780246 352100.4648041327 523944.7494441343 491650.30276601773 453360.2272770341 643081.9984000433 529813.1242848275 0.0 0.0 282248.3044121753 482744.4322287155 417187.9950467597 282280.75137182616 359398.1900783311 344875.7850918201 0.0 0.0 358634.54907147883 546977.5714179265 619662.5532627576 688224.0343128922 560631.6150285604 416719.24821748293 458171.9008840495 469614.67249551514 778659.7433421097 512932.2963465754 354278.0022560769 545160.1995375404 207218.50244784373 281129.2906900849 233192.17544819007 164836.89880959105 209090.04044597014 121896.90489762404 173756.7146871427 115504.48028860787 138730.1008931295 105266.4367983674 124272.84251525036 118917.4101521185 161349.64429894497 220364.45793688914 241842.62435037494 206091.2883802322 216890.76363834445 224442.58990727665 168249.20824170436 172938.0904699118
349646.9836524329 311292.1219567571 620633.238491371 693430.1000174085 1751438.5492704762 1352663.696752762 907024.7676821911 573697.8774093963 560866.4939385667 467376.4098817137 723645.5690203574 545886.2183357555 426181.1184291299 453624.29941879166 626502.2106500788 727503.9081818945 461242.4664966742 504465.0056897802 389206.1325142773 0.0 490267.7864300647 0.0 556530.2952566146 183338.66889277622 321916.35391201376 343611.8572375913 313416.38219133834 492716.0548586743 379823.1433623449 404003.6007674827 502341.398510496 371057.93055198475 0.0 329393.2603704314 0.0 246947.1732118076 0.0 382731.7718798007 0.0 335988.8070469425 250249.8703563296 264880.51271316933 184822.42354356564 248691.77197954402 228914.04926333012 184286.69310810705 200223.87127502402 203365.42940517332 191759.05551580904 194108.11343957158 156769.6073949159 178667.44654555028 133817.1822295382 193566.70282731927 245392.3977057152 220919.43783383264 175021.4087249203 218765.3476200197 237736.68501352673 245049.97084675674 258809.85085633912
