critload/trunk/input/1999/nh3_stor.asc
ncols 720
nrows 360
xllcorner -180.0
yllcorner -90.0
cellsize 0.5
NODATA_value -9999.0
[rows 224 to 251 of 360, columns 192 to 255 of 720]
-9999.0 -9999.0 -9999.0 -9999.0 -9999.0 -9999.0 -9999.0 -9999.0 -9999.0 -9999.0 -9999.0 -9999.0 -9999.0 -9999.0 -9999.0 -9999.0 -9999.0 -9999.0 -9999.0 -9999.0 -9999.0 -9999.0 -9999.0 -9999.0 -9999.0 -9999.0 -9999.0 0.0 0.0 2026.54548187 3869.91188881 6073.58055541 3108.79100647 3107.40870981 3105.55958621 5257.86966668 5211.05470961 5257.86290394 5258.38612026 775.582594017 868.321217521 1752.10668438 7007.89897685 24538.3520684 27793.2920043 29436.2964182 26152.3643098 26132.6253083 26138.8427977 24519.8376052 26152.2115196 322754.487542 355273.765157 387254.539978 437696.727592 390780.321873 584950.160125 622222.835744 652695.36836 639649.529251 603323.561503 566284.987404 520062.979327 572830.656031
-9999.0 -9999.0 -9999.0 -9999.0 -9999.0 -9999.0 -9999.0 -9999.0 -9999.0 -9999.0 -9999.0 -9999.0 -9999.0 -9999.0 -9999.0 -9999.0 -9999.0 -9999.0 -9999.0 -9999.0 -9999.0 -9999.0 -9999.0 -9999.0 -9999.0 -9999.0 -9999.0 0.0 0.0 4037.82147963 7067.24241966 9093.84643859 2319.24466099 1548.83345089 2615.54235546 3487.92151722 4352.18267102 3485.26274335 0.0 1900.93945274 5165.2984205 1744.54606742 2615.54346269 8203.76848736 27680.1403283 6517.40108823 24437.332509 24443.7595457 24438.4410327 21075.6504393 26071.6764056 27693.0731795 27645.9698569 304468.239224 423081.297213 27677.0213724 419502.97728 620030.128276 601423.057506 638195.478253 521943.93447 554887.467467 425500.569785 380063.549598
-9999.0 -9999.0 -9999.0 -9999.0 -9999.0 -9999.0 -9999.0 -9999.0 -9999.0 -9999.0 -9999.0 -9999.0 -9999.0 -9999.0 -9999.0 -9999.0 -9999.0 -9999.0 -9999.0 -9999.0 -9999.0 -9999.0 -9999.0 -9999.0 -9999.0 -9999.0 0.0 0.0 0.0 8051.34515351 9060.36174262 2013.62031378 2014.87537719 1006.49896966 2607.47587029 3476.6421684 3477.91933106 6083.33242179 868.07484316 6837.85508952 5193.4949614 3464.78460956 3466.12916688 867.948359482 7127.60062561 22732.8528841 21113.5525979 17854.7220863 22729.7711714 24344.0445773 22732.8960281 25986.6390597 27104.3164191 418071.893512 303487.818193 27585.1052974 353498.318648 599060.968394 581444.00526 525942.941826 533733.39864 653208.135404 416553.626938 448363.143454
-9999.0 -9999.0 -9999.0 -9999.0 -9999.0 -9999.0 -9999.0 -9999.0 -9999.0 -9999.0 -9999.0 -9999.0 -9999.0 -9999.0 -9999.0 -9999.0 -9999.0 -9999.0 -9999.0 -9999.0 -9999.0 -9999.0 -9999.0 -9999.0 -9999.0 -9999.0 -9999.0 0.0 0.0 7013.70420528 4014.60903416 3004.8703311 1001.40875241 0.0 2594.85717703 1732.30693281 4323.83242861 5197.1757684 6828.8898993 6896.41966346 4321.74386726 3457.60700612 4314.93178505 12986.7283579 12094.2729316 9519.26430362 25870.1465073 22639.8399489 24240.488362 19393.0128788 22643.9666869 27491.4386983 19410.609003 300676.438123 19393.3291656 21018.1374824 21022.900856 560527.311467 524630.402256 360208.436978 486315.853323 430712.93546 359523.985488 323851.505772
-9999.0 -9999.0 -9999.0 -9999.0 -9999.0 -9999.0 -9999.0 -9999.0 -9999.0 -9999.0 -9999.0 -9999.0 -9999.0 -9999.0 -9999.0 -9999.0 -9999.0 -9999.0 -9999.0 -9999.0 -9999.0 -9999.0 -9999.0 -9999.0 -9999.0 -9999.0 0.0 0.0 0.0 1997.62404502 1000.11544742 1000.11544742 0.0 0.0 863.088872593 1725.04544917 861.394931064 12427.2125988 12821.4744505 3447.53018551 4303.87905149 2587.01671222 2585.66503297 6901.74054303 10340.7358032 11181.8998543 9483.82037815 9484.54605802 13784.2896492 17716.1732108 19323.9812034 22550.0828933 20942.310615 306928.368022 25685.8292514 16051.7753422 9624.49494554 11256.1552881 317635.435795 445346.542444 395008.691987 376838.352938 56279.1338031 39283.753173
-9999.0 -9999.0 -9999.0 -9999.0 -9999.0 -9999.0 -9999.0 -9999.0 -9999.0 -9999.0 -9999.0 -9999.0 -9999.0 -9999.0 -9999.0 -9999.0 -9999.0 -9999.0 -9999.0 -9999.0 -9999.0 -9999.0 -9999.0 -9999.0 -9999.0 -9999.0 0.0 0.0 0.0 994.856889353 0.0 0.0 0.0 0.0 0.0 856.148307109 3381.80018339 11189.204744 2231.11429714 4284.98823769 3770.53054019 5143.12072469 5140.76840842 11155.3254122 9436.05806886 9449.33852976 9442.68519972 10291.2861861 8587.86815435 12012.110861 332883.487724 20861.0059523 300001.411916 39012.9021699 349722.482176 298863.415842 22430.6120709 19237.5550143 327611.015486 401085.010194 373246.709158 54632.8377144 502162.787563 520330.261049
-9999.0 -9999.0 -9999.0 -9999.0 -9999.0 -9999.0 -9999.0 -9999.0 -9999.0 -9999.0 -9999.0 -9999.0 -9999.0 -9999.0 -9999.0 -9999.0 -9999.0 -9999.0 -9999.0 -9999.0 -9999.0 -9999.0 -9999.0 -9999.0 -9999.0 -9999.0 0.0 0.0 0.0 1979.60359972 0.0 1710.07863869 2563.35304677 854.451743843 1707.72287478 1708.82155883 3405.67535039 6758.84117916 5952.49772079 7849.63608024 2903.27322279 4270.48779882 11963.8736691 8554.58307621 8545.03691348 5988.78703361 5990.53827442 10252.7476196 10232.5611403 10253.4215748 12797.2727184 278308.595381 302895.428655 482928.968014 364626.742845 26828.7519387 477255.127997 26327.5732332 366995.962436 415054.305879 42526.2615246 39314.0455908 446125.370654 481673.254745
-9999.0 -9999.0 -9999.0 -9999.0 -9999.0 -9999.0 -9999.0 -9999.0 -9999.0 -9999.0 -9999.0 -9999.0 -9999.0 -9999.0 -9999.0 -9999.0 -9999.0 -9999.0 -9999.0 -9999.0 -9999.0 -9999.0 -9999.0 -9999.0 -9999.0 -9999.0 0.0 0.0 0.0 2958.07012769 0.0 4257.40534842 3404.72141485 2554.43946134 853.268862144 1703.56173947 1699.43767165 2038.58707447 6786.71663333 5263.79474094 10537.531653 4423.59613041 682.377609008 3411.88811331 5113.05990669 5970.5051291 9343.83771231 6815.01287546 5965.7207105 9304.55366113 10186.1366664 10205.3397562 46702.2227801 458881.453614 396376.940582 428270.328148 27037.9575751 27046.3937972 368186.03452 6524.9736396 405538.780315 315719.357274 48873.1976411 425709.696274
-9999.0 -9999.0 -9999.0 -9999.0 -9999.0 -9999.0 -9999.0 -9999.0 -9999.0 -9999.0 -9999.0 -9999.0 -9999.0 -9999.0 -9999.0 -9999.0 -9999.0 -9999.0 -9999.0 -9999.0 -9999.0 -9999.0 -9999.0 -9999.0 -9999.0 -9999.0 0.0 0.0 0.0 983.235340782 0.0 1699.35674081 3390.81858448 2547.21890002 0.0 4235.63096473 4217.54547187 6603.35913421 6097.4007694 6777.66076697 11856.0565831 3724.45894025 169.693358665 0.0 5931.18975898 7617.8387501 9322.97766657 9287.71154241 11816.3753044 236814.153263 237159.92707 277289.219186 307128.170432 378467.224576 329187.033928 378003.791513 14226.944307 17409.8195805 18393.7799116 1690.74777077 14304.7454061 440779.397671 493466.353348 425185.964579
-9999.0 -9999.0 -9999.0 -9999.0 -9999.0 -9999.0 -9999.0 -9999.0 -9999.0 -9999.0 -9999.0 -9999.0 -9999.0 -9999.0 -9999.0 -9999.0 -9999.0 -9999.0 -9999.0 -9999.0 -9999.0 -9999.0 -9999.0 -9999.0 -9999.0 -9999.0 0.0 0.0 0.0 0.0 0.0 0.0 2532.50090055 842.927869488 4214.63934743 5893.4547154 3376.68341283 11993.8674936 248509.651664 4385.51079208 6243.03035633 2703.17333758 2868.11056307 2869.79659096 6413.99141904 13500.9061597 248734.311903 246277.896153 13433.3949908 10955.2821756 235892.259727 345197.842195 22013.7308439 343699.062613 442002.839668 376214.772911 23644.1596358 371260.765392 9117.47784601 5839.54559962 10887.2876858 475517.33 48411.0514212 42003.6948213
-9999.0 -9999.0 -9999.0 -9999.0 -9999.0 -9999.0 -9999.0 -9999.0 -9999.0 -9999.0 -9999.0 -9999.0 -9999.0 -9999.0 -9999.0 -9999.0 -9999.0 -9999.0 -9999.0 -9999.0 -9999.0 -9999.0 -9999.0 -9999.0 -9999.0 -9999.0 1944.04421103 5611.63615604 0.0 0.0 0.0 1680.20677931 4200.83717123 5882.28612761 5044.99625236 5040.6082377 8969.56707886 324663.081423 11044.140679 4358.96926239 3523.94537613 4359.28822014 4357.47828639 2687.15644918 7897.6950609 13363.9094496 287219.328347 11757.7392831 10082.2439666 7560.09562401 837.502851323 42569.3548178 342272.353843 302282.303898 344812.043507 316082.750154 336160.977811 12285.2974865 233014.682029 258252.124631 417004.45197 535695.162689 327989.910967 41701.1231244
-9999.0 -9999.0 -9999.0 -9999.0 -9999.0 -9999.0 -9999.0 -9999.0 -9999.0 -9999.0 -9999.0 -9999.0 -9999.0 -9999.0 -9999.0 -9999.0 -9999.0 -9999.0 -9999.0 -9999.0 -9999.0 -9999.0 -9999.0 -9999.0 -9999.0 0.0 0.0 0.0 2905.75360044 0.0 0.0 4182.51390389 3345.12292239 6689.64751799 4181.73409352 6684.94307882 7473.31975474 12576.3142763 6021.924617 241566.785448 10822.8153737 7012.64679374 4503.23848252 3842.11843755 6362.26007101 13374.1078292 11649.9893307 10877.2165273 10040.8139956 12521.3266453 268879.602537 20915.4494766 312152.302597 10038.8786345 1456.92749837 309002.615276 245753.251706 314179.599067 465479.354869 433177.998821 330821.856359 348824.966535 339491.406264 362931.817506
-9999.0 -9999.0 -9999.0 -9999.0 -9999.0 -9999.0 -9999.0 -9999.0 -9999.0 -9999.0 -9999.0 -9999.0 -9999.0 -9999.0 -9999.0 -9999.0 -9999.0 -9999.0 -9999.0 -9999.0 -9999.0 -9999.0 -9999.0 -9999.0 -9999.0 0.0 0.0 11573.4500034 1930.10206158 0.0 0.0 834.024283547 3333.87049619 3336.31527448 833.374484286 4994.90192863 8055.90640124 6816.07435512 4482.00285675 7473.1665855 6811.7321257 8308.35947652 4965.58815812 3654.19050278 13651.3614239 355211.25563 10011.52073 271705.270287 22478.9272218 22078.6533344 24943.6610913 24950.4564136 298084.606674 0.0 246090.409422 24950.1737308 330850.394875 192430.656283 555442.392878 362335.392942 310320.393075 41515.8362149 50735.6129951 354612.274069
-9999.0 -9999.0 -9999.0 -9999.0 -9999.0 -9999.0 -9999.0 -9999.0 -9999.0 -9999.0 -9999.0 -9999.0 -9999.0 -9999.0 -9999.0 -9999.0 -9999.0 -9999.0 -9999.0 -9999.0 -9999.0 -9999.0 -9999.0 -9999.0 -9999.0 10552.005046 14373.2287515 9610.57711679 0.0 0.0 0.0 0.0 0.0 0.0 819.821223783 4968.41699876 8273.43639061 7595.86758994 2484.13888999 2822.29549242 4142.46301609 6621.35873844 8776.93321161 7118.3181905 270811.122687 309686.801012 20648.8154794 19832.5636471 24028.1544731 300459.941754 25661.8130375 270876.470039 257727.732161 22377.180412 22389.5864705 26160.3722609 102014.503203 95792.4056835 102141.316364 54279.5249571 310124.062209 47634.0635805 584821.786644 467265.731481
-9999.0 -9999.0 -9999.0 -9999.0 -9999.0 -9999.0 -9999.0 -9999.0 -9999.0 -9999.0 -9999.0 -9999.0 -9999.0 -9999.0 -9999.0 -9999.0 -9999.0 -9999.0 -9999.0 -9999.0 -9999.0 -9999.0 -9999.0 -9999.0 -9999.0 11073.918889 10507.4513168 1913.78584799 825.446647607 0.0 0.0 1645.09921164 1636.73292795 822.697609094 3069.50298136 0.0 4947.7958455 7407.67818279 3466.46825808 1581.16041485 2638.33841189 3459.53164455 4279.76612671 4786.56933043 90329.671803 59084.7206562 198868.26369 20607.9641189 356653.492598 21965.6524831 23093.6589158 24702.0122938 26400.661725 23915.4840404 297376.8319 482123.882337 95348.4719875 101726.440311 516673.454874 500748.351021 603391.825278 461488.635103 379417.276343 47512.5587507
-9999.0 -9999.0 -9999.0 -9999.0 -9999.0 -9999.0 -9999.0 -9999.0 -9999.0 -9999.0 -9999.0 -9999.0 -9999.0 -9999.0 -9999.0 -9999.0 -9999.0 -9999.0 -9999.0 -9999.0 -9999.0 -9999.0 -9999.0 -9999.0 -9999.0 9400.15937644 11418.0253169 0.0 0.0 0.0 821.064579304 1640.72305027 0.0 821.026183683 0.0 0.0 1642.91688955 4927.41922297 8548.13644951 14116.1892811 7541.27209876 10153.4846312 4098.0463653 3442.29557523 95589.2273906 66771.950732 21331.6652973 22144.0860756 331354.847811 290010.19414 22170.5579399 27871.8728674 25437.990744 26095.03406 103162.903832 94870.7686131 97782.0941034 101104.56178 97952.8462104 94794.4494748 507165.661539 462272.246205 444544.164763 490857.739477
-9999.0 -9999.0 -9999.0 -9999.0 -9999.0 -9999.0 -9999.0 -9999.0 -9999.0 -9999.0 -9999.0 -9999.0 -9999.0 -9999.0 -9999.0 -9999.0 -9999.0 -9999.0 -9999.0 -9999.0 -9999.0 -9999.0 -9999.0 -9999.0 3968.31518444 11901.3500178 11351.5175625 0.0 0.0 815.648033764 1624.67504622 2446.48018367 817.266638731 0.0 815.237991588 799.262051622 0.0 9786.05369905 267154.264691 245933.110523 287060.823823 293855.852523 12267.289497 6395.43218632 304675.164541 326286.745421 350478.115759 379570.332465 291937.316588 355618.91271 25305.3838677 26134.2463484 26021.889803 62949.085734 63015.2572295 97143.1225122 97557.9968572 100673.015909 109988.094886 499415.539476 529219.709986 486226.42083 525826.287657 461130.000523
-9999.0 -9999.0 -9999.0 -9999.0 -9999.0 -9999.0 -9999.0 -9999.0 -9999.0 -9999.0 -9999.0 -9999.0 -9999.0 -9999.0 -9999.0 -9999.0 -9999.0 -9999.0 -9999.0 -9999.0 -9999.0 -9999.0 -9999.0 -9999.0 283322.874901 15088.033868 10299.2182477 813.083571746 1624.05464467 811.67490308 813.175318905 809.507869181 814.484509712 806.725514887 811.108124853 0.0 4868.96669979 240211.230195 239048.916012 269810.604516 369149.238802 303025.506247 7419.01155273 221095.369767 302606.106299 315765.827844 404200.284528 341286.874412 296452.293961 21940.8387821 22736.5810699 25970.4385775 58537.2819574 66636.0355476 62728.1916648 62337.5303427 111610.679072 103138.790506 491914.858644 103325.060521 509830.427863 475416.677808 356470.431263 424387.361863
-9999.0 -9999.0 -9999.0 -9999.0 -9999.0 -9999.0 -9999.0 -9999.0 -9999.0 -9999.0 -9999.0 -9999.0 -9999.0 -9999.0 -9999.0 -9999.0 -9999.0 -9999.0 -9999.0 -9999.0 -9999.0 -9999.0 -9999.0 -9999.0 4604.80066781 14044.6254535 6555.64349142 0.0 806.692212432 805.622699312 1507.23852123 3995.78013099 0.0 806.692212436 797.786273671 0.0 7273.09714518 13736.4536154 61634.5236384 347330.348573 439576.14454 389131.105513 263745.591711 275296.57961 313424.860012 337519.754829 434622.354593 335256.663942 398192.070102 24233.4721138 352257.533967 350035.457305 62375.4422108 66299.6312876 66306.5587803 62403.681652 62337.4947009 66275.1169951 112118.314853 111378.838322 96517.647825 388770.834352 405437.368394 523530.826165
-9999.0 -9999.0 -9999.0 -9999.0 -9999.0 -9999.0 -9999.0 -9999.0 -9999.0 -9999.0 -9999.0 -9999.0 -9999.0 -9999.0 -9999.0 -9999.0 -9999.0 -9999.0 -9999.0 -9999.0 -9999.0 -9999.0 -9999.0 -9999.0 51808.2852843 13912.0608431 8337.83523478 0.0 805.973004898 804.387714729 3943.35001569 10314.6507851 4822.70415195 5627.68384544 1604.70973498 801.951358367 8043.11956041 247954.687234 14368.5840137 388338.437315 448595.686789 312112.706094 274656.218748 262392.259949 324451.387778 361926.421923 380924.92929 392695.187649 336884.944731 287304.723356 374681.876742 404614.690383 69304.5980738 67888.5724297 64026.0733972 67888.8883344 63715.9429121 61986.7899119 67801.6794553 111523.528324 102236.673692 504574.718789 520221.362726 403412.005903
-9999.0 -9999.0 -9999.0 -9999.0 -9999.0 -9999.0 -9999.0 -9999.0 -9999.0 -9999.0 -9999.0 -9999.0 -9999.0 -9999.0 -9999.0 -9999.0 -9999.0 -9999.0 -9999.0 -9999.0 -9999.0 -9999.0 -9999.0 -9999.0 0.0 14113.2651228 11105.5192096 0.0 799.428544037 3189.52904148 3185.05957692 4798.60364728 4794.35280435 7989.38652704 6392.48186181 7195.15881392 7981.34011368 13559.3482438 13469.4597498 377309.56555 297406.490148 445373.841732 447770.770555 261154.344721 347191.965233 397267.039913 285684.990446 359748.999982 248421.656033 323027.527978 372290.63257 401418.036938 929806.248047 63617.6903195 65582.3861024 67519.3177085 63606.4823601 59804.8700935 61718.229844 61440.8962475 63666.4293149 585171.039786 416609.823933 293182.078095
-9999.0 -9999.0 -9999.0 -9999.0 -9999.0 -9999.0 -9999.0 -9999.0 -9999.0 -9999.0 -9999.0 -9999.0 -9999.0 -9999.0 -9999.0 -9999.0 -9999.0 -9999.0 -9999.0 -9999.0 -9999.0 -9999.0 -9999.0 -9999.0 1212.42644613 654276.124874 13523.3064477 1838.61873577 0.0 2379.27981314 10203.1127054 7918.74374631 4773.65006377 7156.78107969 6353.40676769 7474.19044354 7153.47275743 10629.8922585 234945.385207 370807.591866 444585.741672 420225.734456 357417.257796 432053.469302 333463.427915 406833.568942 294964.335984 283803.024295 272040.659563 346064.873999 357937.855638 343949.377161 1137735.32911 69063.3819732 59238.0242326 45006.0599354 54812.1456572 65224.112219 67123.0004127 65243.2051093 870567.650838 339449.264788 150548.460478 0.0
-9999.0 -9999.0 -9999.0 -9999.0 -9999.0 -9999.0 -9999.0 -9999.0 -9999.0 -9999.0 -9999.0 -9999.0 -9999.0 -9999.0 -9999.0 -9999.0 -9999.0 -9999.0 -9999.0 -9999.0 -9999.0 -9999.0 -9999.0 -9999.0 9340.31620425 647101.011837 573599.758855 2744.42833763 0.0 4721.82277964 10775.5747738 9257.86580888 5516.26899405 6318.77145033 9469.37639851 11110.5111192 10423.5389326 59989.6296997 344265.287592 426503.128739 418062.50134 405038.590276 258040.027579 429785.92309 368218.032734 416454.005263 429221.010509 337779.099092 19526.6768355 269640.28277 303682.063544 728553.484256 965285.048826 54621.3473652 64549.5514917 66725.9045974 66747.5261734 66746.4536064 68667.9313218 60900.0787805 825195.268745 367062.877508 20816.6900646 -9999.0
-9999.0 -9999.0 -9999.0 -9999.0 -9999.0 -9999.0 -9999.0 -9999.0 -9999.0 -9999.0 -9999.0 -9999.0 -9999.0 -9999.0 -9999.0 -9999.0 -9999.0 -9999.0 -9999.0 -9999.0 -9999.0 -9999.0 -9999.0 -9999.0 12654.2039178 668803.001668 642685.423885 7287.97051196 2360.84154843 6993.57051675 3930.91999948 3146.00257454 3140.65544845 4720.92204268 10212.1973686 9896.00558196 11168.5248435 306026.463491 403594.08363 427811.955419 366927.337003 353225.487293 415548.291481 414993.805603 377348.750027 383078.35572 401241.901762 427652.074616 392728.753402 323722.750425 289976.926749 892722.99591 1059815.96977 62552.4939311 60597.2206359 66362.603578 62592.9933791 66395.8202066 64482.4843668 1060771.09311 978778.389351 157839.780251 -9999.0 -9999.0
-9999.0 -9999.0 -9999.0 -9999.0 -9999.0 -9999.0 -9999.0 -9999.0 -9999.0 -9999.0 -9999.0 -9999.0 -9999.0 -9999.0 -9999.0 -9999.0 -9999.0 -9999.0 -9999.0 -9999.0 -9999.0 -9999.0 -9999.0 -9999.0 659545.325643 695411.520997 635493.478043 2714.29141079 2343.9286173 3910.41364739 3131.42582847 3131.42355969 3905.76462561 3124.45298581 8593.77269298 9535.79888451 9224.98491644 10470.1874699 289325.065798 304043.781826 352540.26868 376701.980126 376602.266675 388700.751719 385969.188278 327791.765496 352128.249125 388082.932525 376668.553081 419061.595358 23999.9851802 313800.440815 881519.710341 938988.806842 950237.367636 917613.690054 1085397.11752 62024.7770238 60310.6173418 60150.0021986 480194.396091 -9999.0 -9999.0 -9999.0
-9999.0 -9999.0 -9999.0 -9999.0 -9999.0 -9999.0 -9999.0 -9999.0 -9999.0 -9999.0 -9999.0 -9999.0 -9999.0 -9999.0 -9999.0 -9999.0 -9999.0 -9999.0 -9999.0 -9999.0 -9999.0 -9999.0 -9999.0 2373.06725418 621555.244906 680297.137801 12504.9990688 2329.88597294 3103.38001173 3880.00432422 3102.48281905 6012.78604993 7662.59868198 3894.88945815 5446.26742089 7004.67721493 7774.26671131 9010.09946259 261118.113811 340669.652643 297228.314197 374849.326621 374910.286489 289731.8953 264737.141147 312929.828231 336717.200014 324676.19259 325864.648796 370796.117261 289507.113015 153423.534153 54849.2436588 -9999.0 418528.410535 718484.444073 591825.579836 632442.685357 46664.2500106 270867.24724 -9999.0 -9999.0 -9999.0 -9999.0
-9999.0 -9999.0 -9999.0 -9999.0 -9999.0 -9999.0 -9999.0 -9999.0 -9999.0 -9999.0 -9999.0 -9999.0 -9999.0 -9999.0 -9999.0 -9999.0 -9999.0 -9999.0 -9999.0 -9999.0 -9999.0 -9999.0 -9999.0 7434.80435213 643472.003422 691183.969195 10734.5445565 3089.1456604 5381.47189286 4021.1331103 3757.68929779 2314.08549597 3853.90251659 2322.80841872 3093.91250457 5405.6167457 6947.9127949 8033.24020333 12043.2273796 300064.474414 345842.142425 389026.287895 360180.104915 336406.942384 371963.76421 287573.636413 323376.230424 310939.626836 311487.33528 311254.708444 262803.391858 335017.334076 297726.730273 137343.858176 -9999.0 -9999.0 -9999.0 -9999.0 -9999.0 -9999.0 -9999.0 -9999.0 -9999.0 -9999.0
-9999.0 -9999.0 -9999.0 -9999.0 -9999.0 -9999.0 -9999.0 -9999.0 -9999.0 -9999.0 -9999.0 -9999.0 -9999.0 -9999.0 -9999.0 -9999.0 -9999.0 -9999.0 -9999.0 -9999.0 -9999.0 -9999.0 99097.7824531 14308.5100721 822096.113126 14165.3628726 10672.6294347 3835.46740388 3070.78222578 3584.40002902 3065.15739577 2298.86752163 2304.49228084 3064.35012541 3073.19648734 4602.55797177 6895.7952688 8595.62299981 12584.0284094 283800.342469 371144.403448 382137.843213 357632.327249 333507.82424 356065.734141 273536.487123 298021.84267 394089.559256 298149.583052 262822.378532 238725.299137 260860.951805 224430.955906 99610.184368 -9999.0 -9999.0 -9999.0 -9999.0 -9999.0 -9999.0 -9999.0 -9999.0 -9999.0 -9999.0
