critload/trunk/input/1999/nh3_spread_fe.asc
ncols 720
nrows 360
xllcorner -180.0
yllcorner -90.0
cellsize 0.5
NODATA_value -9999.0
[rows 145 to 173 of 360, columns 390 to 454 of 720]
0.0 0.0 0.0 0.0 0.0 0.0 0.0 0.0 0.0 0.0 0.0 0.0 0.0 0.0 0.0 0.0 0.0 0.0 0.0 0.0 0.0 0.0 0.0 0.0 0.0 0.0 0.0 0.0 0.0 0.0 0.0 0.0 0.0 0.0 0.0 0.0 0.0 3453.24343458 63.1212098165 589.676582286 0.0 0.0 0.0 0.0 0.0 0.0 0.0 0.0 -9999.0 -9999.0 -9999.0 -9999.0 -9999.0 -9999.0 201950.088343 4158410.20951 32228.5355208 32744.1017825 9980.37268355 0.0 2892.59636141 0.0 0.0 0.0 0.0
0.0 0.0 0.0 0.0 0.0 0.0 0.0 0.0 0.0 0.0 0.0 0.0 0.0 0.0 0.0 0.0 0.0 0.0 0.0 0.0 0.0 0.0 0.0 0.0 0.0 0.0 0.0 0.0 0.0 0.0 0.0 0.0 0.0 0.0 0.0 930.181202949 2347.59167184 2776.66141731 0.0 0.0 0.0 0.0 0.0 0.0 0.0 0.0 293.617642675 0.0 0.0 -9999.0 -9999.0 -9999.0 -9999.0 0.0 0.0 3313566.11738 177241.059723 46627.5594094 7198.3691481 7039.53834239 1306.1232474 0.0 0.0 0.0 0.0
0.0 0.0 0.0 0.0 0.0 0.0 0.0 0.0 0.0 0.0 0.0 0.0 0.0 0.0 0.0 0.0 0.0 0.0 0.0 0.0 0.0 0.0 0.0 0.0 0.0 0.0 0.0 0.0 0.0 0.0 0.0 0.0 0.0 0.0 0.0 2304.32625269 0.0 0.0 0.0 0.0 0.0 0.0 26735.0342432 0.0 0.0 0.0 1088.54411934 3828.51473314 4731.18198054 -9999.0 0.0 -9999.0 -9999.0 -9999.0 -9999.0 28988.7804803 80655.9257243 54439.0067511 92756.9793511 156596.378316 0.0 0.0 0.0 0.0 0.0
0.0 0.0 0.0 0.0 0.0 0.0 0.0 0.0 0.0 0.0 0.0 0.0 0.0 0.0 0.0 0.0 0.0 0.0 0.0 0.0 0.0 0.0 0.0 0.0 0.0 0.0 0.0 0.0 0.0 0.0 0.0 0.0 0.0 0.0 955.339231079 4930.4880324 0.0 0.0 0.0 0.0 20431.4970173 9421.26058393 15420.9337251 6017.02140092 784.112844246 6022.23938847 2583.72854432 2823.02651367 14267.8050362 -9999.0 0.0 -9999.0 -9999.0 -9999.0 -9999.0 25505.7785874 123845.177174 161323.230487 179052.084368 10140.293366 37001.98147 61483.8120689 0.0 0.0 0.0
0.0 0.0 0.0 0.0 0.0 0.0 0.0 0.0 0.0 0.0 0.0 0.0 0.0 0.0 0.0 0.0 2319.20252805 5148.38797098 5163.47605367 0.0 0.0 0.0 0.0 0.0 0.0 0.0 0.0 0.0 0.0 0.0 0.0 0.0 0.0 0.0 3574.27728102 25557.5168914 10784.8567164 0.0 9814.08650738 7701.6076757 11721.6915584 31741.7582597 3251.29393982 54118.9721861 23429.4163437 10118.9974786 2251.95565712 30756.683853 4141.77135294 7574.56394237 0.0 -9999.0 -9999.0 -9999.0 -9999.0 4629.87182301 145787.31635 45022.3630746 287049.256404 8447.41081951 39439.8498574 3459.83255138 0.0 0.0 0.0
0.0 0.0 0.0 0.0 0.0 0.0 0.0 0.0 0.0 0.0 1174.38327488 0.0 0.0 0.0 1710.3626225 2911.69778821 6733.74288277 5489.35386383 2223.86405352 2907.62674571 2578.45514448 0.0 0.0 0.0 0.0 0.0 0.0 0.0 0.0 0.0 0.0 0.0 0.0 0.0 7259.41703955 37461.9246964 45546.629063 6244.97710038 1521.93236004 996.981051207 10174.7472675 0.0 8514.75916282 80936.7283093 43083.7913676 342141.71944 138300.055327 57805.9317699 30416.9347065 0.0 2547.2644183 0.0 0.0 -9999.0 -9999.0 0.0 176488.501672 20401.9415796 255278.777801 28975.1449553 2709.62567858 8595.9265508 1641.39214865 0.0 0.0
40.9053036142 0.0 0.0 0.0 0.0 0.0 0.0 0.0 0.0 0.0 5430.24334416 100.244892746 3576.44367491 0.0 651.108030566 5261.40233455 1538.34363856 2113.17577222 68.7133729336 3852.81311028 4425.55080409 756.474717052 0.0 1857.17800355 5495.46583961 5149.230557 2913.57876941 2182.257214 2106.7042794 6316.99719473 0.0 0.0 0.0 6552.44122345 10516.1555796 53660.7341086 45380.6519272 42588.8979969 29622.6780611 29076.425271 44868.3988954 25145.5343107 19380.1596071 49141.0381455 45651.1566588 175699.483442 82243.681846 88316.1316935 53035.2374625 1932.16891612 37.0901023021 0.0 0.0 0.0 -9999.0 0.0 171718.945692 39799.9466006 208641.458382 194432.203964 9979.85552045 11261.4177147 1162.0437686 365.033373827 0.0
2060.37404343 30.3199795979 72.5068047828 0.0 0.0 0.0 3423.59640285 0.0 0.0 6191.25228561 444.77512553 1568.72254218 3783.13040207 3550.11654794 10298.3077064 7930.77021214 9898.58420247 1804.86517081 2278.68434499 4384.13065962 1217.05597915 2291.49238878 3205.14773415 0.0 2111.25404049 5511.84421166 6922.00523428 7933.90194456 546.771039463 5941.95687766 8557.30039953 0.0 0.0 9708.23890948 12215.9968538 26158.619423 18648.1332811 46852.9762487 29133.2327861 37466.9851067 38090.5122981 55490.3166499 25869.6601945 27677.1604009 4693.10688986 40034.9144601 40916.3847966 110889.071201 85946.5552706 27431.6236114 0.0 0.0 0.0 0.0 0.0 0.0 35018.675791 28782.5464015 69802.0732164 40236.3715996 12281.8196807 5550.58464397 1331.91608051 3359.70898571 0.0
4263.6061329 3172.19710782 1199.66006696 0.0 0.0 0.0 0.0 1666.80170014 1854.55667051 93.8196415158 272.082510959 596.581181876 7614.7798841 15742.5777307 18522.505617 26281.6934149 6289.99660765 3062.32053285 5752.95957678 1639.99806141 5568.85118229 2634.29601723 746.76638225 726.773187009 584.33298567 2434.59336858 1996.84030823 9382.25623706 2931.65446501 2157.46314643 7846.38274613 3069.18689119 9103.47728302 8031.66204755 2331.13436723 13889.2398682 32802.6933398 47736.3085951 58519.3221967 68783.8761163 50897.3910299 50631.4001163 141955.544015 466.936615747 2156.1460744 19566.5642736 9137.63495674 16587.0225316 50849.6826626 28488.0782572 0.0 0.0 0.0 0.0 0.0 0.0 15472.8858012 0.0 10561.9355963 28835.2589904 47823.4508668 19.4660970283 0.0 4125.80072309 -9999.0
2214.01920086 1999.1647749 14.5846787481 2447.61055737 3092.29800886 1782.22939917 7112.0761302 1930.68402175 6229.61685231 7670.91818281 9743.58053501 10982.8743679 11262.2781932 10905.4634651 18568.080842 12130.3690416 12996.76844 6230.75372481 11515.4994238 0.0 3736.16803384 5962.88356506 953.025900359 4938.84188513 6090.75419532 8117.17711316 9153.87491012 5281.60316383 8718.69002488 6748.06931504 5613.76618429 18450.219316 19317.579016 12593.7465229 2258.3042351 7272.80270222 29891.9892412 49393.9270533 73867.7212483 33375.5666977 13966.6524031 14739.5168781 56222.0935662 0.0 53495.1533411 56876.0392184 35373.8389649 7815.49521261 17931.8604809 48929.1987541 0.0 0.0 0.0 0.0 0.0 0.0 0.0 0.0 1263.17817006 5960.21757657 0.0 -9999.0 -9999.0 -9999.0 -9999.0
3182.06742532 2880.41114279 2525.9885351 1714.50764709 7793.86407865 14571.575254 7541.86529453 12565.3576377 9807.50878423 14863.3350751 3887.07727446 11582.9470331 5968.69377001 10028.2659599 16933.393192 22759.8220946 13450.2304216 23166.532131 9310.81706458 521.533633621 5066.65931095 5538.32547516 2582.25328145 11371.5834859 12420.6244576 19524.7046508 11363.331508 8399.96857306 20147.3275673 22925.6212123 12918.8142866 19335.0807917 26409.751507 26512.0710227 7210.77849291 2909.04572292 38090.7266809 39918.4713605 56545.6432175 21256.0815682 0.0 0.0 12131.6254788 58916.6566809 174488.355839 144573.181096 26688.1049781 13749.5211488 15146.2846612 46046.3440381 0.0 0.0 0.0 0.0 0.0 0.0 0.0 -9999.0 -9999.0 -9999.0 -9999.0 -9999.0 -9999.0 -9999.0 -9999.0
7964.85079606 10390.4853574 32946.7601588 31328.8560743 27116.2773905 20011.3107985 15987.2692587 13817.6631716 9723.6622725 7497.55894085 3621.97651134 9155.21621883 12694.928016 6686.41438429 5334.53962546 6444.44258271 16102.5427702 36528.9715834 22865.6161178 18199.1362141 11559.528643 15102.2501937 11543.1409476 17767.0560613 18366.4114634 15063.5188462 4971.44046925 11988.6036698 14348.6017277 24170.8744944 24311.5747789 17927.2926917 21232.6824272 31570.7978176 33942.0005959 4460.6598478 38899.2007652 79770.4902199 69649.6712949 40163.8495316 1631.50698787 0.0 1133.81416382 77481.9947868 137921.581619 242217.494994 49992.1819544 16856.8124927 53597.084794 38112.0145558 0.0 0.0 7981.3471364 3022.16029066 0.0 0.0 0.0 -9999.0 -9999.0 -9999.0 -9999.0 -9999.0 -9999.0 -9999.0 -9999.0
16609.196002 23293.1446184 27035.9853454 25333.8052092 16851.2191553 11574.5953903 10868.8370451 3545.52982701 6227.48930687 4116.768479 19255.7442331 10377.9447299 5956.88301231 7987.6697535 5810.38393573 18690.9184726 22507.6893693 41060.5895515 25281.7332509 18740.7044498 36102.3280941 32906.1981073 19046.9875965 32320.5233827 22521.5952768 6167.73477168 11373.0241566 24831.8430335 18761.1685061 27067.4345102 12077.428193 12798.2811782 35556.5910239 26875.2755121 17586.1100222 44518.1957704 39047.3039581 31823.4013183 58020.8208489 27084.3218374 2041.67301406 8281.76320635 12949.4942684 204190.801014 212649.076544 63848.8292056 24586.2671426 17555.5285238 4931.23555217 70501.1427573 149.508715704 1749.12083892 4490.69455815 831.741074687 0.0 0.0 33.789400278 0.0 -9999.0 -9999.0 -9999.0 -9999.0 -9999.0 -9999.0 0.0
25235.1690389 37477.2013239 24832.9293632 24433.2996347 11052.9245874 9132.21388145 1175.25097744 2091.09770377 686.296780987 3104.81535858 9262.39341875 2173.0051918 3012.57427917 1754.20579028 1919.66354551 3075.64549187 27720.8532079 25176.72213 36465.8222391 40152.5735513 31354.6680488 29498.8451255 43441.006036 18417.5660144 17881.0787396 38282.5147456 22508.211092 14716.4502309 7233.06773606 10329.6547126 9580.88851494 8856.88684732 19326.7869908 12987.2576177 20716.9379636 8855.84042287 34481.8703029 12583.6382762 7880.03426757 21503.8624129 850.399649434 28116.7385103 41768.3645837 176179.522489 248156.099015 63365.893661 60128.8135188 35846.4285626 9421.81982923 78463.9971647 18062.2865649 0.0 0.0 44.5818532783 0.0 0.0 0.0 0.0 0.0 -9999.0 0.0 0.0 0.0 0.0 0.0
251654.482213 8781.80924289 6143.3121897 18147.4721563 9046.92536575 6013.14650215 12273.4053877 6442.16241884 2693.5677254 2218.10034625 5251.91913726 4228.18018983 4788.09978859 133.115289796 2013.22431498 2405.20884837 2112.70028301 4852.39287986 3214.11488106 24263.4547507 11439.348532 9240.68333409 11436.2010379 11926.0650017 11642.8770675 29161.2110382 8370.37019554 6785.79975098 6563.71818893 3871.08043303 4820.32499088 11139.6227988 10559.5829543 2564.19967143 14027.5361072 32863.2618425 36906.1112451 14521.4300527 4092.66683001 28974.6970723 4246.04533502 23000.7471476 25920.7711898 36952.7332496 78666.0091198 230621.56718 77531.85081 36356.8858892 35523.7444282 69122.3224058 11817.607572 85.6742916268 0.0 0.0 0.0 0.0 102.599008878 0.0 0.0 0.0 0.0 0.0 0.0 0.0 0.0
45814.8056198 21114.3314634 8662.85341993 7103.58636934 6766.62148646 6986.76777123 9211.44406281 24133.2820929 5458.0955105 3203.45382356 4843.33917424 274.54205245 71.4953044528 121.652833237 213.719509335 96.4703841518 125.877990719 470.127425577 136.659527505 0.0 0.0 3447.44496631 1799.73562582 6097.56091129 1051.0712161 3374.90080162 3380.71904988 1521.30368765 5083.48374577 4622.70425623 5031.36926969 690.362345399 3110.07647385 6411.95637145 13651.3208253 18117.7943025 17693.8513915 6569.57552638 4642.69228915 23400.415327 61129.4810579 10821.3856851 29975.2036631 66296.5780121 146929.380609 66103.3060251 97970.4993999 114896.158599 154128.079026 73468.2258931 0.0 0.0 0.0 1044.23515872 12492.8681014 7866.10153543 6713.81041955 5613.76914514 1630.1915585 187.683159654 575.979719301 200.414162724 0.0 0.0 0.0
26711.532667 37420.8641125 30055.2170226 21288.7425732 15445.4310637 573.957483714 15418.4755064 8001.6879076 9093.21835607 0.0 2863.67627261 0.0 0.0 5.87934043897 10.9493001004 136.187781231 23.4858385623 0.0 272.018656736 0.0 0.0 7394.00724196 4973.01616418 9145.50685156 11491.2416812 13615.8456907 8684.53155899 4552.77531823 5207.48178305 1830.09515894 793.233438748 375.022608342 3539.45734236 2714.00816338 6432.82883005 4107.77802173 3217.54489445 5362.83025192 25373.9436012 162110.97516 166975.562509 123000.575188 22583.1338998 47327.7461726 86851.8346733 72447.7433131 61945.2422975 92674.8149867 120311.168952 20267.572719 1108.09500948 59014.2428277 125469.634999 75069.7260789 29246.9887885 49784.0479389 2672.44997849 4945.23143192 168.501707747 0.0 0.0 14.1087935157 330.155750453 0.0 0.0
14255.4457157 20602.2562885 30088.6577093 22344.1413795 19949.349654 39721.1653698 40965.6997862 4538.23215573 109.001836925 13.2528003954 0.0 18.0246356179 0.0 660.503019965 0.0 0.0 0.0 0.0 0.0 0.0 0.0 2266.32326645 0.0 1343.61911744 7001.50704888 14883.4794967 12825.9113324 6769.40984382 2211.74414589 1555.33212794 94.5863109407 0.0 1504.77591578 9716.59120488 8054.04405989 1869.18930869 2486.65959549 4141.66806025 4211.32978865 168517.65755 141208.409372 142386.553485 32529.0017679 32101.0794503 88377.0328956 180881.863478 107842.017011 157456.953936 137544.949905 71730.8835905 140374.287179 114955.818895 9071.49832942 32982.8887231 741.93162407 0.0 0.0 0.0 0.0 0.0 0.0 0.0 0.0 0.0 0.0
0.0 4103.15518432 6766.63829885 1459.13562743 25453.075975 40824.7488837 21823.3147534 3771.63432787 0.0 0.0 0.0 0.0 0.0 0.0 0.0 0.0 0.0 0.0 0.0 0.0 0.0 912.913651978 0.0 43.5385019132 859.950764839 10872.8078556 27472.3664538 20754.8002184 8162.85522966 594.587065207 2337.71043185 2468.2688983 9572.39106982 10447.3965263 27646.3449821 8209.71414746 2133.70180663 5363.70899642 0.0 9131.50884123 38624.046871 57485.8468981 73424.9580944 81121.3846703 68592.8972371 185865.431399 99000.8129698 234275.87121 200314.157233 100044.752203 47774.3920064 0.0 0.0 1010.26696175 1794.49529404 0.0 0.0 0.0 0.0 0.0 0.0 0.0 0.0 0.0 0.0
16622.2252234 8997.50313523 12655.4864717 855.208215187 195.106032956 248.635662031 0.0 25.0353977614 0.0 0.0 0.0 0.0 0.0 0.0 0.0 0.0 0.0 0.0 0.0 0.0 0.0 1343.83350872 903.696779826 1.66041313565 661.683844698 4811.98878973 5883.67943223 11561.1839248 6888.64054233 3012.21141255 3791.12431385 1775.92303632 4279.04376872 5627.75951524 3258.70435437 410.331379049 0.0 0.0 372.85099597 4916.10771668 3952.78262589 14989.5818655 57412.8930461 109647.72981 75682.5537549 184080.701833 257527.499671 100712.328191 3173.86605814 75129.1271181 23143.8588356 0.0 0.0 0.0 0.0 0.0 0.0 355.424352238 0.0 0.0 0.0 0.0 0.0 0.0 0.0
0.0 538.631646516 1062.86835437 171.221126437 270.487287608 283.547636454 20.633252385 0.0 23.0240880921 0.0 0.0 0.0 0.0 0.0 0.0 0.0 0.0 0.0 0.0 0.0 0.0 0.0 209.769652485 0.0 0.0 951.328190433 2069.63684226 5672.99233794 3485.92991517 1086.619864 289.819883506 1252.0970578 7901.41592645 3755.2822403 1722.41215209 2717.08920113 5540.18354037 6431.46882677 434.959509427 0.0 16894.6828672 61583.8366119 42585.5578104 21934.9553667 16299.2118571 221058.360542 381566.946038 161367.574274 3072.33274112 14908.2220759 50994.7398896 71398.9284631 0.0 0.0 0.0 0.0 0.0 0.0 0.0 0.0 0.0 0.0 0.0 0.0 0.0
441.357253688 410.040585864 507.339359374 487.109216958 545.263168788 379.444161496 37.3932304064 0.0 25.1529822554 16.8634870581 0.0 0.0 0.0 40.2435162223 0.0 0.0 0.0 0.0 0.0 0.0 0.0 0.0 0.0 0.0 0.0 1599.51484897 0.0 0.0 4968.44558994 11149.9585732 4033.51359063 2722.49200773 424.504487663 465.436369247 1723.53203748 1292.08115518 0.0 0.0 1181.74369117 0.0 3146.30796978 17912.3231513 0.0 2749.80093109 1109.62771424 181094.19799 258288.692025 150957.531301 1449.00324181 72.945078624 0.0 4837.52532804 123.854539341 0.0 0.0 0.0 0.0 0.0 0.0 0.0 0.0 0.0 0.0 0.0 0.0
40.0590896139 18.1155488422 0.0 0.0 61.0521461971 0.0 0.0 0.0 12.9893758562 0.0 0.0 0.0 24.6530242977 0.0 0.0 0.0 0.0 0.0 0.0 0.0 0.0 0.0 0.0 0.0 0.0 651.906014632 0.0 0.0 51.9058694282 2660.95887288 6255.76420389 1472.75238598 405.248889781 7920.40401955 2642.40393908 11068.4967854 110.930168043 0.0 0.0 0.0 0.0 1244.14414519 602.955496898 48380.7648184 22278.4509081 46473.3733459 61358.3051584 20381.2594971 6498.89457954 2236.22571251 0.0 314.640408409 0.0 0.0 962.26650908 1390.07214425 641.841126668 0.0 0.0 0.0 0.0 0.0 0.0 0.0 0.0
28.4560110379 551.636346932 0.0 0.0 0.0 0.0 0.0 0.0 373.494330213 9.39307021047 21.6211612352 37.5535019569 0.0 0.0 0.0 0.0 0.0 0.0 0.0 0.0 0.0 0.0 0.0 0.0 3851.41005044 1399.12653241 0.0 2468.24424477 726.284724511 1879.49023696 2881.74729304 1350.08929206 2702.23200344 1849.20082834 1341.19097239 2250.23485319 0.0 0.0 0.0 1157.83663987 380.85537446 0.0 0.0 44150.6954156 58415.4181122 40420.1884924 21588.4633619 7525.95369947 6255.74653991 0.0 0.0 0.0 0.0 0.0 0.0 0.0 419.550537 314.795415384 1510.81514826 0.0 0.0 0.0 0.0 0.0 0.0
286.223231205 0.0 0.0 0.0 11.8820597908 0.0 0.0 0.0 21.4066177231 90.9050209787 121.624913224 0.0 134.011912873 52.4917093291 0.0 0.0 0.0 0.0 0.0 332.775924013 21.587985348 3.47720981359 254.814215015 0.0 510.641211128 2497.93293956 822.472870195 0.0 4499.1671973 2955.1117248 4830.73763463 2580.80504052 2426.19896847 0.0 0.0 1184.22218646 5039.74874982 7524.21122383 2076.02356452 953.038612897 0.0 0.0 150.033623337 5155.46578988 79413.6760084 5513.11593759 0.0 0.0 0.0 343.736524111 0.0 0.0 0.0 0.0 0.0 0.0 0.0 0.0 856.64874165 1820.81607571 0.0 0.0 0.0 0.0 0.0
0.0 101.4303619 0.0 0.0 0.0 0.0 247.118569976 0.0 0.0 35.4340675043 23.5907187736 365.289185042 436.951389256 427.28500116 225.995422851 407.977666315 238.074186988 70.8586836786 0.0 0.0 0.0 0.0 0.0 0.0 8.40501538838 3213.54085264 23053.4581925 9488.50709399 10059.2640595 5084.58480712 3556.23583401 9493.93058227 15569.6130502 1423.69377551 6642.028466 4546.91745696 8202.82052577 5834.48383121 1071.72418177 2648.24635287 0.0 0.0 0.0 0.0 0.0 0.0 0.0 0.0 0.0 0.0 0.0 0.0 0.0 0.0 0.0 0.0 0.0 0.0 0.0 0.0 533.38695221 0.0 0.0 0.0 0.0
862.453539188 355.978459288 0.0 0.0 92.3572790594 0.0 314.32194397 142.69674879 6.98067216612 4.98089282146 57.8044117058 101.580032842 186.052582842 50.8920636264 258.148224813 44.279705104 0.0 0.0 0.0 0.0 43.4633811994 0.0 0.0 0.0 11.2193562209 5.13839500942 284.793671276 103.040985696 16.1853233505 4.87230685579 4639.3292717 10748.6805648 11004.6020492 3553.41863395 8672.14169776 10566.7433348 11357.7870569 6336.4856822 1817.6325428 0.0 0.0 0.0 0.0 0.0 365.778114836 0.0 0.0 0.0 0.0 0.0 293.515288549 1565.33214597 0.0 0.0 4816.2207383 0.0 0.0 0.0 0.0 0.0 220.64691886 159.932109598 0.0 0.0 0.0
359.612809217 108.218791357 179.463831005 0.0 0.0 186.025494338 427.046735742 25.6578085797 115.177856681 84.7612870378 70.6391466306 78.8584352174 0.0 0.0 70.6397367922 120.298576375 17.6785887013 95.0012325412 0.0 33.7361739914 5.24616404114 48.7359604499 77.1266254639 0.0 7.28893174406 18.7993446994 53.5167807 53.2295784609 0.0 105.78141414 167.206113818 16020.6548124 2228.23484299 23662.4952589 12057.0347369 969.364337397 375.225872565 757.361474104 1146.62345722 0.0 0.0 0.0 0.0 0.0 0.0 0.0 0.0 8970.60818336 0.0 4113.10771973 0.0 2016.96303436 1189.04710607 397.360693335 285.148311013 126.45173744 0.0 0.0 0.0 0.0 77.4296835268 660.868161565 0.0 0.0 0.0
4963.92025025 0.0 236.771114822 0.0 0.0 0.0 0.0 69.9224904701 93.0625024235 249.089424582 160.45788133 75.7875362185 0.0 0.0 16.9751636396 18.0683054623 0.0 44.1325896808 0.0 0.0 30.0811606822 93.108674976 22.5361000725 78.4049673195 35.9635767676 41.6097027951 0.0 3.49737668627 0.0 133.22592564 115.143893683 1523.64489112 7025.05614621 3457.52959744 1657.56183104 3857.47045738 2551.264226 1959.1839326 1152.58974478 0.0 0.0 1981.38627145 0.0 0.0 0.0 0.0 1483.36395524 4777.39909309 1969.99222488 182.615837847 2721.99723658 0.0 952.046795765 3.44890853667 35.9931425529 165.691197072 0.0 0.0 0.0 0.0 155.472932812 548.187398449 0.0 0.0 -9999.0
