critload/trunk/input/1999/nh3_spread_man.asc
ncols 720
nrows 360
xllcorner -180.0
yllcorner -90.0
cellsize 0.5
NODATA_value -9999.0
[rows 84 to 111 of 360, columns 512 to 575 of 720]
30.9983961819 33.4625684653 33.4296241616 33.4481696815 33.4460906609 30.9735791105 32.174413906 119.052652329 48.935235537 46.1643179123 71.2862270329 108036.795424 98743.2234229 431.362701105 1808.38902312 3393.43889421 15.1551989822 495.219250142 51.6245259747 26.2536451824 125.405775778 129.186650726 148.573429699 158.555735012 79.155304295 267.187525528 53.7774585195 2922.67067528 51.8094271558 1088.98848788 71.537075788 135.616757015 0.0 0.0 0.0 0.0 73.7013032915 2565.7612282 211.428542818 106.904737319 173.050604736 973.260584394 7287.3741235 24.2247364174 63.4179843426 67.1108464524 1161.14444164 4270.09833256 6555.82936444 7083.1776404 4407.12023929 692.490968783 731.357921476 70.8751595493 91.2395260186 167.821454064 286.786271554 71.5240979565 98.991528 393.693532062 1172.74995295 334.407584782 3797.40050125 3645.33045867
44.9543903517 46.7334351804 46.7701988454 46.7815260992 33.7988737409 32.47462772 31.1320032047 33.7682355783 33.6731524524 27.6717421957 10107.3868462 78712.259191 85816.3029317 71325.3932561 51704.6745242 94055.8465381 803.404895022 231.702236195 83097.1525863 61792.8535686 225262.713443 4.37344082812 161.603357288 554.835429458 102.412096575 3.09282161884 13.8327439545 198.804772755 2.38938161351 59.3407017718 62.8374187095 99.9371003984 4167.37176158 6504.02209152 116.444411405 100.31925534 71.1493874084 100.291243142 93.8992674005 542.817366956 726.916628929 72.2066571093 84.3203995003 465.158233907 99.9390495879 99.9259002805 300.498803041 455.161841336 990.025992962 10096.6392456 6034.60535253 9818.86917761 699.104408237 13563.5640196 3870.00960922 2508.01382632 258.426783955 485.146111992 99.9390495879 72.208556727 72.208556727 72.208556727 72.208556727 409.156403035
22.5157874244 30.7750718801 34.8287260107 30.3945569722 37.2999457224 21.7536490878 39.8679118697 47.1812870452 30.031557176 24.1998163656 55994.3249528 97519.5740523 36.7079188541 2377.31645763 687.068722153 152853.484733 89808.1741319 105663.903423 46047.1579515 971.853541815 1196.29412307 6.45713132021 6.10472240983 260.858688857 57.991180662 4.14617678932 4.40200650393 11.6011814412 21.7655614386 95.998620855 98.0644792691 63.3344949218 278.695189234 1402.94844823 145.797625483 2916.79847985 531.779949964 117.536164252 104.446888306 2610.33755515 2277.6639956 658.931113372 6061.85421847 72.8318424141 72.8851345114 100.871161317 840.509111258 72.8863031636 6092.03192495 6281.52065793 168.460432619 3284.66401019 10560.9058866 3453.98033707 1849.36775785 100.866703063 100.873557331 72.8202024944 72.8423109243 72.887098588 72.8874993851 72.8869598251 72.8874993851 108.842267434
27.9039235462 42.119567939 28.7724264608 12245.836137 25.7567450776 26.0714833832 56.7488726716 51.2624846608 45.8048829546 444.345420412 1714.92305033 6.08436541787 50.602478514 206.360246747 207.450555581 185.085476491 13399.5007125 2.88803745795 1.81190337004 1.44786876236 46.3962810259 4.69444116249 5.7854362818 6.52340226618 6.15882122812 30.1432028415 30.809199469 51.5243368606 26.2485352991 50.4388321498 2718.5073346 2120.61784246 108.715134886 79.3687846658 101.806028485 275.537232985 1391.8310641 59.1470916374 6877.02248164 4374.95762337 101.73649549 79.3676798254 400.425358555 115.31534806 61.6631066779 342.283450115 109.949751969 73.5496013446 232.189055864 297.761229264 147.971356819 241.352416744 629.21610144 101.721490921 109.819177085 101.780745003 101.786653925 73.5552786689 109.958127437 109.956737085 109.953480701 109.954591215 109.958526979 161.216959502
23.184134782 16.6308741895 29.5608232093 48.0877282841 44.542979383 164.724369791 1007.23568623 2576.71320235 2252.44155616 473.060697365 116690.115622 238.362262046 34.7610184494 23677.7175652 117.999536833 70.3422235732 6.58634012172 3.61936431779 1.09536107203 0.364027907574 0.0 0.722952496254 3.14747654975 5.11657992225 6.58306886766 6.58143201924 5.47134415046 5.47680419697 6.77267230156 0.0 0.0 2894.09544315 9525.14343809 41.358560001 96.5065312558 147.222947957 1536.08079811 76.6090123453 83.2253456772 106.358021701 2113.96122093 60.0286686626 4995.72242413 68.9965873989 40.0942074937 115.028393764 99.3595363939 116.388309091 103.03068485 1558.6388999 110.944368239 110.949521467 262.909720471 545.649434472 110.944099392 208.465043991 110.946320225 110.95315208 110.939311952 165.695334534 110.941771805 119.717993438 119.718776642 110.957378669
350.766480432 79717.3443839 79678.8021433 66518.5352747 116146.137477 108921.800427 96928.0287696 751.244949082 1257.64742155 347.096161857 1821.19446544 144283.185866 3907.22092719 2.21434117921 46816.1003695 24061.4889619 915.759121326 361.095680803 2.21353575226 16.9796054479 90.4293786681 0.977481205522 4.14651058809 4.39025970227 5.52571411342 2.93947280034 3.67515425996 3.31381960651 4.05057315195 6.9987127644 78.9641640126 0.0 18.6428667121 23.3035833901 4.66071667801 41.857999563 102.215949663 69.7815239592 97.5212788515 125.342508016 153.231923843 616.747932619 111.835775903 759.553183243 80.8044240886 402.460497999 117.434430931 655.450845793 324.565945796 84.1411881104 93.3185273841 167.173282674 167.162886846 167.173282674 120.785997141 1065.66019722 110.699434027 100.582481154 110.689045298 120.785954582 120.785812508 120.786655633 120.787181792 157.899485503
121173.078947 82343.1014148 112062.097682 110597.89695 82416.7484999 174951.280154 152.541490865 32.3905809427 0.0 54201.6203475 396.265268181 110214.029436 423.889887401 281.88942593 1.49318594135 22.1410898663 554.690247551 801.255878409 976.040127067 876.852784893 921.348961061 621.593271086 41.6988272243 6.32389138484 4.43123185813 3.35365121305 2.23772999982 0.0 0.0 0.0 0.0 0.0 0.0 0.0 0.0 0.0 0.0 140.511816958 97.0907086188 149.840202258 98.3017187181 1392.71920056 65.6153837354 87.9899552123 104.871634562 190.690804083 317.887358119 101.543145242 1257.43048975 154.533280069 87.9022630317 104.870222931 121.837839398 121.845879362 118.449085498 118.44806621 154.627079294 121.909365178 140.538926696 121.845879362 159.302409618 116.962688675 102.888096221 102.888096221
127991.829343 132702.085308 139818.519163 121883.928533 133155.144499 132650.878304 120156.963407 94267.941197 128164.660731 223535.154622 666.793559298 72320.1165811 49305.7146544 33.9352141369 49.5516247543 49.9250997988 122.90332675 13.5464859449 47.1841108766 724.813544489 736.830344843 865.408114114 1025.10710875 665.168648039 349.502058885 664.893187979 382.715244628 487.19085285 133.862011703 0.0 0.0 0.0 0.0 0.0 3.24809454313 0.0 0.0 0.0 0.0 0.0 0.0 0.0 14.1307132161 80.1500420139 61.4317761776 68.2849413296 71.5704645255 54.4943684683 47.6716740899 9.42941222561 84.9451864795 89.7402090379 81.8141861487 81.8141861487 652.879429353 57.988018149 696.686285 95.5411699935 95.5369744841 122.89235035 105.809040304 105.796938011 112.689266412 354.960425571
345.67982127 3079.38016738 130912.187423 66406.7352956 115784.980254 84021.5067939 92843.794353 1968.94791087 182.24551075 157062.757011 389419.582655 347368.984017 179.268238131 145541.225633 924.32442951 196.653039988 99.2085876332 2.38163328521 30.06954684 8237.92064424 34410.0506312 135017.14901 158997.830104 753.79210458 21975.1757515 128.537700818 153.250549198 124173.336451 206.596521015 75.1706850274 28.8944676901 0.0 4.37932071573 55.2454923444 74.9309142787 113.011852175 0.0 0.0 0.0 0.0 0.0 0.0 0.0 0.0 0.0 90.460400288 0.0 0.0 38.2107132364 23.8800440891 0.0 0.0 13.8184753807 0.0 24.1666286634 41.2343159162 1746.82239697 613.540698657 117.033756291 378.316410067 123.932788826 106.771050173 117.067315708 934.792530952
500.724663732 49864.5840224 4721.59435513 1113.16150883 122761.971031 128177.018388 96082.749003 104572.216735 159625.562352 199235.870534 108332.525375 261298.619197 287694.747768 258.243421348 236.95256394 60218.2567916 35497.2655489 31927.8693666 22440.3916464 31307.8175723 14516.0429547 47580.9129171 46190.8086969 589.003623604 97.606651517 16.8877354078 2.80127372737 2.8033715846 2.54559485077 37.9344187686 0.0 0.0 63.691231295 244.155199812 37.689325526 29.6266966465 394.240894625 3.31445171622 0.0 0.0 0.0 0.0 0.0 0.0 0.0 0.0 0.0 0.0 168.168935648 144.209620704 297.967267705 139.434894844 124.965959955 111.123628927 107.654254339 590.484416613 90.3375670449 124.963153632 124.960963879 124.964090132 124.965959955 124.965959955 163.381027381 148.924594661
5300.31586856 5774.97147913 64836.9337517 74837.0639434 263307.679626 128419.74145 46118.6452533 127816.136269 116002.454014 68032.9982072 107578.389267 22157.0748043 45.8245205328 2.42406147549 18357.1765014 616.545118262 964.467360032 802.941778243 359.024552854 494.438127237 659.026375862 297.701069335 33648.7063163 124.669691443 110.160669856 263.886445053 420.838319472 474.629813958 154.539049723 0.0 0.0 0.0 0.0 12.533407771 322.905252076 270.742076429 7.82429330777 22.3826814991 0.0 0.0 0.0 0.0 0.0 0.0 0.0 53.4261992842 0.0 0.0 121.087149471 111.399881759 120.956877084 96.7094783131 87.158905104 130.758332736 48.3701633698 154.945265156 169.503662258 159.797316629 505.812555448 97.9052941145 106.396730494 159.809931697 164.669828319 106.416227468
109899.31583 5828.23930724 46240.9313597 88504.8282524 3798.73598892 2685.32626451 4916.72678954 73.671338193 0.0 1.13966411775 1.51208511606 28.308098869 164.3827886 42.2541631163 9.84466981152 3.88561532864 2.84737041835 3.62511001862 4.40387531926 3.63195439163 645.801952438 604.076848298 65.8676957522 1.03550122213 1.15898387323 0.0 0.0 0.0 0.0 0.0 0.0 0.0 0.0 0.0 0.0 0.0 0.0 0.0 0.0 0.0 2.19503098881 0.876972139123 0.0 0.0 0.0 0.0 0.0 0.0 4.24062234945 0.734010229483 13.3061977857 0.769308084527 68.2248907638 92.6862935324 83.1218158496 102.619639482 175.768963342 156.181497936 24.3576742462 0.0 53.8461611001 5.39684725967 3.85367244398 4.82091307266
132170.849599 3952.93307127 117.560511496 147.167731725 127.131918129 53.0279050578 120.65047827 2.32531180139 435.715495463 380.437476777 312.249694794 680.709087377 634.170376429 843.002675143 572.284129966 0.0 315.799806913 204.247866221 55.2293288523 409.34485471 601.328056426 452.375765722 0.0 0.0 0.0 0.0 0.0 0.0 0.0 0.0 0.0 0.0 0.0 0.0 0.0 0.0 0.0 0.0 0.0 0.0 0.0 0.0 0.0 0.0 0.0 2.72097632919 0.0 0.0 3.88055323787 6.71910112793 18.2002600137 0.644320446841 0.194607587837 2.91810415591 2.52611343724 3.29647820063 2.90726089675 78.8639716833 88.7380132127 2.52687386712 2.66483660565 3.68443083949 2.94769423007 3.22854886307
45806.4925048 197.616519977 96.5835822697 55.1679075132 53.6908574809 100.30885773 418.184276348 508.806370618 744.191094258 499.642791863 0.393947553524 0.0 263.055591181 211873.370776 462.39554766 139.704934892 21.9408235855 0.0 0.0 53.0750621884 241.86472526 0.0 0.0 0.0 0.0 0.0 0.0 0.0 0.0 0.0 0.0 0.0 0.0 0.0 0.0 0.0 0.0 0.0 0.0 0.0 0.0 0.0 0.0 0.0 0.0 3.3281148822 2.54692722799 1.37276494019 1.5676262938 0.653611707102 2.73704304583 1.55247006225 2.34857200304 3.32336964714 4.30641581265 3.13650029635 2.15695223546 2.93389466805 2.73903268985 3.71858498402 2.96998845099 4.69414068689 440.043734028 486302.845296
172.633035061 2.16548795883 2.87965058102 383.313703021 806.597392573 6.74204840074 52.830288879 31.2198187906 177443.646104 504.484241585 437.405322696 333.060325489 0.0 13.4390227895 0.0 0.0 0.0 0.0 0.0 0.0 0.0 66.394751404 94.253805796 275.52452905 0.0 0.0 0.0 0.0 0.0 0.0 0.0 0.0 0.0 0.0 0.0 0.0 0.0 0.0 0.0 27.1043433021 36.2271475909 44.2911548767 0.0 0.0 1.79391799143 1.57780026596 2.24801343374 0.895833438222 0.261851616834 0.39173325549 1.18458704163 0.392550979342 1.30839453055 2.21573851385 3.54584927688 4.13740194966 4.14086304195 3.74541998673 3.94401111901 3.4752109578 3.83987427302 520977.517047 829503.96274 390314.426366
4.00769038693 12.3930125626 34.6144786309 5.98630623656 6.38818810446 4.78855065215 58.668653032 65.1778336684 293.460894753 195.309948022 14.3206022433 0.0 0.0 0.0 0.0 0.0 0.0 0.0 0.0 0.0 0.0 0.0 0.0 0.0 0.0 0.0 0.0 0.0 0.0 0.0 0.0 0.0 0.0 0.0 0.0 0.0 0.0 382.485531012 0.0 177.922208364 26.9535521031 180.660614179 126.280134846 50.182445605 25.9715850945 276.937087455 97.7383507207 83.5649223872 0.199067735423 1.05178242357 1.18495413678 1.18624492364 1.97572965258 3.58248202142 3.77739033443 3.57392551118 3.17798859582 3.3782800745 3.68226960706 2.7595478756 2.75909487527 131.835460276 237.380558722 4.57366340434
532.523251158 528.542044904 235.527223102 156.967923701 128.851171305 427.717420352 504.36286667 48.8193113586 0.0 0.0 0.0 0.0 0.0 0.0 0.0 0.0 0.0 0.0 0.0 0.0 0.0 0.0 0.0 0.0 0.0 0.0 0.0 1.1093921717 0.739150241979 2.01275282899 0.0 0.0 0.0 0.0 0.0 0.0 8.54826287819 0.0 0.0 0.0 5.47245383281 10.3836733061 27.1087577352 15.8180064298 95.8200970234 700.989117431 27.3158591254 5.61614907373 0.0 0.0 1.19854392827 2.80370939855 2.65213969561 4.40160798379 2.39854202469 2.22839391418 1.67151631323 3.71137024196 2.78167369041 1.29959521619 1.30049221216 74.3648536792 4.45049843686 3.10193490639
1160.40270234 735.336537308 140.444288133 715.221013181 180.178935451 0.0 0.0 0.0 0.0 0.0 0.0 0.0 0.0 0.0 0.0 0.0 0.0 0.0 0.0 0.0 0.0 0.0 0.0 1.11337806832 27.4555922093 26.7172474106 3.6502758112 3.23728969061 0.0 0.0 0.0 0.0 0.0 0.0 0.0 0.0 0.0 0.0 0.0 2.9834220019 2.56335011984 0.0 3.48951322362 6.14052730562 8.25983911098 176.913228397 105.906620245 116.208670294 581.334389891 6.8877587916 1.91922436262 0.807619592641 1.8107396493 1.81361768174 3.58952821921 85.9451300606 2.42962845724 3.36799151036 3.2065570322 3.35144644042 4.29259348585 176.352963046 120.063524569 40.4052840892
758.424022688 81.3918590972 1002.4457422 364.820454681 0.0 0.0 0.0 0.0 0.0 0.0 0.0 0.0 0.409570884155 0.0 0.0 0.0 0.0 0.0 0.0 0.409570884155 0.0 0.817240242679 14.8398295695 1.22299704832 2.85126914648 1.89269262982 1.89622188559 2.27360860489 0.0 0.0 0.0 6.62164893603 0.0 0.0 0.0 0.0 0.0 0.0 0.19794850499 0.460471083003 2.0671825211 0.653081098015 0.0 0.0 0.0 0.0 0.0 492.66803633 1317539.09975 919702.010797 840346.991057 850.029090966 266.09094068 84.0676612042 523.081009079 350.243324441 3.01170607489 4.32751498956 4.14054926012 14.6944726454 905077.833117 596059.675252 125.808420501 343.732287089
5.05395747432 251.522178885 428455.549932 227.286272408 0.0 0.0 0.0 0.0 0.0 0.0 0.0 1.23108248717 0.410045334992 0.817058177049 0.0 0.0 0.0 0.412402467429 40.0875405608 251.888978214 0.0 0.824335322981 2.06154272527 3.2926342855 1.64443022706 2.47828170221 3.57616755968 161.463153405 0.676322620962 0.766831465915 0.331465813343 0.0 0.0 0.0 0.0 0.0 0.207238202197 0.0854309912393 0.198787519303 0.0 0.0 0.0 0.0 0.0 0.0 0.0 0.0 0.0 1.72863193118 142576.600554 1071745.77365 1033498.96887 645484.093798 186.859074843 2.32893719596 1.42892416351 1.89357259873 3.21900680028 4.1704637691 10.2445865765 949610.678096 3046.84917676 71.1166980536 92.7509831282
7.45175845777 39.2520995531 830.314027155 146.808798094 268.859955636 24.24275986 0.0 107.006414517 267.275330444 0.0 0.0 1.24235266041 0.273800412793 21.545442123 1.64434073667 32.4525029651 2.07415147614 1.23861428372 0.0 0.415202923156 3.31883442206 3.08171703373 3.60437594605 0.0 0.0 3.0491620747 3.23221322228 4.98665000295 7.45875294352 28.7701761714 51.1321602899 0.200450987231 0.0669419381906 0.0 0.0 0.0 0.0 0.0 0.266941903841 0.466414263588 0.40168894535 0.0 0.29955251426 0.0 0.0 0.0 0.0 0.0 0.538420345754 0.508195484609 30573.1216504 29963.9521047 422.051361226 1608848.11918 1328023.71579 967257.44324 579.228967849 552.562961711 62.5597346969 424311.353379 1428.70013686 672.411277136 571.491446989 524.426290223
7.08571570447 14.6174331469 35.3924882038 98.0098069848 38.9028288681 236.402950781 25.6944755105 1506.87602526 432.568906706 202.055030487 187.11667211 38.1296810617 0.27625222041 35.1791653316 3.33962990425 6.25069572256 6.66681455871 5.42627190243 25.0452500576 4.30581752874 3.62790718233 4.46243807101 4.74020062427 4.18437038334 4.61052086662 5.46766742891 5.20955616159 211.561148927 4.86660439401 4.73958833228 0.719417808061 27.0579962839 0.187163562688 0.403514505877 0.538662244901 0.0673142974898 0.0 0.0 0.0 0.0672400611817 23.0498000718 0.999135334683 114.440611418 79.9249000302 32.2328647429 74.370146711 68455.9655909 45011.0492061 54414.0429037 23934.6767484 83278.0568116 65133.4246306 50572.9638726 469.831412884 372.515537182 237.736570752 297.459205609 261.052714913 1116.39853595 1006.21485752 1400.00644724 1589.87622244 958.43797235 361.761263887
3.90485583643 5.71782675819 4.71787464233 4.31012048533 5.45934841358 5.76003212047 4.54974139231 0.0 0.0 7.99025109581 243.908094871 376.05897162 12.5918797688 3.09316635561 7.03475935754 4.93975980318 4.15664003416 4.16172162156 3.08676466557 4.20079201659 4.48637320648 0.0 0.0 0.0 0.0 0.0 0.0 0.0 305.251522964 0.0 0.678736279023 109.475428311 52.5067654952 0.439855286241 29.054632797 0.202901858134 0.135585887776 0.339147590862 0.20341540595 28.6254906381 0.135659036345 416.596612126 0.270950731993 68.9237904297 36.4697358547 47.5046204363 63492.5170048 22336.9566242 20988.1674484 27182.0981968 147.069875491 174.553010011 191.110031118 653.335184402 407.508044738 328.354128144 249.070607046 397.144922006 404.250028212 1709.15510991 2029.03486338 237.658706808 228.786004709 63.3497574254
2.39398264905 3.50065978038 4.34968954404 4.51404833138 4.23889278922 4.23497693433 3.66514960696 7.15310367303 11.1574316402 12.0299302911 26.9702031418 21.0715145295 5.01954524451 3.91652866608 3.10406235791 3.67328190665 4.52486520977 4.52305787297 4.49571244136 0.0 0.0 0.0 0.0 0.0 0.0 0.0 0.0 0.0 0.0 0.0 0.0 0.0 0.728851881412 0.728414592607 0.0 0.422544004089 0.380397751329 1.45218324037 29.7300888532 23.5910193019 32.7794607525 57.773727592 96.2423615171 145.322700414 16552.7390665 0.593205537867 13891.8870317 94091.6381023 58883.8501574 27252.5539389 69760.0958728 222.045349509 175.794718301 165.265247765 367.28004549 287.149137325 476.31219347 580.687917169 553.574074897 2169.18756558 2578.28789146 1313.12828166 454.468032148 510.780119692
521.401605344 0.0 0.0 3.92107287432 5055.37542934 65242.740956 65228.1337209 0.0 2.55526533525 3.40981628266 3.41368277072 0.0 0.0 0.0 4.54819701771 5.68688901907 5.11531343325 4.82699347321 5046.78453085 0.0 0.0 0.0 0.0 0.0 0.0 0.0 0.0 0.0 0.0 0.0 0.0 0.0 0.0 0.0 0.0 0.641378346153 35.4916807869 0.687047947342 0.73406072811 31.6708510862 24044.5954698 33200.3483965 32614.5490725 11825.0396413 0.722266765413 39.4506693141 0.779153648541 32419.6965988 32739.4610311 44421.2471836 26899.4548495 79298.4741557 92.5027192236 440.530674843 570.478598025 589.596298212 946621.450917 878.68917759 903.990362645 510339.818935 357353.455497 594.803418607 662.645802568 915.61470117
5859.81912829 0.0 0.0 4677.57683174 74856.3962991 0.0 84490.7365928 88145.4439143 65645.3305826 0.0595949268572 0.0634238438577 0.0 0.0 0.14510435753 0.139501858271 0.153636270696 0.132756573496 0.131249728333 0.146107464243 0.146155295023 0.146100607428 0.170463688574 0.137688560492 0.0 0.0 0.0 0.0 0.0 0.0 0.0 0.0 0.0 0.0 0.0 0.0 0.785111031163 24086.0070942 0.784542052868 9694.44045023 20.2464823174 0.784778462631 0.785158922357 19338.2067321 24246.6408731 0.785159118079 31688.1925157 69186.8605082 18569.3121174 39246.6081303 40377.122256 42630.0292228 37656.6797511 224.352132609 408.698543444 445.085200472 883.107025166 688.529732678 756073.874084 628.886490956 791736.714866 790220.96874 617.311747241 894906.431799 728010.068242
7767.92267487 0.0 3098.56724228 5537.96852772 28142.2858523 80143.5974937 89613.6583115 89623.0619075 0.151590155755 0.126907243849 0.171297418202 0.109202998808 2141.93588825 0.162882620029 2515.39898622 2514.43023737 0.0 0.180128866077 0.0 0.0 0.0 0.0 0.0 0.0 0.0 0.0 0.0 0.0 0.0 0.0 0.0 0.0 0.0 0.0 0.790045279468 85510.9286863 35.454287804 16.4482753412 0.0 0.0 0.0 0.881359553483 22626.2621823 9490.46046273 46482.5412651 48573.7431972 0.0 8.82680315687 3370.43267149 39556.1963271 13789.9536105 49619.1508842 299.668296207 270.137112741 81.7618095555 102.223149181 553.201744099 463.284943585 903.715271585 543868.219718 629122.412491 146165.769973 346070.992394 256070.528289
4426.19833391 3312.69653309 7296.43646376 19564.650744 0.0 23581.5168962 71152.202102 0.0 0.145902999687 0.145925548269 2409.35890094 0.140308746105 0.109772228229 0.146747312418 2382.95475458 2408.91176616 0.0 0.181367186098 0.0 0.0 0.0 0.0 0.0 0.0 0.0 0.0 2522.50425384 0.0 0.0 0.0 0.0 0.0 0.794174977801 86.7115888122 45.0274301078 4966.6597023 0.0 0.0 0.0 0.0 0.0 0.0 0.0 0.0 16565.489398 15053.0769975 0.0 22912.2899856 21045.8228404 26567.035003 136.514992801 190.922145145 405.26247626 215177.444604 37.2047308752 91.908391647 173.387950049 203959.817796 570819.749083 365673.798125 201418.022493 329.94624018 452224.515559 723047.18779
