critload/trunk/input/1999/nh3_spread_fe.asc
ncols 720
nrows 360
xllcorner -180.0
yllcorner -90.0
cellsize 0.5
NODATA_value -9999.0
[rows 58 to 86 of 360, columns 455 to 519 of 720]
38.9165991041 0.0 39.3939663967 0.0 199.021225458 0.0 0.0 0.0 0.0 0.0 0.0 0.0 0.0 0.0 0.0 0.0 0.0 0.0 0.0 0.0 0.0 0.0 0.0 0.0 0.0 0.0 0.0 0.0 0.0 0.0 0.0 0.0 0.0 0.0 0.0 0.0 0.0 0.0 0.0 0.0 0.0 0.0 0.0 0.0 0.0 0.0 0.0 0.0 0.0 0.0 0.0 0.0 0.0 0.0 0.0 0.0 0.0 0.0 0.0 0.0 0.0 0.0 0.0 0.0 0.0
0.0 82.5227101178 0.0 48.5755906695 199.027511789 0.0 0.0 0.0 0.0 0.0 0.0 0.0 0.0 0.0 0.0 0.0 0.0 337.282731894 0.0 0.0 0.0 0.0 0.0 0.0 0.0 0.0 0.0 0.0 0.0 0.0 0.0 0.0 0.0 0.0 0.0 0.0 0.0 0.0 0.0 0.0 0.0 0.0 0.0 0.0 0.0 0.0 0.0 0.0 0.0 0.0 0.0 0.0 0.0 0.0 0.0 0.0 0.0 0.0 0.0 0.0 0.0 0.0 0.0 0.0 0.0
49.6112971608 62.7928160398 0.0 325.846243643 52.3416287413 0.0 30.7036225112 0.0 0.0 82.2571006573 324.826387708 0.0 0.0 534.535533242 51.5925247719 0.0 90.1439176159 142.010997395 454.33614344 123.388317947 0.0 0.0 0.0 0.0 0.0 0.0 876.472125745 0.0 0.0 0.0 0.0 0.0 0.0 0.0 0.0 38.0931643676 0.0 0.0 0.0 0.0 0.0 0.0 0.0 0.0 0.0 0.0 0.0 0.0 0.0 0.0 0.0 0.0 0.0 0.0 0.0 0.0 0.0 0.0 0.0 0.0 0.0 0.0 0.0 0.0 0.0
861.450764539 92.8477558416 89.0705022761 1369.12431831 549.766132824 101.27158365 795.9804895 55.5169794871 0.0 204.649561719 156.861695177 329.705504327 2001.96933408 3429.38642947 7169.64281946 2024.76036809 309.868718652 90.0920399292 124.670374053 68.2399563541 0.0 0.0 0.0 0.0 0.0 0.0 0.0 0.0 146.138127908 0.0 0.0 0.0 0.0 0.0 0.0 0.0 1015.65110746 778.884467907 1068.63194122 0.0 0.0 0.0 0.0 0.0 0.0 0.0 0.0 0.0 0.0 0.0 0.0 0.0 0.0 0.0 0.0 0.0 0.0 0.0 0.0 0.0 0.0 0.0 0.0 0.0 0.0
3785.7699183 6449.03177781 4735.9351526 5220.23851644 2295.61181448 2190.16828721 753.394521769 0.0 0.0 135.839656322 0.0 3955.66717236 583.044079777 2299.41309262 8268.73380838 6570.58059761 3548.30404178 951.110135212 388.535202813 0.0 198.130437314 0.0 0.0 0.0 88.2608104961 0.0 72.0031179171 0.0 396.079769822 62.8683476282 0.0 0.0 0.0 0.0 69.0589754977 1177.61195354 0.0 965.131447861 318.553973891 0.0 0.0 0.0 0.0 0.0 0.0 0.0 0.0 0.0 0.0 0.0 0.0 0.0 0.0 0.0 0.0 0.0 0.0 0.0 0.0 0.0 0.0 0.0 0.0 0.0 0.0
13145.4710001 18432.9326858 5114.55790086 7256.84482775 15067.6022438 18517.2904318 18927.5167739 22202.8532584 17960.8966541 12383.6439025 10677.3205975 9745.19191783 4619.00401423 10261.765532 13596.1778611 9601.19903887 2003.76312604 0.0 153.172057978 1672.99808094 1976.53256257 0.0 0.0 0.0 561.377505888 269.503984076 241.49331557 96.4820436676 1531.34465841 258.583431144 857.378364929 3445.6460842 2448.34406179 0.0 88.6409253714 291.935726744 42.3093718326 650.104952951 152.257950528 0.0 0.0 129.202379653 142.159081307 0.0 0.0 0.0 0.0 0.0 0.0 0.0 0.0 0.0 0.0 0.0 0.0 0.0 0.0 0.0 0.0 0.0 0.0 51.2160487484 0.0 0.0 0.0
9213.94294622 20671.036323 14736.6944157 9288.9795874 23100.198804 30186.2480825 18792.6193715 14991.0099714 8874.4019675 14569.4066936 11796.2977908 10747.3808085 13431.4916399 12348.8535525 13016.4889517 13770.8761793 5718.53241271 7887.92475257 11071.3472934 15112.0367625 2889.83375705 37.8259354283 0.0 97.6464916238 729.792044334 3180.67130547 2803.70033138 1698.83546986 5089.47372569 4005.77880592 6175.32226437 7570.33607966 8757.48481016 12224.8914879 1324.10179909 174.066775886 4894.51464559 2124.51042179 676.673237385 1267.17012858 1462.56912413 762.69004585 3429.08251744 1303.90964558 203.430997301 120.525491782 568.49586472 192.098800005 603.002755738 324.912334071 444.417868519 0.0 0.0 0.0 0.0 0.0 0.0 0.0 0.0 0.0 0.0 119.876329074 0.0 0.0 0.0
37967.8231388 42011.7957843 44732.8935338 37665.7426069 35802.8609085 12401.5037141 145.171070388 1014.58004552 10849.0306316 16143.9369082 3954.52773055 6120.19698 18068.3475028 24410.9737034 21320.5453161 14259.5472108 11577.2553459 5830.84132314 27340.6883977 18877.6970271 9578.32459387 452.002504928 75.6343877823 247.810510868 104.093306554 1123.43182798 1961.21205778 736.870431016 2950.8857857 1896.27134151 15635.777234 17365.7675211 20536.0708751 6878.54215199 8393.11119012 7172.35291272 6226.58978664 1541.25707656 3366.03210556 481.117581765 925.917578983 2321.53384938 4144.93116434 3321.65092986 2522.17471581 1324.32267441 2408.58593285 2198.61140114 3244.92434329 1554.24683654 1022.19722502 511.292662884 1825.16272548 974.254929418 962.388004903 465.914131826 336.514810868 0.0 112.315481797 0.0 0.0 0.0 0.0 0.0 0.0
22326.7894797 42304.2920001 39427.1469061 47729.9964792 47177.1842935 52621.9065476 18451.1756948 13204.0401395 17399.1974394 19986.8298763 17948.1272902 28779.8014965 40593.8041161 9019.63793898 20511.3358991 18176.6724954 15394.45818 12540.2498546 17518.8858292 9412.86415863 19531.8069543 10351.6494897 485.993405046 1127.41397848 2551.23713019 1367.67184087 8175.46189524 13414.0506319 22447.3103266 17046.0197471 25054.7663583 22648.2497648 22551.541865 13304.3660825 14474.4050556 25137.6406659 32784.9006361 24853.4994281 18425.0965109 20556.0034282 17525.624317 20984.7879262 15190.3481729 11613.9715511 11328.7630707 18155.0389332 26408.6154959 4658.72670617 7385.91780734 7169.94684073 11779.8980493 8055.34072786 8734.96539865 9753.14839938 3076.62826659 1673.8615816 1635.39603541 3815.03003537 3384.93080891 1295.80685211 171.337213244 503.619167667 301.067774372 0.0 318.900176631
9647.01294413 6907.22391223 37788.0171555 57305.7533748 72614.6650686 66419.2847202 69774.5298593 33325.097996 22516.3654079 41823.3076993 46778.1989038 47151.1594322 65142.9920165 26715.4081553 42037.9226291 46543.069466 42002.6244873 24526.760688 12464.6834264 4151.87309145 9712.66371281 26417.4977518 12489.7010799 8063.32049832 0.0 225.633830465 5375.5205597 15117.5782993 19992.6322363 23044.2528793 33038.8930124 29527.0336137 23237.4813362 18487.7085572 26561.6616392 21200.1636265 29396.327628 42234.0346784 42411.4308458 21702.1965886 28122.4122088 26650.3873864 18633.9999161 29615.1598114 24510.7519928 36696.1971126 31290.0209736 31602.4377811 24616.6235845 22133.6586755 27487.4373714 17299.5411083 16958.1834844 24421.9349076 37605.7823936 11854.2344627 14587.4032563 8265.342199 17206.6859712 8621.02489788 4635.57980715 13134.6594635 1992.23444025 524.642117412 2529.47584203
80173.9998815 68477.9241019 50710.873784 54680.8386059 70939.6941192 68414.4160495 50997.0735645 63853.6237972 57553.2846252 48412.6861385 29766.0204904 41178.2956092 50766.5594237 56570.9738293 32694.001032 38865.6458323 43268.7585124 28013.1744119 25216.1887622 0.0 6338.77251186 29289.0535843 17322.1902327 4813.86619306 427.575371454 0.0 12857.0310547 24496.2278067 25204.4920503 22178.7674668 30983.2603965 34005.7546998 30740.878331 41034.1881734 19483.0248859 31903.967387 34057.172172 37202.8515957 39449.6942657 33618.9042022 19182.6261361 24037.3387038 11575.0574408 55177.5131465 16797.8622697 49987.6276693 27814.0415093 32552.3075755 32819.3069452 35516.2505711 36604.7380167 19683.1864243 19807.0567558 33709.8063689 43819.890335 29268.4044194 29020.4035434 27222.4840136 34278.7938114 16946.2719294 18914.3153321 13755.9472627 8395.53739592 6174.02397686 10224.4544526
78406.6324949 71377.5427199 76690.3137272 30243.4009178 46920.1652522 58834.0733247 60376.138543 58099.7223742 41897.7534452 46366.3919428 62268.8630135 61103.4804788 58766.7364828 50210.1269235 76139.9246758 47597.2808854 35056.4101481 26239.1328885 13160.0229526 625.818500717 4804.92847787 15630.7237673 13833.3769178 3018.10249277 1457.33720818 5676.25845775 32393.9943881 33583.572162 28440.0993907 27782.3128424 40836.4062117 47362.2334982 38768.7579259 48562.0834625 55647.3652276 47144.2094986 16433.3485199 39416.3492269 19103.2052888 25802.6039854 15097.9627243 28597.6162219 3555.70613704 9674.3869642 8349.69317273 41385.9588504 2916.20076283 26116.6680076 41470.6280656 25407.9884613 63958.1967412 57026.7211265 47747.2294066 35249.148407 37897.2828473 42593.9328307 28503.4754711 0.0 2034.44846665 11453.8211416 229.218858191 9093.45681342 15044.1077299 11726.5951233 13885.922237
72505.0331826 73368.7216022 35134.2949464 63971.3444166 71645.2091143 42093.3962525 58694.8159903 54585.1776641 57823.6740909 46084.8931907 44696.7490646 55187.7942726 57495.3994393 47271.1943847 74424.2379538 66737.1012046 43614.23908 34841.9062287 13773.9272827 363.436441218 892.831564532 1192.10795768 98.4981128344 1502.99206614 20460.0375608 32817.256899 34175.7330508 46538.4531042 33298.8852007 31000.3452749 42937.1653603 45695.7488411 58113.4309495 54804.5629277 64902.4823594 79130.403532 60978.6959713 50316.8020432 58792.9500795 4361.45073004 3150.32251383 799.157537159 12144.2512776 13001.3927075 10321.2278314 9392.93772546 4.7147049297 52282.6696476 58327.5757869 66349.9396825 83671.8680995 79109.5788152 80982.391741 81417.342744 61687.4298555 47606.2521947 22541.5216376 36969.2280984 33403.1319915 31291.1158699 21122.5618411 35392.9219005 18064.4003568 37900.4568375 39910.1194625
58473.3909724 57296.4499193 55224.4071419 64446.660615 50521.9896501 70985.1352542 57278.5338829 42908.2080375 59840.0925427 60515.2844883 46110.9058696 46394.5467432 28446.9184336 33492.225898 61265.7914127 75395.7193757 54174.6926951 47440.316352 12857.0859884 0.0 201.878693367 0.0 2981.7855048 39046.0973948 55393.8670634 52597.2354131 46479.4754661 67898.4647851 57592.2066164 49916.1120915 65268.9983767 70967.3653682 91257.5848278 14939.8503952 15672.9163107 16083.3263034 12859.7397219 11330.8482224 10888.4679712 11827.3526058 12273.6492363 11536.4133462 11391.9206019 9080.51182527 8660.16829351 7757.25679979 8216.85598197 9151.3366961 75221.402452 85720.6285305 95602.6712441 80355.8335889 110753.427798 87588.6938281 85892.9505727 66795.6081432 2923.72317537 8534.78194 51892.8833733 4948.14986572 3314.88290227 61310.0593455 50017.7453016 49717.2162832 49530.3084487
51965.1122556 47372.1912158 37120.1285394 55021.3983753 52504.0349965 61820.6568771 77318.0049634 69770.3821352 48901.4614834 36233.8301193 45071.944383 50309.7836684 47455.8665385 45331.7538698 58467.9682741 66007.088691 61884.9520902 36515.6065868 776.522375931 303.37282474 504.160706979 4083.89626774 35192.9111149 72796.2035753 83980.7369448 74478.2867994 66311.4579678 12518.6311188 13103.6242462 13319.6493781 14043.9658804 19783.3379938 22993.8313851 14700.5903829 13181.4742589 12922.5596774 12468.8697884 9583.70259274 9690.32659526 11201.7752582 135.588296573 11082.1434443 113.934459054 10145.0710944 9695.08813757 13440.4644004 11929.9741396 351.144781095 11267.2926056 13953.2369385 13440.9721088 14555.2991845 8331.01631815 7281.14937847 719.546191232 1659.66407044 122.37290426 0.996371176819 255.562728818 216.666082249 323.715308 3267.29977762 3534.29118751 3323.59824433 65550.6928117
50980.85373 52575.3116278 59291.6359719 0.0 13897.9510703 53802.5578571 75199.6236902 64660.1538657 67096.7664093 41330.9864949 51741.8874208 51625.9133004 49195.1451324 56925.7277946 51665.5167298 45442.0135271 63905.7029869 22290.8681197 12.3719847893 472.644454154 329.890966438 8642.63925984 43008.6196038 77227.3146053 66187.7162459 40965.386373 66373.4498561 78425.5624327 384.130114067 18000.8529832 16186.8723746 289.617750526 720.156419264 165.137471193 146.521359578 133.064896919 188.546280952 119.148762541 206.259122646 125.336425396 10710.1000668 9914.22010944 10246.8975841 137.108580492 14219.8291434 12963.1842975 14260.0351286 15704.8048634 93.7558777146 44.3691106218 9367.16312691 79.3033201889 92.4506811302 133.797126707 109.556594525 422.631694892 1562.81343962 453.188537063 0.674394206075 0.954351044663 68.8530753981 1140.90669908 5332.47440697 1925.37387193 3816.26956129
78787.2954894 66097.7964835 85668.8682293 87199.7838026 77244.6261578 75198.0288315 88729.9299808 79260.0734307 61073.4563945 55108.3054587 50732.9396016 52259.2850004 52322.5820345 52099.1146944 54590.7634282 54988.4802647 63881.347727 43281.2860301 18786.1964501 2372.34172501 0.0 37587.2941328 73208.6032183 89217.7180624 92452.841053 80305.398124 88986.659788 20182.1400385 235.46238943 218.381766238 537.347293306 700.342346789 187.166091896 0.632304448715 0.47071717739 131.123604938 178.15543198 181.41945653 198.249523208 165.812881031 11813.9712702 113.528941224 10762.5749645 10569.2472778 11688.3586636 9603.05532299 13633.22952 13104.0599738 22.6751934306 23.8887900574 20.8549321322 8.49205730118 31.0660856356 0.481449374173 0.769102418885 1.54964983561 1.83434578138 1639.95823572 1339.86186855 0.670854976382 0.709809895773 46.0391888544 2058.2131657 2670.81423383 1240.02887746
67341.8090766 85518.0813701 4372.24966259 6985.29520754 4641.76754125 84808.2419367 81707.9868438 69097.034748 66048.5621037 62696.2747183 66143.0297729 72404.5012617 70710.4104252 74002.4497883 62278.2625781 62959.2973316 73575.0201053 62744.5866967 36480.5466738 14740.7288826 18464.6158366 80132.4429816 98058.9112369 83245.8994263 3442.7128908 76677.2364126 3128.2616409 151.109887328 156.570290493 140.749969121 0.3313225928 0.00594747469818 0.00310503345984 0.00228002219551 0.0 1.05545024063 1.10204485671 146.1056183 152.547682278 155.254187087 182.068020831 193.964721707 19183.5821995 185.652880682 141.675530264 15217.2132599 15006.7889831 14882.896778 13475.1213838 148.446630611 123.188231378 64.2882729845 0.413276420774 0.869624326197 1.02086553096 0.0238342814491 0.0106430491202 0.0120279518643 206.923977897 0.0 0.0129795981188 0.922892229237 500.575743147 1015.14914844 2165.00116383
106.481412201 7122.00942979 18840.9952242 784.705701642 268.39613687 176.239301419 651.015314849 680.556181909 487.378034169 432.484039089 1124.45517792 799.526800114 4129.11489257 880.148644401 946.810267323 4515.20767698 4696.71755992 4318.14250215 2833.92432958 1749.72160223 2748.67324127 76214.2743642 3347.50884336 3196.88176149 2219.03151419 1707.73995375 194.968293252 0.00664658422601 0.0 0.00805056639535 0.0 0.0 0.0 0.0 0.0 66.3415225681 0.0 40.2982615819 0.00787732611399 0.00470293811933 0.0024042276075 0.206559246222 197.824292977 0.0158751536203 148.051055205 498.670012498 16060.3959618 116.983238598 73.1700980376 42.9112063199 37.8625308591 25.5973668055 0.441381735686 78.0449793898 555.659718195 0.00392984804375 0.00361085371782 0.0084193850395 854.652982559 0.0 0.0 0.0 0.00103220900787 10.7651517956 551.620523581
6960.9331625 18485.7701231 16869.4740823 51.6765018262 354.341172901 0.0 0.0 0.386603904477 0.0 0.0 5.28468790146 1.43206700926 69.3186781269 417.248564682 381.085039169 665.501486007 764.256508609 935.747250179 2886.631817 2667.95149435 2810.81926281 2841.08098357 3838.33969317 2237.53597986 908.358006893 924.424326134 1364.83865591 653.953028049 12.6470018373 0.0 0.0 0.0 0.0 0.0 0.0 0.0 0.0 0.0 90.0525366393 0.0 90.4988168488 0.0140957828144 0.00690359832432 0.0144409182827 17.1091479943 51.8711966642 82.71135628 226.370278053 594.523460159 85.8147851465 318.558254668 91.0691883354 38.2232307205 168.896034749 0.646708881613 0.0 0.00230959767268 0.0 0.0 0.0 0.0 0.0 0.0 0.0 345.365628636
814.871969831 28756.496802 4873.0239761 0.0 0.0 0.0 1012.69718114 1091.48102674 0.0 0.0 0.0 0.0 0.0 5.43420400301 7.69568506712 41.1699848917 368.675138935 30.8564636581 0.0 207.99420319 16901.1866876 126.356445503 11.0624931145 151.273339047 0.0 57.9015268974 598.803863672 5.85771640482 0.0 0.0 0.0 0.0 0.0 0.0 0.0 0.0 0.0 0.0 0.0 0.0 107.006183698 0.0 0.0 236.242817779 1.55236318328 0.00713933552184 43.5799663682 986.457031448 95.7802115164 391.988203006 991.505138622 966.260368086 24.8583159049 21.4192472323 23.7260093772 0.0 3.97567102102 0.0 0.00117751629623 0.0 0.0 0.0 0.0 0.0 764.590393646
0.0 404.163688991 2312.27523113 0.0 0.0 0.0 3366.82124875 513.582313917 0.0 0.0 0.0 0.0 0.0 0.0 0.0 0.0 0.0 0.0 0.0 682.000334846 1355.33437231 0.0 0.0 0.0 0.0 0.0 0.0 0.0 0.0 0.0 0.0 0.0 0.0 0.0 0.0 0.0 0.0 0.0 0.0 0.0 0.0 0.0 0.0 0.0 0.0 0.0 0.0 755.215372878 1377.23057598 185.639324529 192.287498022 751.115776794 0.00202429124729 33.5637642184 0.000854559894422 0.00239809112636 11.2578553164 5.5489039713 0.0 0.0 0.0 0.0 0.0 0.0122808735879 30.1245673876
0.0 0.0 95.6085355493 0.0 0.0 0.0 0.0 0.0 0.0 0.0 0.0 0.0 0.0 0.0 0.0 0.0 0.0 0.0 0.0 0.0 0.0 0.0 0.0 0.0 0.0 0.0 0.0 0.0 0.0 0.0 0.0 78.2041471103 62.9287250517 0.0 0.0 0.0 0.0 0.0 0.0 0.0 0.0 0.0 0.0 0.0 0.0 0.0 0.0 0.0 0.0 266.283198354 861.829043473 816.710588716 0.00207836931867 0.0 0.00106028977909 138.622832747 21.3317392988 14.1194477348 1.96892071572 9429.37746614 6797.58614838 0.576772248503 0.113360420048 0.0 0.28406727686
0.0 0.0 0.0 0.0 0.0 0.0 0.0 0.0 0.0 0.0 0.0 0.0 0.0 0.0 0.0 0.0 0.0 0.0 0.0 0.0 0.0 0.0 0.0 0.0 109.701402284 0.0 0.0 0.0 0.0 0.0 196.824738227 0.0 0.0 0.0 0.0 0.0 0.0 0.0 0.0 0.0 0.0 0.0 0.0 0.0 0.0 0.0 0.0 119.672677569 0.0 824.935335367 107.057255265 0.00142716053358 0.00150647632571 16.0425062157 15.986718561 96.4522703907 0.0 21.3741656788 4.13436958542 9.97470305068 0.18142826944 0.53940807907 0.766422212403 0.134815669416 0.138377308975
0.0 0.0 0.0 0.0 0.0 0.0 0.0 0.0 227.370807296 0.0 0.0 0.0 0.0 0.0 0.0 0.0 0.0 0.0 0.0 0.0 0.0 0.0 0.0 0.0 0.0 0.0 0.0 0.0 44.1841518471 0.0 0.0 0.0 0.0 0.0 0.0 0.0 0.0 0.0 0.0 0.0 0.0 0.0 0.0 0.0 0.0 0.0 6.70077581714 153.717334745 262.113415647 0.0 153.888142251 0.0 0.0 19.9698347608 26.5744141751 0.0 0.0 12.8450544858 2.69583768244 1.60993455952 0.0 3.34096713438 12.2959582065 4.26112051544 0.0
0.0 0.0 0.0 0.0 0.0 0.0 0.0 591.465001927 823.056477591 0.0 0.0 0.0 0.0 0.0 0.0 0.0 0.0 0.0 0.0 0.0 0.0 0.0 0.0 0.0 0.0 0.0 0.0 0.0 0.0 0.0 0.0 0.0 0.0 0.0 0.0 0.0 0.0 0.0 0.0 0.0 0.0 0.0 0.0 0.0 0.0 47.4073769686 34.0404677102 0.0 0.0 0.0 0.0 0.0 0.0 0.0 0.0 0.0 0.0 0.0 0.0 0.0 0.0 0.0 0.208528254544 2.21309010073 5.83143200449
0.0 0.0 0.0 0.0 0.0 0.0 0.0 0.0 27.3775204013 0.0 0.0 0.0 0.0 0.0 0.0 0.0 0.0 0.0 0.0 0.0 0.0 0.0 0.0 0.0 44.859124932 0.0 0.0 0.0 0.0 0.0 0.0 0.0 0.0 0.0 0.0 0.0 0.0 0.0 0.0 0.0 0.0 0.0 0.0 0.0 0.0 0.0 0.0 0.0 0.0 0.0 0.0 0.0 0.0 0.0 0.0 0.0 0.0 0.0 0.0 0.0 0.0 0.0 0.0 0.0 69.9047565335
5349.51717395 1447.5135971 0.0 0.0 0.0 0.0 0.0 0.0 718.886508647 0.0 0.0 0.0 0.0 0.0 0.0 0.0 0.0 0.0 0.0 0.0 0.0 0.0 0.0 0.0 0.0 0.0 0.0 0.0 0.0 0.0 0.0 0.0 0.0 0.0 0.0 0.0 0.0 0.0 0.0 0.0 0.0 0.0 0.0 0.0 0.0 0.0 0.0 0.0 0.0 0.0 0.0 0.0 0.0 0.0 0.0 0.0 0.0 0.0 0.0 0.0 0.0 0.0 0.0 0.0 0.0
1434.27200243 3154.34076715 600.19776407 0.0 0.0 0.0 0.0 -9999.0 0.0 0.0 -9999.0 0.0 0.0 0.0 0.0 0.0 0.0 0.0 0.0 0.0 0.0 0.0 0.0 0.0 0.0 0.0 0.0 0.0 0.0 0.0 0.0 0.0 0.0 0.0 0.0 0.0 0.0 0.0 0.0 0.0 0.0 0.0 0.0 0.0 0.0 0.0 0.0 0.0 0.0 0.0 0.0 0.0 0.0 0.0 0.0 0.0 0.0 0.0 0.0 0.0 0.0 0.0 0.0 0.0 0.0
