critload/trunk/input/1999/nh3_stor.asc
ncols 720
nrows 360
xllcorner -180.0
yllcorner -90.0
cellsize 0.5
NODATA_value -9999.0
[rows 84 to 111 of 360, columns 384 to 447 of 720]
616324.770166 541489.768106 672965.564215 393124.739663 410306.656134 276670.702315 185484.544033 138965.494047 904326.654997 1124801.24899 575866.046149 649433.387521 815087.5301 425676.659015 487855.693418 487835.716284 474153.233981 624444.911598 479725.829286 581638.160302 554861.487093 712775.317279 533079.417235 0.0 0.0 0.0 0.0 0.0 777510.422841 778153.167358 590456.980576 416981.606402 318220.59754 391653.740718 449101.948882 464661.319737 346575.055609 306016.018703 347354.925543 249234.282459 0.0 322233.322067 335035.45575 376064.587616 305071.927279 356228.329703 295204.988969 410205.614555 366510.888526 337072.920925 466847.712474 408923.425808 409053.619927 453053.314884 336960.893394 325976.370209 360441.714523 387641.214548 387850.37748 377188.185457 0.0 257323.86195 347697.454809 0.0
609174.107074 222051.550593 0.0 0.0 0.0 311835.766537 473977.283871 692555.422586 1149113.29814 548548.437447 541520.23233 401803.974569 440305.13772 579501.479023 423779.981585 555799.0795 642598.33771 539247.364069 485932.031717 465422.760009 562911.916495 562386.213111 463606.14369 0.0 0.0 0.0 0.0 0.0 466686.213116 708433.313153 633330.356721 380002.257063 384133.970462 309726.212764 400598.510106 429423.843983 293608.649455 294319.412619 355571.330644 325180.757284 352374.240323 384173.397598 381753.83241 366453.015443 267697.238605 393452.021506 433843.208754 353646.319543 323982.203009 310880.181993 364703.334508 306605.265322 327006.180759 216117.852135 245801.297409 337408.374035 382687.247253 327057.714948 289571.519467 348830.051205 326445.956094 279163.341013 296684.826718 0.0
609649.100005 417613.510809 94647.7602428 399163.16428 477489.011881 502442.391056 638413.624719 1225043.871 1590855.49453 389005.960794 0.0 0.0 533298.825229 635027.905702 335505.03309 442942.450717 626462.470868 510309.269928 567299.35554 685286.566601 0.0 0.0 0.0 490109.325434 498207.223367 0.0 0.0 0.0 0.0 643830.552265 654592.18152 716069.278683 402487.690288 326697.001532 428804.275653 414838.364873 454562.602197 399462.427693 273604.358025 251240.714909 341933.195206 303038.016801 441046.174657 0.0 463915.423682 449055.537423 396856.79786 346017.138307 201697.684528 201370.299146 72931.8660577 41889.6542257 145609.4228 283770.148864 306200.658962 383746.849137 392320.119316 363013.378319 313575.947769 262578.63407 285096.882342 222271.67331 314766.52241 0.0
370604.503868 485303.111572 512155.639622 0.0 0.0 0.0 0.0 1691837.50984 366410.593217 408088.292632 399419.679469 362096.607429 506387.693918 600846.378956 465092.570455 296366.375477 664455.703102 615319.083276 802033.54313 500001.108335 0.0 0.0 0.0 518380.978006 520659.236228 0.0 0.0 0.0 0.0 402412.910908 634340.522202 720454.247987 337024.429383 338456.434208 422905.561592 511909.164831 424059.771421 98734.7323065 -9999.0 4524.73390615 237238.056022 337658.516395 384734.200452 326228.228142 255454.6195 314858.717884 81871.9874868 501.189023745 -9999.0 -9999.0 -9999.0 17454.6852547 190686.533741 324254.615914 309430.712609 320420.918037 374517.276341 370349.249343 361747.317465 373809.860454 321629.478069 203148.600106 286361.176287 0.0
856609.596658 811400.979199 528540.986223 1023796.36675 0.0 0.0 0.0 328456.840585 395895.935246 362527.75797 321543.300499 364238.166978 460058.668666 436712.702252 1165180.08675 1166730.17201 1128135.67086 796726.292333 730765.090194 505184.281379 0.0 0.0 0.0 0.0 0.0 601336.588552 0.0 414444.763211 0.0 0.0 768702.934574 801645.126445 349895.829733 442565.908932 489681.602755 196706.029322 58945.4872811 -9999.0 -9999.0 -9999.0 -9999.0 0.0 292200.796304 470996.332261 490756.652036 289864.82678 0.0 -9999.0 -9999.0 -9999.0 -9999.0 0.0 325890.887273 353185.676595 301336.985338 323006.835137 309796.222621 268270.543398 366220.627618 369989.565743 367601.654393 391108.8205 339699.015865 0.0
455288.743973 6063.57070034 -9999.0 360756.752945 166896.885119 0.0 0.0 270266.026479 0.0 327073.807781 339614.109132 366365.969484 418155.252798 447426.352174 1112670.4897 1107811.05446 1161448.50028 1085957.49259 702837.615127 503835.492106 0.0 0.0 0.0 0.0 0.0 0.0 0.0 0.0 486599.907996 720288.320104 621494.093263 850913.297514 592685.055554 629563.47061 393307.520585 0.0 -9999.0 -9999.0 -9999.0 -9999.0 -9999.0 0.0 276630.297685 467975.413584 467231.05785 388722.2588 253787.705302 253775.663896 0.0 102596.349843 181159.825532 315732.41416 379981.192814 391138.40527 359265.0799 339359.789422 325961.74848 377254.153087 311681.107706 255630.193862 299863.89242 280796.072061 337679.620962 316514.774667
571127.5324 -9999.0 -9999.0 0.0 0.0 0.0 0.0 0.0 0.0 498945.224955 488638.001414 638845.350194 586290.532464 758879.447421 1006782.12671 1142843.7727 1023931.95633 1137696.17915 1142660.64783 0.0 0.0 626165.426775 393091.59473 712158.432998 752838.455726 595440.642357 626719.823428 812443.710851 807665.330831 745460.171954 815554.872395 795747.128571 788424.199952 484388.418538 0.0 18126.7233576 -9999.0 -9999.0 -9999.0 -9999.0 -9999.0 -9999.0 0.0 330187.993826 0.0 0.0 0.0 -9999.0 -9999.0 -9999.0 57860.2397699 105861.296172 0.0 206231.970656 251564.577808 292886.671825 225785.783061 345541.095331 320703.707805 299026.648595 239111.681032 256730.979572 302508.654074 339693.75237
351999.908429 25531.6342809 -9999.0 -9999.0 -9999.0 -9999.0 0.0 299090.366914 0.0 0.0 0.0 0.0 0.0 0.0 0.0 628384.842709 933994.345803 1079938.7455 1169989.86204 0.0 898574.919195 859640.766602 815161.268189 700920.696584 837324.043001 842934.403168 866079.822964 847266.449249 767269.569829 795829.687609 708538.034978 609008.192284 810888.67409 233746.060303 -9999.0 -9999.0 -9999.0 -9999.0 -9999.0 -9999.0 -9999.0 -9999.0 -9999.0 0.0 0.0 -9999.0 -9999.0 -9999.0 -9999.0 -9999.0 -9999.0 -9999.0 0.0 0.0 0.0 0.0 0.0 0.0 218025.311806 283701.378547 302787.207343 279492.13734 299546.20724 339578.963416
671458.790731 811736.256224 410421.017709 30226.6266791 -9999.0 -9999.0 0.0 0.0 346377.364602 348310.05227 598742.847214 0.0 0.0 0.0 0.0 0.0 0.0 623083.776808 1089709.72205 0.0 805134.837931 408258.935234 564741.325111 509560.579041 743510.436534 765149.000509 794686.464051 820462.200194 546398.304458 214077.44595 442085.71362 336702.937064 428410.136373 163507.187834 -9999.0 -9999.0 -9999.0 -9999.0 -9999.0 -9999.0 -9999.0 -9999.0 -9999.0 -9999.0 -9999.0 -9999.0 -9999.0 -9999.0 -9999.0 -9999.0 -9999.0 -9999.0 -9999.0 -9999.0 0.0 0.0 0.0 0.0 0.0 0.0 0.0 0.0 277141.507292 362513.434876
699233.014159 641136.992622 809138.674661 498686.940019 -9999.0 -9999.0 -9999.0 -9999.0 0.0 0.0 234272.351851 672788.301164 548912.029317 0.0 0.0 0.0 0.0 0.0 0.0 907654.62714 0.0 0.0 0.0 298995.340427 350900.995766 334813.345608 424072.978576 335067.268753 279494.545181 374516.695303 303866.198871 330336.57172 107348.581476 12448.9202609 -9999.0 -9999.0 -9999.0 -9999.0 -9999.0 -9999.0 -9999.0 -9999.0 -9999.0 -9999.0 -9999.0 -9999.0 -9999.0 -9999.0 -9999.0 -9999.0 -9999.0 -9999.0 -9999.0 -9999.0 -9999.0 2148.83938962 0.0 0.0 0.0 0.0 0.0 0.0 0.0 0.0
850182.005061 436970.825231 131425.343968 707365.895524 64370.4432186 -9999.0 -9999.0 -9999.0 -9999.0 0.0 0.0 0.0 521820.133199 0.0 0.0 0.0 0.0 906662.055931 667816.502269 0.0 0.0 0.0 305906.251135 0.0 0.0 0.0 0.0 0.0 0.0 0.0 309811.242795 0.0 -9999.0 -9999.0 -9999.0 -9999.0 -9999.0 -9999.0 -9999.0 -9999.0 -9999.0 -9999.0 -9999.0 -9999.0 -9999.0 -9999.0 -9999.0 -9999.0 -9999.0 -9999.0 -9999.0 -9999.0 -9999.0 -9999.0 -9999.0 -9999.0 -9999.0 -9999.0 408597.557019 625591.617627 0.0 0.0 0.0 0.0
961235.671996 622487.524128 427157.580728 586068.389462 684123.860462 236359.838858 -9999.0 -9999.0 -9999.0 -9999.0 -9999.0 -9999.0 0.0 0.0 0.0 0.0336638622044 0.0640118860941 698134.958645 742510.568231 393688.953838 0.0 0.0 0.0 0.0 462966.458995 529978.375418 423221.384722 547629.535066 418510.839511 355441.17551 225568.002056 0.0 -9999.0 -9999.0 -9999.0 -9999.0 -9999.0 -9999.0 -9999.0 -9999.0 -9999.0 -9999.0 -9999.0 -9999.0 -9999.0 -9999.0 6698.88154155 -9999.0 -9999.0 -9999.0 -9999.0 -9999.0 -9999.0 -9999.0 -9999.0 -9999.0 -9999.0 -9999.0 -9999.0 742495.122361 961186.440756 659599.246763 0.0 0.0
288273.225842 779599.93744 475907.60558 622004.178866 345694.112854 829322.289698 816640.37449 455357.854052 2464.14985841 -9999.0 -9999.0 -9999.0 -9999.0 -9999.0 387909.87116 0.0684115293976 0.0611603580557 0.0 0.0 353984.406577 355318.53189 247279.828262 0.0 0.0 0.0 0.0 311654.061552 384825.47279 508614.022447 819254.596419 833662.272089 148387.506844 8243.64716374 -9999.0 -9999.0 -9999.0 -9999.0 -9999.0 -9999.0 -9999.0 179830.136007 29228.764384 12842.9254392 458688.049139 19199.17156 387334.199739 421233.672753 292738.672001 4523.94499253 -9999.0 -9999.0 -9999.0 -9999.0 -9999.0 -9999.0 -9999.0 -9999.0 -9999.0 -9999.0 0.0 0.0 0.0 0.0 0.0
-9999.0 119472.222519 389963.118195 457212.294018 645111.649111 736964.891959 842126.329118 1003946.85416 682997.094828 268013.497008 42995.7288029 -9999.0 -9999.0 -9999.0 229232.344152 2511500.57461 0.0609017929708 0.0 307661.491907 265451.199332 276035.127542 409421.070358 214424.522248 163878.692757 180166.502646 171333.147495 180167.353729 198372.568355 234956.105465 853802.352928 845846.110168 844575.323009 155999.761368 452698.560342 279910.970361 15706.6491883 289185.876715 9365.71562929 167264.119647 122511.128918 40728.5544739 427849.758572 21859.6694969 568675.233105 548024.990399 21829.3948506 139566.428678 526974.89677 538530.351293 558207.123291 13662.9877656 5913.30899138 -9999.0 -9999.0 5509.44894995 -9999.0 -9999.0 2736.43113889 27273.8975451 8182.15516355 19137.3950462 738009.835649 0.0 812323.365663
-9999.0 -9999.0 -9999.0 -9999.0 182010.751583 397230.072751 624607.116877 747831.092542 910816.362776 1040627.58445 908175.394198 474576.660597 29933.2211305 -9999.0 661312.395727 2734960.60014 0.0675067321435 0.067775955701 179753.978531 201723.229384 271137.310105 273765.349699 252605.838761 192039.608676 90392.1377977 102909.549932 27094.1346979 86695.354943 638470.076485 729337.151768 491634.97695 6173.56468546 -9999.0 4687.99627279 28542.1031189 130519.768208 770479.448269 139983.585839 478104.281293 21432.9234921 502742.221617 577867.010391 624814.504497 20276.4686184 19285.4188918 344266.778801 470401.853835 513928.343294 17846.2102031 23130.2273211 694138.491544 467317.900626 356239.225322 17756.9100038 17775.7327964 306687.370481 96506.1810279 16520.4527582 15153.1793518 13754.6823269 481406.820616 720762.709998 783503.658535 824642.7209
-9999.0 -9999.0 -9999.0 -9999.0 -9999.0 -9999.0 240016.55672 515879.185211 783165.451158 541883.809414 139511.059186 490195.756416 781669.996308 -9999.0 0.00598313096007 0.0555769483349 0.0585731309622 91670.1033553 228501.550684 171372.89397 190972.430717 81961.1329164 138352.470351 119430.781828 19939.4320189 -9999.0 -9999.0 51007.0744861 18329.0430207 391585.117688 587581.954107 575937.379077 631904.813642 135129.802616 346648.046658 450940.215021 44337.0403114 144445.610872 485598.533177 16402.3833956 354880.865146 438117.534243 20555.6724921 626196.647631 605265.422424 527944.683542 17742.1633754 21737.896006 19146.6346663 14807.3397124 9644.02252487 12475.3555019 15228.3490416 11128.9674616 15110.4769969 20419.5966057 20231.9509274 12486.82431 461254.10644 30529.0720276 89425.6108097 407832.024985 432661.853208 162840.880699
-9999.0 -9999.0 -9999.0 -9999.0 -9999.0 -9999.0 -9999.0 124842.795729 647752.919472 196216.688936 -9999.0 -9999.0 225453.555941 -9999.0 -9999.0 31707.4866919 116450.678574 138639.995618 138771.208848 231937.070487 228759.567684 155654.671146 5347.14171329 20832.1538546 -9999.0 -9999.0 64885.9974543 -9999.0 517938.611041 389644.19336 460558.927099 503094.664725 44719.9687865 441027.347458 35972.3798626 583886.847529 484754.870797 581978.229527 356294.562741 484790.074604 651440.675308 656697.273278 636592.321379 738201.38294 584100.720411 604451.913959 632178.096554 355814.525754 19552.5089937 582938.796287 530788.122196 19529.5106444 15399.7676704 14023.6080649 16581.7883477 16302.0312293 20665.1278892 20926.673462 22051.0145248 20899.8243488 15385.7597759 22306.7814565 480054.978823 458724.044669
-9999.0 -9999.0 -9999.0 -9999.0 -9999.0 -9999.0 -9999.0 -9999.0 324951.373805 417249.749245 238488.410783 -9999.0 -9999.0 -9999.0 -9999.0 5274.78115902 1448.58334785 160899.157491 144292.047032 175816.978871 241440.125993 198293.703154 38909.4373318 3346.33678162 -9999.0 -9999.0 -9999.0 2145.57625529 139763.900705 331372.114264 443910.384803 23297.1236578 21067.9265234 19947.4957299 521210.32406 655414.136537 580790.834647 22526.8285589 832549.253233 566880.847893 759191.395749 685595.999385 759833.188653 767326.027974 777479.510783 860759.642722 824154.004746 488158.081717 609286.329485 733955.442233 39452.2960352 512941.638029 22527.5217033 22118.2798813 14102.78444 12678.0810744 15498.5587622 15484.5924249 359393.537695 510473.522395 587353.952241 729706.506351 21899.1847565 23341.6347176
-9999.0 -9999.0 -9999.0 -9999.0 -9999.0 -9999.0 -9999.0 61078.6770045 446464.949654 281929.795677 53125.0705307 -9999.0 -9999.0 -9999.0 -9999.0 -9999.0 -9999.0 46891.1086645 156712.3467 130699.951125 186484.972479 189985.667999 149344.476272 116694.663528 34305.4584784 10444.0807333 -9999.0 21559.6537878 4390.0213106 253553.504999 451990.619331 650634.443004 500501.412109 23816.7067425 726764.2764 540483.44515 593633.109219 649975.1398 341836.00922 706194.991853 720135.270669 714180.524579 315087.565494 582966.506167 792225.475903 782964.959289 561497.688022 644735.52664 605453.924997 560430.579407 546304.339502 535971.190623 634834.713029 596874.115616 664890.462876 585314.711586 444732.33856 22593.2442102 18351.9095402 534928.96866 544209.237794 266555.158165 20032.2502396 441381.098326
-9999.0 91492.5385997 197347.641227 26515.3074234 -9999.0 136120.307906 165208.847084 209110.199549 300346.729168 29342.4730117 -9999.0 -9999.0 -9999.0 -9999.0 -9999.0 -9999.0 8399.62390334 9736.8381553 95911.8249868 168112.994474 158743.299213 154467.144593 238939.691586 237721.657807 99144.114284 16284.636299 -9999.0 29675.3791385 96808.9619928 11487.2342614 403681.228681 19695.4333356 19860.9932783 22369.5551739 543523.502077 593187.891825 470493.225873 387641.943243 477947.660039 542151.150301 598781.638226 724518.198621 624562.358182 572469.655431 667699.913247 686987.333333 473869.326426 519056.999058 22835.4650086 471448.007983 644409.230599 513961.43643 533440.228849 439197.827111 501898.990278 719506.598531 798471.351633 669585.059203 615956.767379 18563.4767923 14204.1921611 14026.076505 377754.73214 22853.4948798
32548.963599 793484.912553 701934.256658 577128.405029 606727.426053 722787.594102 202686.977441 107478.311955 34163.5440759 -9999.0 -9999.0 -9999.0 -9999.0 -9999.0 -9999.0 -9999.0 -9999.0 15328.8190923 130297.953715 231135.788232 208696.857431 257644.802715 125618.904605 89177.0899139 39920.0015524 45624.1905427 18157.8200836 -9999.0 25785.8339716 38670.2706487 17503.3240447 397822.242727 22495.6014632 24368.1291705 479756.988786 335793.834128 21026.8635241 18702.6416354 16222.1685623 445536.22079 23576.5705103 720110.460451 566732.116278 473260.366075 652887.929686 517698.223707 15817.1291712 14390.6945283 14371.8655839 17406.2632569 452874.339876 600582.869784 677795.840182 691475.103297 847388.657393 770238.162621 879910.544101 877826.028817 761193.417642 450018.461413 24442.8522927 14377.5850214 12933.173399 14363.9793879
-9999.0 -9999.0 178477.286224 676582.113198 904653.408852 987632.641698 356031.750938 -9999.0 -9999.0 -9999.0 -9999.0 -9999.0 -9999.0 -9999.0 -9999.0 -9999.0 -9999.0 -9999.0 -9999.0 182129.025138 155678.251701 179291.932616 68223.8301915 -9999.0 -9999.0 1778.65262013 56253.5391145 21675.8740452 -9999.0 6282.7139822 153688.69986 11488.3568394 15716.4589097 11279.7186335 18759.6935321 554090.965497 455618.107977 18754.734655 10123.5686974 14429.3204538 21345.7208213 478151.374048 602724.863134 653725.992579 14433.3032443 14501.6229341 648553.180857 907539.43314 661471.013825 365659.96762 731484.571134 754131.348161 844084.024 717725.30449 759183.705365 780636.067985 809283.862461 723370.410687 725274.959661 875139.274217 781916.082711 489433.751707 102128.732763 24626.2067025
-9999.0 -9999.0 -9999.0 -9999.0 72509.6001209 556719.391803 205431.62931 -9999.0 -9999.0 -9999.0 -9999.0 -9999.0 -9999.0 -9999.0 -9999.0 -9999.0 -9999.0 -9999.0 -9999.0 65957.1717914 85520.6488 177924.39921 29087.5616856 -9999.0 16630.7874442 16583.3544022 23544.1541706 3677.6005988 7455.42184905 0.0 8177.51672062 6162.35161583 21456.43925 15080.5749295 13763.6123538 23033.3056694 16027.225076 319696.720169 285765.511648 12309.4040283 15432.6448059 20068.1267948 18595.6118346 22712.7194786 18804.9118577 385476.330377 648421.895329 487310.719906 338816.830917 177903.816943 858885.487181 916171.850232 179158.180358 618370.124079 666666.095576 678376.463848 857653.386608 748360.649926 938753.353683 911012.162457 131576.402332 10959.1231979 361249.300698 4943.83043359
-9999.0 -9999.0 -9999.0 -9999.0 -9999.0 -9999.0 -9999.0 -9999.0 -9999.0 -9999.0 -9999.0 -9999.0 -9999.0 -9999.0 -9999.0 -9999.0 -9999.0 -9999.0 -9999.0 -9999.0 6329.32222083 20950.9058431 19946.945791 -9999.0 -9999.0 -9999.0 7248.95728687 -9999.0 -9999.0 -9999.0 -9999.0 92303.8148813 70748.3348026 -9999.0 8955.67596747 7599.70989883 200420.618998 0.0 -9999.0 -9999.0 233802.304451 16204.6537633 13049.3067458 10798.2969979 84790.3990588 -9999.0 -9999.0 5531.58553557 835072.240087 193458.312401 702996.436552 774981.288246 564318.406062 4856.46729794 104066.107155 813976.942737 814285.478905 812010.297432 525163.433451 5336.88224177 379061.299141 345075.547047 553864.410868 453224.118835
-9999.0 -9999.0 -9999.0 -9999.0 227774.456936 149341.418585 -9999.0 -9999.0 -9999.0 -9999.0 -9999.0 -9999.0 -9999.0 -9999.0 -9999.0 -9999.0 -9999.0 -9999.0 -9999.0 -9999.0 -9999.0 -9999.0 -9999.0 22667.8737078 14740.8417303 -9999.0 -9999.0 -9999.0 -9999.0 -9999.0 27262.2531757 19583.251467 -9999.0 -9999.0 -9999.0 -9999.0 -9999.0 -9999.0 -9999.0 -9999.0 -9999.0 -9999.0 -9999.0 -9999.0 0.0 -9999.0 -9999.0 306775.893457 870870.770841 199171.682778 950696.533232 12827.8761617 11489.8277364 11883.3830678 681764.866161 686138.537447 507695.579572 791119.450854 5461.97160324 2689.12977671 3075.25323619 3849.51790846 5748.35676529 5385.12516577
-9999.0 -9999.0 -9999.0 -9999.0 -9999.0 -9999.0 -9999.0 -9999.0 -9999.0 -9999.0 -9999.0 -9999.0 -9999.0 -9999.0 -9999.0 -9999.0 -9999.0 -9999.0 -9999.0 -9999.0 -9999.0 -9999.0 -9999.0 127016.01657 138341.13385 221548.397758 222164.16897 143100.210562 71666.7352666 -9999.0 8744.51587325 -9999.0 -9999.0 -9999.0 -9999.0 -9999.0 -9999.0 -9999.0 -9999.0 -9999.0 0.0 29248.6946463 105312.709013 81742.0546922 5537.62873215 -9999.0 -9999.0 186730.017018 954156.985615 198194.721216 190036.06124 13201.1818109 11736.2679189 8436.16933518 6961.83315265 3665.48275666 733752.706291 4765.02248911 4266.08606223 1164.74364499 1937.39181984 2321.91930585 5410.43648689 562284.544548
-9999.0 -9999.0 -9999.0 -9999.0 -9999.0 -9999.0 -9999.0 -9999.0 -9999.0 -9999.0 -9999.0 -9999.0 -9999.0 -9999.0 -9999.0 -9999.0 -9999.0 -9999.0 -9999.0 -9999.0 -9999.0 -9999.0 -9999.0 -9999.0 -9999.0 23477.5735692 -9999.0 -9999.0 -9999.0 -9999.0 -9999.0 -9999.0 -9999.0 -9999.0 -9999.0 -9999.0 -9999.0 -9999.0 -9999.0 -9999.0 15998.8865375 32341.6669058 23984.3512401 1370131.65968 -9999.0 -9999.0 -9999.0 133470.792735 660100.512012 893852.988638 11733.9723698 9215.30912633 9937.33123414 7012.41623117 6649.23743916 8493.79358993 7755.51968132 638922.255788 4670.36530254 1557.60342206 1166.72494217 1557.60675303 3457.03033688 6555.4757701
-9999.0 -9999.0 -9999.0 -9999.0 -9999.0 -9999.0 -9999.0 -9999.0 -9999.0 -9999.0 -9999.0 -9999.0 -9999.0 -9999.0 -9999.0 -9999.0 -9999.0 -9999.0 -9999.0 -9999.0 -9999.0 -9999.0 -9999.0 -9999.0 -9999.0 -9999.0 -9999.0 -9999.0 -9999.0 -9999.0 -9999.0 -9999.0 -9999.0 -9999.0 -9999.0 -9999.0 -9999.0 -9999.0 -9999.0 -9999.0 -9999.0 -9999.0 -9999.0 -9999.0 -9999.0 -9999.0 -9999.0 6541.55156314 13511.835751 9648.48735977 7425.89811382 5568.04506443 5197.43645402 10021.3200044 9648.11765398 6682.45843649 8902.1163725 5818.28531064 4308.21096558 3466.08690967 2670.01337459 785.642187685 1958.66734641 4978.33313913
