critload/trunk/input/1999/nh3_spread_man_crops.asc
ncols 720
nrows 360
xllcorner -180.0
yllcorner -90.0
cellsize 0.5
NODATA_value -9999.0
[rows 84 to 111 of 360, columns 126 to 188 of 720]
81768.68010095195 0.0 0.0 0.0 0.0 0.0 0.0 0.0 0.0 70124.24788061966 0.0 150386.19709593093 97764.49600656242 99358.53504715193 60601.90070562485 33397.17482547541 10297.165578410939 13908.193008738703 10680.360148263304 6741.621711827622 3868.940118348668 11902.556247356613 80541.28307867194 73939.88190586296 64877.60110814949 77485.15296271714 128144.14520088478 202161.03717256288 197749.09647910958 124944.45542123115 0.0 0.0 0.0 0.0 0.0 0.0 0.0 0.0 0.0 0.0 216097.67712016052 331411.3553196185 190646.1886541659 109874.8031122232 115910.40376566601 26610.18085415454 65.29928887991731 0.0 4933.22761582114 43276.19797145359 0.0 0.0 0.0 0.0 0.0 0.0 0.0 -9999.0 -9999.0 -9999.0 -9999.0 -9999.0 0.0
77686.58252697598 0.0 0.0 0.0 0.0 0.0 0.0 0.0 0.0 31217.22073615436 49482.945067860775 70062.05854917207 0.0 76157.41821029865 120106.89630778541 48523.21049064931 32712.204120122773 22806.023020077915 10863.380247781315 25764.497687429077 15182.591040095398 33689.531426116155 51491.68986364068 92352.89565044908 75518.35535936282 60624.97027758081 146785.96682173474 182040.09863735054 173142.30126234167 150155.26561572505 151736.875027217 0.0 0.0 0.0 0.0 0.0 0.0 0.0 0.0 0.0 89324.93820092242 214531.77912451763 44727.23352092131 117812.2876382785 128052.39404501469 0.0 26401.04282047524 34171.65789501928 0.0 26683.665239393405 0.0 0.0 -9999.0 -9999.0 -9999.0 -9999.0 0.0 0.0 0.0 -9999.0 -9999.0 -9999.0 -9999.0
152054.28185810015 13118.418830861623 0.0 0.0 0.0 0.0 0.0 0.0 0.0 0.0 49391.7377690516 0.0 0.0 0.0 0.0 0.0 25273.758552003725 36233.88642259496 10937.095543371408 10709.432137033671 2748.2617149223333 50403.748807930846 31001.107091117323 45628.07030861873 38224.50025701125 78839.65076027221 223044.66827899616 178045.9239427259 0.0 179310.02921864725 149031.6488498272 133618.0923690101 163364.5507830335 0.0 0.0 0.0 0.0 0.0 0.0 0.0 316491.76847572403 466310.6787068431 224397.12170585775 209331.68357321844 145200.85358689408 191134.99101372078 81318.55386465772 73157.42036277983 0.0 6284.466984655851 0.0 33667.43591280197 0.0 0.0 1190.298706381494 0.0 0.0 0.0 7623.8908257948915 0.0 -9999.0 0.0 0.0
98715.35209007279 238047.88636479495 13257.692987512824 0.0 0.0 0.0 0.0 0.0 0.0 0.0 36089.977041513084 0.0 0.0 0.0 75962.95681687995 45409.00426130459 65494.84218176168 24076.02567302918 41308.237325667564 64501.51337506705 45257.1105764188 42986.16956100905 39663.17931024994 42026.34521271321 54949.087424797224 39486.851254462934 161166.06994292163 183565.56219206468 209373.7412556757 147387.58512205008 121369.05420137395 137992.19097205083 133966.97146524946 125507.71212407772 0.0 0.0 0.0 0.0 0.0 0.0 0.0 333950.8397369853 175871.3355869316 244135.30219152413 170259.31715562695 272278.61335686024 40785.938508938845 35451.451582971786 92698.6877989511 0.0 354.48911192502436 4943.904374284253 0.0 25987.246829737127 40023.39855847116 7522.841930793217 13479.749188606538 6141.936114149433 2473.0020649803346 0.0 0.0 0.0 0.0
1042.726606579457 45279.45909286953 0.0 0.0 0.0 0.0 0.0 0.0 0.0 31708.550270079428 68079.6693138501 0.0 0.0 0.0 43431.98236166932 63322.93276390184 112441.09259110602 94498.88883426317 101997.79832176944 55961.254334208395 38941.00600766397 49450.03214168125 34939.251264391794 49633.030493403625 53483.504705557294 49769.688318607026 123822.23655632914 224866.96754102016 316600.44245779986 221582.86907515084 246903.6231335923 270669.10124502855 0.0 0.0 284399.72270112013 0.0 0.0 0.0 0.0 0.0 0.0 137002.19801393215 261476.78598387598 236181.52282983772 277542.2735423405 504449.94423803565 274220.4393038789 290488.0120026048 153347.50764489453 79587.07571237428 320605.40146040893 31516.053006545662 100.75303297932018 0.0 95226.48344515836 147657.66236180384 0.0 26526.444603451586 9182.498346135908 19081.20233558841 0.0 0.0 0.0
2078.921698507491 6057.799549753779 549.2349214295506 0.0 0.0 175.5459929948735 18900.941023895914 0.0 68551.29023589389 85774.5592378196 0.0 0.0 0.0 0.0 0.0 0.0 79051.2655132996 32225.03619339599 61096.54179813499 37942.512696176396 29969.795938354066 38032.31925778064 27527.29079710439 39272.55559566605 27053.83035607999 24761.345453634694 62850.26203554056 137426.4411360251 155007.75997139898 159634.8948572501 175892.18209333645 197457.75221868523 0.0 0.0 0.0 0.0 0.0 0.0 0.0 0.0 0.0 260441.94749201115 229045.60278314046 234304.98280379063 334052.45400142996 527400.2504965174 562393.9249303701 368559.0020859766 360058.6289566532 432385.7224574632 474199.086007432 237762.86805007356 137593.27810372386 167740.19416097822 211646.55345584056 216786.46974086066 24322.974553815555 114582.6957834203 97025.99535648242 0.0 -9999.0 0.0 0.0
21415.599100873573 40017.66448788002 0.0 0.0 0.0 75.9967270669278 8415.394178572988 7773.222057473789 0.0 0.0 0.0 0.0 0.0 0.0 0.0 0.0 281708.6643714829 0.0 0.0 0.0 107036.42075096478 82586.0402251333 82919.52366709108 62616.76259594536 63312.18113976824 52538.87785513463 293816.1312621589 282749.42649422196 131149.533878037 216588.95064123516 361844.86514739663 156522.77368123023 318581.30557930376 0.0 393157.04409475945 196857.2264465627 0.0 0.0 0.0 0.0 0.0 161991.0555737479 294658.31054234185 200956.03857816837 238905.1043663016 321052.9474422879 388754.5505729154 328694.8978660424 404321.5281222914 382940.05486952263 530873.6748327323 504510.29379277694 383302.59811767895 561916.8033332331 332446.96022786543 190637.40588930793 204233.75628516762 475249.49098975724 116757.50394519065 0.0 -9999.0 0.0 33882.706500556895
99383.2284163427 10733.97998942549 1507.3028144859566 0.0 0.0 16.26496460923957 1843.915239159074 884.7858877891185 8177.627729065915 26792.108887460134 6482.730923741989 24310.742294596355 0.0 0.0 0.0 0.0 32165.863778109106 0.0 105692.4296469176 0.0 65020.52923815778 16683.263328707082 28161.68704875502 57714.734760659696 47807.57281242357 102103.34160965642 0.0 221699.74549658562 333112.64752599155 313876.9322545643 224179.39783573503 432337.15376718814 476264.89006251056 722117.7743898759 275290.91023126984 199917.08226219722 0.0 0.0 0.0 0.0 0.0 165816.7201886872 5517.554805017138 133790.18793301482 226764.68754942977 253606.87281167225 323736.10292736016 258883.7790896351 270152.12910891225 227467.75126934226 227968.91165405966 572634.6058973692 258770.94627439257 140383.42309493574 269495.49311305885 356426.2796940325 570456.8453758276 367398.42406720406 584639.1837211311 -9999.0 -9999.0 16046.433123844825 6680.794217580407
418258.84339991777 102154.88223938363 20396.94157534203 5255.334244645545 678.1841499052397 2480.907081568845 6950.816546414069 54559.639653345504 51524.51750176581 187646.58167866035 318830.2437536915 94545.35628658629 0.0 0.0 0.0 0.0 20979.40066531726 69152.5579992728 27707.495799834214 28705.89958897207 32880.22425133457 18029.35504478503 12889.653769786033 19728.70284930867 27085.93842815889 20643.310442406833 40545.48548065632 100498.36914742806 112002.49782098865 91047.8085176285 242269.75918435393 198781.73422531234 245078.0517642257 0.0 0.0 0.0 0.0 0.0 0.0 0.0 0.0 324702.45024545176 175645.1327232794 101941.8280145976 218826.68584166016 195931.86112887735 186464.6041783832 293028.5328780251 264689.7096461555 66013.79426995912 109196.44927690244 164770.57208771614 401283.1402824137 305982.30121006595 240266.948442256 342236.7573113961 756763.477004993 360864.7932952209 183931.36911509873 -9999.0 0.0 48065.27198784773 21188.124581983462
81033.46999149425 63629.87730505042 52158.58901964243 29392.545946628103 59243.14725508503 39163.2068231262 22514.908715918376 3601.237456582842 161147.9871430703 241673.33142591445 33514.591161076365 19844.271690077843 0.0 0.0 0.0 0.0 161112.01250948946 105468.55632186607 7322.9309058174695 21326.891593290853 3896.9717431483787 1628.5984942354717 3595.309283899767 2094.8388085516654 13437.669346757528 28831.19377918476 131848.58935546534 221294.73165222077 59102.21674930218 180840.67461853198 256068.50435151043 242597.79913576134 0.0 0.0 0.0 0.0 0.0 0.0 0.0 0.0 0.0 319683.66914156236 227426.40647004778 168440.6092706027 122924.99647034219 66402.76952731163 122216.7100383186 295970.9398575832 259122.57768778154 117405.26776247648 653.0836268833084 371697.64768755506 138218.53198438734 333864.47546410933 470218.20313785743 663166.7480394512 798390.6424263173 758683.1595516702 0.0 -9999.0 -9999.0 38502.19769736586 107948.13825023585
1928.0589583754409 28749.5095507994 137579.78939956697 60102.840370637794 411779.85810912057 314233.50127067306 311422.2103543527 80196.90726657106 130433.20137436518 78962.17856573888 47286.52921424326 9921.933355622445 0.0 0.0 0.0 0.0 0.0 10156.553234628784 1115.7831071075136 2839.1478341581637 33817.76719092449 36536.08397800219 38164.668473592756 63651.91642067687 63797.2703805748 52938.76329624229 127122.32179262712 247183.56319596808 422888.3290000863 393938.39698277786 293573.58602857485 282097.8899696306 213551.19373855088 0.0 493874.74370998045 343898.7551654681 0.0 0.0 0.0 0.0 0.0 432086.82438060717 128008.23220826639 32683.544130805363 135665.98878324035 104018.91597207275 97789.37689416017 115565.52650776946 158461.4331728504 335409.6425715921 116038.35380937655 1022089.7902825435 667616.5370094278 551733.9178975662 568134.2031805181 769009.5718163146 857874.8089127216 930589.0202667599 0.0 -9999.0 -9999.0 0.0 145371.476056817
433.3213578026742 8804.954916814266 1588.1516398888316 4024.6637149060143 53201.15405504258 102649.97915334551 112055.81248828155 84123.4896643359 92103.80065005498 84424.84113442231 65809.98053626834 25805.087182097715 0.0 6926.392479820388 0.0 24281.266418598276 438.0532639950331 0.0 2255.3362592600242 6288.965892497676 9834.105154632929 8053.442817608254 29979.235882756733 44879.03078791873 89808.84514427755 112694.88074580765 147423.78636567772 592034.6798902185 605241.4096855893 208272.03571430073 210451.89988823107 168342.38506725532 122663.08168228308 111596.13336459378 0.0 0.0 0.0 0.0 0.0 0.0 0.0 407098.5163236533 204301.52985832433 216779.3031766362 215006.50046804632 272230.6861479395 292423.2155258117 238427.03240024904 86526.24291843708 282289.34065440955 344641.5154164581 197741.5062783391 2168456.996020389 49174.83528186068 89540.58603640416 91867.11999694798 106429.1776263061 66481.31381862197 0.0 -9999.0 0.0 125601.23412504475 144424.97870279054
0.0 71857.53966881754 63753.84469691276 35103.69636955338 2991.7604962323635 15471.007122353787 21796.606301118598 7886.231740960632 77253.08056092754 346545.01246661885 193994.79327559547 45198.59554741341 739.6123890266707 1142.5565543464236 0.0 0.0 549.3339547525949 0.0 1180.535774983115 1494.616426371196 12046.152734133011 44445.459726753 31428.361266417647 30362.387794677154 117857.83397707182 205190.50092763183 1282874.147882274 1027502.5911531114 397500.49275514466 220005.01820177532 224748.28517818393 256739.19456674092 151856.14857905192 198685.86652525797 0.0 0.0 0.0 0.0 0.0 0.0 0.0 0.0 355004.6212225502 332292.2827793437 252714.93256614826 386131.30469762697 399356.5287385019 339910.6633065599 282787.0317114251 274327.75756660843 350438.6212014724 390382.9484719701 456871.9532737017 99766.67740088196 96592.86564378666 96784.0844398262 107686.73315454209 58543.28338322175 11878.170820314064 0.0 209674.3374221542 165014.74496751276 166311.14905956452
19946.557022266912 57710.93197797735 41248.06579810161 37445.14476180351 7438.213604875929 3867.856484454545 0.0 0.0 628.9822454662919 162672.12396077573 47797.06760375784 20192.03731294559 2753.4158448426774 50308.916281935846 0.0 472.6744365651679 0.0 0.0 5015.965306648208 0.0 0.0 0.0 112105.01257148996 30236.037224000072 54035.01710725793 206546.19706795926 363538.0564148252 574948.7330144243 762872.134322128 775139.2744786903 583662.2316089884 542303.8885172928 449910.4940650877 590894.5872047712 0.0 0.0 0.0 0.0 0.0 0.0 0.0 0.0 461585.254492413 330721.5825023791 245943.41506545103 252722.6372832879 245660.9713288493 247318.0682357104 260969.10167769776 258022.18312056342 318327.2929210474 437265.59629893955 93850.71950887052 95666.70533029005 87825.56460213443 109650.62390633218 102325.80152875863 109714.10609714888 116610.64785660761 352597.01611905644 316097.0086265514 405434.68785489944 386271.1493962397
37647.919968280454 30456.76998099752 70991.10237712966 169043.98351113428 7655.114217094882 0.0 0.0 0.0 14100.883826847936 112817.89024488082 23415.987039377625 13674.309784407142 1365.6632727991903 2405.94993926312 12267.907818113106 0.0 0.0 0.0 59652.40181201159 0.0 0.0 0.0 0.0 0.0 254752.48101840456 232863.849054531 213112.43561225646 281204.5596418846 0.0 0.0 0.0 0.0 483359.0580910403 0.0 0.0 0.0 0.0 0.0 0.0 0.0 0.0 0.0 386421.76333245484 342625.6495639498 247566.3137781014 229048.39674451918 232686.84189060825 233016.70407099253 246391.68774633386 276132.98459253774 305858.1229624404 462571.3823365859 98569.02859700705 72428.1288853358 105886.78656998303 118562.15867390366 85645.474710384 70653.9264437636 73807.073307159 230627.30604923095 377475.4534643595 385990.22905094165 383346.592061034
4584.185091132063 17271.17111485072 55224.26545913667 50524.42034254487 10017.282998215956 0.0 0.0 0.0 22820.992864728625 56827.831006148626 205627.99026405255 17651.559743850787 14980.008610038863 229283.59719172705 192990.2942101092 45247.01266273682 5606.619206988509 52305.56937500168 0.0 0.0 0.0 0.0 0.0 364371.17711087334 0.0 0.0 363975.8164630674 242544.6999886543 0.0 0.0 772651.9313862392 751906.604328215 748120.849217796 0.0 0.0 0.0 0.0 0.0 0.0 0.0 0.0 0.0 0.0 145229.02676790807 132928.51283338031 108939.43412926997 115891.50824702042 111515.50855257371 90158.1712138387 120565.36247468012 142888.84617661056 99574.59545684046 59535.12170555745 87314.86277382124 108176.14768787115 90886.28109649992 82303.91218410997 85300.25264555513 97741.7214064201 320995.37642740726 398121.03792353836 337525.1002088102 353877.26752298576
2397.6550906882394 33347.119830379605 41296.242065498984 161.02043775412568 10030.859063051437 4763.714504822922 3258.4090536763115 211.87476476625034 8209.573525453001 33551.451540412156 159908.5523153817 35772.49551210693 9886.139104077274 0.0 121.92884748600501 0.0 0.0 8500.567424642148 0.0 0.0 0.0 0.0 0.0 36607.73927778545 287789.04137005593 376234.95848562225 492807.12462355767 0.0 233581.44226143157 424354.75975366024 1521779.6186314523 0.0 0.0 0.0 0.0 0.0 0.0 0.0 0.0 0.0 0.0 0.0 0.0 0.0 176754.9805705194 149073.13185860086 126248.93590743653 140288.35119509196 119178.01135723083 135197.33201503652 145882.1694035637 96982.4003441069 72097.57716160595 111703.82386572186 101295.75903471498 88855.31553636708 77085.4863796414 86152.05354509469 78439.42205299229 354876.5988803242 309622.560381492 255045.64797695776 326462.1954251405
729.6033356574135 2975.150768081301 2402.982003817508 104.14864350348627 6619.918590498615 3185.675618707055 981.2406008929813 0.0 192172.00217672507 83223.56706027109 199710.29371814025 26644.226739932365 54414.02515811964 9170.797017063102 1219.263837570708 574.6247244676853 290967.44111868605 0.0 0.0 0.0 0.0 0.0 0.0 4283.078246023814 76577.16540691887 89319.02416135476 234375.1123806772 356041.53304998484 0.0 0.0 0.0 0.0 0.0 0.0 0.0 0.0 0.0 0.0 0.0 0.0 0.0 0.0 0.0 0.0 150024.09682042306 177987.23964336782 180296.5673917677 157017.1609460543 180226.33451804513 176604.0753556102 175838.40369119772 180787.58483248024 72723.6417522454 83422.00850334445 75308.10948632924 85989.20166591939 73228.07079088868 84672.88059036621 93669.73117906536 367170.4589755993 142581.87525754207 116397.4384735819 306285.1920754844
6311.93792700835 2093.3244893391943 14080.663503681433 282.98342775483786 12470.418254441018 13081.325023372772 0.0 0.0 24943.585359320732 129425.28128895989 39519.54129810962 3467.8736824833813 29.878642412055587 0.0 1893.5428213779464 2506.9892587137533 0.0 0.0 0.0 0.0 0.0 0.0 0.0 0.0 42531.07825700896 92162.67825169305 130797.40407748011 176560.38224712235 332295.3350091805 0.0 0.0 0.0 0.0 0.0 0.0 0.0 0.0 0.0 0.0 0.0 0.0 0.0 0.0 0.0 0.0 183572.39937546517 169368.86294204608 171634.81951889893 179014.93093656472 163140.8755992199 96910.32441913418 142390.88425048703 148709.1213616575 96400.34352899363 113114.68856305568 67537.18939002618 70374.62056642826 70325.47757844017 93486.96378576955 253990.01116479878 99517.2573318367 217646.8505481245 241620.80406955007
226.5430378850896 1591.2583733753108 1449.7161673851067 1987.7616868145417 0.0 3549.199536934701 0.0 34837.829552789335 39494.53108985843 23802.64625506886 3627.0424341205444 818.6479757401154 122.88892009273832 0.0 2288.7837293863954 34288.96831806854 72051.93736294197 0.0 0.0 0.0 0.0 0.0 0.0 0.0 84983.51518613475 255560.26319303503 396129.6282338505 250878.94010833272 344808.86258722626 0.0 2447824.6731179026 0.0 0.0 0.0 0.0 0.0 0.0 0.0 0.0 0.0 0.0 0.0 0.0 0.0 0.0 148825.80433247413 129217.03517291634 44147.05625320419 44757.05860180966 90191.92622039348 51766.414569439585 1285974.7700050806 1504798.0785919742 84217.25586260112 97998.26465763297 78602.16939014242 75413.05311722774 87931.69271892027 348148.97745498427 264831.57559254696 200661.66686566986 201160.48751240733 47692.45408910726
0.0 149.00138446456302 0.0 45.673521695136046 67.00113155687123 3240.105507176003 34508.91007018316 98223.69426654032 60635.09744952704 13925.174641015066 3190.0589811827854 7150.856650962551 219.3339824270776 209.152387700967 15757.538891116847 88042.18415442052 0.0 0.0 0.0 0.0 0.0 0.0 0.0 0.0 215857.48352269107 10619.26850175107 156018.64914794712 66145.63786623994 259102.94406453965 694789.2212075437 2885401.053216228 0.0 0.0 0.0 0.0 0.0 0.0 0.0 0.0 0.0 1434743.4285908036 0.0 0.0 0.0 0.0 162328.16545696868 112721.58083281106 119340.21463671672 64476.71441009366 20263.786648467234 47994.04292027233 4246.579579515576 27448.18673604376 95934.22721348701 164596.30413750903 71382.01332552062 75991.04914489448 67635.84299706308 71832.69590327912 76856.44884835818 40311.082092845 57120.336738799284 43552.13793918917
92.68520154536787 145.5427094862763 36.223976136508966 13007.051143216388 398.53521366126904 2490.694483339518 257955.3022302627 37899.646108361994 50425.74361277158 32446.181778896524 1307.3916519236445 0.0 198.89696592131827 0.0 0.0 0.0 0.0 0.0 0.0 0.0 0.0 0.0 0.0 0.0 0.0 184866.19330802318 53508.31773152923 85787.99855687456 343057.4251985477 724042.5271024125 2373535.0207466 0.0 0.0 1222857.8756399557 1159565.9868066877 858120.7645376943 0.0 0.0 0.0 0.0 1797188.3336166602 1604456.8283944011 0.0 0.0 0.0 176965.61465970273 159161.52064843467 162629.309092523 129808.05271258733 94784.14101895358 53942.13717515913 0.0 3053.220986635597 33241.32206046964 191323.60007049894 94330.58170967705 95157.50640383382 45201.89677825944 39303.44814785451 44186.406784894956 36319.00532697301 47300.42528365978 55673.662293791574
4023.308409610007 0.0 0.0 430.31780645958673 2290.910585806699 25695.14504574129 0.0 0.0 0.0 0.0 0.0 0.0 0.0 0.0 0.0 0.0 0.0 0.0 0.0 4935.814975439378 0.0 0.0 148588.8121133991 0.0 64686.129796898065 103845.97030892392 50995.80090159268 151805.56187034483 529976.7369957924 742296.1999605518 493486.4457776825 1075048.3887028734 871596.7912530848 366945.3416759152 551150.6368883131 346382.53573597886 0.0 0.0 0.0 0.0 0.0 0.0 0.0 0.0 0.0 124145.21292169567 119401.36616738928 66686.22394143853 62177.69919921479 54927.905890360555 115438.22441492756 25098.64043768426 49074.95147500895 120018.69323206351 181645.9440356686 172455.55932355698 73055.7547446522 49518.05425705648 43556.549779216344 66597.79632713448 65956.39358046258 65437.01848303335 57018.82267061588
0.0 5610.274453624797 31273.7958695753 226.67875373812916 29.19592909334957 74.6166893037817 0.0 0.0 0.0 0.0 0.0 0.0 0.0 0.0 0.0 0.0 0.0 0.0 0.0 46865.29493419758 0.0 66628.33317865954 74618.74529959497 0.0 198268.79772935904 31770.61154228794 74205.59406559066 583142.6515141547 912135.2929124023 0.0 672490.660147768 654413.2651471117 473544.9509435315 274972.08350537287 380799.8301668633 500471.0181270593 620746.1576659706 0.0 0.0 0.0 0.0 0.0 0.0 0.0 0.0 81403.89171307559 43691.31832026279 47553.7428540452 29066.51481606345 17217.12219741755 26343.53658697765 26283.67971906961 87274.32233277391 120585.2886389225 157424.62844028138 95829.94970480197 86199.9656274183 57337.55935787958 16551.223266380723 55403.23204652447 48188.3161945804 86192.47270825956 33566.14398531996
0.0 36.13615841822416 643.3057143297028 723.4382794126017 0.0 0.0 0.0 0.0 147451.507903133 0.0 0.0 0.0 0.0 0.0 0.0 0.0 0.0 0.0 0.0 99.83645854824509 0.0 76591.47306313069 0.0 0.0 90263.92019661078 22046.517495263106 34528.678916442615 138215.91373616215 314719.0247105437 757528.3331678568 400449.8754873743 154043.74347767935 216944.2411264986 219510.43198636943 353356.2318869834 615146.7937222687 0.0 0.0 0.0 0.0 0.0 0.0 0.0 0.0 0.0 34341.16151912117 14647.480966871877 732.1003211758845 11927.195499084031 2931.7057960067614 31535.159421778502 91909.52926465902 97841.03718672338 116454.52396693188 86730.42656661192 87396.64134206389 86414.82383393082 43634.94456871383 11968.3810813743 46249.06287199174 94581.8694073332 74976.36765061095 60254.51473167332
0.0 0.0 0.0 731.4101930435185 8379.763313350524 0.0 0.0 0.0 229053.4403922325 0.0 0.0 0.0 0.0 0.0 0.0 0.0 0.0 0.0 80835.20250128697 36889.9784782085 60752.404717504614 202475.12222841516 28448.928698883705 40031.925816220486 4848.232946054656 0.0 109982.62901492867 126904.88873302129 423958.9239331255 284916.74212265655 230301.62124742795 469466.4562238521 141801.54509321597 266794.6954208834 646685.221707507 0.0 0.0 0.0 0.0 0.0 0.0 0.0 0.0 0.0 0.0 73852.99897708333 59269.38894235847 53680.06888883141 66184.95396334304 85783.37361827603 88443.90586568837 77083.68514563887 100995.61630601 104761.50349402771 84444.29374358126 70316.97023703561 39994.87447857402 49465.32605202952 21204.096734428982 57959.992020811274 55895.317878148024 47762.15498262057 24840.136421468036
17127.978341766826 0.0 355.80407975990437 0.0 45957.54305754239 0.0 0.0 191038.11203156164 0.0 312279.7498681318 0.0 0.0 0.0 0.0 0.0 0.0 0.0 6466.816356273694 0.0 0.0 0.0 235269.3151791212 9113.782027456704 0.0 0.0 109832.43410768677 370674.32555490325 904046.8922085327 0.0 0.0 497042.0202625737 153678.35195122185 271339.0242135237 389994.9262198112 708095.5242033582 0.0 662305.6104783623 901759.2266525667 0.0 0.0 0.0 0.0 0.0 0.0 0.0 22393.939836168694 3460.5069943013 0.0 14450.13549109208 71596.45702262096 105408.8060978804 97061.78133839516 114223.19116455418 57043.65966479338 45933.30351776244 23469.786445837253 38124.497254336246 10553.106976098532 0.0 0.0 0.0 0.0 0.0
2852.654916454411 2462.50779000163 1816.0870222032647 0.0 0.0 0.0 0.0 0.0 0.0 0.0 0.0 0.0 0.0 0.0 0.0 0.0 0.0 1148.9659909967668 19584.552521047815 0.0 0.0 23568.364890975427 57253.78224727513 0.0 0.0 0.0 265423.5510636177 1073439.0864220576 0.0 0.0 0.0 598932.2073765724 144448.4477999772 322377.0154911628 338898.5691788688 1094877.599900818 0.0 1239980.4935986993 0.0 1430154.7718006505 1462400.6934772427 0.0 0.0 0.0 0.0 10902.020734093157 14121.960401334258 22922.588180960032 11171.374255034416 27251.900744937477 148296.1434348092 132309.05947096922 69192.80526100616 66581.79298033762 45098.0283969042 46538.93358616613 72201.79613609577 19397.743796760064 0.0 0.0 0.0 0.0 0.0
