critload/trunk/input/1999/nh3_graz.asc
ncols 720
nrows 360
xllcorner -180.0
yllcorner -90.0
cellsize 0.5
NODATA_value -9999.0
[rows 196 to 223 of 360, columns 384 to 447 of 720]
-9999.0 -9999.0 36453.9688934 16023.7911701 12994.130836 21358.2460729 42390.6773624 50353.0683903 11629.6523994 30811.4117954 15519.5202819 15517.1281668 23274.8061784 34630.275098 57411.0925127 87737.2895704 56682.8823838 62074.086142 104737.114028 42679.7852302 0.0 846.906171485 1729.79998971 8451.47192011 12559.6329745 14815.3385563 21319.8381653 18655.0261084 19113.7335169 17730.3075131 14542.2544459 16898.0176429 12680.3159677 4049.3594118 7908.61325111 17603.0587041 8213.07280664 13021.5705193 287278.679293 245156.541856 228507.590167 119296.091319 351684.16749 373608.030766 370932.533315 395513.441879 71672.2039554 237901.023926 233720.721021 190589.904209 250405.797736 423397.376882 421068.983553 302214.410913 150779.889087 -9999.0 -9999.0 -9999.0 -9999.0 -9999.0 -9999.0 -9999.0 -9999.0 -9999.0
-9999.0 -9999.0 35541.6254828 79547.8444666 0.0 31943.2671745 49935.5308307 79752.0643966 34826.6378634 31392.8012978 62226.2862411 27107.7693766 7752.73844024 30429.339815 34026.0243872 30994.5290419 19373.2326752 38733.4358462 57190.200885 19364.5582974 2109.87921546 2109.87921546 5974.75669368 12551.6614433 6330.1050736 12861.6286536 21949.5528554 17947.5768105 14525.0750757 0.0 8438.53211558 10550.2910942 9433.34001884 2488.45810685 44201.1955505 17559.7130478 7197.25698263 52210.5561419 75645.6142107 256032.45222 471787.612153 560402.712823 462116.943263 489867.845282 395617.881219 214983.427435 307184.936011 91031.6787968 331361.355152 83211.07312 310341.192797 296035.61721 406669.218312 580393.524018 241265.831292 -9999.0 -9999.0 -9999.0 -9999.0 -9999.0 -9999.0 -9999.0 -9999.0 -9999.0
-9999.0 -9999.0 77333.7264081 79530.9745871 9692.58070806 27640.077609 71741.2751126 55354.2483011 40592.5709094 19241.027217 75634.5867631 50292.9792115 11597.4741325 7742.28460472 7731.86768886 26650.9047899 38670.5606265 67177.2788947 29653.7397546 14413.9205602 0.0 5963.47420707 14495.9570696 14028.1248708 7971.65491773 6322.81480246 14222.9175773 27735.3588672 12728.7593832 2107.45235002 14189.5192194 20495.9484592 12474.5725359 41530.9530299 81904.9781675 48800.5159986 69437.0924511 75443.1502154 103291.01265 103611.60545 147280.428968 526515.475629 546425.419667 260359.501619 364346.234058 92432.0964479 303460.760564 110896.62205 190387.446876 114309.909596 283128.509009 266048.482062 605352.308668 647840.935865 238848.912973 55762.7819302 -9999.0 -9999.0 -9999.0 -9999.0 -9999.0 -9999.0 -9999.0 -9999.0
-9999.0 -9999.0 51185.1878124 89442.1954505 32439.7023881 73380.497511 83253.9555917 88836.183742 91381.5114392 27030.6672021 26021.1694853 43753.5004399 30516.7537889 23173.5136183 3862.76780975 15448.2834566 40460.2064179 37910.0945601 33730.5457892 30895.1406303 6309.9996326 2859.65877183 1781.82236305 3199.46792834 8200.30582124 4210.85682584 6313.16482059 22263.3323673 7714.48761482 17530.6439646 12100.5717516 20460.0117287 1099095.23813 69819.9488643 67007.571458 46893.1144196 86132.8095966 88939.9453728 112516.488126 125879.237699 160022.790228 149272.969636 288914.113592 59028.3422674 187415.414306 248335.774327 157034.735192 85652.5522945 114184.372455 285453.458199 310445.601386 229412.019436 541455.235342 328108.318144 234060.37948 88189.584278 -9999.0 -9999.0 -9999.0 -9999.0 -9999.0 -9999.0 -9999.0 -9999.0
-9999.0 -9999.0 0.0 92968.538644 0.0 66647.5264429 84874.3719881 54008.8928186 61712.3316755 42436.6539679 19129.7097858 19275.7048749 38541.0436856 45989.6164023 15430.1736685 18829.5557658 76990.2781472 72592.4719312 38556.6422404 38579.9378471 31505.3379134 1906.02259429 3243.80713746 2101.71612262 1260.64746076 1699.12530592 8343.81633611 11765.2906444 17057.469323 18168.3870208 20070.6546417 8405.20326474 12106.8581545 71241.9261957 68448.5330042 53528.416685 40866.1401144 55617.772361 65525.7989609 137652.544956 144621.150375 94346.2448206 112142.387682 221833.389928 37668.562493 278983.808585 218768.777639 140746.184097 91639.4883884 199531.905832 228071.649263 175091.398327 606126.000779 187547.330215 139431.840609 129046.115609 62015.9076086 -9999.0 -9999.0 -9999.0 -9999.0 -9999.0 -9999.0 -9999.0
-9999.0 -9999.0 -9999.0 57961.2232335 9700.37939888 88234.4057771 64888.9340183 95146.3384362 100134.65742 80854.4553126 92405.2212035 65449.0885183 23089.5266243 19262.1463053 30472.2196971 72146.9590941 86133.2884543 72866.5648532 38058.8164098 26943.2574774 14935.1233949 1677.059592 5107.33672736 3988.36131655 4192.06905912 6069.93242619 14506.8379558 18218.469704 7346.04303961 10537.2325359 13909.9876866 14073.2956792 7893.90712569 78968.3297817 82597.5048523 61964.4406021 77639.788202 100149.971498 111814.623709 89351.6740315 46921.6253458 0.0 86823.4598913 109207.295975 29345.7342875 213497.840199 177180.179484 89393.5265433 115385.172753 116188.735905 224504.131991 373313.727436 448885.527263 163114.32692 122369.480055 159430.936243 17846.6687344 2425.92865011 -9999.0 -9999.0 -9999.0 -9999.0 -9999.0 -9999.0
-9999.0 -9999.0 -9999.0 27305.8279033 78848.6098942 74685.8404801 105307.899856 87948.9603045 106441.31638 104322.667827 65347.3584951 80747.6725207 15382.5455704 3847.28454177 26644.8002292 49871.5487876 42153.3985623 69069.7775547 84426.480898 98728.3479326 56819.3297013 34154.5169818 58785.8618854 42282.5293793 39787.1633054 6276.24736549 14523.6748209 20733.1035789 6283.33465486 8755.61681586 20404.3463444 22013.7988491 8252.90614254 96121.5651237 100667.157385 58681.4992728 64288.518999 86636.4579986 96129.368558 122023.912723 15724.2956922 0.0 46255.7431871 55755.8754244 47346.9385514 24022.2641848 125886.905803 202395.413834 145743.567451 170935.009728 88904.5284479 543224.757309 710272.312245 710315.619136 27589.8671802 9767.52737656 6213.77825048 0.0 -9999.0 -9999.0 -9999.0 -9999.0 0.011248440827 -9999.0
-9999.0 -9999.0 -9999.0 54788.7702045 83324.5424916 78369.4394266 97726.4131726 102497.554925 91222.2866439 95719.1187274 75514.7499471 38362.0551017 7661.07424774 11512.5397665 23025.0478378 48082.2351336 34251.9157723 64754.9912463 0.0 0.0 99637.691817 72214.0185647 42227.6357714 23036.5315923 33884.8077686 35627.2361827 57017.2500387 16722.4156314 10443.8032435 4172.75202214 15373.0862145 9967.39161153 10453.3409215 82795.9487559 60591.1088601 63796.952185 57099.7961828 74731.5347589 83921.4012287 42566.0379264 0.00093611328953 12892.1716804 110820.358104 0.0107720664727 22223.5123789 1737.59799154 28651.2558757 34692.7025185 35741.6616171 35847.3574735 41364.0160626 47912.0782973 47145.4997878 48028.285863 43350.3845799 14600.4572146 13197.2197392 -9999.0 -9999.0 -9999.0 -9999.0 -9999.0 221062.842583 -9999.0
-9999.0 -9999.0 -9999.0 75696.8807331 97964.3429431 93719.243531 94240.9843131 70533.9299727 76481.5153209 76793.931125 87162.1338821 38046.8944256 22966.497094 11365.0546557 22641.1553003 34486.7673489 7335.98392567 59692.6097606 56634.7166865 38375.7313266 30037.290402 68941.0224124 26818.3868405 22982.2945273 21345.9892888 21348.2636421 21354.958515 39693.9482234 62166.4227342 49842.7579544 64092.3458234 19184.6044377 5332.8527005 16143.1642627 69237.0199215 17541.626727 0.0 42705.4874467 27282.0312814 0.0 0.0 115853.592392 137037.871961 108335.812257 12539.561424 13599.6952907 35432.1044342 17615.646791 25029.9522713 13600.7887776 46719.2302764 44674.4115285 47559.6909579 53268.9004654 48698.800032 27333.9984139 10028.480745 -9999.0 -9999.0 -9999.0 -9999.0 -9999.0 -9999.0 14700.8427677
-9999.0 -9999.0 64035.1080325 68143.4161817 68033.7120351 69511.2274881 30394.5474444 67129.8605767 118349.88926 46781.7659426 53139.4182624 25902.8594015 22197.5566428 26469.2688577 19011.5705077 18675.8928124 26527.1564409 45096.6701396 88445.8571881 100392.961442 97869.3046075 40123.6465518 38246.9340404 53337.5749746 35524.0479996 0.0 56842.1694999 28430.5042502 21327.575637 28416.3919942 42608.2230703 97419.5205995 122373.854847 7657.51292215 7740.23997125 17814.1192628 39709.9218493 40187.4519604 12294.2138132 0.0 0.0 64549.5930141 145175.067737 149570.182247 43537.9330389 8985.078177 26991.8278384 28166.6226943 9381.00361917 22611.8476401 48148.8591717 47884.5337395 52171.9688041 49579.2178062 41288.9107253 22188.2711825 9540.3497601 3584.4983176 -9999.0 -9999.0 -9999.0 -9999.0 -9999.0 -9999.0
-9999.0 60537.7098204 118132.355301 64983.711478 62197.5589346 65031.832245 71745.1636231 67757.559031 74970.7843679 22330.9976556 18778.064757 19075.4704219 25658.1802999 54996.3315285 33667.7099967 26242.5322215 0.0 19079.3783327 47594.6852972 81722.3201019 100541.614373 80993.112791 20491.2562129 44305.0222455 20115.7456262 6775.54331021 4621.60415549 7083.67902484 21272.7658569 28392.8100638 63054.4710403 91445.1173286 111856.936198 105949.957049 20470.0846715 86547.9350245 106183.184899 70264.2112644 34221.1447356 0.0 57835.1161894 92255.2161709 186316.119664 1956.47000995 55113.4140536 7285.75414397 30682.520923 19715.0075148 24504.056283 18830.8494416 23903.4201568 22630.1228178 44708.2308012 32865.2309786 34290.3904432 31160.7274659 15408.6584277 3499.43746039 -9999.0 -9999.0 -9999.0 -9999.0 -9999.0 -9999.0
-9999.0 103405.579184 21239.5445711 61682.2012653 59875.3538397 86554.7492845 79995.7115241 56434.2151233 30023.2837112 14827.0720646 14491.7225363 22827.3517853 34122.5803646 29633.2687106 29944.1367452 3478.6682436 127.102774704 0.000817438402744 0.0 3288.74738565 36628.4228553 81071.1586256 37645.5159796 24123.1204329 10931.5867462 0.0 6758.77071474 24214.9122475 77826.5243002 74944.7897334 84600.7489644 104923.074974 68391.9846031 95479.5824303 84340.2517924 19206.3836749 61816.3723633 52083.0320292 27218.1027717 75103.1819397 121364.353537 76642.8253913 45131.1535943 25684.6616234 257609.326996 62399.6363268 23343.4983346 21294.7735885 32356.1634513 21209.7311842 17779.9186591 34143.8204808 42329.2036326 35317.8080282 41855.57571 15530.5879018 10418.3439977 6442.86116235 -9999.0 -9999.0 -9999.0 -9999.0 -9999.0 -9999.0
25906.0056354 110080.175878 38551.8053475 57402.3586454 51632.6869793 82197.0838257 71209.9157848 22786.6119895 24989.6621153 7595.09150754 11312.0186638 22313.5841167 52595.1837967 22666.4702031 22048.8254589 0.00176513956485 2898.82497826 0.0 0.0 2157.55448605 0.0 0.0 51123.5468854 30344.9042083 0.0 16845.9448867 5597.07477328 0.0 14136.8523219 84784.9165586 75221.8186645 56006.0802045 66554.8236984 83510.8151846 43896.2371683 5482.92644677 5621.20441315 61156.7391859 102394.812649 136072.745012 160460.606297 26269.5242478 29111.3502216 116087.984231 96620.5402762 164235.47603 151599.849831 29551.9013427 35936.1829418 30623.1460307 40614.3478901 38565.894114 44904.8732472 43406.8037391 18119.880832 24395.6316106 14599.6049087 7340.46158798 -9999.0 -9999.0 -9999.0 -9999.0 -9999.0 -9999.0
45480.6751079 109911.796401 53161.7731839 64028.925209 85339.6582615 70605.6315853 56027.8436004 66682.0253889 69785.3324614 52032.5322041 26211.3315593 45399.2704002 33393.0521344 39026.2393716 50767.3693498 0.00298562973767 0.0 3669.00620848 0.0 0.0 0.0 0.0 50457.9830868 55603.7762733 17682.2111127 45779.0129319 14785.9016311 0.0 0.0 50521.2144002 61863.675681 96768.9353734 84463.0133987 94833.5172956 11013.3582636 0.0 46309.3427427 40709.9010937 31490.8505393 30105.985155 32304.5825249 40504.4754706 34983.6964091 20559.9072369 42739.6224507 75963.9271759 149362.390233 191524.740841 43713.9125067 40512.243596 41673.7114487 39402.8045556 28741.3546273 21738.9298375 25092.1848413 36359.2272256 3900.09066301 5421.15704922 -9999.0 -9999.0 -9999.0 -9999.0 -9999.0 -9999.0
50818.5261315 108960.928422 28602.924484 84661.7357695 69843.614005 0.0 46897.7661097 75594.8734729 64675.766122 47973.8966312 42204.6668689 40651.0128445 55342.1758523 71044.0618913 0.00320086577176 8993.61491757 0.0 0.0 0.0 0.0 31142.3949236 49454.9712623 54899.0462759 51181.5605401 21478.5604603 6992.57398322 0.0 0.0 7001.85435498 61641.4828108 108959.186506 127264.338221 90234.5481354 102666.921018 20461.0349574 0.0 24708.3638037 1180.93909133 4400.16481493 10178.0836835 15158.9651841 24740.4966719 36680.7463698 35415.4557739 35620.4873312 229889.41826 48506.4236589 225608.247905 44964.662217 35153.7753482 24529.8135494 18543.3253437 13496.3985401 10229.3540259 18246.1447411 39883.7993604 21972.4778372 4893.57048966 -9999.0 -9999.0 -9999.0 -9999.0 -9999.0 -9999.0
18862.5666058 105645.486298 105596.279362 89310.8013195 66591.753137 39384.6381897 38617.7699762 25108.7960314 55837.3183553 57079.0933038 42996.5680929 2447.85521704 0.0 0.0 0.0 0.0 0.0 0.0 0.0 2923.15879343 52310.8321185 26116.7247311 37992.1944149 6362.35396347 0.0 0.0 16603.5587666 0.0 76708.1971636 122666.016159 20062.2167013 120735.441359 96463.3116118 60661.3444922 5295.91212383 0.0 88885.8760242 34398.318252 27228.3406654 27432.3909691 16817.1001594 17615.0780469 34931.4807385 34188.8576971 25216.5839105 256747.50111 27309.9715002 196309.251258 35398.2565016 27369.3690765 38701.1751632 16857.0265383 16803.2070277 21838.5391547 18871.4923614 20766.2815234 17540.0557416 -9999.0 -9999.0 -9999.0 -9999.0 -9999.0 -9999.0 -9999.0
33861.9119172 109133.089447 93561.7703994 79843.7015959 49119.3211335 32688.37139 42861.9666677 13084.3298887 17469.9009985 19208.1631151 0.0 0.0 0.0 0.0 0.0 0.0 0.0 0.0 0.0 0.0 0.0 0.0 27296.1415951 0.0 24986.6979142 35303.7071164 17198.9209057 0.0 40798.1001755 155819.959207 137894.619575 96217.5750127 86987.2223983 79786.8856837 47309.2991599 147155.287808 191703.622865 300122.662579 335371.873146 23691.2397979 25606.3076926 29340.0018805 26485.3576586 33471.6376475 20671.5831434 140661.371516 157747.387871 20876.256267 16452.083589 5940.90521654 31213.3323757 19212.9265057 20232.1211746 22918.0506009 23293.735166 18401.5891081 2676.96130965 -9999.0 -9999.0 -9999.0 -9999.0 -9999.0 -9999.0 -9999.0
63787.7328905 108838.575775 111860.849147 96874.2174337 100289.157822 100975.872905 14369.5067013 54585.3460933 24691.9921264 2983.42253957 0.0 8993.33387539 0.0 0.0 0.0 0.0 0.0 0.0 0.0 0.0 0.0 0.0 5502.52330619 24539.6100199 6474.10946045 31241.7635137 89842.4442072 6410.62269537 96597.0252692 126904.393518 82947.949949 55267.8547097 50113.6834221 0.0 149032.731787 242653.686611 243040.575356 226606.686239 203773.201082 313421.119952 221423.593537 159298.376305 32829.0683249 34161.1713518 33338.6647208 40488.6531763 29754.9250024 20381.6314943 6962.99300785 16085.0479262 11872.0946859 12349.8280307 11979.0492254 11047.6891979 10018.9565194 2110.84499078 -9999.0 -9999.0 -9999.0 -9999.0 -9999.0 -9999.0 -9999.0 -9999.0
20449.8682756 61298.2351879 58327.1543285 96834.6667291 108574.845086 99364.0431844 99235.4415725 103047.759717 93403.8047387 89213.6208775 86405.910964 84262.0755087 47055.7064491 2982.36015904 0.0 0.0 0.0 0.0 0.0 0.0 0.0 86202.8572077 0.0 0.0 41671.7768088 91636.054442 101288.872631 91710.3457772 81784.8382828 95054.6001765 55964.5277356 118815.42081 175812.100392 256749.25993 242243.280916 270197.073373 192230.530457 197644.128753 131014.680299 168284.626089 328289.984923 288234.143966 33445.3064085 35193.173765 39775.1143439 38124.8542074 24958.5981941 20176.9524253 16888.7938825 5879.28976888 5606.44647682 5402.41881944 8756.91146785 3573.55614517 -9999.0 -9999.0 -9999.0 -9999.0 -9999.0 -9999.0 -9999.0 -9999.0 -9999.0 -9999.0
14552.2322876 52402.0940967 61117.4822562 58781.8257111 52658.4561759 54508.0141108 56253.4573595 54374.6268562 67509.7533679 52023.6586519 46640.3913319 40639.6114225 40649.9554975 55460.121022 69432.1926392 94177.4806929 86528.864008 26761.7825289 57980.8519052 94567.9741514 81641.0332937 65407.1650296 35984.4547456 0.0 38153.0221411 40814.6080684 104022.718162 64473.0368422 32512.4547821 52348.3614743 272808.647871 215101.689586 138449.773217 249399.540619 251288.187477 204568.698918 205145.406375 252452.296522 288653.091765 292258.021847 353442.853262 182739.122617 15726.5467665 40648.9217396 31684.1962876 34906.1766263 30780.1446109 31615.5984139 25299.3720937 25068.1063705 14817.4137297 1524.60691021 -9999.0 -9999.0 -9999.0 -9999.0 -9999.0 -9999.0 -9999.0 -9999.0 -9999.0 -9999.0 -9999.0 -9999.0
5810.77883506 34847.9783393 46438.9126372 60753.7875156 55110.7969946 52258.0811731 52224.6565267 28707.5676063 47834.4832815 51074.2747747 55697.0910599 39047.5328177 44125.2237578 44091.08148 41269.30487 47980.3067814 48575.2656508 47238.631209 46493.6133891 41644.8773936 48179.449057 48180.2016273 66076.4888093 38257.5984736 52653.6992938 6872.12617945 16318.0493405 158071.815075 206542.534663 207825.832049 166914.157607 208125.328235 269238.911182 234641.948989 184382.589287 122197.102031 244117.052555 306879.590671 387990.622262 332847.003737 113073.068993 87877.9450988 9668.62305582 36941.3001844 26005.1762447 28242.8860566 17280.994853 21446.4552874 30804.4739432 20676.3239218 -9999.0 -9999.0 -9999.0 -9999.0 -9999.0 -9999.0 -9999.0 -9999.0 -9999.0 -9999.0 -9999.0 -9999.0 -9999.0 -9999.0
0.0 11587.9983235 46312.0612184 60797.33314 57877.2316692 43441.46178 20282.5478816 11035.9506843 0.0 0.0 55660.2827512 51979.0691014 52807.2208101 47428.1441311 45285.4451383 54617.7461186 50500.4463118 14314.3377071 57162.5809727 61587.3560104 35174.5469876 44009.3499056 48420.6649577 44011.5357857 0.0 34407.6527092 10737.2524041 39137.5297211 0.0 62439.1076401 77529.1053221 201201.793277 231522.492074 248563.86821 146031.969173 52625.6427465 141424.352671 260302.143418 444133.658877 386061.789302 205997.963403 117457.472243 23658.6080896 30804.2614712 18733.2185312 18979.4105643 4346.05259121 6449.78835822 12210.319688 -9999.0 -9999.0 -9999.0 -9999.0 -9999.0 -9999.0 -9999.0 -9999.0 -9999.0 -9999.0 -9999.0 -9999.0 -9999.0 -9999.0 -9999.0
-9999.0 2883.26505425 8656.87083112 37512.7505226 54815.7610369 46130.7445016 51799.5276564 43246.0058929 22995.5239787 15214.5146161 50995.0368704 50899.8943006 46915.5408227 55669.975323 48098.7580438 60933.0486974 55664.3448026 51350.7453316 65829.9640474 61371.2639021 52569.5010064 17529.2273325 30675.574219 35078.4912807 26306.6190061 26337.2799488 21839.2409783 17444.8090123 80441.8221142 48071.3963348 52101.8132968 76070.4001747 176593.269439 159028.667068 180521.043887 203842.196961 242426.931035 312369.240473 336231.89608 274613.156039 137575.296859 237503.930443 17512.1522004 14326.6587463 21638.0717845 10447.1322138 19254.5315925 6441.44969804 -9999.0 -9999.0 -9999.0 -9999.0 -9999.0 -9999.0 -9999.0 -9999.0 -9999.0 -9999.0 -9999.0 -9999.0 -9999.0 -9999.0 -9999.0 -9999.0
-9999.0 0.0 0.0 23024.480165 51799.069513 57519.3928545 54472.8220681 48914.2955998 56904.4820691 54030.4412591 53410.1408384 49033.4976254 65908.5168913 66142.5336826 63679.0743989 60098.2719685 62987.8453891 54058.927896 65568.4931496 74300.0560601 74279.1900899 48075.4701022 50915.1897465 52452.7432186 30589.3081178 43735.8713218 39325.514424 43549.3020123 46487.0568339 156912.270093 116215.8649 163620.444209 156765.98161 155109.742901 222933.352925 256384.885154 254447.002827 368509.87211 320883.508605 222138.413911 348698.584901 97878.3792077 12274.1061929 13478.7143379 22906.2752624 22851.4114771 10938.5810713 -9999.0 -9999.0 -9999.0 -9999.0 -9999.0 -9999.0 -9999.0 -9999.0 -9999.0 -9999.0 -9999.0 -9999.0 -9999.0 -9999.0 -9999.0 -9999.0 -9999.0
-9999.0 -9999.0 0.0 20080.5310653 45882.1154601 57159.8539934 57353.128879 57348.2519732 57041.9898989 58433.2824284 56290.9481582 65754.9446025 65897.6868365 63088.1595212 63041.7965998 57347.241179 65953.3918649 59616.2732938 78481.9845593 78458.4971842 87134.0020727 82745.2941815 73974.2331805 78410.6142301 74051.0556188 21807.5909198 69729.5626964 52338.4805131 65199.2498969 30538.5416187 42878.6090139 145412.82712 215889.987206 233386.327396 289884.512337 324377.258548 294960.281611 273177.993544 285827.097164 369106.89773 458299.465287 100189.656493 18695.5475685 32166.8399126 20950.4727152 17376.6198043 -9999.0 -9999.0 -9999.0 -9999.0 -9999.0 -9999.0 -9999.0 -9999.0 -9999.0 -9999.0 -9999.0 -9999.0 -9999.0 -9999.0 -9999.0 -9999.0 -9999.0 -9999.0
-9999.0 -9999.0 0.0 19999.5521073 25734.707673 42887.9750761 54337.7305849 57156.9897144 56775.8073099 62064.141307 60003.5109584 62879.6817146 62848.190667 68530.0090484 59973.7940966 60012.9796184 62823.3900888 56763.2253386 69554.4999094 86896.9866122 69544.4337145 78178.8440563 86892.2631294 91216.4624976 82577.5813188 52077.7811749 21695.4554739 26062.8659155 47097.3393004 55135.2508117 77497.5623857 325734.602487 172582.566992 195475.482796 175952.834411 234628.522426 258450.887968 275824.452431 312231.676483 211885.884533 323180.086672 32321.6435355 32955.6505126 32124.3712084 37569.3226116 33940.6085154 1474.03204055 -9999.0 -9999.0 -9999.0 -9999.0 -9999.0 -9999.0 -9999.0 -9999.0 -9999.0 -9999.0 -9999.0 -9999.0 -9999.0 -9999.0 -9999.0 -9999.0 30148.8116656
-9999.0 -9999.0 -9999.0 17645.4294212 19935.7466032 19958.2787332 34180.8280671 56934.5614807 54094.733802 45594.3332138 45568.518854 56957.5319293 65509.6746458 65487.6957099 59795.1352635 62615.801955 59509.2613597 65510.7796758 77912.0713154 86613.8761198 82250.8964718 73629.7425951 86609.038699 86603.127947 73557.7588161 64901.0025456 77815.2184537 69244.5784307 60572.1317099 69153.1258602 74415.0944538 57612.2940302 278190.789858 259941.057304 229521.878924 215497.417495 262868.007955 398929.012445 321817.456132 306642.956372 113254.900534 38211.4001055 26900.7161002 34066.1213129 33087.2981388 32162.8199166 5717.3861624 -9999.0 -9999.0 -9999.0 -9999.0 -9999.0 -9999.0 -9999.0 -9999.0 -9999.0 -9999.0 -9999.0 -9999.0 -9999.0 -9999.0 -9999.0 -9999.0 241815.357136
-9999.0 -9999.0 -9999.0 4256.4761871 11398.2036785 8512.1894581 17035.8941493 53887.8679434 56767.0412092 56646.8829755 62459.4721154 65284.3126105 65300.0627511 68118.7912271 68077.1794731 65312.1637668 59624.7374056 50886.6685657 82014.2562641 68750.0398665 64719.758197 69001.1655037 82035.6027567 77686.5458647 81980.4215637 82038.0644004 94949.9623261 90643.5220474 90536.4040118 77325.3047085 72937.6045928 90158.3425179 73099.6771831 77611.3879153 300935.327906 301095.013469 300878.282935 307153.520296 284404.776082 219391.641391 0.0 8916.14122405 22840.8264573 24231.181113 31666.4043562 31582.7140992 13311.1135969 -9999.0 -9999.0 -9999.0 -9999.0 -9999.0 -9999.0 -9999.0 -9999.0 -9999.0 -9999.0 -9999.0 -9999.0 -9999.0 -9999.0 -9999.0 95292.2794936 379451.107574
