critload/trunk/input/1999/nh3_spread_fe.asc
ncols 720
nrows 360
xllcorner -180.0
yllcorner -90.0
cellsize 0.5
NODATA_value -9999.0
[rows 112 to 139 of 360, columns 126 to 188 of 720]
51.46836809298292 158.52923252309108 3.839847020990324 0.5736990123723376 146.46609577914106 90.15619936046745 41.29620570192104 74.74826149408145 8.796342329167942 78.50055459556458 245908966.81908882 14.878179390578536 10.452946894619748 3.6158008861667543 9.07930990727515 0.32790340261999046 1.3498495229181402 0.0 0.0 0.023421905516278888 11.934276568562073 0.06275447152754626 3786648.693579957 6540755.955680909 0.8788781631130418 4.576375219362078 69204760.05967279 717678680.8382353 2080638706.6819909 334.2735702230334 405.0221156759013 1258726054.40293 534255782.57958144 439512685.0602702 855627694.5373033 662386234.290613 68.23417565134548 38.38367479659877 47.44958681873578 253.60394596475982 212.02909866390075 336.5214444384562 370.1486082476467 396.3386145503078 343.0443394290146 189.56578244378505 187.74599895806566 27.331170531389194 0.0 5.680786424150656 145.95859440458528 336.19191659494294 368.96008302864703 327.12100856281495 114.80766019750037 136.6241913547748 380.48846497831784 115.40686476588007 76.5886819214636 114.81337099753469 184.44180713317485 234.8124659102121 225.12665621918185
30.44373538813702 19.470370249311323 217.03678116497454 172.78767388792662 76.71998856583662 0.0 1.3044773828829583 53.78806012252635 100.31695992474411 197.91134812572102 314.45307202730396 122.92187070210635 164152870.8301153 167940314.38587788 18.529195927837463 0.8081886679720555 1.8464000830784377 0.16183216840361314 799552.5698315105 5.535725284430531 0.022016560438221616 14.28825584325243 5.377848181627013 72205924.9431721 22.648793869812874 142.78287639047576 24913280.901788495 556877153.7743572 1717855881.727148 299.12271669523096 1601617818.0819275 508574726.36252284 320108895.70343757 428528180.19264674 1493348617.5977306 382664802.73355716 70.8971791036157 0.53641071727153 44.54664852813726 123.81217669780114 269.4581219970075 301821711.63424647 379.52441559117875 352.80423465141024 271.2880172827875 117.15994245511564 213.91768969774455 3.5896003857728904 4.476154287643897 0.0 102.77392564433389 359.56871179286543 342.67248923638846 281.20473544873875 87.83662543410927 38.46420973741074 242.08534159318666 190.06296587530713 95.1280374854132 35.900860713771685 1071599129.6091462 215.44034102081963 32.32011178891409
4.916705925192401 4.965161999800557 362.2648959621337 461.793572771755 415.2106666044873 116.60892234555399 92.33176407696781 29.33314151062113 75.84293609171333 46.457045027270574 346.5492541765403 88.57910192747475 370966523.74202657 42.425133889555795 58.19249374042354 6.499097892396994 41421340.07158098 0.0 2.921351448358533 56.98813215126098 2.5043244469849806 2.336977056488847 6.454827464728758 41436511.21998911 10.133608600882823 65.41077714108887 8108930.366936269 466128173.9127835 2740571283.4348636 1777831482.624701 1469938623.5489266 446170613.0108226 913865483.2763253 825636441.0587339 1316907715.1232095 157348609.81001255 5.934503305072668 26.54145946753005 46.77210727289789 96.04093708180459 168.48030776387537 240.5913765431765 295.35740047312754 240.74436679130864 137.53454208787355 21.549316496097394 151.98674682585076 4.265222398800332 12.507693291360981 77.47975461613855 248.09311062525688 276.57612962193343 218.44677257357998 290.18116853256555 101.80768176287181 54.2090409278825 38.420711716637605 139.47802193212894 162.2512485662433 61.453224757640946 247.3191090251111 183.84079931213387 110.6181063368682
9.182576486218661 0.9989345601070431 0.27047590755224094 397.9460943137527 163.36397515053807 0.0 0.0 0.0 0.0 0.5766449374531383 3.2423671495280595 65.70110740694851 56216023.32641821 130672280.33118829 34.76667596455064 28.1264931284397 13.571686935902456 0.17618764074186238 53.11574182942648 2.7384427669864864 126.013186854912 0.3211834637705785 0.0 1.1623154983402904 0.0 41.40294115151308 2.7326602751265483 1.5014651310613985 82250944.31351365 104334891.51795217 411842684.2116606 579277914.1284469 882531154.8323331 696970207.8064713 476448030.1390159 374634275.3566692 809834945.0862863 683441203.6402712 266555073.08827898 580288694.9630833 177.05353479670464 138.03275507612506 247.7982630487521 236.87876799407613 118.31701313872335 40.48422731664965 588022290.2606803 35.33169847911119 0.8931706288734876 91.96429197589288 300.1007752227169 163.0460793198594 152.21314500371818 251.89174397484177 54.23442129185603 34.78984729227929 24.285684122445698 0.062340774992542265 110.37529989281519 320.4717808921425 461.24971904941964 388.05994670325714 150.19647795217995
9.757354881840184 23.420375957374304 1.2256415592365344 0.0 3.1052602539915553 0.0 0.0 0.0 11.898764277522016 1.1454638712591079 17312038.51193421 216041333.6353303 149530866.8869118 67347132.13724674 26.68357390886875 35.647967344300916 0.9810482057710469 4.136764434986252 23.813261558460628 0.17596580014421287 28.171343859501658 65.66071268359174 0.22633614128104254 41.98380023760721 1.3700223939916494 0.0 0.501614567614507 3.2137754656273554 2.1835268980392444 66196742.58777234 1016319960.3471678 499648222.1377618 452342031.79002154 783676586.4792264 478041224.60031855 396821168.3166338 1610815703.283851 152.9597892550954 73.89273811673526 191.0205809678836 144.7707518589737 470531153.60890394 186.43995613311415 73.53149645634355 16.615625937836864 13.626660506911708 0.12993360906076723 158.53117773391776 71.14189460484339 11.221759224013129 245.6932224088802 90.649205542435 18.17181320232193 77.36509441743154 72.43666920275875 53.06728818950983 10.52032273300659 1.048714585431424 1.3667942231489791 22.153899588991024 24.693207709986954 152.48560679249587 205.58496894129942
254.43568554671745 52.17841326492088 26.01901823650943 0.0 0.0 -9999.0 0.0 0.0 0.0 13.65364632520545 1.1784568299308473 2218192468.418891 1889343506.452222 2222771293.451735 20.09687184467239 1.9810888871572647 2.5092518797300722 35.44351289390012 10.54576016000506 0.24322311450450046 0.42986075749293123 61.26649928341629 100.13584623269723 0.3939512746764116 7.732227412412493 0.019932049204812532 46.5154383779902 21.684953679982108 5.198625067989324 69363239.91222341 965297333.46815 241691483.93226025 430968549.34979 968381610.5798918 597937961.1998925 483281884.11665946 985913617.300143 24.813901064973447 24.04195218618415 307.72435742836683 265.61977991883106 160.60270388956292 174.79600059238513 53.472082106762954 3.2874892749665836 0.0 0.0 0.0 97.5149577240683 276.72682924094795 121.21857779187876 40.762162914708846 14.924876246553735 77.63679869442242 43.02619712204897 51.97475561081256 4.167710885835287 14.958299716937132 82.54663117751642 165.85689650822428 48.41275658525761 259.25387206112174 482.69950214077454
-9999.0 56.12579820898207 43.51751212673871 0.0 0.0 -9999.0 -9999.0 30.17967763444988 90.23573714460694 138.87637019312348 42.1121878395608 23.540234259208418 14.458313601777832 4.04061020614997 27.381042365420225 4.981075803543505 35.55854960914138 13.016906593571647 10.742416686947088 12.209270267268808 13.35664342445682 5.3182049467713295 3.7450870252814257 0.8575684691237411 1.6056413237982734 3076445.7667798684 51407184.33806787 28.47305537114453 7.577167598354597 39392891.76247718 331781359.80385303 327670171.9211912 317334302.5850361 303607028.9061892 225670622.48712456 581886323.050384 286923808.33223265 2.7303109530735084 151.5818825622287 310.4752662413569 208.52636108099247 209346953.62785137 82.4260262655325 28.92119837792854 4.3068709065944235 1.9027275909012549 4.28833327285594 52.95101415478301 82.65655310217018 336.15456305922817 279.96741409764127 259.05486100075314 45.942192615441016 83.53898782058951 45.964478483647035 14.225662661459413 50.79074157890858 1072402728.4122968 189.32549634120696 123.74140607368973 44.28731193982049 61.401033134927204 86.85050345688012
-9999.0 -9999.0 27.47632790677107 0.15542501549095925 0.0 -9999.0 -9999.0 -9999.0 0.0 8.167357215486186 9.035355261441245 20.43096609441018 9.30935511390199 53.185965449439735 9.653174597375271 4.427315012880986 6.654292096925765 234.07875635466064 12.452437358331903 5.310463756647602 23.980542630211833 6.455956541872484 0.0 0.0 6.276138235050638 0.073210753027612 1630454.0428313203 1552861.3386629233 648366.9956236873 0.2465027294306285 4667876.326488303 342700646.5832484 361569626.0045966 310343447.04525393 371091327.5679904 49.57769157950052 120.7097310172409 30.34949716056023 73.5298694596099 147.51194446719657 117.53497236213911 218.49351356151448 145.38790261256827 116184108.93360572 64.50957842693386 76.0606122329647 75.39077050768803 255.30277785122115 355.8151759624904 419.5932712930195 297.52321422622464 247.5742862728949 1109774684.7438838 35173947.65179724 19245712.361278906 3751407.0396317644 5944938.22212272 39035434.5824356 377.4901367875933 3480951.6312740925 1660453.8428207587 1450520.432395593 18.635120555557908
-9999.0 -9999.0 0.0 0.0 0.0 0.0 0.0 -9999.0 0.0 0.0 0.0 0.23765491701287209 3088677399.452282 439.3930406548593 468.32496737435764 455.39207590939293 76.51813712240995 79.67948950972038 9.97418969484229 4.790343624267936 12.94279109574093 0.0 0.0 0.0 22.738197325934998 21.542123486886602 0.12650160482650472 0.0 0.0 0.0 0.14007898747732977 0.0 241548290.90576044 76514245.30168416 111882282.1035107 351760060.9064852 30.547226325357983 95.59976143497103 139.11176341543342 121.04038906321736 197.44084787143004 305.58949785322324 402.47823387080985 209228703.9117458 685018075.8311172 251.30564830026887 0.0 39.504091184348226 86.43768529574714 294.82895605774263 176.02155863357416 82299772.88569005 365975627.85849535 11942229.144580698 9179597.016469847 0.0 -9999.0 -9999.0 -9999.0 -9999.0 -9999.0 -9999.0 -9999.0
-9999.0 -9999.0 -9999.0 0.0 0.0 0.0 0.0 -9999.0 -9999.0 0.0 47.208629089176085 7.9429173898126155 64.85497711727989 17.811030853880478 447.1962177577135 3276780571.873521 269.03280897497024 135.9706194646618 304.4589254375093 10.32628767534323 0.0 14.123889810544341 0.0 4.784519172861353 5.521090747173346 9.64012993458685 0.01989155266964063 0.0 0.0 1.4876298952688853 0.0 10.096753233161543 527956063.910379 377072992.5816572 908380282.1554197 705758914.0613966 610624953.6162659 1593497357.7792053 180.74898356017303 155.16622170578825 218.5903419965282 483.70303237522705 301.60794757336816 349.69932381942255 2554095.555682265 -9999.0 -9999.0 -9999.0 -9999.0 -9999.0 -9999.0 0.0 0.0 967642.697115832 0.0 0.0 -9999.0 -9999.0 -9999.0 -9999.0 -9999.0 -9999.0 -9999.0
-9999.0 -9999.0 -9999.0 -9999.0 -9999.0 0.0 0.0 0.0 -9999.0 0.0 220.90062586757412 72.58902860306182 0.30520855400673735 3617672462.1566195 395.1788130706405 271.85727860550315 147.24101938150505 129.4860527406041 2526121027.081865 3404078408.482297 4197047877.884256 19.221817401184097 57.55339471273336 4.112443170473864 19.9665130072306 0.0 0.13307097839391804 0.0 0.0 0.0 0.7391823186866772 8.438411476165522 74.37156984193183 671250935.0274804 1083021877.1867065 705081424.8996363 385190625.20338297 764835709.4775503 1376810193.4541717 217.75352804873043 348.49813588502417 368.16843223446 167.46000312515116 39.791939063531885 -9999.0 -9999.0 -9999.0 -9999.0 -9999.0 -9999.0 -9999.0 -9999.0 -9999.0 -9999.0 -9999.0 -9999.0 -9999.0 -9999.0 -9999.0 -9999.0 -9999.0 -9999.0 -9999.0
-9999.0 -9999.0 -9999.0 -9999.0 -9999.0 1.9013026927492536 0.0 0.0 0.0 -9999.0 16.65870372681119 29.516645519009664 95.9065402653008 1.5261752675073854 3299320750.3967366 312.30270172917716 52.90922739927647 58.250271140920084 91.04486485804475 2793617725.9130716 48.36488014739029 7.697623235109332 98.27128545601724 159.76651775534825 0.0 0.0 0.0 0.0 0.0 0.0 4.916026673070896 2.6142965941428487 86.42831455547372 56.199909504544124 946600949.39035 393001229.3573406 239040320.90338343 340926371.81110495 1353519669.9440901 227.99832208032765 176.61887598322573 352621.6021616577 -9999.0 -9999.0 -9999.0 -9999.0 -9999.0 -9999.0 -9999.0 -9999.0 -9999.0 -9999.0 -9999.0 -9999.0 -9999.0 -9999.0 -9999.0 -9999.0 -9999.0 -9999.0 -9999.0 -9999.0 -9999.0
-9999.0 -9999.0 -9999.0 -9999.0 0.0 0.0 0.8426730069861486 0.0 0.0 0.0 -9999.0 -9999.0 18.633451926254928 170.02126540415517 3285289052.578028 339.83800154749304 131.52615290634174 64.71499368397882 96.6956421441112 260.2867593632517 3398536907.886343 5.666362032475288 7.633467193393904 68.88456031168525 5.242213539136579 0.0 0.0 0.0 0.0 0.0 21.12955338464757 41.36810586137313 5.648908597379829 0.9610112371352496 29.64522486810551 400714529.76559734 593790463.1847128 561092624.7936153 486.09594595872016 393.46410423126974 0.0 -9999.0 -9999.0 -9999.0 -9999.0 -9999.0 -9999.0 -9999.0 -9999.0 -9999.0 -9999.0 -9999.0 -9999.0 -9999.0 -9999.0 -9999.0 -9999.0 -9999.0 -9999.0 -9999.0 -9999.0 -9999.0 -9999.0
-9999.0 -9999.0 -9999.0 -9999.0 -9999.0 0.0 0.0 1.0118594137374126 0.0 0.8093439452557976 -9999.0 -9999.0 0.0 1775387491.1273532 3696354567.13929 935453959.9200023 79.46992002440935 1091727068.2665775 62.77999316174698 37.545395971571104 453189579.61660564 9.80653089855168 4.839848076603433 43.49708498206768 46.932275038387985 0.0 0.0 0.0 0.0 18.859945356331643 54.56299365047819 34.14859738775655 18.011940174767282 81.22972793907915 13.69648869131032 800792642.4775267 851432033.3982428 918771811.2628437 1116542677.560483 6398423.964045007 -9999.0 -9999.0 -9999.0 -9999.0 -9999.0 -9999.0 -9999.0 -9999.0 -9999.0 -9999.0 -9999.0 -9999.0 -9999.0 -9999.0 -9999.0 -9999.0 -9999.0 -9999.0 -9999.0 -9999.0 -9999.0 -9999.0 -9999.0
-9999.0 -9999.0 -9999.0 -9999.0 -9999.0 -9999.0 0.0 0.0 0.0 0.15298864065938056 1.073532314854148 -9999.0 -9999.0 -9999.0 892975181.5492191 689278469.7854043 81.9946393790109 114.68209238333034 63.97770021203584 26.893104922515494 26.93992837592351 80.03535975200822 158.90801394092077 101.31942733925591 0.0 44.272327762052136 3.0897419728817 0.0 0.3454752808381373 2.882681990325494 5.217277366160578 17.50245691672399 35.262245137982305 13.813088028337297 18.290785031783738 132.02457664991564 406218495.1864812 818545273.1687078 994999349.3231552 2244193.9208711805 -9999.0 -9999.0 -9999.0 -9999.0 -9999.0 -9999.0 -9999.0 -9999.0 -9999.0 -9999.0 -9999.0 -9999.0 -9999.0 -9999.0 -9999.0 -9999.0 -9999.0 -9999.0 -9999.0 -9999.0 -9999.0 -9999.0 -9999.0
-9999.0 -9999.0 -9999.0 -9999.0 -9999.0 -9999.0 -9999.0 -9999.0 0.0 0.0 0.0 0.0 -9999.0 -9999.0 -9999.0 579039357.5993972 1505763321.632735 42.79115092232689 25.85402948351027 47.03816542520832 12.118241608050779 5.992892677462389 987371234.8572658 2.507644682534576 4.084647563369668 40.9690054446498 22.780494625756294 44.91743671465096 1.8101198475835996 0.0 0.0 2.3198856329762005 21.884958140976263 24.218223221538818 99.05850566902353 87.20414607284496 174.17145607539143 601.1805549604657 732.5298989063317 148565602.71536037 -9999.0 -9999.0 -9999.0 -9999.0 -9999.0 -9999.0 -9999.0 -9999.0 -9999.0 -9999.0 -9999.0 -9999.0 -9999.0 -9999.0 -9999.0 -9999.0 -9999.0 -9999.0 -9999.0 -9999.0 -9999.0 -9999.0 -9999.0
-9999.0 -9999.0 -9999.0 -9999.0 -9999.0 -9999.0 -9999.0 -9999.0 -9999.0 1.7188924156478873 0.0 0.0 -9999.0 -9999.0 -9999.0 1513518450.0491314 3221097058.283278 2596838050.705047 54.32470498188196 118.71428635463496 15.265787785620178 0.0 62.588440337612724 27.24016252316119 9.767625868835836 1.5446511045751776 62.11698232457777 291.1296114500196 41.78551931113929 23.76941999599567 2.4913142081763135 9.271920405051848 7.968616199972633 87.15297465334831 102.97385855785646 13.84017927717358 718798602.9446698 2964838152.8411994 5941753111.4282875 426372525.9651895 -9999.0 -9999.0 -9999.0 -9999.0 -9999.0 -9999.0 -9999.0 -9999.0 -9999.0 -9999.0 -9999.0 -9999.0 -9999.0 -9999.0 -9999.0 -9999.0 -9999.0 -9999.0 -9999.0 -9999.0 -9999.0 -9999.0 -9999.0
-9999.0 -9999.0 -9999.0 -9999.0 -9999.0 -9999.0 -9999.0 -9999.0 -9999.0 0.0 82.15180350997731 0.7928591501868518 0.0 -9999.0 -9999.0 -9999.0 41113422.248601995 1469120469.9257963 1179439271.8743 29.973447636407396 19.681102613440647 0.0 43.0332033827312 63.60943568142574 20.107465548480985 14.420385831484134 14.36697988169087 50.67891766538039 0.8833350978976452 10.957255166815882 10.864313553296272 23.896533504971725 324350895.2763678 61.11911189158103 1594233435.132485 1740570914.366781 79.55208709848564 965666604.8648736 1149650505.5975595 14.006099677501055 -9999.0 -9999.0 -9999.0 -9999.0 -9999.0 -9999.0 -9999.0 -9999.0 -9999.0 -9999.0 -9999.0 -9999.0 -9999.0 -9999.0 -9999.0 -9999.0 -9999.0 -9999.0 -9999.0 -9999.0 -9999.0 -9999.0 -9999.0
-9999.0 -9999.0 -9999.0 -9999.0 -9999.0 -9999.0 -9999.0 -9999.0 -9999.0 0.0 26.918326417217163 0.0 0.0 -9999.0 -9999.0 -9999.0 -9999.0 13744.759506305107 2191329708.1212673 1419519490.7196975 49.56257250673539 46.39128893498281 3.0791524765523532 438375885.42664987 90.88724925470629 45.77788974848461 16.80995456980432 27.44658105104212 9.500741464644323 0.0 0.8821730457140252 26.420575143960708 10.660058749215462 372019444.7178008 86.79379787643282 59.15022928830144 30725055.258133072 962334669.4143405 438884585.65661544 -9999.0 -9999.0 -9999.0 -9999.0 -9999.0 -9999.0 -9999.0 -9999.0 -9999.0 -9999.0 -9999.0 -9999.0 -9999.0 -9999.0 -9999.0 -9999.0 -9999.0 -9999.0 -9999.0 -9999.0 -9999.0 -9999.0 -9999.0 -9999.0
-9999.0 -9999.0 -9999.0 -9999.0 -9999.0 -9999.0 -9999.0 -9999.0 -9999.0 -9999.0 0.0 0.0 0.0 24.295639291179636 0.0 -9999.0 -9999.0 -9999.0 -9999.0 1383461659.458021 103.03560844638176 11.504272440225405 3.9271491395320224 9.561071814826448 110.38563609848475 83.35294737110151 85.41689081617348 49.19578701205645 1.5443327547869168 0.2710118882597225 0.08730809660035806 0.016427945123802412 2.32306844631741 5.115626983335464 22.43398875334741 924408510.4587173 103.92935217667421 1246767271.4143806 250467960.67085657 -9999.0 -9999.0 -9999.0 -9999.0 -9999.0 -9999.0 -9999.0 -9999.0 -9999.0 -9999.0 -9999.0 -9999.0 -9999.0 -9999.0 -9999.0 -9999.0 -9999.0 -9999.0 -9999.0 -9999.0 -9999.0 -9999.0 -9999.0 -9999.0
-9999.0 -9999.0 -9999.0 -9999.0 -9999.0 -9999.0 -9999.0 -9999.0 -9999.0 -9999.0 -9999.0 -9999.0 0.0 0.6579538393832802 1.0295218756459938 0.0 -9999.0 -9999.0 -9999.0 -9999.0 783713972.0322107 57.354836266032 3.397405097864956 6.568277733923021 40.712047588005674 57.77918758854166 54.05763967590318 56.38827402030319 14.723347134468504 18.07833086060789 1.5488130152230077 2.7885161630076474 14.544920878835214 15.004518871929466 3.910694318770305 99.48412809108572 510353450.77817607 69.76703260460062 85.76438194421063 -9999.0 -9999.0 -9999.0 -9999.0 -9999.0 -9999.0 -9999.0 -9999.0 -9999.0 -9999.0 -9999.0 -9999.0 -9999.0 -9999.0 -9999.0 -9999.0 -9999.0 -9999.0 -9999.0 -9999.0 -9999.0 -9999.0 -9999.0 -9999.0
-9999.0 -9999.0 -9999.0 -9999.0 -9999.0 -9999.0 -9999.0 -9999.0 -9999.0 -9999.0 -9999.0 -9999.0 -9999.0 9.442673465819004 84.08978019370372 44.477005217108 -9999.0 -9999.0 -9999.0 -9999.0 147.12929675202344 835895504.4151736 76.30625289171832 154.30015879285193 17.80908524966303 13.577229991486274 39.539436456386845 62.96898459503931 171.9361130980061 89.38951932565104 0.2820880167182178 1.5769111634401656 3.983809715000164 1.1011519709450628 20.57681800194753 58.96469386836137 77.47481857487338 52.09565004887415 158.0764405077318 -9999.0 -9999.0 -9999.0 -9999.0 -9999.0 -9999.0 -9999.0 -9999.0 -9999.0 -9999.0 -9999.0 -9999.0 -9999.0 -9999.0 -9999.0 -9999.0 -9999.0 -9999.0 -9999.0 -9999.0 -9999.0 -9999.0 -9999.0 -9999.0
-9999.0 -9999.0 -9999.0 -9999.0 -9999.0 -9999.0 -9999.0 -9999.0 -9999.0 -9999.0 -9999.0 -9999.0 -9999.0 -9999.0 102.7366657302485 -9999.0 -9999.0 -9999.0 -9999.0 -9999.0 -9999.0 -9999.0 879880205.1604236 99.43863661018042 103.84240436933094 680031784.2517987 226247841.36318848 29.029743416238514 150.83448620146737 154.2448222541505 20.76211684543035 34.950860704274334 44.486879152738894 9.532796166497526 66.10781739696172 116.91312462836645 2356355868.650651 1452248046.2299461 183422273.10551715 -9999.0 -9999.0 -9999.0 -9999.0 -9999.0 -9999.0 -9999.0 -9999.0 -9999.0 -9999.0 -9999.0 -9999.0 -9999.0 -9999.0 -9999.0 -9999.0 -9999.0 -9999.0 -9999.0 -9999.0 -9999.0 -9999.0 -9999.0 -9999.0
-9999.0 -9999.0 -9999.0 -9999.0 -9999.0 -9999.0 -9999.0 -9999.0 -9999.0 -9999.0 -9999.0 -9999.0 -9999.0 -9999.0 -9999.0 -9999.0 -9999.0 -9999.0 -9999.0 -9999.0 -9999.0 -9999.0 115501885.23741412 2171413044.871352 816448925.7067254 73.06326316624002 27.306941299393046 35.95113596824045 79.47765370518795 151.93205820783305 42.388986461013616 14.177945254466989 24.806731733844767 37.310129284117444 69.16675527203049 1099011757.7678776 2585635228.1261377 2683526788.267197 154208881.27988404 -9999.0 -9999.0 -9999.0 -9999.0 -9999.0 -9999.0 -9999.0 -9999.0 -9999.0 -9999.0 -9999.0 -9999.0 -9999.0 -9999.0 -9999.0 -9999.0 -9999.0 -9999.0 -9999.0 -9999.0 -9999.0 -9999.0 -9999.0 -9999.0
-9999.0 -9999.0 -9999.0 -9999.0 -9999.0 -9999.0 -9999.0 -9999.0 -9999.0 -9999.0 -9999.0 -9999.0 -9999.0 -9999.0 -9999.0 -9999.0 -9999.0 -9999.0 -9999.0 -9999.0 -9999.0 -9999.0 46.44450217597893 2863361535.3641996 1085716162.5816224 1133954493.747721 335234301.942939 93.85502984610538 152.48011388215596 162.8293126106761 35.924563052486114 56.22776191329647 19.055759293318612 456437241.23576325 573293031.9921212 132.68797847447777 4173797065.722798 4128933279.656637 1054537864.0075629 0.0 -9999.0 -9999.0 -9999.0 -9999.0 -9999.0 -9999.0 -9999.0 -9999.0 -9999.0 -9999.0 -9999.0 -9999.0 -9999.0 -9999.0 -9999.0 -9999.0 0.0 190.76673639155112 5389106.235482583 6.705088095411423 -9999.0 -9999.0 -9999.0
-9999.0 -9999.0 -9999.0 -9999.0 -9999.0 -9999.0 -9999.0 -9999.0 -9999.0 -9999.0 -9999.0 -9999.0 -9999.0 -9999.0 -9999.0 -9999.0 -9999.0 -9999.0 -9999.0 -9999.0 -9999.0 -9999.0 -9999.0 290283881.950996 1858169988.2804136 159375126.8055173 531382011.5122412 360067593.6002824 57.801329760577225 128.42324871538298 108.93773001232746 111.71434053693544 95.43671149555202 76.00358122982001 12.47432520044346 79.26884618370562 2690196113.519521 3978623504.8476877 3204335183.5761447 208.58383280016653 -9999.0 -9999.0 -9999.0 -9999.0 -9999.0 -9999.0 -9999.0 -9999.0 -9999.0 -9999.0 -9999.0 -9999.0 -9999.0 10.9036339631717 10.079352317131471 171.95945679622073 173.94374564077137 2493361480.856769 178.20175185884895 2.98343004505296 51.12525628634723 -9999.0 -9999.0
-9999.0 -9999.0 -9999.0 -9999.0 -9999.0 -9999.0 -9999.0 -9999.0 -9999.0 -9999.0 -9999.0 -9999.0 -9999.0 -9999.0 -9999.0 -9999.0 -9999.0 -9999.0 -9999.0 -9999.0 -9999.0 -9999.0 -9999.0 530218381.81265163 1084365838.782149 996164059.917682 1734979944.8573873 1762952026.1705086 1565797560.118239 108.07641602298345 242.97477837915395 255.7718938059973 241.45862960499355 78.79276710435722 60.15550700266265 89.60383062394133 20.392628697379962 1589285375.8817375 2596376042.199669 1552020638.360989 -9999.0 -9999.0 -9999.0 -9999.0 -9999.0 -9999.0 -9999.0 -9999.0 -9999.0 -9999.0 -9999.0 -9999.0 -9999.0 484020508.24345624 1014988977.2227687 1138748286.1376655 35.45718920699229 105.25843227217285 29.81058445637122 5.513944956990025 6518174.955421484 -9999.0 -9999.0
-9999.0 -9999.0 -9999.0 -9999.0 -9999.0 -9999.0 -9999.0 -9999.0 -9999.0 -9999.0 -9999.0 -9999.0 -9999.0 -9999.0 -9999.0 -9999.0 -9999.0 -9999.0 -9999.0 -9999.0 -9999.0 -9999.0 16.877846476897904 1087864848.9575236 1193647146.7680714 1383377330.5779178 83.06975509597538 99.03857677331071 1529587186.2919452 2291686264.333328 2165584637.134068 246.30896623915626 162.49047390337523 166.06238061169617 116.53394498833308 2081579073.2822168 32.51686788186785 52.88199378728659 188.33116438037328 3935368433.7932 734951371.2494365 -9999.0 -9999.0 -9999.0 -9999.0 -9999.0 -9999.0 -9999.0 -9999.0 -9999.0 -9999.0 -9999.0 -9999.0 787862341.8096498 26.297784901056907 725800331.8745638 13.439270704109022 10.502659522361194 2.925892822943733 9.289783555294603 -9999.0 -9999.0 -9999.0
