critload/trunk/input/1999/nh3_graz.asc
ncols 720
nrows 360
xllcorner -180.0
yllcorner -90.0
cellsize 0.5
NODATA_value -9999.0
[rows 56 to 83 of 360, columns 427 to 487 of 720]
0.0 0.0 0.0 0.0 0.0 0.0 0.0 0.0 0.0 0.0 0.0 0.0 0.0 0.0 0.0 0.0 0.0 0.0 0.0 0.0 0.0 0.0 0.0 0.0 0.0 0.0 0.0 0.0 0.0 0.0 0.0 0.0 0.0 0.0 0.0 0.0 0.0 0.0 0.0 0.0 0.0 0.0 0.0 0.0 0.0 0.0 0.0 0.0 0.0 0.0 0.0 0.0 0.0 0.0 0.0 0.0 0.0 0.0 0.0 0.0 0.0
0.0 0.0 0.0 0.0 0.0 0.0 0.0 0.0 0.0 0.0 0.0 0.0 0.0 0.0 0.0 0.0 0.0 0.0 0.0 0.0 0.0 0.0 0.0 0.0 0.0 0.0 0.0 0.0 0.0 0.0 0.0 0.0 0.0 0.0 0.0 0.0 0.0 0.0 0.0 0.0 0.0 0.0 0.0 0.0 0.0 0.0 0.0 0.0 0.0 0.0 0.0 0.0 0.0 0.0 0.0 0.0 0.0 0.0 0.0 0.0 0.0
0.0 0.0 0.0 0.0 0.0 0.0 0.0 0.0 0.0 0.0 0.0 0.0 0.0 0.0 0.0 0.0 0.0 0.0 0.0 0.0 0.0 0.0 0.0 0.0 0.0 0.0 0.0 0.0 0.0 0.0 0.0 0.0 0.0 0.0 0.0 0.0 0.0 0.0 0.0 0.0 0.0 0.0 0.0 0.0 0.0 0.0 0.0 0.0 0.0 0.0 0.0 0.0 0.0 0.0 0.0 0.0 0.0 0.0 0.0 0.0 0.0
0.0 0.0 0.0 0.0 0.0 0.0 0.0 0.0 22339.53301079239 0.0 0.0 0.0 0.0 0.0 0.0 0.0 0.0 0.0 0.0 0.0 0.0 0.0 0.0 0.0 0.0 0.0 0.0 0.0 0.0 0.0 0.0 0.0 0.0 0.0 0.0 0.0 0.0 0.0 0.0 0.0 0.0 0.0 0.0 0.0 0.0 0.0 0.0 0.0 0.0 0.0 0.0 0.0 0.0 0.0 0.0 0.0 0.0 0.0 0.0 0.0 0.0
0.0 0.0 0.0 0.0 0.0 0.0 0.0 0.0 0.0 0.0 0.0 0.0 0.0 251073.4446914616 0.0 0.0 0.0 0.0 0.0 0.0 0.0 0.0 0.0 0.0 0.0 0.0 0.0 0.0 0.0 0.0 0.0 0.0 0.0 0.0 0.0 0.0 0.0 0.0 0.0 0.0 0.0 0.0 0.0 0.0 0.0 0.0 0.0 0.0 0.0 0.0 0.0 0.0 0.0 0.0 0.0 0.0 0.0 0.0 0.0 0.0 0.0
0.0 0.0 0.0 0.0 0.0 0.0 0.0 263548.65470615105 0.0 0.0 0.0 45228.439114628876 0.0 0.0 0.0 0.0 0.0 0.0 0.0 0.0 0.0 0.0 0.0 0.0 0.0 0.0 0.0 0.0 0.0 0.0 0.0 0.0 0.0 0.0 0.0 0.0 0.0 0.0 0.0 0.0 0.0 0.0 0.0 0.0 0.0 0.0 0.0 0.0 0.0 0.0 0.0 0.0 0.0 0.0 0.0 0.0 0.0 0.0 0.0 0.0 0.0
0.0 0.0 0.0 0.0 0.0 0.0 238775.16185395626 0.0 0.0 0.0 0.0 0.0 265539.63068323536 0.0 0.0 0.0 0.0 0.0 0.0 0.0 0.0 0.0 0.0 0.0 0.0 0.0 0.0 0.0 0.0 0.0 0.0 0.0 0.0 0.0 0.0 0.0 0.0 0.0 0.0 0.0 0.0 0.0 0.0 0.0 0.0 0.0 0.0 0.0 0.0 0.0 0.0 0.0 0.0 0.0 0.0 0.0 0.0 0.0 0.0 0.0 0.0
0.0 0.0 0.0 0.0 0.0 0.0 0.0 177549.23730111826 212494.36836451534 0.0 0.0 0.0 0.0 0.0 0.0 280284.53419827984 262740.28980408615 263067.46312241023 0.0 0.0 0.0 0.0 0.0 0.0 0.0 0.0 0.0 0.0 0.0 0.0 0.0 0.0 0.0 0.0 0.0 0.0 0.0 0.0 0.0 0.0 0.0 0.0 0.0 0.0 0.0 0.0 0.0 0.0 0.0 0.0 0.0 0.0 0.0 0.0 0.0 0.0 0.0 0.0 0.0 0.0 0.0
0.0 0.0 0.0 0.0 0.0 0.0 148079.7536722907 184047.0288424818 181864.3858627181 55854.8629247902 0.0 0.0 50971.435080201096 276525.2325941793 0.0 0.0 0.0 0.0 53369.31754886645 0.0 266273.63143526803 0.0 0.0 0.0 0.0 0.0 0.0 0.0 0.0 0.0 0.0 0.0 0.0 0.0 0.0 0.0 0.0 0.0 0.0 0.0 0.0 200941.39861766662 192013.14479992827 51190.45559491618 0.0 205863.72110658672 0.0 0.0 0.0 0.0 0.0 0.0 0.0 0.0 0.0 0.0 0.0 0.0 0.0 0.0 0.0
0.0 279588.30045124475 266822.20767968387 222440.982147335 57244.37250195055 221773.24020602385 205704.86765721484 200475.57294272256 141863.22519481365 243239.48160139483 212275.48014235383 235137.30063921266 225353.724886387 0.0 266977.90210445743 0.0 0.0 0.0 0.0 0.0 39462.05396474657 0.0 0.0 0.0 0.0 0.0 51572.55808220591 0.0 14214.850428305248 29904.010400290335 6419.24277955799 14958.75444026865 36576.76141977207 0.0 0.0 0.0 0.0 0.0 0.0 0.0 0.0 207131.3219974684 188709.32318953844 141211.76005353476 0.0 0.0 204656.85330202847 203139.8950601642 0.0 0.0 0.0 0.0 0.0 0.0 0.0 0.0 0.0 0.0 0.0 0.0 146814.26059860722
50602.66889863204 289006.37815832894 0.0 0.0 0.0 0.0 0.0 0.0 56137.21944377033 229802.04055468514 0.0 209192.4046488406 60407.368371963115 181259.96640158497 55329.355626484125 0.0 0.0 266285.7592463962 274676.4340343555 223236.63501221515 168525.7162643123 257792.25431441603 0.0 237947.54443732757 0.0 0.0 0.0 0.0 200501.14890902472 137313.35041891164 44167.54524170009 34292.54893660718 39058.623174594904 65839.84159412746 0.0 0.0 0.0 0.0 0.0 145209.60881818674 104336.71514780389 209533.39682428614 0.0 179165.29321931943 0.0 0.0 0.0 0.0 0.0 0.0 0.0 0.0 0.0 0.0 49918.64925570552 202175.88103842724 118841.39170606411 175147.13436073952 157966.80204823727 106747.67623477781 0.0
0.0 213912.25142255382 269436.69080867566 171126.19449984952 135205.08330955563 244227.02438887558 0.0 0.0 0.0 0.0 0.0 248561.91743642848 117526.81347613005 100609.97972407352 201634.97158169694 283875.7749610245 281910.7815391169 282972.7656495871 0.0 257085.70458030532 179282.58242226887 55041.12519094865 264628.3661301013 181415.01026640763 222363.8491753574 154907.84783938475 0.0 147678.14430545218 216795.95133204432 0.0 141624.02306363947 46015.576359891274 13694.576206552756 28264.583803442503 27859.96731295294 168917.16906776928 0.0 95618.5181129166 61280.91261745073 75687.38090552486 53144.37787013022 196754.64752377197 34608.18573259779 49173.94074348631 47846.80474022857 0.0 0.0 0.0 0.0 0.0 0.0 0.0 0.0 0.0 0.0 0.0 148863.5915330721 171049.4510035751 157096.59619883657 158029.20263163047 183458.10564109546
179683.32061403934 90902.78942875675 157511.95334881105 0.0 0.0 0.0 0.0 0.0 0.0 0.0 0.0 0.0 0.0 265764.5359180979 269035.3133672296 0.0 262151.7954840356 276391.0294972788 266560.2098496632 173571.95391445787 117627.41112659336 9624.627793508771 7336.800493149884 19120.214648105928 24369.56655348484 110867.6827740011 26947.095345698533 2601.1388687152935 25983.54450864395 55054.10454614856 125425.60265935712 81243.96176967566 1408.1197426800004 5178.8093737040535 129999.9097603195 117164.10814985308 54697.03610901659 60030.121754593456 1684.216805217016 113539.89755404515 135087.87656649156 70540.4331241346 84259.15310284734 33131.47555607041 10057.17338406665 0.0 0.0 0.0 0.0 125488.62977052508 0.0 0.0 0.0 0.0 187551.8462477748 117899.09039560574 120554.62181488352 175109.4010830655 165846.08067444473 125805.84317448299 110978.71852670134
56893.741005627984 214700.35760617978 196515.92292081265 210005.61331047307 60352.28689813312 0.0 0.0 0.0 264623.62675533415 146141.1825884456 204616.87557642531 0.0 0.0 0.0 265943.349714437 0.0 0.0 0.0 0.0 66054.07348295907 86252.71517672563 21505.6342008173 2070.4638387353693 33200.45560115221 2265.026102352782 55009.86136339802 0.0 61525.127655485085 45925.18501810136 5327.219200824728 4227.247766976973 25771.832242992652 9876.584141147456 11789.253923342938 28514.751939895945 45056.413769701496 45371.86085352029 36150.46393885044 33478.824856200554 80935.2048600599 53239.95342402966 15646.597177194508 3273.4786460186197 7522.210842916626 51052.030796297426 0.0 0.0 0.0 0.0 0.0 0.0 0.0 0.0 0.0 169604.6170473619 168273.48473984722 176296.56059752268 91514.59902656743 64306.60431078368 75247.51547174553 94145.93342023517
245859.4489799569 0.0 0.0 0.0 191200.27009017186 58061.875075313954 226332.91203207395 240309.2309025462 164697.41408836856 164637.52629675114 60686.6305870996 34422.67920395187 209223.86028137998 275828.6779659768 182962.83116760486 240454.44057284162 206365.69596149356 109715.63698820205 155823.09167100044 0.0 76531.75548478436 0.0 32483.93116411349 11872.412512050121 18388.606874770816 40556.35100243171 0.0 0.0 19161.047252194778 9803.165327392893 49225.94017383049 150696.95324115464 23998.088265896513 81325.88513793942 91972.47627366302 71628.5565061999 23099.07701402741 104923.793883195 36187.43161368475 26275.708786022424 48857.33589096206 80502.6485557915 5916.010370390059 38521.09607665688 100024.3372772773 157579.78486560922 0.0 0.0 0.0 0.0 0.0 0.0 0.0 66676.55104028947 63107.91261936988 65075.24513785552 66097.5570655923 63043.096510098345 28340.537764925302 47328.64227596858 49896.09059586031
61303.09869103111 250343.9868023135 188029.73293202842 46217.73876967687 20518.55895140511 188651.35410106243 212107.525453561 129017.338800373 147035.5945402927 44930.39305589402 661.1641835130247 1282.219530634881 8361.933716867434 104851.1022510507 102020.66231689493 143702.48774607864 37898.509688733415 112974.44426973036 213422.46636619008 20.544298576659045 48327.36784773226 47311.86742584916 17320.489935269907 30729.54602576912 38932.48523612863 74874.60619419446 43502.01023558074 23895.613282862512 20806.804971945305 45318.62039871925 46944.25098037199 73027.95137928636 144040.65736370115 43623.53836532809 284.10134499713274 31616.05802273202 234.59380328899837 11415.542678287435 5278.438806314639 30807.141540615143 0.0 67900.07377363105 11442.488957102447 4618.957349356879 35704.81259710451 34877.22582488329 0.0 0.0 0.0 0.0 0.0 77155.15202957965 43649.29927544525 13414.634044704442 40187.78680899062 30906.20714977316 27247.844885822145 8356.002293363941 47023.67157217807 27397.753178377247 15029.493845400937
248116.7276047617 258707.98164972005 282148.8342089608 252715.62780523158 163867.25285228374 119868.86626214313 5107.356755032072 12640.87611173416 22666.197580392592 7128.832117648401 4777.503208063815 970.8996219393665 14941.909665968764 73277.23303410546 4942.984957852151 3527.2141573329695 27804.78982212801 0.0 72668.25121890695 1997.042835156757 29300.424566708403 58009.50434693677 39125.13845682423 23189.197085905016 0.0 0.0 0.0 0.0 57905.68861127532 74910.98127390075 103929.36483139858 25334.459406148937 33722.83025691852 17382.34877838721 6629.72523952193 40158.01172553607 41159.21075904515 14084.556747643896 0.0 1847.6569916986055 2646.543836701107 3682.236488847147 53797.79574769003 3993.851414168626 32669.114845246597 105153.62788283771 0.0 0.0 0.0 0.0 0.0 4713.2319486481865 7491.6638468307065 16582.555510200862 10898.144589478461 2103.588039304748 35975.919015484054 35737.65642719189 25591.135123953332 25588.624816209158 0.001522531463644676
169527.11047695077 0.0 227171.10117396037 161265.7343637385 22331.377864978218 36784.554098176355 25100.139384245904 2681.6982839753796 1738.3289646948972 2209.11781865185 800.241993997892 454.41257939680804 12804.576467730778 42434.069423467576 2661.8210346815413 47365.28243764054 109560.22630600112 27922.47398302922 25005.348474039252 34185.79390732657 24638.145228641773 20915.044113862583 40999.62933975222 94011.65733156259 129025.46868755565 107528.10850532669 98780.75552167348 39229.184924301226 74183.02865372298 64172.91564410606 54169.849357192725 0.0 167965.83298153657 110133.010372959 31400.612988413006 26827.780269474355 20120.098501637567 0.0 165.41282294967206 165.47642644939276 157.46208710814665 176.72178366918732 13657.950944178552 6814.95674715906 3133.6195676399147 0.0 0.0 0.0 0.0 0.0 18011.535125264814 34676.07575165544 6686.364196516892 10789.035712711287 9694.839298783052 31046.072429700078 9649.957899209867 40773.769341085776 56634.82628381671 10454.89058369064 9792.512054765135
219018.01827200493 0.0 134290.39400701429 58863.36098710952 15423.88575595465 7804.767066042417 6813.519366448124 6285.649560508943 20609.939200621604 2922.9745373208166 4829.366651168224 13070.40690989751 146249.00785454185 57747.67364888764 21463.460619249203 47057.57717422938 171340.29166240396 3079.1771764134396 42259.37239979525 19252.746495785665 24483.58721555139 18525.475413323842 37132.20379293507 34805.27977718583 27178.571469183844 49071.6585530712 52649.925107504176 100243.13404445827 53880.58909007732 7397.118395353903 5341.395021231889 3423.2568620318507 1255.8635583833036 2863.9195821512003 7304.403870693028 9778.453972853504 5547.326626239626 39497.81878401661 11146.936035966482 0.007503775838026926 40.4934365993991 3699.1923817405213 4048.4474145767854 165.76227666921267 20792.95614607376 15037.70267959173 0.0 0.0 0.0 0.0 16246.90399123681 17635.672604638865 10245.639113183508 17717.203944424567 69909.69126715916 26699.304570180513 10518.307495766563 10421.677016132848 10177.354828566884 10105.121929877896 10747.95738151006
299464.77534803445 116292.27376774172 22940.31805067419 113626.370443458 19651.37408870127 2249.1785719706363 4807.5269471249585 9898.967588290738 9585.388642956208 17508.487550024816 21103.269465086014 99276.09386395273 38308.35948002575 1635.7756877319555 1686.7812331250984 11225.094602296198 1030.2802781678465 24167.93564443841 6991.786851848254 25671.490652494093 16381.880596115792 24125.433749202697 6892.43819318993 7833.694415068655 27316.722743623708 55025.85614628371 42444.408656508705 74338.14357908562 55760.75843789457 22848.831363404213 0.0 0.0 0.0 0.0 0.0 0.0 1144.507595035847 2151.0941091744335 602.6770201991808 17883.513786554056 30175.513957152125 10914.275653975572 28805.307480668976 6747.256837500205 2604.2271089324468 6513.849472185098 19525.18475519483 0.0 0.0 42410.15034285908 39283.19378814436 24437.62221864779 0.0 45343.92692441221 0.0 10715.237793788623 10844.78839079337 10646.08988878829 10508.272468234787 10595.297790605066 10510.162006171458
117616.09663919653 139178.02925242446 30010.783932766266 19883.045337758744 13792.959081079753 28218.199794110576 874.7277493234885 18621.20042539442 859.7141691697559 814.8464970394473 931.9220241010441 160526.86970409658 35298.45669585022 12242.830406306231 8926.127171389577 3914.7755342979917 12252.173067360805 41953.40628665356 25937.72814828114 50485.59884886373 1142.4298518495543 4347.472533226533 14949.273817375211 5445.67530248715 33078.02906305525 57357.25509665615 68197.9559589925 74375.4958493419 0.0 0.0 0.0 0.0 0.0 0.0 0.0 0.0 0.0 0.0 0.0 0.0 0.0 0.0 0.0 0.0 0.0 0.0 0.0 0.0 0.0 65170.41708824685 0.0 0.0 0.0 0.0 10683.048638426515 10648.769713288913 10977.303271019144 10684.277732527078 7077.986672885265 7075.913209316144 7698.056095729437
111255.66919015317 101686.46245393026 35434.35558699328 6733.481387268651 829.8161033193959 832.9573518136976 943.332537857735 18638.786433414727 48813.20721150911 3021.9790939452246 1897.3875360136694 67131.21391101833 19733.133680171246 148299.25925283192 12109.977255923597 20587.05641670279 72730.53868945753 86595.79394519416 14687.329596696596 20537.80783783293 3036.2325419103067 2560.7564504326597 23217.8036653136 21669.689671804477 61085.91465781578 40542.82614560867 0.0 0.0 0.0 0.0 0.0 0.0 0.0 9022.45602156976 9641.397354552646 10855.498465424522 11187.167309267987 11197.916209919345 10871.219234359034 10865.023632979703 9545.513919964156 0.0 0.0 0.0 0.0 0.0 0.0 0.0 0.0 0.0 0.0 0.0 0.0 0.0 0.0 0.0 9154.789495291989 7758.3851625933285 7782.62078954837 7132.550791696812 8090.2245920837495
41185.362639265855 42213.19587521771 122076.75178245152 67941.69370128887 13065.065456694892 4650.916106200895 42328.086727116744 4440.474900826183 16125.647360116533 5836.926600743802 18276.161890154493 18759.509037570042 103363.43989477682 132985.02989432222 22191.453800270323 5345.508672568799 45158.09956571571 27297.47767787549 32744.158269254745 4973.666751462198 14333.31302787401 20858.43170800207 74927.54173438721 23258.504880060944 99098.5202915808 0.0 0.0 0.0 0.0 261273.66768203667 0.0 7866.365801535321 8174.487285043307 9127.031490178599 7950.092789101811 10236.224974500818 8821.384294059788 9756.243767574862 9750.09074108465 9124.389839086942 8801.221383787302 8491.847399962002 7862.320616604943 0.0 0.0 8154.72882201047 8185.77266855163 10597.958411469504 55461.64203992781 9063.140298251095 7863.5526359174 0.0 0.0 6945.541815221493 0.0 7225.760190066193 8039.496252656307 8805.440535694312 7876.4591555876095 8187.459246708393 8813.94456870783
57843.242432527324 75079.13585096838 139866.32720066284 70342.32273781757 87376.35058701453 90715.31351426832 189340.1458419143 200190.30044407246 23294.34396141428 42418.5756761305 767.9483546523475 6923.661721791846 25965.932772857584 72766.30795068479 32210.89719540964 677.434713334858 18151.116638542288 45293.84910913544 9070.317068176104 41295.33711877404 69003.45584884626 71079.72991683109 79597.16428432723 160882.13147392648 206295.8847302215 0.0 0.0 0.0 8901.540030470245 0.0 0.0 8907.11441908473 9222.673487622364 9222.050021278497 7401.365948032968 10422.37283438719 9511.35587467279 9854.142961052668 9535.124106194493 9539.570139874066 9225.945012233942 8570.42050698464 8909.34136862141 8588.850312237695 8591.273101644478 7958.4277558452995 8276.696502407263 8623.404064425984 7504.134636822434 8548.65302817465 7950.638989098388 8269.460810982011 7952.307008434501 7957.309321009046 8591.630359190132 8258.990469589973 9224.275821933496 9222.608951479066 8911.015220730886 9227.61420254584 9222.052915571081
104228.98759746108 38815.37680677167 106817.44500957939 110740.94997857594 106958.81967467554 17264.881179922682 184437.23133596109 23349.429602787437 93371.5101017563 0.0 0.0 0.0 49682.15600558144 27113.561919498305 49281.74301981487 116727.96802352692 60961.190291867184 79817.1264082185 154650.1561523091 184155.9896596416 107864.01888571026 63035.98307228381 193214.29749594897 0.0 0.0 0.0 0.0 9939.394884019548 8348.156605154802 9312.080645009593 9863.111362591984 8990.461410397695 8670.307572423555 9312.393052019645 8671.40665304085 9634.850659850881 9957.838961900334 8346.503609642215 9314.596847180292 9635.996932914677 9641.714268728083 9639.504707055283 9316.252714902517 9323.428134299449 9320.668921851897 9643.78234140601 9323.428730841877 9278.587385956007 9001.287573237963 9004.598159783209 9002.939375688808 9321.223786782934 9324.533798891054 9320.3284998152 9002.388001579548 8994.196132552339 9322.875589252175 9317.09250213549 9320.115824465196 9252.751634126513 8631.555248166811
157921.9284008103 119519.82289576775 132466.585718346 58312.49882973335 82140.8984843154 110797.76057726258 49038.263209538374 379565.5820808565 0.0 0.0 0.0 0.0 287945.38100950513 55659.50207105772 1820.5840200410976 0.0 1493.491093210651 9060.21217460442 42376.08243844792 191325.2716702371 264268.9879227143 245432.29168565717 247646.9980786353 253615.90662146316 0.0 0.0 0.0 9736.01894761083 8763.828405721233 7452.5925696332115 7777.983423136079 8763.832470966783 9088.011101223608 8324.596475605607 8438.430526352222 8441.125998065052 9409.465140122562 8444.415153587426 8772.597123059211 8766.46132973293 9409.773504016957 9415.797480366238 9090.363742703801 9090.906986269738 9089.26737963218 9737.493800420674 9742.890068417943 9701.195351583287 9741.79602519778 9739.052433092807 9079.594515692841 9414.71041879907 9329.929470401034 9745.081093353914 9421.287558862936 9076.186119685559 8425.736196000913 8691.41625687996 8652.433140313371 8759.444036009512 8111.310210542352
73814.56342860225 0.0 110039.87636897565 194702.68144425223 188249.35299504362 167077.24723713883 410871.724922471 47728.93428659366 95798.17966576916 0.0 264959.62220694096 208079.17033851868 138141.04640428687 74089.13475046786 28233.580217408562 37005.32253203179 46905.54234784017 63973.909561666296 149391.37946900996 206476.2384283825 274741.9340875273 201592.78564245225 0.0 251516.99663969994 0.0 0.0 97368.4660191688 7858.531300527321 9837.799411722473 9188.585174930822 9516.750353069168 9517.84033102625 9512.434187071389 9511.851682740158 8523.557972595858 9178.249804840843 9335.87604093052 8527.357363463258 9177.860975182515 9841.103966637262 9176.3146708744 8529.536214678497 8853.34366830088 8510.563563589845 9504.78344060315 9180.421144148237 8855.521370634433 9181.513464051464 9835.6683936725 9503.15766470924 9508.585725766157 9509.679194551074 9502.070558950481 9501.526122321402 9178.796517136017 8525.473840724577 8166.661776224561 7839.984309503749 7877.016296187654 8193.756060005331 7478.675131903637
0.0 0.0 178400.43306366768 140408.36129448473 223540.7597705448 173761.81772272798 224486.58356107055 80649.87025113692 121689.3262717323 0.0 0.0 0.0 80089.31926603158 31708.602134795605 23050.826545376578 11890.262805611163 42726.76817234302 85916.18888430992 180262.54333106012 220398.06873471418 0.0 0.0 0.0 0.0 0.0 0.0 0.0 8616.181707210195 7284.180348379366 7941.472958090516 9264.968891995442 9605.010618774424 9606.629987447961 9607.715369884256 8612.395064480288 8288.13835456891 8659.83208758226 8943.266717084942 8615.631482003679 9268.74104114865 8936.251168782857 8613.42987410174 8608.014472821525 8275.590329679644 8608.614784815541 8614.551313722379 8944.887256734368 8943.811153722005 8605.918738686616 8937.877519108217 9598.542997923398 9268.201840756416 8941.104657193257 8610.779739012196 7949.031794143609 8256.263757181203 8942.730985418735 8619.41408154479 7947.953371258789 4630.588517548728 8280.979549746204
