critload/trunk/input/1999/nh3_spread_fe.asc
ncols 720
nrows 360
xllcorner -180.0
yllcorner -90.0
cellsize 0.5
NODATA_value -9999.0
[rows 140 to 167 of 360, columns 378 to 440 of 720]
0.0 0.0 0.0 0.0 0.0 0.0 0.0 0.0 0.0 0.0 0.0 0.0 0.0 0.0 0.0 0.0 0.0 0.0 0.0 0.0 0.0 0.0 0.0 0.0 0.0 0.0 0.0 0.0 0.0 0.0 0.0 0.0 0.0 0.0 0.0 0.0 0.0 0.0 0.0 0.0 0.0 0.0 1.2644316717811375 0.0771451542736928 0.0 0.0 0.0 0.0 0.07975808019943949 0.0 0.0 0.0 0.0 0.0 0.0 0.0 0.0 -9999.0 -9999.0 -9999.0 -9999.0 -9999.0 -9999.0
0.0 0.0 0.0 0.0 0.0 0.0 0.0 0.0 0.0 0.0 0.0 0.0 0.0 0.0 0.0 0.0 0.0 0.0 0.0 0.0 0.0 0.0 0.0 0.0 0.0 0.0 0.0 0.0 0.0 0.0 0.0 0.0 0.0 0.0 0.0 0.0 0.0 0.0 0.0 0.0 0.0 0.0 1.148610353567546 1.0024706087041688 0.0 0.0 0.0 0.0 0.12626233798063813 0.011977282105742289 0.0 0.0 0.0 0.0 0.0 0.0 0.0 -9999.0 -9999.0 -9999.0 -9999.0 -9999.0 -9999.0
0.0 0.0 0.0 0.0 0.0 0.0 0.0 0.0 0.0 0.0 0.0 0.0 0.0 0.0 0.0 0.0 0.0 0.0 0.0 0.0 0.0 0.0 0.0 0.0 0.0 0.0 0.0 0.0 0.0 0.0 0.0 0.0 0.0 0.0 0.0 0.0 0.0 0.0 0.0 0.0 0.0 0.0 0.0 0.303319596076578 0.0 0.12901883433637218 0.03621092134457773 0.0 0.0 0.0363608086149436 0.0 0.0 0.0 0.0 0.0 0.0 0.0 2.015013867914486 -9999.0 -9999.0 -9999.0 -9999.0 -9999.0
0.0 0.0 0.0 0.0 0.0 0.0 0.0 0.0 0.0 0.0 0.0 0.0 0.0 0.0 0.0 0.0 0.0 0.0 0.0 0.0 0.0 0.0 0.0 0.0 0.0 0.0 0.0 0.0 0.0 0.0 0.0 0.0 0.0 0.0 0.0 0.0 0.0 0.0 0.0 0.0 0.0 0.0 0.0 0.9605297237034938 0.28016622501446714 0.5735714465809477 0.0 0.0 0.0 0.5430731650215053 0.0 0.0 0.0 0.0 0.0 0.0 0.0 2.262185635480727 0.0 0.0 -9999.0 -9999.0 -9999.0
0.0 0.0 0.0 0.0 0.0 0.0 0.0 0.0 0.0 0.0 0.0 0.0 0.0 0.0 0.0 0.0 0.0 0.0 0.0 0.0 0.0 0.0 0.0 0.0 0.0 0.0 0.0 0.0 0.0 0.0 0.0 0.0 0.0 0.0 0.0 0.0 0.0 0.0 0.0 0.0 0.0 0.0 0.0 0.0 0.05769478795161424 0.0 0.0 0.0 0.0 0.9901173273048737 0.1102668900430832 0.0 0.0 0.0 0.0 0.0 0.08637226544818791 0.054575878420962946 0.0 0.0 -9999.0 -9999.0 -9999.0
0.0 0.0 0.0 0.0 0.0 0.0 0.0 0.0 0.0 0.0 0.0 0.0 0.0 0.0 0.0 0.0 0.0 0.0 0.0 0.0 0.0 0.0 0.0 0.0 0.0 0.0 0.0 0.0 0.0 0.0 0.0 0.0 0.0 0.0 0.0 0.0 0.0 0.0 0.0 0.0 0.0 0.0 0.0 0.0 0.0 0.0 0.0 0.0 0.0 1.2155838365808311 0.021382289228478023 0.1997527498341116 0.0 0.0 0.0 0.0 0.0 0.0 0.0 0.0 -9999.0 -9999.0 -9999.0
0.0 0.0 0.0 0.0 0.0 0.0 0.0 0.0 0.0 0.0 0.0 0.0 0.0 0.0 0.0 0.0 0.0 0.0 0.0 0.0 0.0 0.0 0.0 0.0 0.0 0.0 0.0 0.0 0.0 0.0 0.0 0.0 0.0 0.0 0.0 0.0 0.0 0.0 0.0 0.0 0.0 0.0 0.0 0.0 0.0 0.0 0.0 0.31797048859563515 0.8294814271256801 0.9648663850602841 0.0 0.0 0.0 0.0 0.0 0.0 0.0 0.0 0.09933425607770512 0.0 0.0 -9999.0 -9999.0
0.0 0.0 0.0 0.0 0.0 0.0 0.0 0.0 0.0 0.0 0.0 0.0 0.0 0.0 0.0 0.0 0.0 0.0 0.0 0.0 0.0 0.0 0.0 0.0 0.0 0.0 0.0 0.0 0.0 0.0 0.0 0.0 0.0 0.0 0.0 0.0 0.0 0.0 0.0 0.0 0.0 0.0 0.0 0.0 0.0 0.0 0.0 0.8088476920018209 0.0 0.0 0.0 0.0 0.0 0.0 9.043662713650487 0.0 0.0 0.0 0.36687169343538245 1.2901133294566918 3.6815680785705647 -9999.0 0.0
0.0 0.0 0.0 0.0 0.0 0.0 0.0 0.0 0.0 0.0 0.0 0.0 0.0 0.0 0.0 0.0 0.0 0.0 0.0 0.0 0.0 0.0 0.0 0.0 0.0 0.0 0.0 0.0 0.0 0.0 0.0 0.0 0.0 0.0 0.0 0.0 0.0 0.0 0.0 0.0 0.0 0.0 0.0 0.0 0.0 0.0 0.3322960562828841 1.728256938553363 0.0 0.0 0.0 0.0 6.873262077762185 3.1667938916268645 5.1964546674223016 2.022517735123987 0.2635659786058347 2.024600796546409 0.869821185695069 0.949170164640994 5.893868216295127 -9999.0 0.0
0.0 0.0 0.0 0.0 0.0 0.0 0.0 0.0 0.0 0.0 0.0 0.0 0.0 0.0 0.0 0.0 0.0 0.0 0.0 0.0 0.0 0.0 0.0 0.0 0.0 0.0 0.0 0.0 0.7776755359338346 1.7263586625542566 1.7314180019830643 0.0 0.0 0.0 0.0 0.0 0.0 0.0 0.0 0.0 0.0 0.0 0.0 0.0 0.0 0.0 1.2163234291459009 74633410.16728114 3.7039182574019613 0.0 3.2908617906376967 2.5825048930828087 3.934080537083872 93727744.86932336 1.1187828960922428 18.149027096625968 7.856357386355111 3.3945272698507765 0.7557272158156025 10.36952342745315 1.3896448770866672 3.5982601239755834 0.0
0.0 0.0 0.0 0.0 0.0 0.0 0.0 0.0 0.0 0.0 0.0 0.0 0.0 0.0 0.0 0.0 0.0 0.0 0.0 0.0 0.0 0.0 0.3928747356869787 0.0 0.0 0.0 0.5723427253476812 0.9740708365097198 2.252686590351662 1.836392338410356 0.7439649566885183 0.9728389909350623 0.86258882005297 0.0 0.0 0.0 0.0 0.0 0.0 0.0 0.0 0.0 0.0 0.0 0.0 0.0 2.4831478373948417 111708070.28845394 133722666.81037681 2.0920364688101167 0.5091427870892631 0.33352711619511416 3.4038301029086453 0.0 2.8504461461852766 27.076335658115394 14.415492577607068 114.49740303694513 46.266494801311616 19.37870392823434 10.192164524691204 0.0 0.9158333456370576
0.678530866132308 0.084933640908914 0.0 0.0 0.0 0.0 0.0 0.0 0.0 0.0 0.0 0.0 0.013665677260941308 0.0 0.0 0.0 0.0 0.0 0.0 0.0 0.0 0.0 1.8125218351150394 0.03346332086468966 1.1956505094484435 0.0 0.21734989776431068 1.7572146767808041 0.5134726490306163 0.7053417288747594 0.022935342104060875 1.2861712480174265 1.477172744651313 0.25276998434361664 0.0 0.6198940765250085 1.834291982353818 1.7187245998167398 0.972502483439728 0.7283999260286131 0.7035065358647086 2.109377580798 0.0 0.0 0.0 2.18709218687015 3.600540483591097 159770759.83281904 135579695.07144743 125616659.08474483 9.904396400268254 87111813.90542753 131746978.14464763 75335020.89774218 58062187.54253869 147200009.2042079 136769050.05895102 526345092.14252275 27.4976514724383 263327267.28818375 17.78125236217894 0.6449247533931399 0.0123800382466338
0.344815504629316 0.5068430816513814 0.21706271622303488 0.1695900757468106 0.0 0.0 0.1697105392859842 0.0 0.09446606627911072 -9999.0 0.028667774570969792 0.8907443372612005 0.6885341666480189 0.010103423176420259 0.02415639800913189 0.0 0.0 0.0 1.1402539713658182 0.0 0.0 2.0620421263809567 0.1481696755700934 0.5254679985888947 1.2599994151071976 1.1825505840245645 25529559.208401214 2.643134370411429 3.296796298296956 0.6011236245842028 6836764.4110205835 1.4603420356510253 0.408196352763148 0.7631983999311955 1.0674980350003926 0.0 0.703168691915035 1.8357602685502574 2.3054247725106882 2.642444416984033 0.18233738347915304 1.9823672124085634 2.8659219492681633 0.0 0.0 3.233400397985064 4.119704169202798 77711741.66955008 6.210897994475295 138704270.34584126 87472118.90911618 112307358.17662115 114293150.53992486 166498095.6340131 77673288.41554514 83100282.19063668 1.5630737795967216 13.333922821170912 13.627503002242921 332942866.0738057 257990246.04952863 9.136304074245553 0.0
1.0818068050559289 2.0116733007462777 2.461207311779078 0.0 2.282921066438153 1.5878711034876782 1.460724198780861 3.4419340306595507 1.0080157249430506 1.1065158671390276 -9999.0 -9999.0 1.4176628372869222 1.0546978131539528 0.3987194781127211 0.0 0.0 0.0 0.0 0.5541389184958336 0.6163811634339361 0.031189029332887103 0.09043404663348466 0.19827994949609676 2.530851151047082 42113483.61534984 55438398.430413686 78895669.9782012 18890574.934844133 9193865.277216947 17273844.141404465 0.5450703821525952 1.8525568287424536 0.8758901002509046 0.24823109582139755 0.24155061405414197 0.19420913432667286 0.8096272995509739 0.6636706076165948 3.1182902668753427 0.974740305829589 0.7172829081186478 2.676530313951575 1.0209049053714372 3.035068550090649 2.674963736289559 0.7747767087638026 4.817703884707437 98585686.11223295 140193059.4240702 176071894.74961996 206497408.89740148 152934713.106298 152338855.23035452 427113313.46193844 0.15519123197475798 0.7166175329120055 6.5031507761938245 3.0369878447063137 49906738.07832601 16.961610757520255 9.468308571722108 0.0
12.246655974302081 10.093946941449362 6.468508568535634 7.003836208733837 6.03350810600819 5.041770389485942 1.0319792509111807 0.0 4.6315688369336625 3.574147347468007 4.541931573571204 0.5211948703469883 0.7343711198105839 0.6631057552967834 0.004837612456201417 0.8118513629777258 1.0611697443034656 0.5944946140417604 2.359014461071145 0.6405734103985282 2.0663103111519527 2.544377561722285 3.2318618310486205 3.642924932690086 3.7356007776117433 3.6176959606963024 55966875.64243836 36467846.109264046 39068269.86719584 18742261.318804383 34687733.84416065 0.0 1.2395825935672293 1.9853480895706719 0.3161104914463086 1.6388396613135752 2.0205128150398655 2.6950263437089887 3.060923500835562 1.7547442753740625 2.895740966954857 2.2436790543611465 1.8703619717596278 6.154463851759197 57881500.52772383 37875662.30560323 0.7490600846473119 2.456799790005345 90119881.2787021 148915309.9184581 222355212.1235898 100622346.81478505 4.63261843497253 4.888970931709781 169501211.73075098 0.0 17.852355980299556 18.865292855190365 11.733198033047548 2.592332518587042 5.947843838265472 16.258140107494075 0.0
311108097.51725316 12.046708983902 11.122330717944735 8.68757014484345 6.329383825260908 6.667838678317584 63429112.54755109 3.4310157218590134 5.930792843609088 6.797044805609132 3.278499443983987 6.1095365630330765 1.082159846920756 0.9535611047922244 0.8362293779669534 0.5675883494024901 23538822.229134385 35883286.49719815 2.4969304213322125 37937695.675392196 3.246779174198683 4.920512215978425 1.286818275760566 3.8345386204027765 1.975938136380409 3.3198609135523105 44940829.64069285 68682617.55271293 40590036.14082767 69925286.19306143 28113911.8237646 0.17423573415143068 1.6786516591904117 1.8371218414435828 0.8549850371179043 3.7661585656430896 4.129649869856469 6.475813425675178 3.761834824864336 2.7808125006020523 6.674823288330746 7.597873963484666 39004425.7057091 6.400885181667349 79775634.86688104 8.77683027925635 2.387130713377301 0.9630908671845563 12.609948238483886 13.215023746660659 170732584.75161567 64208002.920351736 0.0 0.0 4.016178809559951 19.504379566068657 291717381.47710943 385864532.51773906 8.83510638105846 4.551783730521678 5.014182774276437 15.268823417924896 0.0
369467679.98541707 336446532.34897095 298363139.8702134 208942683.78982055 192227315.5077947 159348122.22248405 190329828.60377112 195446898.93251505 6.522781261220835 6.885887728180911 7.511367808954116 6.656884658927365 2.6318802701767563 3.4333993328967605 99706674.29356666 81588874.73731844 82061903.04602712 6.616041571246732 48330324.13919516 4.572293305314229 3.2132993925012348 2.4775575492357595 1.1969971899529754 3.026273728582699 4.1958121397854935 2.209437759327375 1.762728511833058 2.129716357034663 48731073.39087675 110480835.58321708 7.557526966814849 6.013665385899326 34935518.307059444 4.991155482722596 3.815314053407135 5.875577379356573 6.072408790852528 4.981932187474285 1.6437780378726734 3.9614765264723077 4.741306869222542 7.989783803884533 8.03704938729672 54253308.208712116 64256398.53345201 95542603.88632013 102718567.22713752 13497816.487036152 12.85542394823836 241409177.96685854 205701147.08061153 121547728.64852251 4937424.34957186 0.0 0.3746539896605376 25.66676405955204 238464872.00891834 700789591.9277245 16.579902559380525 5.579884605842984 17.73788625590607 12.593614335578367 0.0
292344982.67776453 365689990.5133491 358713457.8263442 272529080.8703603 253744131.41412064 250938343.2316276 201584229.7308997 181688207.63929877 227488696.28526044 245267461.66720405 605301701.4233655 5.091857138648195 50353678.25747502 7.683260048883955 81964311.05351408 76803854.70730835 5.558386427928878 3.81788838739037 3.5850935034430558 1.1697903970050398 2.0542639625656136 1.3580044381201875 6.354724954940393 3.4240545049197055 1.9648820292017528 2.635146599335923 1.9165592062971637 6.165212534825191 68235990.99470589 124246350.39937173 8.345820854597044 6.183101236436158 109434043.92158374 10.854132467727124 57681771.85775938 10.672420525610239 7.430977070354135 2.041651046168412 3.7513999749125495 75282068.71063969 6.188384557546611 80967572.95938371 3.9895841589738725 4.221522000629124 107688658.537379 8.864828430317106 5.8007906945137 134946556.34283316 118378721.0468382 96478198.63465017 175900250.9762778 82110851.57036178 0.6734472720946848 2.7317453877515985 4.271399744233129 617085993.090166 642692505.6516116 21.06058098376862 8.109797418189142 5.796473675125546 1.6265714969025824 23.375478135452695 0.049315554475265644
261341344.8469998 340297248.3325717 290521646.01871836 246203678.78956756 239595204.1120389 228698018.0666528 237656938.030568 215849574.13230625 210242547.85937333 39.217874343683505 508819558.4795084 637161318.4637554 8.39551699373728 12.340930471368878 8.177276953627807 74199566.35684963 3.639636072584216 3.0071620232968215 0.3870003651999223 0.6885810695425498 0.22599181789736025 1.022566265975366 3.0501365865050443 0.7156420449037095 0.992015636327765 0.5776453663978889 0.6321352343179828 1.0128637442524395 84144633.11217265 8.302799840956084 110705577.65571734 121922286.93822128 95186856.59556998 89582723.13043718 131922575.2629838 55930857.97048413 5.888090403845865 116257158.6991226 7.411766575646784 4.846004575301512 2.3825246115063807 3.449805299025495 28993430.346224323 2.9176393952927 6.364150098268243 4.276595839924748 6.821915243315678 2.9161545436581737 11.354592896456522 4.143687350101372 4499681.84335276 7.081042914873526 2582511.8244957994 9.25860797445925 126843061.96393256 535025738.0334333 752634380.5793502 192152366.6887184 19.79991783666468 11.81674842586694 3.111344481990844 25.924786177253498 5.952488859557306
245467508.2029301 282300714.9762753 257400715.49355602 287813512.6440352 317256287.4897713 266117058.22529373 210485240.4376914 245419058.0359004 216319236.26486298 38.26504730649331 631724297.7676361 550718610.4232302 757889400.3876565 2.887102736960904 2.0196719088664246 5.966152882880372 2.974262166499863 1.9768787096070795 4.03499794934106 2.1179217444777008 0.9127916114000757 0.7293195784099432 1.7267147822837656 1.3901161304404586 1.5741330313785167 0.04376396484816993 0.6619059627857385 0.7908503052477468 0.6946756084744391 1.595456099178652 9776494.410413716 73794585.31251238 34795497.709394276 3.037961928728059 3.7597591115737328 3.920806516652085 3.8277058084515554 88700755.03405027 2.7518382639077874 2.2308957632367163 2.157884352048261 1.272755591979249 1.584727371012533 3.662256214123999 3.4715626365186902 0.8430048620657424 4.6131114943937055 10.804107739841623 12.133232667580272 4.77405729162354 12448818.996195413 9.525705342303995 1.3959275098028148 69962239.75973417 78844186.9779611 112400521.89594617 238974596.4120986 698902685.0805136 25.52313876827338 11.952669644125294 11.717567780848592 22.72461638408852 3.9073855961790476
264174758.4656335 316072617.10060537 174161464.80206537 182630938.07606968 286056107.79888827 275747443.68903106 271448172.60950375 279514844.2670918 503832286.00009966 409025412.6826945 89304084.45959455 4.943532369431199 139532275.48482102 6.930863580597053 2.8436162128267606 2.3317805796663755 2.22117051186782 2.293434408555728 3.0236932810517443 73520148.17245534 1.791641637282756 1.051546504152014 1.5898454161084954 0.09012632272396945 0.023468619059798267 0.03993569766380731 0.07015685898235664 0.031668196555310155 0.04132092781058039 1432154.5509763747 0.04485903537942063 0.0 0.0 1.1316375706519748 0.5907704028105012 2.001548707514808 0.3450183220308779 1.1078246590316345 1.109734522247678 0.4993740077474979 1.668673830248249 1.518653239164701 1.653211477282987 0.2266141954549564 1.020895016397408 2.108273407101066 4.486718986437363 5.947238296882992 5.808077344184758 2.15673769161724 14143597.364964401 7.681279733719351 185597355.7032573 32904954.236634366 91133739.62753442 201967317.16864017 447140269.36994827 201378529.24211237 298459430.6184842 37.71512266770487 50.59315714167545 24.11623839745245 0.0
255808244.9769771 270921020.71778333 278755179.66195834 259503976.4104194 298325749.66155195 299402751.00605786 310690338.7306559 270340823.1784059 490622509.3597071 487550671.64415044 22.543065061039325 6.116777546419238 8.755370579648861 113498960.02110222 9.851346463880724 6.977915970856264 5.0626249871520335 0.1881288703840848 5.057837098538724 2.622752642725085 2.980528952099317 0.0 0.938641271519322 0.0 0.0 0.0019271517560572164 0.0035889406294292697 0.044640360458414394 0.007698517798208275 0.0 0.08916089443408719 0.0 0.0 2.423570158960325 1.6300299933620321 2.9976678097147866 3.766540864316564 4.469911630371249 2.865568928676974 1.4966679013255193 1.7075774407489932 0.6011830489992853 0.2600287782528361 1143123.8823760485 1.1605862522697203 0.890702764964266 2.111253719434506 1.3466954517068694 1.0546305320153355 1.7581242272658695 77405864.78559117 494580163.03155524 508167397.7182446 374352003.78182447 68898296.58266689 143891889.33612615 264974006.292778 221028938.1309007 188987130.60099757 32.035518374485534 39.43498421356637 6.643202099874316 0.3632057570943972
275898939.88212997 298653904.9395367 295806420.79449683 313872455.3401708 241407434.31574586 215791943.69597802 290416338.83823735 36.19646799565596 10.02604170034679 31.5038305844371 11.809582075186414 3.441305375182326 4.666124681144264 6.743577049253036 9.986339434792423 7.317092027966609 6.529866175343293 120296422.708219 125154030.2527852 1.4854769130766605 0.03567993571189326 0.004338156320278838 0.0 0.005900419555233756 0.0 0.2162003386065384 0.0 0.0 0.0 0.0 0.0 0.0 0.0 0.7418180490423817 0.0 0.4397964434782595 2.2982692796779887 4.910760136563684 4.244760942628143 20663205.314882215 6757084.468000008 0.509492059993866 0.03096394997685484 0.0 0.4927402288445674 3.181699100970404 2.6369358190922623 0.6127337285899939 0.8147479989714366 1.3561075443943074 1.3791436138378654 514432992.5620461 431404849.19493544 434784602.049336 99298933.11706223 97982747.95966393 270000070.94696486 552610948.4771674 329467411.27259356 474945910.44429475 45.045151534193344 219144533.64159027 428327674.2118884
183379341.10843852 267547929.05944866 281518092.87497264 202293585.3819328 91100855.53080656 7.525458180285579 10.624982526029758 1.612644541314923 1.7285455226036215 0.8302299825190875 4.684986169983672 0.9054455922374303 0.0 1.34130329939883 2.211984160571578 0.4769849892160773 8.320498068329028 124886205.9055652 66759283.38470047 1.2333505773162896 0.0 0.0 0.0 0.0 0.0 0.0 0.0 0.0 0.0 0.0 0.0 0.0 0.0 0.298760645620402 0.0 133187.79572289856 0.2811141052152921 3.5627795532632875 83910992.70721002 6.790316428609898 2.6711616250213415 1818153.524632435 0.7645532185557532 0.8068661964691147 3.1307991091042133 3.4164126060571567 9.042614951448295 2.683881365580407 0.6977042911129022 16407063.779956706 0.0 27914591.28345055 12.638703038896452 18.809982260530834 24.035217816862303 247785898.2846892 22.4227150196679 568577374.5374832 302851487.1847778 680835294.6521932 67.73112358415453 32.70418743359938 146145725.82259446
236237345.8536079 276975614.7471785 206190738.84162226 51847641.42089622 2.2767293795774344 0.21091781735891224 2.159891086074766 0.34460752514905696 0.08078763162182678 5.138601613346388 1.2408880701438993 2.3645077236889867 5.427072739400723 2.937639415393044 38756666.95913269 0.27929298536807623 0.06370411183894016 0.08118738633056331 0.0 0.0081816357010498 0.0 0.0 0.0 0.0 0.0 0.0 0.0 0.0 0.0 0.0 0.0 0.0 0.0 0.43875486605781855 0.29516387382287457 0.0005421165183055104 0.21603643961007482 1.5785343835250483 1.9265998558092607 3.77566998100181 2.2491064100218394 0.9834718410223646 11611586.065055206 0.5798299185661657 1.3980585207678056 1.8386745126068194 1.0639505439039862 0.13398596070371835 0.0 0.0 0.12173397056593918 1.6050843863890016 1.2905636005663255 45910607.382158384 18.768644081597845 36.14960550895694 230795111.73847982 563808710.8996359 782675008.2496624 254018902.81651077 1.040881008702485 230108076.99873784 70885807.61249919
303671276.4546516 231162012.213565 70545822.71478604 2.0371027938216733 2.2087102624425214 1.612736457332769 4.673589823809761 0.6563683523208045 3.2078197713760517 14.145492917744674 12.1878590223637 1.0147803443784378 0.0 0.175938081711525 0.3472881606106521 0.055867554793517925 0.08821133488932086 0.09248047094570444 0.006731794547570188 0.0 0.007515004609925716 0.0 0.0 0.0 0.0 0.0 0.0 0.0 0.0 0.0 0.0 0.0 0.0 0.0 0.06841009508649364 0.0 0.0 0.31024722210852407 0.6749501250361679 1.851721585206093 1.1368317301231374 0.35465347442870077 0.0945504202145959 0.40839204105393956 2.5781145375739585 1.224777800040784 0.5617131825645438 0.8861569744266393 1.8067650792404728 2.097431104900397 1333740.3642241666 0.0 5.513867297284658 20.083725498476216 13.901585681770479 7.160471754642974 5.315500215454875 676761581.2438747 1109245329.609075 471124906.9113996 1.0023498634044241 4.86855351977225 16.684008437740477
170957795.9995162 3.185072981962418 0.8488158435936161 3.5855441360941773 8.40840666078202 9.54801474455185 0.6874761995674401 0.17025725846370257 0.6757270968744782 0.37743424771653383 1.563240597868862 0.17798045104338456 0.14386325891544113 0.1336651989036051 0.16539707097570427 0.15876834909215928 0.17783165924906275 0.12365791232024158 0.012190621801931065 0.0 0.008202889922251062 0.005495561048903686 0.0 0.0 0.0 0.013119030030394082 0.0 0.0 0.0 0.0 0.0 0.0 0.0 0.0 0.0 0.0 0.0 0.521075160516392 0.0 0.0 15243634.951911317 3.6384209773537184 1.3148672669884174 8349539.8721285695 0.1383920536329419 0.1516720999091292 0.5614763336923847 0.42092225387637455 0.0 0.0 0.38497753488473596 0.0 1.0249751238291507 5.835311042805985 0.0 0.8958047263395442 0.36148425860726024 530314430.04984593 765690234.9103621 463385766.9211374 0.4722707651623365 0.023763373361275847 0.0
3.50890463613634 3.474028865770975 2.8275392318479486 8.640251701064187 0.286719871027216 0.30523822564875525 0.0 0.7539776822656964 0.6838333781308221 0.42203428916721464 0.8760009481909926 0.010312384502407734 0.013043375293567423 0.005898154436920025 0.0 0.0 0.01992645341735541 0.0 0.0 0.0 0.004231098935288318 0.0 0.0 0.0 0.008023930840491963 0.0 0.0 0.0 0.0 0.0 0.0 0.0 0.0 0.0 0.0 0.0 0.0 0.2121608814522712 0.0 0.0 0.01689261145512477 0.8664621301106864 2.0371773977772336 0.4793029015804209 0.13190423509529114 2.581408534967982 0.8604606475017232 3.602209492827652 0.036101894603579085 0.0 0.0 0.0 0.0 0.40490302677600554 0.19623008045214252 15.77694989338039 7.250455857092786 21.088208413308962 20.358661841692964 6.6545577018900985 2.116623418192853 0.727773034215078 0.0
