critload/trunk/input/1999/nh3_spread_man_crops.asc
ncols 720
nrows 360
xllcorner -180.0
yllcorner -90.0
cellsize 0.5
NODATA_value -9999.0
[rows 140 to 167 of 360, columns 378 to 440 of 720]
0.0 0.0 0.0 0.0 0.0 0.0 0.0 0.0 0.0 0.0 0.0 0.0 0.0 0.0 0.0 0.0 0.0 0.0 0.0 0.0 0.0 0.0 0.0 0.0 0.0 0.0 0.0 0.0 0.0 0.0 0.0 0.0 0.0 0.0 0.0 0.0 0.0 0.0 0.0 0.0 0.0 0.0 21636.9052132027 1353.4499760556344 0.0 0.0 0.0 0.0 1388.432493557343 0.0 0.0 0.0 0.0 0.0 0.0 0.0 0.0 -9999.0 -9999.0 -9999.0 -9999.0 -9999.0 -9999.0
0.0 0.0 0.0 0.0 0.0 0.0 0.0 0.0 0.0 0.0 0.0 0.0 0.0 0.0 0.0 0.0 0.0 0.0 0.0 0.0 0.0 0.0 0.0 0.0 0.0 0.0 0.0 0.0 0.0 0.0 0.0 0.0 0.0 0.0 0.0 0.0 0.0 0.0 0.0 0.0 0.0 0.0 19665.619661382247 17198.637678956544 0.0 0.0 0.0 0.0 2222.0285961546642 208.657803833642 0.0 0.0 0.0 0.0 0.0 0.0 0.0 -9999.0 -9999.0 -9999.0 -9999.0 -9999.0 -9999.0
0.0 0.0 0.0 0.0 0.0 0.0 0.0 0.0 0.0 0.0 0.0 0.0 0.0 0.0 0.0 0.0 0.0 0.0 0.0 0.0 0.0 0.0 0.0 0.0 0.0 0.0 0.0 0.0 0.0 0.0 0.0 0.0 0.0 0.0 0.0 0.0 0.0 0.0 0.0 0.0 0.0 0.0 0.0 5127.024711768095 0.0 2246.379906642529 639.1755220439404 0.0 0.0 629.7388839315355 0.0 0.0 0.0 0.0 0.0 0.0 0.0 14018.57509746518 -9999.0 -9999.0 -9999.0 -9999.0 -9999.0
0.0 0.0 0.0 0.0 0.0 0.0 0.0 0.0 0.0 0.0 0.0 0.0 0.0 0.0 0.0 0.0 0.0 0.0 0.0 0.0 0.0 0.0 0.0 0.0 0.0 0.0 0.0 0.0 0.0 0.0 0.0 0.0 0.0 0.0 0.0 0.0 0.0 0.0 0.0 0.0 0.0 0.0 0.0 16178.066209769624 4807.005569277631 9865.621620443948 0.0 0.0 0.0 9158.895751775242 0.0 0.0 0.0 0.0 0.0 0.0 0.0 50151.25866927918 0.0 0.0 -9999.0 -9999.0 -9999.0
0.0 0.0 0.0 0.0 0.0 0.0 0.0 0.0 0.0 0.0 0.0 0.0 0.0 0.0 0.0 0.0 0.0 0.0 0.0 0.0 0.0 0.0 0.0 0.0 0.0 0.0 0.0 0.0 0.0 0.0 0.0 0.0 0.0 0.0 0.0 0.0 0.0 0.0 0.0 0.0 0.0 0.0 0.0 0.0 1210.756742899474 0.0 0.0 0.0 0.0 20276.47872560467 2330.5934462281903 0.0 0.0 0.0 0.0 0.0 1931.2599569424945 1220.3015408064534 0.0 0.0 -9999.0 -9999.0 -9999.0
0.0 0.0 0.0 0.0 0.0 0.0 0.0 0.0 0.0 0.0 0.0 0.0 0.0 0.0 0.0 0.0 0.0 0.0 0.0 0.0 0.0 0.0 0.0 0.0 0.0 0.0 0.0 0.0 0.0 0.0 0.0 0.0 0.0 0.0 0.0 0.0 0.0 0.0 0.0 0.0 0.0 0.0 0.0 0.0 0.0 0.0 0.0 0.0 0.0 24792.621023003867 453.1798186663905 4233.59323132582 0.0 0.0 0.0 0.0 0.0 0.0 0.0 0.0 -9999.0 -9999.0 -9999.0
0.0 0.0 0.0 0.0 0.0 0.0 0.0 0.0 0.0 0.0 0.0 0.0 0.0 0.0 0.0 0.0 0.0 0.0 0.0 0.0 0.0 0.0 0.0 0.0 0.0 0.0 0.0 0.0 0.0 0.0 0.0 0.0 0.0 0.0 0.0 0.0 0.0 0.0 0.0 0.0 0.0 0.0 0.0 0.0 0.0 0.0 0.0 6678.252050374414 16854.57505072178 19935.08871662441 0.0 0.0 0.0 0.0 0.0 0.0 0.0 0.0 863.7011273356704 0.0 0.0 -9999.0 -9999.0
0.0 0.0 0.0 0.0 0.0 0.0 0.0 0.0 0.0 0.0 0.0 0.0 0.0 0.0 0.0 0.0 0.0 0.0 0.0 0.0 0.0 0.0 0.0 0.0 0.0 0.0 0.0 0.0 0.0 0.0 0.0 0.0 0.0 0.0 0.0 0.0 0.0 0.0 0.0 0.0 0.0 0.0 0.0 0.0 0.0 0.0 0.0 16543.950224924516 0.0 0.0 0.0 0.0 0.0 0.0 203059.19404525976 0.0 0.0 0.0 3202.0445858285225 10547.625401701172 13917.177468502436 -9999.0 0.0
0.0 0.0 0.0 0.0 0.0 0.0 0.0 0.0 0.0 0.0 0.0 0.0 0.0 0.0 0.0 0.0 0.0 0.0 0.0 0.0 0.0 0.0 0.0 0.0 0.0 0.0 0.0 0.0 0.0 0.0 0.0 0.0 0.0 0.0 0.0 0.0 0.0 0.0 0.0 0.0 0.0 0.0 0.0 0.0 0.0 0.0 7289.9447919030845 37611.069717197955 0.0 0.0 0.0 0.0 155907.1783209058 71891.06860949604 117585.54192172975 17772.224821494157 2316.0013609437447 17787.636973387052 7631.4790612181305 8338.286069460846 42142.37406744243 -9999.0 0.0
0.0 0.0 0.0 0.0 0.0 0.0 0.0 0.0 0.0 0.0 0.0 0.0 0.0 0.0 0.0 0.0 0.0 0.0 0.0 0.0 0.0 0.0 0.0 0.0 0.0 0.0 0.0 0.0 16472.697154553924 32889.18917079899 32915.36849214521 0.0 0.0 0.0 0.0 0.0 0.0 0.0 0.0 0.0 0.0 0.0 0.0 0.0 0.0 0.0 27091.760680569434 362478.66835270525 81427.94648462879 0.0 64006.760157863435 52746.466473061075 82810.09371010278 450505.39527150843 23320.31631370187 130849.06020999723 53013.448161374974 22428.992136086992 5040.272441843013 113037.41425175835 12080.437895225725 22092.952631039585 0.0
0.0 0.0 0.0 0.0 0.0 0.0 0.0 0.0 0.0 0.0 0.0 0.0 0.0 0.0 0.0 0.0 0.0 0.0 0.0 0.0 0.0 0.0 3187.428702910568 0.0 0.0 0.0 2783.223724195469 17196.388105966078 44749.684788195045 38417.76534951956 16759.715570046377 20604.319982287852 16508.642258324493 0.0 0.0 0.0 0.0 0.0 0.0 0.0 0.0 0.0 0.0 0.0 0.0 0.0 54810.13797808353 515220.5675944749 637863.6328529324 41895.698883382436 10790.09449670453 6206.990288178072 58034.180398461736 0.0 48549.981475859975 177901.40743315005 94833.05553442973 829793.6070445279 341549.85128146113 203814.73695593662 126322.85765222786 0.0 7429.680779037391
48061.88508575159 6016.04303212751 0.0 0.0 0.0 0.0 0.0 0.0 0.0 0.0 0.0 0.0 28.565656903501118 0.0 0.0 0.0 0.0 0.0 0.0 0.0 0.0 0.0 11063.920740572856 105.84023814206381 6180.78756339589 0.0 1090.0120085965402 34639.09961946263 10259.872746270667 14116.472299505973 524.0607139762185 27060.799812883542 28913.303577156308 4136.347157054066 0.0 11936.87692423947 37178.44711376069 33054.28888747933 20651.271982755185 11932.427385899518 14932.16491236912 44774.41128539555 0.0 0.0 0.0 35828.28302630976 78733.75523910164 754585.5347399728 617143.3620324306 587229.4327047371 188276.25723985487 307153.08302399964 502655.4072087104 279290.9949315751 204852.57308865065 99098.9490464662 99346.74376661428 383648.8742712544 142899.6944357203 207894.07325888588 109611.56192880608 7551.71775916795 65.40123406146073
52443.2003247616 77459.03129034377 30134.129654307362 12038.61566088216 0.0 0.0 12047.16695283055 0.0 2966.696313951866 -9999.0 64.51340480339002 2003.7028441304415 1544.2623545448027 22.726874704379544 54.3487525178846 0.0 0.0 0.0 7213.774354093467 0.0 0.0 10534.586398004585 1018.3542609814313 1971.8541879895129 6188.661386664326 6440.889236135223 185162.3322880095 48360.18037178067 62496.271082738574 15151.800555264665 28194.060829073413 26920.19781889883 10318.775628565094 14994.106551337454 20939.738250458297 0.0 14959.27117879528 37277.46913875351 44900.10221933497 53869.20421940577 2989.7051929814897 35907.5460524094 60705.991023602386 0.0 0.0 62855.48617467247 89785.53805788174 367132.0462725872 112664.6500895149 622942.730451016 361427.09585472883 417404.69162565144 426473.6954976014 603005.6127390143 292534.41506935476 60578.44001642506 8105.003104304749 67403.06464676633 71331.69891242523 259108.58998340432 202267.8143756784 46738.406309127684 0.0
130130.40757734847 205348.2929981969 12997.532876403264 0.0 12140.177889515136 8306.422893577537 69162.64796984973 16638.629531238494 4102.011675980961 3374.61917070356 -9999.0 -9999.0 5358.882490085068 8026.723304137846 3224.796243771174 0.0 0.0 0.0 0.0 3255.212415712811 3287.0561615284114 187.11580537986464 446.68806432701405 782.0640631418128 11296.178335923989 254901.09150230626 224392.34704370596 307217.245097864 74073.47366591546 36238.43807088818 71044.91057544437 10343.964809384592 31593.318693718556 18766.641014752797 5278.114532247218 5283.038314456642 3898.8712287850967 16065.263731427127 13340.062839429344 53906.29223390129 16679.70226113859 14615.312005369013 51318.28658337895 21758.211315441084 60370.598331682064 53985.98603760103 16526.043022159858 104716.01982888524 364909.79890455963 579431.3047085298 634853.4162415671 795071.0374441176 588871.3060257359 583741.5632754664 300594.617359837 783.6162027977407 3764.934257861869 36208.04829222538 18366.08556842555 40131.66812069651 92807.72756104096 49088.96891387834 0.0
53208.16134088392 46619.54045890374 27414.331992393443 26251.799476534357 25126.938608326775 19833.842538410263 4197.889099535157 0.0 22590.608343827498 11752.303238087765 3926.330695837195 3133.7954352401916 4573.203447411429 3810.8121982349876 33.34779964585476 4186.4121964815795 5670.592669234775 3502.884225924073 12834.960267059107 3109.6708009107924 11301.114197796742 13541.07503868596 17303.640853958757 19739.414236598157 17573.421959775817 18737.357193703887 224800.74910457345 137273.21388040183 155645.68399821842 75257.2431918234 135836.55201254418 0.0 22856.45851344132 34535.40432610813 5953.725461950216 27864.745730374107 35481.42523225006 46041.83113442109 52107.28027573232 30069.53603305092 54013.897662518866 40531.32199013334 33025.36848669688 108263.19621408908 203912.59025337987 133015.11632339685 12710.759676842756 44223.070563095505 330199.3243882461 533952.1998041279 854780.0270313694 383690.0983720054 86052.30411104397 91472.0738592602 126835.53619538853 0.0 102665.84945967635 109813.60608706607 69049.401613574 14630.40884988234 32953.61810252734 80765.42343207228 0.0
253037.31826932236 50409.00223025004 46923.26691682567 37720.16490791842 27559.565537422604 29290.578069253286 47957.31197148116 16997.642739427683 27609.430417089672 29097.958986234564 14309.775881159921 10201.035028442451 3998.0459114734726 4691.213586081151 4856.11754076865 3417.7962411339468 101293.20137412137 234064.663615066 13040.16010822426 181014.32496777805 18019.116686770663 26559.98002520816 6878.293751035938 21299.71222802674 10446.66987648526 17389.383745381194 270834.91487681767 271920.24349748174 165192.8697370581 267122.44766084343 112138.98303521742 3176.26145610577 32020.87369100292 31604.739404058684 14944.586884592587 65017.593322462846 71971.66419249302 113289.63353736166 64325.0878029146 50667.080840308954 124330.81654044944 140941.60007477945 146978.2764892738 118274.96442832098 303744.8796650828 159399.1095271016 42590.242741895476 18136.068018265287 218247.52243804073 244602.55705291283 655498.2909405169 247249.3349590807 0.0 0.0 20351.15569379918 97744.86836448677 442853.76040215074 374700.6711639498 52580.730177854275 26507.21589743428 30247.55506912821 76611.52073306308 0.0
284528.40049958957 265624.78941596067 240823.28580658336 169008.1130976749 155794.56270357178 128284.5134597297 139956.74034058859 143528.92577072457 27799.59224685585 30147.139606748256 32828.05558302142 11075.558778753362 12384.719830489485 17446.984578181946 440694.9426390125 480894.23782709707 380382.5153983704 31541.997592917436 228154.73045628882 24930.194196189623 15603.852011604535 13495.409612946418 6236.787854299061 16586.57652089701 18882.2994968976 11462.462100993622 9186.078533785309 40969.93987993404 192012.38977003668 407974.46935929207 140227.39182328698 109507.12904546902 129194.01119858176 93736.34251970764 68497.68828670084 107072.84486692147 109163.05898738156 89814.65763294004 29570.321610869087 74367.43913769649 89885.99670676666 149801.7028479371 147764.73376428458 208311.3264440004 253324.3863012271 367045.6533002987 377684.85061680037 50948.983860823464 241390.5443852412 906933.0239690215 801851.8056511016 469740.7796978012 3662.7050317193907 0.0 2094.758391383838 145989.3117155643 348366.91654066846 619806.8581541517 99849.20818884164 32856.89478025173 104267.05385141987 63792.23455613127 0.0
223867.5618920108 284539.3201376037 266854.83617250493 211529.42503246188 193153.71069464908 194784.2727122224 162802.1956462259 146566.5054228311 183543.73556301268 198076.4787194001 775829.7736086585 8425.81631601106 215013.6160672507 38816.25840933088 356598.2555917672 323836.65387080563 25459.7332605943 17669.769609455696 18755.27160107597 6120.206034412502 10736.55986943313 7054.193283944354 34218.87541435032 17642.698294659636 10742.08413748456 12525.50283784037 9959.445276511278 31805.04507070742 263084.73922117596 478266.31313232746 153499.045786471 111490.86885305618 389620.38601722557 189149.9263800946 218719.85532048857 185960.94413590833 130627.57996791272 35333.6672368496 67507.83069742321 292150.89639095915 115102.59655306577 310592.88223526307 73256.83252542774 78953.10986596468 416261.71521684725 160039.62794863604 109358.2609307088 497712.09113709343 447268.85159486166 372693.89368280536 666228.2736470546 313162.0068867207 3441.3927348004927 13589.758200381115 22263.282079723052 519235.5768552595 573817.2599539469 120192.58274656073 45642.74903462295 31642.978172101863 16917.35214180664 124968.89537534773 214.48712080389987
201987.73872750625 260795.5983826728 220181.03136685392 184090.7336586434 176209.96887402327 180268.01439454517 187280.74229007002 166811.35909387798 166050.86100919225 63965.240247744216 667802.2342539397 819822.5076299396 35429.225241637 57755.656283026765 42612.73685240309 337827.4544695484 18927.54157010348 13932.200657050005 2010.581757219377 3519.7819100038623 1404.6465348355173 5312.361089940449 16035.486068292732 3958.195273778438 5183.574381455316 3041.490334578439 333473.17406417185 526540.9967392368 328586.238352949 152035.31314644942 411452.5935372548 455152.15666781756 362717.8820699196 335717.03658180044 495496.9998459359 198850.94810841692 102175.56005014766 411262.33876492333 136455.63081429963 86879.53110546962 44575.11238160772 64163.99731043692 109676.85080752824 56894.87918000609 119957.13287535294 79550.47942301867 121321.26286652609 55142.64622917448 214901.27892600987 76706.70091962523 142979.41072214197 34880.351964309615 1950.8229847460343 47881.53797362595 92803.02063858898 444871.62507015635 630173.6746029234 289158.06248399167 165538.08955898866 70073.09642851939 29861.42768827896 151217.04118770114 28987.37982136944
189137.73811536827 218897.51044735592 198311.90348495354 218316.2155835754 246565.6895532703 203579.65629216895 158344.20828803195 185655.63702865003 167544.8137235792 63982.29260701789 790808.1027245617 717294.4082268286 949591.9881231174 14803.34289156206 10511.85633447626 28531.870851222673 14336.310306140464 7925.5273071855345 15315.99969126402 8160.074649407957 4985.473057087906 3777.834165389714 9638.665543029076 7453.003729216381 8226.976228423046 22554.61498072195 349266.1083937621 412252.6277741645 361850.1465274702 28373.88985435743 37852.47479086688 283482.8559402777 134379.62468584813 57316.47894384032 67160.43632880591 73794.63959672528 70106.41270515218 336740.4919656811 51460.17995365609 41325.37000108024 39733.65289703703 22535.80451867671 30293.312100707717 72076.96913551548 65522.76866599986 16156.822328642636 84813.68339044855 200408.4432144714 224085.33721193433 89026.57385347472 45731.604131860506 49008.633982385094 7016.307397967002 50924.435078875176 57652.3603131528 83770.74478916294 194451.34526004002 595153.3855843811 146907.03627249054 61580.55531023688 66503.41196351276 137549.87874066783 19091.60651226977
204669.40111125942 242664.48289411716 133854.69341462318 140520.55989346802 221435.93665122354 207797.705748958 213659.8071552799 214856.89776694332 642031.4739001383 534386.486071558 397223.8668407139 25157.681573074893 575695.2555561878 33715.13294155921 12855.065681243665 9355.92651562277 8373.186247399193 8511.865288254065 13906.727928832905 294955.50993037876 9314.98906821632 5416.4550361057145 7137.4758919345495 469.24171370137935 12139.644852323254 20636.882581448277 36134.57009799947 16323.666024862383 21302.2408228715 5765.712420341563 876.5387686569333 0.0 0.0 21212.3495119246 12405.418470090002 36956.02434244793 6603.350813062648 20113.936092880158 20707.431345856647 8719.596277140532 30404.415156124 28209.751813926458 30282.207259877243 3950.871307031297 17728.80236785393 38599.51918489448 86063.29068203291 111422.30656359992 108482.67226739333 39486.770822250306 10192.819175617155 38214.14446199058 152996.1855823638 25426.290745139177 69926.9053861471 168959.7286670958 373156.9018969568 167837.1832799277 250574.6563504192 219856.30987562815 297762.4108033481 140657.99512167054 0.0
196595.23476453006 209688.32890295194 216552.54493156157 199002.2527714868 231616.9379616652 232394.03388958864 242196.96878417584 211819.17567212073 644984.3351345261 662314.7807607548 39863.35748098494 31383.21648813038 39334.31035220779 457111.6901613416 47097.20567500811 33752.903832621276 21874.91774125493 980.2406264792892 23414.811550974868 12614.71991856415 12811.036750854617 0.0 3490.1514340906833 0.0 0.0 996.2116812268622 1851.0366022349367 21051.777556127472 3697.8194289304374 0.0 1749.1248345168826 0.0 0.0 48297.82537049096 31082.197041212545 57193.7684064412 70749.55236099313 84837.26749899972 54469.55189781536 28541.586819417673 31958.383811563097 10874.410915673154 4831.398834339738 4387.4000692324735 20683.994822481316 17098.291954558747 40528.486635314184 25875.393251435675 19369.856524986975 30758.610391812927 57405.748892609125 388779.4183051589 398716.939748183 310093.2307009195 53495.03112888894 121146.10923089192 225912.17119158653 184917.00218290635 240522.24169120463 187697.117893872 245362.27957451786 34766.27802071615 2194.7305463887465
211641.32426077835 229157.38836276977 227864.18599935423 241635.13146819995 185610.58272244214 165471.8912072667 222907.5322843108 60227.97569723861 16988.567696089474 46010.15828092774 19249.088081531267 5886.490799813765 21890.736417150787 31811.45854918901 46508.923249612344 33185.93254788092 31356.84602342965 478793.7995931307 483478.824665295 7069.614075123811 21750.949908085397 2237.6077964832266 0.0 2669.095378083406 0.0 105100.61539013863 0.0 0.0 0.0 0.0 0.0 0.0 0.0 16169.759579857879 0.0 8786.63639655307 42867.360374362535 90211.5318534724 80568.9536770428 78922.7011580298 25503.546614703315 8966.630262574572 593.3069108961951 0.0 9434.833009202865 63548.03586009237 49287.31802618912 11080.15097247368 14966.171789785334 24545.793045607876 6711.474040183079 393806.91462373786 327384.50124212087 359054.6702430586 81849.4775802952 82009.38753583941 226391.33692267383 486953.44657316984 402493.65943562787 411463.452086134 262930.4361221572 169997.95540308682 310572.42087206093
141356.51608282092 212830.60781830095 217592.79754930004 155161.46756984937 69821.16583689414 34078.52222346343 48097.81789873962 2735.8633012886376 2911.897729396477 1398.4867129479092 7880.882978208468 1486.402158471558 0.0 6385.024794503178 10690.53556954332 2090.5968911111504 39415.199380668644 513770.9958756959 273672.8974998971 5882.738475275659 0.0 0.0 0.0 0.0 0.0 0.0 0.0 0.0 0.0 0.0 0.0 0.0 0.0 7683.647658539863 0.0 487.62429768924125 4743.108068458889 67203.17073890245 305489.7344724268 122844.57309610074 48094.185806369205 6613.726717834268 13544.531286132426 15027.251173317401 58722.4851602799 66352.24680667293 165935.98693948294 49096.04064035428 3437.9608630812418 11642.512743471365 0.0 19512.27458270024 67164.31316036428 108120.9156348378 141200.0745196229 207562.21582920352 130540.32314452117 475462.30835532775 390231.737714503 604102.0811199113 382479.8573531393 191967.34340504615 109317.56776930061
184477.83961155344 212486.13698351613 158047.3655578745 39576.52255576479 10332.948746805045 958.2658351148428 3636.3322255949115 575.9803477456892 135.5856640807707 8567.42736783879 2062.921452454395 3940.5169317808995 9020.94223519507 13897.425439000925 158156.04859064065 1327.26357571284 33487.20118812663 39376.475240593725 0.0 3967.152653936767 0.0 0.0 0.0 0.0 0.0 0.0 0.0 0.0 0.0 0.0 0.0 0.0 0.0 11284.499082928593 5987.010820852374 20.595402531249658 3831.4754874272417 30347.61603952845 36224.85746613017 68542.81944107823 41290.27198637192 20047.078744823553 42996.1534503504 11620.66251671039 25212.578714998952 33409.875190343955 19655.98168634007 2427.87425554368 0.0 0.0 593.4903810276132 7765.982162168466 7354.254562520371 37789.5433117096 108225.76041494495 207673.3831425764 193422.1728020483 484914.351682207 672235.0088957595 257691.8426608133 9664.320254660055 188825.1027153819 55605.078826106765
234390.22494230408 176931.8480624006 54115.081961768075 9234.986237806152 10018.271503877848 7306.452462077103 7669.099669076524 1090.3585332891375 5463.844291257217 23602.14140724529 19786.258919275835 1687.2440832649997 0.0 84474.8862239554 167340.2133940637 26978.25232664562 42623.17019828659 44860.948544000275 3264.37894335625 0.0 3643.468239840962 0.0 0.0 0.0 0.0 0.0 0.0 0.0 0.0 0.0 0.0 0.0 0.0 0.0 1147.0074228382725 0.0 0.0 6151.09171911278 12308.966249963849 33260.35782244925 20750.256909138843 6889.060237483722 1715.4207866646186 7231.826435396205 47475.66237088277 22918.796428407713 10900.607223630084 16484.114794025205 33565.84725667143 41454.13113960039 930.1581400232678 0.0 28838.061756907453 115198.60504039645 80521.65746838358 41031.12437565708 30939.08576042809 565288.9116337061 976226.1544685988 414596.3950109169 8167.590574124849 43177.02027406221 97333.87530043155
131334.60635331858 14488.607621406274 1430.4553563669554 6226.4465193459155 37875.58781388095 15708.161455752777 1147.852447249182 284.491614036767 1129.9094407882312 629.1716193706482 2878.042660388416 294.5172189974742 68915.16342679823 64034.40519850957 79678.13172100538 76715.18855551534 85859.5609823956 59814.334803404105 5888.349144712966 0.0 3962.248826182026 2651.735098298528 0.0 0.0 0.0 6330.78717680244 0.0 0.0 0.0 0.0 0.0 0.0 0.0 0.0 0.0 0.0 0.0 11659.75559403779 0.0 0.0 56676.667469033026 68034.89495532215 23855.480422489 30299.497098154097 2321.160375386316 2808.048913382099 10747.383695449667 8090.946497410376 0.0 0.0 7211.460877068777 0.0 5401.901854206178 33991.53454333111 0.0 5036.563253366212 1895.5530490612646 460039.9616102199 635268.7860127651 410468.26291510137 4825.652464636879 243.42881347645246 0.0
15980.306383185101 5829.478438537472 4706.898692948447 13052.904051699014 451.80397860859296 509.4796585192031 0.0 1197.3023277169345 1141.3183027695163 703.2978246659844 1600.307982946978 4920.851035282498 6235.201327445704 2823.72642826524 0.0 0.0 9593.505344898502 0.0 0.0 0.0 2043.4247812037306 0.0 0.0 0.0 3875.1123195500545 0.0 0.0 0.0 0.0 0.0 0.0 0.0 0.0 0.0 0.0 0.0 0.0 4128.034308999629 0.0 0.0 313.6642228648977 15852.551192160014 40107.449021405046 8770.748031978668 2433.584999379912 46847.847421606326 16169.121724292834 65171.75882321867 662.9591687860469 0.0 0.0 0.0 0.0 2157.524396127949 1194.2386810092796 91310.28311644615 41184.2956399731 83942.72541393933 116372.00944815474 37784.374982882895 12086.174262117376 3623.3963108625026 0.0
