critload/trunk/input/1999/nh3_stor.asc
ncols 720
nrows 360
xllcorner -180.0
yllcorner -90.0
cellsize 0.5
NODATA_value -9999.0
[rows 196 to 223 of 360, columns 192 to 255 of 720]
-9999.0 -9999.0 -9999.0 -9999.0 -9999.0 -9999.0 -9999.0 -9999.0 -9999.0 0.0 61272.7361986 69154.7808573 84491.6886837 76814.3804625 53746.8327931 37984.2797865 15358.3711175 0.0 36150.171506 0.0 0.0 0.0 3595.97110293 0.0 0.0 0.0 3566.64923332 10714.2000926 0.0 0.0 0.0 0.0 0.0 0.0 0.0 0.0 0.0 0.0 0.0 0.0 0.0 0.0 0.0 0.0 6481.37298745 0.0 0.0 0.0 0.0 0.0 0.0 0.0 0.0 0.0 3605.83296827 3604.3012541 0.0 6490.93367511 0.0 0.0 0.0 0.0 0.0 7211.66595448
-9999.0 -9999.0 -9999.0 -9999.0 -9999.0 -9999.0 -9999.0 -9999.0 -9999.0 -9999.0 40539.60533 53692.2928387 84384.7246807 91965.939515 69038.5846058 30284.8885707 15337.6866673 7670.58304188 38363.076761 0.0 0.0 0.0 0.0 0.0 0.0 0.0 0.0 0.0 0.0 3572.80012682 0.0 0.0 0.0 3503.85685987 0.0 0.0 0.0 0.0 0.0 2665.71551696 36554.1458047 10396.282411 0.0 0.0 18000.0846967 0.0 0.0 0.0 0.0 0.0 0.0 0.0 3602.74373668 0.0 0.0 0.0 0.0 0.0 3599.53606798 0.0 0.0 0.0 0.0 2719.00984806
-9999.0 -9999.0 -9999.0 -9999.0 -9999.0 -9999.0 -9999.0 -9999.0 -9999.0 -9999.0 13274.8864826 68662.8859651 76198.1992467 91770.4073465 99415.202495 38271.3068334 30639.6567156 7658.10875124 15312.528286 0.0 0.0 0.0 0.0 0.0 0.0 0.0 0.0 0.0 0.0 0.0 21432.1516184 7188.11719984 0.0 0.0 0.0 0.0 0.0 0.0 3595.35269517 6438.49212576 0.0 10073.4118198 7187.25182086 7160.0785404 0.0 0.0 0.0 0.0 0.0 0.0 0.0 0.0 0.0 3594.49148831 3460.51965207 2873.81447757 0.0 2878.30864677 13662.4746538 0.0 0.0 0.0 0.0 0.0
-9999.0 -9999.0 -9999.0 -9999.0 -9999.0 -9999.0 -9999.0 -9999.0 -9999.0 -9999.0 -9999.0 20936.2774081 70120.2075951 76415.802174 99305.4404104 90495.2102609 68718.6673647 7644.84736512 7654.40211396 0.0 0.0 0.0 0.0 0.0 0.0 0.0 0.0 0.0 0.0 0.0 3592.75181007 23699.6830994 44056.1607924 20790.6156426 3583.54862212 6419.17141836 3577.98277373 3590.97813701 0.0 0.0 0.0 31914.4300906 25122.9256687 20081.7970458 2874.2013056 0.0 0.0 0.0 0.0 0.0 0.0 5933.31398656 6462.14968408 13589.8216976 12914.7410669 33663.0184771 21496.2313487 27976.819088 48718.8173407 3590.97813638 0.0 7173.51685434 0.0 3590.08317182
-9999.0 -9999.0 -9999.0 -9999.0 -9999.0 -9999.0 -9999.0 -9999.0 -9999.0 -9999.0 -9999.0 8586.49414869 61107.1855986 68725.7622783 91508.1655935 99085.5146789 68721.9830818 22916.6332791 7636.90093696 22391.5708093 0.0 0.0 0.0 0.0 0.0 0.0 0.0 0.0 0.0 0.0 0.0 3583.49366604 34414.1591878 35754.7481478 0.0 0.0 0.0 17088.8160836 6450.45644656 0.0 14269.1732371 27936.0288083 42959.0025483 57130.1525385 10745.6128064 2866.86949505 3586.41718318 0.0 0.0 6409.61564438 6448.92775401 9678.30326792 3570.61888694 3587.34612142 10024.6284493 32228.2478663 45125.4234164 60866.0089369 52263.7846508 17913.4490288 13614.2880495 0.0 7167.17365161 20079.3990472
-9999.0 -9999.0 -9999.0 -9999.0 -9999.0 -9999.0 -9999.0 -9999.0 -9999.0 -9999.0 -9999.0 -9999.0 71594.5449572 68614.1600227 76223.1618678 127994.239702 91487.6549747 60966.6229423 30408.7431386 15251.1308978 7624.51714382 0.0 0.0 0.0 0.0 0.0 0.0 0.0 0.0 10736.1606065 28583.9023042 21420.8396424 1645.64177102 0.0 0.0 1641.79551818 823.434971318 37230.4785839 0.0 0.0 7150.26524417 0.0 50056.337046 368176.880155 49602.3328558 7147.79915727 0.0 0.0 0.0 3577.72721957 10730.1659041 0.0 10010.067598 6436.97301848 7153.03058756 13603.599316 46471.3758933 60755.2950376 37930.2458037 10728.8206041 3578.72478999 0.0 23617.5013016 33637.3639668
-9999.0 -9999.0 -9999.0 -9999.0 -9999.0 -9999.0 -9999.0 -9999.0 -9999.0 -9999.0 -9999.0 -9999.0 22139.9709671 69149.6153143 68512.3931784 91268.7622335 98510.3262978 53285.0358399 38057.5534892 7588.38225255 30386.1067618 0.0 0.0 0.0 0.0 0.0 0.0 0.0 0.0 0.0 1587.81572679 0.0 822.104820527 0.0 822.73167535 3976.42701476 3290.92476372 6681.19287883 0.0 0.0 0.0 10715.7820204 17817.8425123 348606.631449 363839.480606 46056.1567454 17133.0965767 0.0 0.0 6431.12919365 33419.0459138 7146.06316008 24991.4682118 29998.5697166 24995.5322636 10714.0628108 17101.3332958 24995.5246475 24996.9592781 24293.9627364 0.0 0.0 10718.8882641 23583.2270436
-9999.0 -9999.0 -9999.0 -9999.0 -9999.0 -9999.0 -9999.0 -9999.0 -9999.0 -9999.0 -9999.0 -9999.0 -9999.0 46860.9376173 53213.376528 22814.5029521 106076.257249 105989.670062 91039.7412554 15186.6775621 37983.5570199 22796.260795 7593.33904583 0.0 0.0 0.0 0.0 0.0 0.0 0.0 0.0 0.0 0.0 0.0 3283.61322821 4107.11355828 3284.10844933 5706.13992402 0.0 3564.09067716 7138.97506712 14226.2284655 32025.9234514 56948.0956948 443572.860803 385777.797063 34949.1802086 0.0 3564.09062789 3568.42247454 9994.56506563 12845.4612465 6418.15859681 10699.3434927 7131.36522527 9983.94697427 35272.4063939 31941.0926679 14266.5365597 3567.75437584 0.0 0.0 6420.77547107 12839.5884751
-9999.0 -9999.0 -9999.0 -9999.0 -9999.0 -9999.0 -9999.0 -9999.0 -9999.0 -9999.0 -9999.0 -9999.0 -9999.0 0.0 51249.1471038 68266.5223756 68176.5522599 126046.131069 98403.601901 60307.6177934 30335.4066739 45482.3983666 7590.99758972 53086.9120797 0.0 0.0 0.0 0.0 0.0 0.0 0.0 0.0 0.0 1638.22119829 9783.1820888 6553.92704062 9834.00991722 11456.8589519 4097.76837432 3519.83454377 10640.2220765 17801.5418897 6413.38475455 27054.1998589 39096.8476939 24921.4627369 14235.1598568 7119.249697 17801.499296 7117.01388228 3561.87995619 6381.59470491 3561.87999159 0.0 3557.36969786 20640.8542501 41970.9577269 28446.2277584 3558.50684732 3560.76412913 0.0 6404.17502255 3557.369746 17091.1026338
-9999.0 -9999.0 -9999.0 -9999.0 -9999.0 -9999.0 -9999.0 -9999.0 -9999.0 -9999.0 -9999.0 -9999.0 -9999.0 -9999.0 24378.7690124 75703.761808 75597.7448329 90828.3960533 112871.366671 105546.071919 67955.6550689 30275.2952718 67918.6024006 105890.448444 52966.4121901 7564.11329179 7566.64464975 15128.2266427 14635.9794741 14507.7308055 817.913013628 4087.93564533 7362.28775421 6542.75411174 11452.6362331 328386.689901 12573.3621306 13519.5569181 12248.4761027 9742.09516338 2435.0241541 1635.8182021 7101.9338924 10659.3461007 7106.64411823 41923.3066575 35511.0545605 24548.4684249 7106.64401839 20599.26599 41212.6190944 42622.1077164 3556.22387813 3552.73632209 10661.1027615 53240.3805131 420175.496897 10647.1410676 113712.97309 3550.37300051 21337.3435689 63676.6986508 16345.3555173 26291.6605197
-9999.0 -9999.0 -9999.0 -9999.0 -9999.0 -9999.0 -9999.0 -9999.0 -9999.0 -9999.0 -9999.0 -9999.0 -9999.0 -9999.0 -9999.0 50071.458873 68000.0583386 75564.2448126 90623.4177011 119875.227728 84547.0250547 48326.4389888 105669.910418 105273.541578 120716.595497 67936.2265422 37769.2764799 15097.2755789 0.0 0.0 0.0 1633.91437685 4901.18732031 5716.89468094 327751.168469 13851.1703041 13042.8253238 345410.685336 400100.399208 12984.2753459 13024.5049266 8976.61603721 2447.6564288 2286.81182735 17719.2369725 42555.6512202 60202.0859601 27648.463398 10630.5578877 37577.5140214 361909.303844 361939.807397 42529.7982692 6378.58076939 7089.06687229 53140.8031957 60254.5620861 53157.0943721 10630.5581336 120564.554815 127661.723132 26942.0323777 36144.8179952 285617.639459
-9999.0 -9999.0 -9999.0 -9999.0 -9999.0 -9999.0 -9999.0 -9999.0 -9999.0 -9999.0 -9999.0 -9999.0 -9999.0 -9999.0 -9999.0 43837.0381184 37713.9729612 67847.1446248 90444.8545203 84338.026191 100779.087285 93174.2338274 105469.617283 120476.045373 105339.200583 90211.9438495 89863.1349072 82890.8968504 60295.8210259 30135.7936596 1630.82479936 4073.89586423 4074.76033576 1629.66821907 12120.3058699 363344.832073 326719.125022 326297.646453 399284.252045 10589.9673779 12954.5943933 8964.06192401 8147.77922233 2445.95091558 813.962781502 0.0 1630.82471135 19808.3349456 35346.8085557 59437.1490164 403390.16187 384317.044678 403478.013371 53049.6029711 116766.169838 38914.6036411 42431.8956495 51647.4776574 122441.263716 51651.1065729 331910.425242 626423.062662 334106.658504 319443.233883
-9999.0 -9999.0 -9999.0 -9999.0 -9999.0 -9999.0 -9999.0 -9999.0 -9999.0 -9999.0 -9999.0 -9999.0 -9999.0 -9999.0 -9999.0 0.0 20912.7769989 52689.735945 75265.5476945 90272.055772 90229.0828765 91718.8652388 97770.2961468 105125.832669 133559.253327 104503.745604 90261.4966498 105284.446977 90250.2318934 67673.4865008 3251.68403723 3249.57100558 1545.4038627 7292.49215695 12183.9183241 9741.07359099 13822.1991202 325752.942221 379394.967302 3253.1814564 8050.04866282 0.0 1627.33543097 813.071919772 0.0 812.166361936 0.0 28243.1902512 20488.8288853 402535.320671 421772.460499 383324.548439 383391.063068 49417.3679627 347700.949327 69167.2122672 364011.015969 433142.740462 490749.198444 479115.053884 521519.585422 463883.549968 444767.407157 398740.565628
-9999.0 -9999.0 -9999.0 -9999.0 -9999.0 -9999.0 -9999.0 -9999.0 -9999.0 -9999.0 -9999.0 -9999.0 -9999.0 -9999.0 -9999.0 -9999.0 0.0 15009.1203369 67563.973835 82564.353006 82584.403265 82598.6852831 52543.3105847 82557.8610506 97488.13561 1097648.06628 1158469.22568 1157950.48321 119948.353908 12122.2205649 10539.6171345 325595.138005 6492.41868944 2433.41238962 13752.6343557 4053.42182612 4861.86035604 9687.69429154 376517.033396 4867.45490456 810.307475497 0.0 0.0 0.0 0.0 4863.7253629 3242.16966698 28199.5209488 42284.711056 49313.4916618 344283.431821 344311.02398 54878.250126 363059.470396 378609.251809 458596.163909 401665.1248 436218.705727 432175.911447 470279.751811 470563.859758 462918.5669 482119.227926 359206.703098
-9999.0 -9999.0 -9999.0 -9999.0 -9999.0 -9999.0 -9999.0 -9999.0 -9999.0 -9999.0 -9999.0 -9999.0 -9999.0 -9999.0 -9999.0 -9999.0 -9999.0 0.0 7483.99461006 44942.4961942 74869.6251669 59928.2942197 67433.1158748 74890.5348601 89900.0174713 10490.6266633 89789.596879 1374337.87347 97637.4026465 387139.037274 324792.258144 5665.46441636 6476.11565002 4848.97050716 808.711365533 0.0 8080.70598729 9587.31625776 11924.8481439 9709.02799591 2426.12935766 808.387105625 0.0 0.0 0.0 6475.14561661 11325.4828816 51780.497193 381666.400865 400037.57248 381089.408164 316650.98797 44970.6326577 342949.42958 450262.411215 107174.116929 438650.045749 454163.042682 477078.034392 476746.356551 358899.501775 396875.151343 431325.860966 438700.940364
-9999.0 -9999.0 -9999.0 -9999.0 -9999.0 -9999.0 -9999.0 -9999.0 -9999.0 -9999.0 -9999.0 -9999.0 -9999.0 -9999.0 -9999.0 -9999.0 -9999.0 -9999.0 0.0 24562.9708551 52333.7343487 37377.7590446 67219.4608309 67105.5792223 52269.3887908 82224.2618433 89631.8347225 1312954.69242 65030.420503 6062.94452949 359558.870124 11297.9949458 4840.77300986 3230.5914308 807.073223256 0.0 8053.19112045 6458.54749071 4712.77359558 5455.5634288 8879.44087998 8074.68578689 1613.81339261 0.0 5648.84175532 8068.72989065 12111.3707503 359550.986358 361600.344385 434173.301484 475808.960402 418045.109355 38527.034198 58885.4077936 441673.200654 97184.9439721 455188.018605 456283.984353 437071.870493 395717.704964 380711.453484 376904.209589 376831.801792 432929.544658
-9999.0 -9999.0 -9999.0 -9999.0 -9999.0 -9999.0 -9999.0 -9999.0 -9999.0 -9999.0 -9999.0 -9999.0 -9999.0 -9999.0 -9999.0 -9999.0 -9999.0 -9999.0 -9999.0 -9999.0 0.0 7446.94116446 0.0 29825.5943504 59638.7419516 65907.9762473 74551.4718241 81921.0524837 1089214.73718 778082.883094 297734.955665 362085.40159 12073.6713302 8049.12027241 7240.64058193 4023.190235 0.0 7209.0287292 5469.32277917 4026.27200112 7245.77164867 4831.98955627 8051.17655857 6439.36466822 4831.65437944 8049.80233723 10424.8263604 323302.083 395115.490142 357028.312782 508939.207715 360797.267849 284058.812856 357052.561604 394540.502677 398987.180649 300567.708553 432830.429599 507810.545607 455419.269955 493700.054307 493751.272744 432769.340177 512731.688072
-9999.0 -9999.0 -9999.0 -9999.0 -9999.0 -9999.0 -9999.0 -9999.0 -9999.0 -9999.0 -9999.0 -9999.0 -9999.0 -9999.0 -9999.0 -9999.0 -9999.0 -9999.0 -9999.0 -9999.0 -9999.0 -9999.0 5617.49418625 3302.70860686 0.0 29755.7450782 52005.7823879 59406.2771433 53484.3147311 1306001.94796 19250.5558506 424549.641521 14450.5455542 9633.80607103 12848.1344401 9634.16744282 6421.96169016 12841.4540026 4814.61780106 802.258459329 5623.91334091 12044.820241 6426.51754647 8831.19204527 8026.47089954 7227.73195428 11240.8090033 9639.44322543 11177.4185143 12039.5471746 358173.406358 45340.8074814 44646.7752592 40875.167244 37699.7641855 30689.9703661 340982.091521 473426.071716 454357.508445 454285.370702 454663.893839 511506.649734 473540.953312 473378.175814
-9999.0 -9999.0 -9999.0 -9999.0 -9999.0 -9999.0 -9999.0 -9999.0 -9999.0 -9999.0 -9999.0 -9999.0 -9999.0 -9999.0 -9999.0 -9999.0 -9999.0 -9999.0 -9999.0 -9999.0 -9999.0 -9999.0 -9999.0 -9999.0 7417.66177152 0.0 44127.4011894 74123.1882705 88936.4617061 342952.387926 350100.033836 75231.7844445 78129.7634806 375149.230168 375068.582929 7711.07464963 10004.7031183 3848.41258175 9555.13181825 8010.37171546 9608.75621039 408438.404965 12812.0337867 11215.8123456 13614.3002697 12006.8613504 12013.0077668 4804.55259447 6412.70057206 10419.331735 321629.311142 57737.2762619 50404.8637377 43486.8468339 27138.7964344 31309.5793343 100901.654173 491198.827188 453345.888194 434470.270116 472235.125114 434262.676169 547685.406303 510043.759441
-9999.0 -9999.0 -9999.0 -9999.0 -9999.0 -9999.0 -9999.0 -9999.0 -9999.0 -9999.0 -9999.0 -9999.0 -9999.0 -9999.0 -9999.0 -9999.0 -9999.0 -9999.0 -9999.0 -9999.0 -9999.0 -9999.0 -9999.0 -9999.0 -9999.0 3945.38623804 364.692214002 22063.6664045 73867.5723255 10380.8644796 320607.431816 11175.7499617 11975.8272686 9413.35507697 409672.587725 74734.127015 20694.4212639 82115.5419345 7983.45873888 7182.30090377 6395.59739075 393703.98106 391862.649258 356376.061106 338541.925303 317833.875363 356260.125684 10378.9909905 7184.91678037 5596.60923458 8786.97713292 7989.12121312 11144.8380523 57348.7906125 373061.094167 328239.675521 58993.7973801 486156.620261 542524.503214 508580.102245 508632.278537 433149.321228 470459.112843 489850.234675
-9999.0 -9999.0 -9999.0 -9999.0 -9999.0 -9999.0 -9999.0 -9999.0 -9999.0 -9999.0 -9999.0 -9999.0 -9999.0 -9999.0 -9999.0 -9999.0 -9999.0 -9999.0 -9999.0 -9999.0 -9999.0 -9999.0 -9999.0 -9999.0 -9999.0 -9999.0 0.0 11081.3420506 9360.01892537 7281.42389163 12745.3785607 10363.1987338 8768.21553491 5722.8322235 372696.04825 14298.9863538 74747.0664005 337534.317743 13539.7932597 12904.0972826 5574.8153455 9560.73897864 337610.884463 319630.096462 12738.8604279 12739.6214328 12745.7606594 12739.6271882 11945.944299 10356.7269358 7167.88884315 6374.2244388 9175.94842363 278287.735707 44971.0560139 46357.7503224 450827.886941 469555.534675 600813.776685 582371.466972 582332.279292 450837.87315 469471.653541 450886.884863
-9999.0 -9999.0 -9999.0 -9999.0 -9999.0 -9999.0 -9999.0 -9999.0 -9999.0 -9999.0 -9999.0 -9999.0 -9999.0 -9999.0 -9999.0 -9999.0 -9999.0 -9999.0 -9999.0 -9999.0 -9999.0 -9999.0 -9999.0 -9999.0 -9999.0 -9999.0 -9999.0 0.0 1036.22905875 10367.921048 4760.96777927 2381.67128882 3168.23337584 5453.04548739 328817.957431 321200.367664 81500.3709999 81623.4252481 12067.6841727 13503.4071561 795.193204784 12704.70128 13504.6066746 318869.957375 12712.5374566 10327.7284569 12707.044588 283368.15683 13502.6490061 11111.5582496 12704.3008297 9523.52121318 9147.71639019 57919.4558725 393219.661909 96582.475987 106949.808079 524475.119784 579970.988123 599417.606831 558240.528361 449594.979158 524354.172697 337150.224329
-9999.0 -9999.0 -9999.0 -9999.0 -9999.0 -9999.0 -9999.0 -9999.0 -9999.0 -9999.0 -9999.0 -9999.0 -9999.0 -9999.0 -9999.0 -9999.0 -9999.0 -9999.0 -9999.0 -9999.0 -9999.0 -9999.0 -9999.0 -9999.0 -9999.0 -9999.0 -9999.0 0.0 0.0 12408.2154683 10339.9051995 3958.15559164 1581.64771893 4710.30717024 11537.7484349 317950.895073 356645.126664 322512.967702 373741.053006 10903.1650215 2372.87698275 11086.4580534 13462.5693017 13460.1428885 11872.049173 11085.2487156 10292.8141405 11874.0554819 12669.738113 8701.08941661 790.823859463 11091.6810793 345195.052972 447891.149828 91508.8549157 541629.049538 392207.177809 522926.574237 597114.365932 597612.467651 522973.379352 448254.162096 410766.857451 392084.593861
-9999.0 -9999.0 -9999.0 -9999.0 -9999.0 -9999.0 -9999.0 -9999.0 -9999.0 -9999.0 -9999.0 -9999.0 -9999.0 -9999.0 -9999.0 -9999.0 -9999.0 -9999.0 -9999.0 -9999.0 -9999.0 -9999.0 -9999.0 -9999.0 -9999.0 -9999.0 -9999.0 0.0 0.0 0.0 8247.71003186 4738.39953072 5528.40390915 5527.57936039 7893.0519627 7102.21435074 350824.921553 351550.415664 369724.567193 12138.6196571 8683.08489106 12632.69696 12631.4506033 13424.7683757 11046.0761643 26589.3039445 26594.4792853 23285.3225751 24925.5889924 26595.3042008 310923.968342 11044.8523523 100700.233317 334280.34454 51428.196481 58280.4471652 54838.0524291 536156.486014 614306.808959 502476.149203 409541.973027 465293.30251 446840.229889 409446.455317
-9999.0 -9999.0 -9999.0 -9999.0 -9999.0 -9999.0 -9999.0 -9999.0 -9999.0 -9999.0 -9999.0 -9999.0 -9999.0 -9999.0 -9999.0 -9999.0 -9999.0 -9999.0 -9999.0 -9999.0 -9999.0 -9999.0 -9999.0 -9999.0 -9999.0 -9999.0 -9999.0 0.0 0.0 0.0 8217.20580222 2360.86596526 1575.03754171 1574.1916787 6277.57494011 14163.1095282 13375.5795413 350871.354761 333331.199825 8660.59823274 10226.7614783 13379.7962437 1887.17611546 11805.1875389 26531.3570718 28180.929574 23180.7329624 1654.8715172 19877.204214 327150.515639 21545.4277432 23184.9277769 108607.691318 404554.791769 304271.694381 482027.642217 518400.61912 593786.287983 113058.262759 426938.785388 482087.698474 501060.280779 441405.67544 519461.031168
-9999.0 -9999.0 -9999.0 -9999.0 -9999.0 -9999.0 -9999.0 -9999.0 -9999.0 -9999.0 -9999.0 -9999.0 -9999.0 -9999.0 -9999.0 -9999.0 -9999.0 -9999.0 -9999.0 -9999.0 -9999.0 -9999.0 -9999.0 -9999.0 -9999.0 -9999.0 -9999.0 0.0 0.0 0.0 10242.4926203 8623.44133212 5490.91652747 2351.02168485 2351.4544537 10198.1370259 12551.3145808 14114.1526028 314463.44811 9405.82173979 12546.1307315 8621.42510942 942.051864477 26409.003563 28071.1939483 28077.5914056 23124.696083 19816.8206673 24775.0789788 24790.5523371 24766.8795362 24766.8939712 413012.418152 421674.566857 403043.684312 499347.309789 499473.811737 499247.637783 494835.679056 332604.762092 499478.671341 499417.479843 481007.068331 499368.320058
-9999.0 -9999.0 -9999.0 -9999.0 -9999.0 -9999.0 -9999.0 -9999.0 -9999.0 -9999.0 -9999.0 -9999.0 -9999.0 -9999.0 -9999.0 -9999.0 -9999.0 -9999.0 -9999.0 -9999.0 -9999.0 -9999.0 -9999.0 -9999.0 -9999.0 -9999.0 -9999.0 0.0 0.0 0.0 7146.02650029 5104.70147418 7815.23867679 7039.93554655 2345.76242911 12504.5500569 15596.8581769 14846.2857063 330927.509423 11722.6201903 331192.672894 330311.905604 383554.338009 29624.6857858 307773.829935 307919.111659 307686.699641 26331.4364748 27976.1975861 21399.8524977 23048.3656737 24684.7523723 417330.369223 453538.927414 416583.888128 551856.587725 516017.437598 626815.064419 571514.490815 534068.456135 534196.907671 516188.295042 571399.153679 571361.045762
-9999.0 -9999.0 -9999.0 -9999.0 -9999.0 -9999.0 -9999.0 -9999.0 -9999.0 -9999.0 -9999.0 -9999.0 -9999.0 -9999.0 -9999.0 -9999.0 -9999.0 -9999.0 -9999.0 -9999.0 -9999.0 -9999.0 -9999.0 -9999.0 -9999.0 -9999.0 -9999.0 0.0 0.0 0.0 4064.4702183 5087.82642752 2338.17939764 6233.49429848 6233.49429848 13254.3652852 14025.9351979 312839.00588 346214.241262 4055.40339669 8716.3883349 417034.996722 19471.8763571 95227.606392 306864.490854 29535.2359423 306834.355968 26259.9265888 27900.9375792 26235.1510771 16393.8641223 26231.3268165 500677.658506 474036.673493 529124.976217 602611.566438 587716.356667 642575.835848 642395.316456 624595.105261 642934.396281 495777.412636 477654.647074 582929.257546
