critload/trunk/input/1999/nle_ag.asc
ncols 720
nrows 360
xllcorner -180
yllcorner -90
cellsize 0.5
NODATA_value -1
[rows 198 to 230 of 360, columns 592 to 665 of 720]
-1.0 0.0 40437.95085548 -1.0 -1.0 -1.0 1495737.9682093 1391593.8626722002 247194.2847948 -1.0 -1.0 -1.0 -1.0 -1.0 -1.0 0.0 99907.7046692 351799.84559 0.0 30798.1035526 6557.0699392 -1.0 -1.0 -1.0 -1.0 -1.0 -1.0 -1.0 -1.0 -1.0 -1.0 -1.0 -1.0 -1.0 -1.0 -1.0 -1.0 -1.0 -1.0 -1.0 -1.0 -1.0 -1.0 -1.0 -1.0 -1.0 -1.0 -1.0 -1.0 0.0 2855.274227724 0.0 2245.59338478 3643.32237275 0.0 -1.0 -1.0 -1.0 -1.0 -1.0 -1.0 315.939538975 308798.12512845 0.0 0.0 5904.74332914 4201.9549533 -1.0 17290.749858185 0.0 -1.0 -1.0 -1.0 148974.564475
-1.0 -1.0 -1.0 -1.0 -1.0 0.0 2218284.384562 1747209.7171973 2283075.888016 1112728.9885779999 -1.0 -1.0 -1.0 -1.0 -1.0 427765.2637647 583806.19021542 174812.753024 0.0 -1.0 -1.0 -1.0 -1.0 -1.0 -1.0 -1.0 -1.0 -1.0 -1.0 -1.0 -1.0 -1.0 -1.0 -1.0 -1.0 -1.0 -1.0 -1.0 -1.0 -1.0 -1.0 -1.0 -1.0 -1.0 -1.0 -1.0 -1.0 -1.0 -1.0 -1.0 -1.0 -1.0 -1.0 -1.0 -1.0 -1.0 -1.0 -1.0 -1.0 -1.0 -1.0 -1.0 6609.537429803 272834.42059205 0.0 0.0 914.125636369 124476.79862026 -1.0 2474.26967124 0.0 -1.0 -1.0 -1.0
-1.0 -1.0 -1.0 -1.0 -1.0 -1.0 -1.0 -1.0 65845.34015505 981148.2427714 -1.0 210404.6580568 -1.0 -1.0 552921.9689242999 1716938.7367068 630306.5159938999 -1.0 -1.0 -1.0 -1.0 -1.0 -1.0 -1.0 -1.0 -1.0 -1.0 -1.0 -1.0 -1.0 -1.0 -1.0 -1.0 -1.0 -1.0 -1.0 -1.0 -1.0 -1.0 -1.0 -1.0 -1.0 -1.0 -1.0 -1.0 -1.0 -1.0 -1.0 -1.0 -1.0 -1.0 -1.0 20121.5092867 -1.0 -1.0 -1.0 -1.0 -1.0 -1.0 -1.0 -1.0 -1.0 -1.0 764.727475835 180283.61776942 105.731040404 0.0 292.845928448 15210.180338270002 1607.1175465749998 0.0 -1.0 -1.0 -1.0
-1.0 -1.0 -1.0 -1.0 -1.0 -1.0 -1.0 -1.0 -1.0 -1.0 -1.0 313884.1601521719 -1.0 520063.2115039 913910.5414094001 -1.0 -1.0 -1.0 -1.0 -1.0 -1.0 -1.0 -1.0 -1.0 -1.0 -1.0 -1.0 -1.0 -1.0 -1.0 -1.0 -1.0 -1.0 -1.0 -1.0 -1.0 -1.0 -1.0 -1.0 -1.0 -1.0 -1.0 -1.0 -1.0 -1.0 -1.0 -1.0 -1.0 -1.0 -1.0 -1.0 -1.0 70527.58487509 22347.7630747 -1.0 -1.0 -1.0 -1.0 -1.0 -1.0 -1.0 -1.0 -1.0 -1.0 -1.0 -1.0 -1.0 0.0 1420.92666506 31293.720199784 -1.0 -1.0 -1.0 0.0
-1.0 -1.0 -1.0 -1.0 -1.0 -1.0 -1.0 -1.0 -1.0 -1.0 -1.0 -1.0 -1.0 -1.0 -1.0 -1.0 -1.0 -1.0 -1.0 -1.0 -1.0 -1.0 -1.0 -1.0 -1.0 -1.0 -1.0 -1.0 46560.6392153 45466.6427013 60496.9073161 13910.1096027 67826.067013 43532.9650482 -1.0 -1.0 -1.0 -1.0 -1.0 -1.0 -1.0 7110.19230478 -1.0 -1.0 -1.0 -1.0 -1.0 -1.0 -1.0 -1.0 -1.0 -1.0 129583.167204 0.0 -1.0 -1.0 -1.0 -1.0 -1.0 -1.0 -1.0 -1.0 -1.0 -1.0 -1.0 -1.0 -1.0 -1.0 -1.0 -1.0 -1.0 -1.0 -1.0 -1.0
-1.0 -1.0 -1.0 -1.0 -1.0 -1.0 -1.0 -1.0 -1.0 -1.0 -1.0 -1.0 -1.0 -1.0 -1.0 -1.0 -1.0 -1.0 -1.0 -1.0 -1.0 -1.0 -1.0 -1.0 -1.0 -1.0 -1.0 -1.0 72960.0409281 121330.554414 70646.3499764 -1.0 0.0 131564.918767 16403.5577289 76040.0576158 16816.6374045 -1.0 -1.0 5633.0771209 6987.504495249999 -1.0 -1.0 -1.0 -1.0 -1.0 -1.0 -1.0 -1.0 -1.0 -1.0 0.0 189529.284869 84089.3341818 15166.2044084 -1.0 -1.0 -1.0 -1.0 -1.0 -1.0 -1.0 -1.0 -1.0 -1.0 -1.0 -1.0 -1.0 -1.0 -1.0 -1.0 -1.0 -1.0 -1.0
-1.0 -1.0 -1.0 -1.0 -1.0 -1.0 -1.0 -1.0 -1.0 -1.0 -1.0 -1.0 -1.0 -1.0 -1.0 -1.0 -1.0 -1.0 -1.0 -1.0 -1.0 -1.0 -1.0 -1.0 -1.0 -1.0 -1.0 -1.0 -1.0 25486.755433807 72303.2146813 40141.412152 25280.9990305 101908.615512 41195.535591 39294.2108596 5258.81873709 42291.6623696 103422.554421 112958.7592 120809.337928 112968.457085 -1.0 -1.0 -1.0 -1.0 -1.0 -1.0 -1.0 -1.0 -1.0 106727.670796 216356.115137 160975.289762 45524.7252553 -1.0 -1.0 -1.0 -1.0 -1.0 -1.0 -1.0 -1.0 -1.0 -1.0 -1.0 -1.0 -1.0 -1.0 -1.0 -1.0 -1.0 -1.0 -1.0
-1.0 -1.0 -1.0 -1.0 -1.0 -1.0 -1.0 -1.0 -1.0 -1.0 -1.0 -1.0 -1.0 -1.0 -1.0 -1.0 -1.0 -1.0 -1.0 -1.0 -1.0 -1.0 -1.0 -1.0 -1.0 -1.0 -1.0 -1.0 0.0 187504.560022 155674.6825154 141641.300843 24022.8400552 24256.5064172 172806.915643 165488.716865 30659.0152853 45534.3956959 243457.548628 253120.973284 164565.841308 54363.9680875 -1.0 -1.0 -1.0 -1.0 -1.0 -1.0 -1.0 -1.0 -1.0 105608.400262 215689.566113 200777.507408 55645.9576655 -1.0 -1.0 -1.0 -1.0 -1.0 -1.0 -1.0 -1.0 -1.0 -1.0 -1.0 -1.0 -1.0 -1.0 -1.0 -1.0 -1.0 -1.0 -1.0
-1.0 -1.0 -1.0 -1.0 -1.0 -1.0 -1.0 -1.0 -1.0 -1.0 -1.0 -1.0 -1.0 -1.0 -1.0 -1.0 -1.0 -1.0 -1.0 -1.0 -1.0 -1.0 -1.0 -1.0 -1.0 -1.0 -1.0 0.0 8542.97235935 168967.716105 101849.374534 74550.1260204 190323.02617 174369.222593 453670.435039 223700.892692 79544.01628519999 0.0 183457.708315 26411.9351691 73636.3457306 -1.0 -1.0 -1.0 -1.0 -1.0 -1.0 -1.0 -1.0 -1.0 -1.0 154915.237961 185220.872657 143289.395557 56180.7382135 4202.41475493 -1.0 -1.0 -1.0 -1.0 -1.0 -1.0 -1.0 -1.0 -1.0 -1.0 -1.0 -1.0 -1.0 -1.0 -1.0 -1.0 -1.0 -1.0
-1.0 -1.0 -1.0 -1.0 -1.0 -1.0 -1.0 -1.0 -1.0 -1.0 -1.0 -1.0 -1.0 -1.0 -1.0 -1.0 -1.0 -1.0 -1.0 -1.0 778.09978409 3118.53031394 415.767623283 -1.0 -1.0 -1.0 -1.0 13532.2543478 23490.6169108 146930.49578539998 174597.7749836 10183.4059313 172773.883704 0.0 83741.2609386 193365.935064 29869.3324517 0.0 0.0 164576.651373 0.0 0.0 -1.0 -1.0 -1.0 -1.0 -1.0 -1.0 -1.0 -1.0 -1.0 198571.14005 202809.953995 101850.214985 72879.962954 15266.4794998 -1.0 -1.0 -1.0 -1.0 -1.0 -1.0 -1.0 -1.0 -1.0 -1.0 -1.0 -1.0 -1.0 -1.0 -1.0 -1.0 -1.0 -1.0
-1.0 -1.0 -1.0 -1.0 -1.0 -1.0 -1.0 -1.0 -1.0 -1.0 -1.0 -1.0 -1.0 -1.0 -1.0 -1.0 -1.0 -1.0 -1.0 17.9231742305 5220.97758803 9082.33081005 53555.7640131 0.0 -1.0 -1.0 0.0 0.0 43730.9132508 33623.5326799 21758.1140968 57098.0282613 30104.7835223 0.0 0.0 0.0 0.0 12740.2752639 0.0 0.0 0.0 0.0 -1.0 -1.0 -1.0 -1.0 -1.0 -1.0 -1.0 -1.0 -1.0 31570.4736031 190926.779178 159077.237128 118014.491023 83966.9699899 121258.32673368 0.0 -1.0 -1.0 -1.0 -1.0 -1.0 -1.0 -1.0 -1.0 -1.0 -1.0 -1.0 -1.0 -1.0 -1.0 -1.0 -1.0
-1.0 -1.0 -1.0 -1.0 -1.0 -1.0 -1.0 -1.0 -1.0 -1.0 -1.0 -1.0 -1.0 -1.0 -1.0 -1.0 -1.0 -1.0 15313.2223489 0.0 24213.2528982 14745.8852074 0.0 0.0 0.0 0.0 0.0 0.0 0.0 0.0 0.0 20605.7204647 15661.4088068 35290.5621083 5681.64471019 0.0 0.0 0.0 0.0 0.0 -1.0 -1.0 -1.0 -1.0 -1.0 -1.0 -1.0 -1.0 -1.0 -1.0 -1.0 51679.224013 20116.6787179 169011.323954 263.965499771 104903.975266 175554.039428 110549.088269 18025.561957 -1.0 -1.0 -1.0 -1.0 -1.0 -1.0 -1.0 -1.0 -1.0 -1.0 -1.0 -1.0 -1.0 -1.0 -1.0
-1.0 -1.0 -1.0 -1.0 -1.0 -1.0 -1.0 -1.0 -1.0 -1.0 -1.0 -1.0 -1.0 -1.0 -1.0 -1.0 -1.0 2487.42526319 0.0 0.0 0.0 0.0 0.0 0.0 0.0 0.0 0.0 0.0 39542.7892139 14560.8816393 0.0 198.717102747 14461.400042 19119.9734537 20519.5460815 0.0 0.0 0.0 0.0 0.0 0.0 -1.0 -1.0 -1.0 -1.0 -1.0 -1.0 -1.0 -1.0 -1.0 -1.0 21036.7985203 19159.9690281 16351.6271132 0.0 114623.278075 165283.155797 110404.180048 26880.570322906002 -1.0 -1.0 -1.0 -1.0 -1.0 -1.0 -1.0 -1.0 -1.0 -1.0 -1.0 -1.0 -1.0 -1.0 -1.0
-1.0 -1.0 -1.0 -1.0 -1.0 -1.0 -1.0 -1.0 -1.0 -1.0 -1.0 -1.0 -1.0 -1.0 -1.0 -1.0 899.434694444 0.0 0.0 0.0 0.0 0.0 0.0 113.520002003 372.465412798 5669.38476807 0.0 0.0 40553.8500153 0.0 0.0 0.0 0.0 0.0 6804.49814929 0.0 0.0 0.0 0.0 0.0 0.0 0.0 0.0 -1.0 -1.0 -1.0 -1.0 -1.0 -1.0 -1.0 0.0 213805.91336792294 145198.40778232482 52518.5557364 0.0 69228.755169 233997.681373 224637.15484112 63432.3166674 -1.0 -1.0 -1.0 -1.0 -1.0 -1.0 -1.0 -1.0 -1.0 -1.0 -1.0 -1.0 -1.0 -1.0 -1.0
-1.0 -1.0 -1.0 -1.0 -1.0 -1.0 -1.0 -1.0 -1.0 -1.0 -1.0 -1.0 -1.0 15753.58158427 -1.0 26393.66021312 2349.34489972 0.0 0.0 0.0 0.0 0.0 0.0 0.0 0.0 0.0 0.0 0.0 0.0 0.0 0.0 0.0 0.0 0.0 0.0 0.0 0.0 0.0 0.0 0.0 0.0 0.0 0.0 0.0 -1.0 -1.0 15502.6914327 29155.3426475 -1.0 -1.0 0.0 40588.75309517473 72635.49949002516 81850.06785877001 31638.864190531003 167282.00250377 166040.56831839 233068.61123896 49359.202118 -1.0 -1.0 -1.0 -1.0 -1.0 -1.0 -1.0 -1.0 -1.0 -1.0 -1.0 -1.0 -1.0 -1.0 -1.0
-1.0 -1.0 -1.0 -1.0 -1.0 -1.0 -1.0 -1.0 -1.0 -1.0 -1.0 -1.0 -1.0 76113.79413571 25980.549063849998 2535.02389248 0.0 0.0 0.0 0.0 0.0 0.0 0.0 0.0 0.0 0.0 0.0 0.0 0.0 0.0 0.0 0.0 0.0 412.001549558 0.0 0.0 0.0 0.0 0.0 0.0 0.0 0.0 0.0 0.0 0.0 0.0 82293.281173 -1.0 -1.0 -1.0 0.0 7038.22096753 46288.39788738031 0.0 10139.0766459 0.0 14511.304780945999 178547.1978838 594050.5461284 39874.5295741 -1.0 -1.0 -1.0 -1.0 -1.0 -1.0 -1.0 -1.0 -1.0 -1.0 -1.0 -1.0 -1.0 -1.0
-1.0 -1.0 -1.0 -1.0 -1.0 -1.0 -1.0 -1.0 -1.0 -1.0 -1.0 -1.0 405.726959907 0.0 1359.51499595 0.0 0.0 0.0 0.0 0.0 0.0 0.0 0.0 0.0 0.0 0.0 0.0 0.0 0.0 0.0 0.0 0.0 0.0 0.0 0.0 0.0 0.0 0.0 0.0 0.0 0.0 0.0 0.0 0.0 0.0 0.0 0.0 -1.0 -1.0 0.0 0.0 6583.98388638 10215.3547532 0.0 0.0 36986.8882314 97523.429324399 200318.10822305002 720493.488159 67160.745942 0.0 -1.0 -1.0 -1.0 -1.0 -1.0 -1.0 -1.0 -1.0 -1.0 -1.0 -1.0 -1.0 -1.0
-1.0 -1.0 -1.0 -1.0 -1.0 -1.0 -1.0 -1.0 -1.0 -1.0 -1.0 -1.0 4636.89948227 0.0 0.0 765.160995178 0.0 0.0 0.0 0.0 0.0 0.0 0.0 0.0 0.0 0.0 0.0 0.0 0.0 0.0 0.0 0.0 0.0 0.0 417.030193711 0.0 0.0 0.0 0.0 0.0 0.0 0.0 0.0 0.0 0.0 0.0 0.0 0.0 0.0 0.0 0.0 0.0 0.0 0.0 0.0 0.0 0.0 89221.31810003401 249738.7613936 41428.97347276 128565.14440905 -1.0 -1.0 -1.0 -1.0 -1.0 -1.0 -1.0 -1.0 -1.0 -1.0 -1.0 -1.0 -1.0
-1.0 -1.0 -1.0 -1.0 -1.0 -1.0 -1.0 -1.0 -1.0 -1.0 -1.0 10301.79089333 1499.53984032 0.0 0.0 0.0 0.0 0.0 0.0 0.0 0.0 0.0 0.0 0.0 0.0 0.0 0.0 0.0 0.0 0.0 0.0 0.0 0.0 0.0 0.0 0.0 0.0 0.0 0.0 0.0 0.0 0.0 0.0 0.0 0.0 0.0 0.0 0.0 0.0 0.0 0.0 0.0 0.0 1248.90703798 0.0 23733.840396 18174.2920163 207901.24761830998 1155.18073553 61726.0689642 11483.73763727 -1.0 -1.0 -1.0 -1.0 -1.0 -1.0 -1.0 -1.0 -1.0 -1.0 -1.0 -1.0 -1.0
-1.0 -1.0 -1.0 -1.0 -1.0 -1.0 -1.0 -1.0 -1.0 -1.0 -1.0 45.0197097435 82760.0517531 0.0 0.0 0.0 0.0 0.0 0.0 0.0 0.0 0.0 0.0 0.0 0.0 0.0 0.0 0.0 0.0 0.0 0.0 0.0 0.0 0.0 0.0 0.0 0.0 0.0 0.0 0.0 0.0 0.0 0.0 0.0 0.0 0.0 0.0 0.0 0.0 0.0 0.0 0.0 0.0 0.0 0.0 930.575048832 0.0 79770.7563978 203.019947346 20615.5077956 88647.0392353 -1.0 -1.0 -1.0 -1.0 -1.0 -1.0 -1.0 -1.0 -1.0 -1.0 -1.0 -1.0 -1.0
-1.0 -1.0 -1.0 -1.0 -1.0 -1.0 -1.0 -1.0 -1.0 -1.0 0.0 0.0 0.0 0.0 0.0 0.0 0.0 0.0 0.0 0.0 0.0 0.0 0.0 0.0 0.0 0.0 0.0 0.0 0.0 0.0 0.0 0.0 0.0 0.0 0.0 0.0 0.0 0.0 0.0 0.0 0.0 0.0 0.0 0.0 0.0 0.0 0.0 0.0 0.0 0.0 0.0 0.0 9909.67832503 0.0 0.0 0.0 0.0 0.0 20520.9011262 0.0 81702.6896907755 80528.05672224 38792.4768876 -1.0 -1.0 -1.0 -1.0 -1.0 -1.0 -1.0 -1.0 -1.0 -1.0 -1.0
-1.0 -1.0 -1.0 -1.0 -1.0 -1.0 0.0 0.0 0.0 0.0 0.0 0.0 0.0 0.0 0.0 0.0 0.0 0.0 0.0 0.0 0.0 0.0 0.0 0.0 0.0 0.0 0.0 0.0 0.0 0.0 0.0 0.0 0.0 0.0 0.0 0.0 0.0 0.0 0.0 11017.6000405 0.0 0.0 0.0 0.0 0.0 0.0 0.0 0.0 0.0 0.0 0.0 0.0 37051.3137785 0.0 0.0 0.0 0.0 0.0 70001.4237254 162191.947711 70337.8253532 74005.550214106 452778.857798 6957.4044674 8234.355995099999 -1.0 -1.0 -1.0 -1.0 -1.0 -1.0 -1.0 -1.0 -1.0
-1.0 -1.0 -1.0 -1.0 0.0 0.0 0.0 0.0 0.0 0.0 0.0 0.0 0.0 0.0 0.0 0.0 0.0 0.0 0.0 0.0 0.0 0.0 0.0 0.0 0.0 0.0 0.0 0.0 0.0 0.0 0.0 0.0 0.0 0.0 0.0 0.0 0.0 0.0 0.0 0.0 0.0 0.0 0.0 1279.66028328 0.0 0.0 0.0 0.0 0.0 0.0 0.0 0.0 0.0 0.0 0.0 418.151330656 0.0 0.0 707.197531126 0.0 108729.51939 17756.6171238 1162.78951904 170411.08800112 174563.0771677 38583.55677836 -1.0 -1.0 -1.0 -1.0 -1.0 -1.0 -1.0 -1.0
0.0 0.0 0.0 0.0 0.0 0.0 0.0 0.0 0.0 0.0 0.0 0.0 0.0 0.0 0.0 0.0 0.0 0.0 0.0 0.0 0.0 0.0 0.0 0.0 0.0 0.0 0.0 0.0 0.0 0.0 0.0 0.0 0.0 0.0 0.0 0.0 0.0 0.0 0.0 0.0 0.0 0.0 0.0 0.0 0.0 0.0 0.0 0.0 0.0 0.0 0.0 0.0 0.0 0.0 0.0 0.0 0.0 0.0 0.0 0.0 0.0 18466.9295001 0.0 1182.08356189 144006.690948867 127848.2839191 -1.0 -1.0 -1.0 -1.0 -1.0 -1.0 -1.0 -1.0
0.0 0.0 0.0 0.0 0.0 0.0 0.0 0.0 0.0 0.0 0.0 0.0 0.0 0.0 0.0 0.0 0.0 0.0 0.0 0.0 0.0 0.0 0.0 0.0 0.0 0.0 0.0 0.0 0.0 0.0 0.0 0.0 0.0 0.0 0.0 0.0 0.0 0.0 0.0 0.0 0.0 0.0 0.0 0.0 0.0 0.0 0.0 0.0 0.0 16303.7802455 0.0 0.0 0.0 0.0 0.0 15359.1171856 0.0 0.0 0.0 0.0 0.0 25980.917190898 57550.95879163 11907.567770044 106837.90620375 98687.1216094 366270.0643994 -1.0 -1.0 -1.0 -1.0 -1.0 -1.0 -1.0
96078.777561 26183.208804 0.0 0.0 0.0 0.0 0.0 0.0 0.0 0.0 0.0 0.0 0.0 0.0 0.0 0.0 0.0 0.0 0.0 0.0 0.0 0.0 0.0 0.0 0.0 0.0 0.0 0.0 0.0 0.0 0.0 0.0 0.0 0.0 0.0 0.0 0.0 0.0 0.0 0.0 0.0 0.0 0.0 0.0 0.0 0.0 0.0 0.0 0.0 14673.735542 0.0 0.0 0.0 0.0 0.0 0.0 0.0 37898.2671521 9027.12779674 0.0 0.0 0.0 47996.28704057 17141.2129359 0.0 98527.51121477 26698.4583494 -1.0 -1.0 -1.0 -1.0 -1.0 -1.0 -1.0
8940.4641266 24541.1243457 66905.7690708 61905.4122216 50474.1730655 0.0 0.0 0.0 0.0 0.0 0.0 0.0 0.0 0.0 0.0 0.0 0.0 0.0 0.0 0.0 0.0 0.0 0.0 0.0 0.0 0.0 0.0 0.0 0.0 0.0 0.0 0.0 0.0 0.0 0.0 0.0 0.0 0.0 0.0 0.0 0.0 0.0 0.0 0.0 0.0 0.0 0.0 0.0 0.0 0.0 0.0 0.0 0.0 0.0 0.0 0.0 0.0 7154.34561488 14749.5543943 0.0 0.0 0.0 56754.581504300004 65043.1439368 0.0 51684.83585693 94340.71414911 23451.604855465 0.0 4244.37893644 -1.0 -1.0 -1.0 -1.0
0.0 40069.9436541 0.0 59686.7648102 4135.21900225 12825.0490035 0.0 0.0 0.0 0.0 0.0 0.0 0.0 0.0 0.0 0.0 0.0 0.0 0.0 0.0 0.0 0.0 0.0 0.0 0.0 0.0 0.0 0.0 0.0 0.0 0.0 0.0 0.0 0.0 0.0 0.0 0.0 0.0 0.0 0.0 0.0 0.0 0.0 0.0 0.0 0.0 0.0 0.0 0.0 0.0 0.0 0.0 0.0 0.0 0.0 0.0 0.0 0.0 8058.38826899 0.0 0.0 0.0 0.0 41405.0428142 61351.5201749 71104.58954605 67232.498889043 98685.3208978 2982.8472411 0.0 -1.0 -1.0 -1.0 -1.0
0.0 0.0 0.0 0.0 0.0 62817.6622449 30705.1397979 0.0 0.0 0.0 0.0 0.0 0.0 0.0 0.0 0.0 0.0 0.0 0.0 0.0 0.0 0.0 0.0 0.0 0.0 0.0 0.0 0.0 0.0 0.0 0.0 0.0 0.0 0.0 0.0 0.0 13220.8349692 0.0 0.0 0.0 0.0 0.0 0.0 0.0 0.0 0.0 0.0 0.0 0.0 0.0 0.0 0.0 0.0 0.0 0.0 0.0 0.0 0.0 0.0 0.0 0.0 0.0 1706.9303414259998 931.055706019 46046.9647077 110005.22888569 10772.7017022 6021.93588035 136811.3805987 5835.7012858 -1.0 -1.0 -1.0 -1.0
0.0 0.0 0.0 0.0 0.0 0.0 0.0 0.0 0.0 0.0 0.0 0.0 0.0 0.0 0.0 0.0 0.0 0.0 0.0 0.0 0.0 0.0 0.0 0.0 0.0 0.0 0.0 0.0 0.0 0.0 0.0 0.0 0.0 0.0 0.0 179.519264676 0.0 0.0 0.0 0.0 0.0 0.0 0.0 0.0 0.0 0.0 0.0 0.0 0.0 0.0 0.0 0.0 0.0 0.0 0.0 0.0 0.0 0.0 0.0 22717.9857186 0.0 0.0 84.6745372262 2830.18377876 56194.2040072 46459.8253808 0.0 55015.2082294 237701.4161988 53856.42840386 43347.056215299 -1.0 -1.0 -1.0
0.0 0.0 0.0 0.0 0.0 0.0 0.0 10677.0357387 0.0 0.0 0.0 0.0 0.0 0.0 0.0 0.0 0.0 0.0 0.0 0.0 0.0 0.0 0.0 0.0 0.0 0.0 0.0 0.0 0.0 0.0 0.0 0.0 0.0 0.0 0.0 0.0 0.0 0.0 0.0 0.0 0.0 0.0 0.0 0.0 0.0 0.0 0.0 0.0 0.0 0.0 0.0 0.0 0.0 0.0 0.0 0.0 0.0 0.0 0.0 44842.702255 0.0 0.0 0.0 1885.24040527 61734.7472313 93933.114377 2977.37481594 90898.6215533 54280.55843583 41110.9659491 1196.59082713 2133.96134741 -1.0 -1.0
0.0 0.0 0.0 0.0 0.0 0.0 0.0 0.0 163376.676596 0.0 0.0 125882.663938 0.0 0.0 0.0 0.0 0.0 0.0 0.0 0.0 0.0 0.0 0.0 0.0 0.0 0.0 0.0 0.0 0.0 0.0 0.0 0.0 0.0 0.0 0.0 0.0 0.0 0.0 0.0 0.0 0.0 0.0 0.0 0.0 0.0 0.0 0.0 0.0 0.0 0.0 0.0 0.0 0.0 0.0 25212.0336022 0.0 0.0 0.0 58011.7593194 54191.1049034 0.0 0.0 0.0 66.3841686567 14025.444135 91252.5898691 50585.5484411 47252.7328499 30770.7653269 32137.7717466 44174.6290781 5719.63283043 288654.82175 -1.0
0.0 0.0 0.0 0.0 0.0 0.0 0.0 0.0 0.0 177926.312761 0.0 0.0 0.0 0.0 0.0 0.0 0.0 0.0 0.0 0.0 0.0 0.0 0.0 0.0 0.0 0.0 0.0 0.0 0.0 0.0 0.0 0.0 0.0 0.0 0.0 0.0 0.0 0.0 0.0 0.0 0.0 0.0 0.0 0.0 0.0 0.0 0.0 0.0 0.0 0.0 0.0 0.0 0.0 0.0 0.0 55315.3627509 0.0 0.0 16.6032626076 59687.3051874 17739.2548643 0.0 0.0 0.0 0.0 509.129300303 669.927427488 7685.87886689 32389.4823024 0.0 24383.6076976 22991.9380244 62056.4822082 23345.6514936
