critload/trunk/input/1999/nle_ag.asc
ncols 720
nrows 360
xllcorner -180
yllcorner -90
cellsize 0.5
NODATA_value -1
[rows 231 to 263 of 360, columns 592 to 665 of 720]
0.0 0.0 0.0 16693.7210229 0.0 0.0 0.0 0.0 0.0 0.0 0.0 0.0 0.0 0.0 0.0 0.0 0.0 0.0 0.0 0.0 0.0 0.0 0.0 0.0 0.0 0.0 0.0 0.0 0.0 0.0 0.0 0.0 0.0 0.0 0.0 0.0 0.0 0.0 0.0 0.0 0.0 0.0 0.0 0.0 0.0 0.0 0.0 0.0 0.0 0.0 0.0 0.0 0.0 0.0 0.0 0.0 0.0 0.0 0.0 0.0 0.0 16.2438540696 0.0 0.0 4183.57732679 3660.49424735 5827.95448529 55591.444973 43047.2578033 2466.474878 31872.0283341 39372.6363309 14757.5038191 67766.9058336
0.0 13635.043721 0.0 0.0 12913.4127696 0.0 0.0 0.0 0.0 0.0 0.0 0.0 0.0 0.0 0.0 0.0 0.0 0.0 0.0 0.0 0.0 0.0 0.0 0.0 0.0 0.0 0.0 0.0 100359.889272 0.0 0.0 0.0 0.0 0.0 0.0 0.0 0.0 0.0 0.0 0.0 0.0 0.0 0.0 0.0 0.0 0.0 0.0 0.0 0.0 0.0 0.0 0.0 0.0 0.0 0.0 0.0 0.0 0.0 0.0 0.0 0.0 0.0 0.0 5100.56863131 46718.185362557 106415.50160250001 9729.886963483 38399.8114268 21809.3153731 1973.53302327 80656.30155060001 102150.647663 47556.7850672 41445.480042
0.0 0.0 0.0 0.0 0.0 0.0 0.0 0.0 0.0 0.0 0.0 0.0 0.0 101131.768275 0.0 0.0 0.0 0.0 0.0 0.0 0.0 0.0 8886.10742461 0.0 0.0 0.0 0.0 0.0 0.0 0.0 0.0 0.0 0.0 0.0 0.0 0.0 0.0 0.0 0.0 0.0 0.0 0.0 0.0 0.0 0.0 0.0 0.0 0.0 0.0 0.0 0.0 0.0 0.0 0.0 0.0 0.0 0.0 0.0 0.0 0.0 0.0 0.0 0.0 3247.70399015 70167.6598967 165624.95692179998 125534.5816318 162548.4059437 69535.99270500001 168452.14390644 149948.7646187 209596.606214 73598.0477436 37806.0971439
0.0 0.0 0.0 0.0 0.0 17899.0992915 0.0 0.0 0.0 0.0 0.0 0.0 0.0 0.0 0.0 0.0 0.0 0.0 0.0 0.0 0.0 0.0 0.0 0.0 0.0 0.0 0.0 0.0 0.0 0.0 0.0 0.0 0.0 0.0 0.0 0.0 0.0 0.0 0.0 0.0 0.0 0.0 0.0 0.0 0.0 0.0 0.0 0.0 0.0 0.0 0.0 0.0 0.0 0.0 0.0 0.0 0.0 0.0 0.0 0.0 0.0 0.0 0.0 0.0 10185.7530581 54633.3026206 84553.40499879999 59057.6584641 80766.0970529 6372.57789231 155749.489095 161595.0012372 63517.3306412 43951.6390555
0.0 0.0 0.0 0.0 0.0 0.0 0.0 0.0 0.0 0.0 0.0 0.0 0.0 0.0 0.0 0.0 0.0 0.0 0.0 0.0 0.0 0.0 0.0 0.0 0.0 0.0 0.0 0.0 0.0 0.0 0.0 0.0 0.0 39467.2480223 0.0 0.0 0.0 0.0 0.0 0.0 0.0 0.0 0.0 0.0 0.0 0.0 0.0 0.0 0.0 0.0 0.0 0.0 0.0 0.0 0.0 0.0 0.0 0.0 0.0 532.486938359 0.0 4133.29590077 0.0 4143.80227189 25879.6012501 30775.8555458 26082.5955255 143094.451664 93345.5098878 8595.58599539 161133.064912 277690.208815 214707.029867 66195.2936709
0.0 0.0 0.0 0.0 0.0 0.0 0.0 0.0 0.0 0.0 0.0 0.0 0.0 0.0 0.0 0.0 0.0 134094.87407 140570.633223 0.0 0.0 0.0 0.0 98934.8431612 0.0 0.0 8308.9514408 0.0 0.0 0.0 0.0 0.0 0.0 0.0 0.0 0.0 0.0 0.0 0.0 0.0 0.0 0.0 0.0 0.0 0.0 0.0 0.0 0.0 0.0 0.0 0.0 0.0 0.0 0.0 0.0 0.0 0.0 0.0 0.0 708.063140548 0.0 0.0 18069.846233 4480.80270605 113993.7590914 244091.48243740003 139788.923522 228958.5620957 176924.878214 116891.306923 300292.14570700005 332173.57461999997 235030.0054695 138684.3570588
86370.3962881 0.0 0.0 0.0 0.0 0.0 0.0 0.0 0.0 0.0 0.0 0.0 0.0 0.0 0.0 0.0 0.0 0.0 0.0 0.0 0.0 0.0 0.0 22257.32129 71343.9804092 0.0 0.0 0.0 0.0 0.0 0.0 0.0 0.0 0.0 0.0 0.0 0.0 0.0 0.0 0.0 0.0 0.0 0.0 0.0 0.0 0.0 0.0 0.0 0.0 0.0 0.0 0.0 0.0 0.0 0.0 0.0 0.0 0.0 0.0 0.0 0.0 0.0 5365.72311074 16877.60411227 141759.09523570002 222164.8873761 321180.144933 484209.673018 612170.306751 504360.41665100004 199345.91065540002 115379.2769007 10937.453378178 43602.031034800006
195064.304581 73074.0794785 29296.5611159 0.0 0.0 0.0 51474.850518 19263.6283122 0.0 0.0 0.0 0.0 0.0 22510.027852 0.0 0.0 0.0 0.0 0.0 0.0 0.0 0.0 0.0 0.0 0.0 0.0 0.0 0.0 0.0 0.0 0.0 0.0 0.0 0.0 0.0 0.0 0.0 0.0 0.0 0.0 0.0 0.0 0.0 0.0 0.0 0.0 0.0 0.0 0.0 0.0 0.0 0.0 0.0 0.0 0.0 0.0 0.0 18901.5933739 0.0 0.0 0.0 1288.66500615 29303.3286557 19431.5398813 161276.5286939 148279.430704 344668.376587 328833.8183621 105383.03908032 115227.95045419999 188758.3338305 381345.41762950004 37815.43293962 41612.02124014
874214.823205 27537.2851628 50169.6959365 0.0 0.0 0.0 0.0 0.0 0.0 0.0 0.0 0.0 0.0 55888.6210581 0.0 0.0 0.0 0.0 0.0 0.0 0.0 0.0 0.0 0.0 0.0 0.0 0.0 0.0 0.0 0.0 0.0 0.0 0.0 0.0 0.0 0.0 0.0 0.0 0.0 0.0 0.0 0.0 0.0 0.0 0.0 0.0 0.0 0.0 0.0 0.0 0.0 0.0 0.0 0.0 0.0 0.0 0.0 0.0 0.0 453.123876414 0.0 25151.450803 26937.4996514 79043.09975323999 181890.2875942 398312.0141279 361526.76754649996 270861.0050134 218188.7789052 427469.10724599997 837924.2697226 846606.2119390001 12566.2917449 57627.7252005
1234160.18427 921129.082964 645454.189261 22535.2096063 98968.7127435 2438.75607995 0.0 0.0 0.0 0.0 0.0 0.0 0.0 0.0 0.0 0.0 0.0 0.0 0.0 0.0 0.0 0.0 0.0 0.0 0.0 0.0 0.0 0.0 0.0 0.0 0.0 0.0 0.0 0.0 0.0 0.0 0.0 0.0 0.0 0.0 0.0 0.0 0.0 0.0 0.0 0.0 0.0 0.0 0.0 0.0 0.0 0.0 0.0 0.0 0.0 0.0 0.0 0.0 0.0 32231.5612323 16923.8357917 10792.4182222 56888.3957428 210110.4890604 390208.68054 231366.08681833 257717.2487041 365364.921994 108872.162473 360330.105902 357332.517729 449157.96496899996 53747.9821536 41218.14393051
544170.67516 833107.349352 555562.438757 592700.165355 5307.12910834 230382.616438 116939.887024 0.0 0.0 0.0 0.0 0.0 0.0 0.0 0.0 0.0 0.0 0.0 0.0 0.0 0.0 0.0 0.0 0.0 0.0 0.0 0.0 0.0 0.0 0.0 0.0 0.0 0.0 0.0 0.0 0.0 0.0 0.0 0.0 0.0 0.0 0.0 0.0 0.0 0.0 0.0 0.0 0.0 0.0 0.0 0.0 0.0 0.0 0.0 0.0 0.0 0.0 0.0 0.0 19.5864076431 0.0 28105.5814702 88131.5959433 138744.5375 406873.155607 213601.878531 36385.919043 112441.002682 233082.78688759997 314032.461901 273490.775381 592226.269019 30415.1827773 72040.6673916
423629.337115 489081.810152 555745.743636 496879.497409 442075.706298 20914.8306265 436465.936771 24.4001114615 0.0 0.0 0.0 0.0 0.0 0.0 0.0 0.0 0.0 0.0 0.0 0.0 0.0 0.0 0.0 0.0 0.0 0.0 0.0 0.0 0.0 0.0 26906.7148373 0.0 0.0 0.0 0.0 0.0 0.0 0.0 0.0 0.0 0.0 0.0 0.0 0.0 0.0 32510.0009042 0.0 0.0 0.0 0.0 0.0 0.0 0.0 933.349171367 21081.8289347 674.468366093 9083.43681614 0.0 11.6891545648 0.0 3791.81008033 61048.7086624 183718.978003 167256.670127 231636.86462 88725.3470483 171420.624502 162343.8042322 254006.5224047 751090.3073856999 464474.83300600003 459618.6050736 15613.5241712 97452.2584755
609292.550194 513422.769356 648992.786577 502715.209999 460394.697741 495532.182903 4700.50427589 0.0 0.0 0.0 0.0 0.0 0.0 0.0 0.0 0.0 0.0 0.0 0.0 0.0 0.0 0.0 0.0 38707.0283845 36244.6319264 0.0 0.0 0.0 464.200434668 0.0 1876.41526869 0.0 47412.7893388 54921.9170514 236775.095206 1591.45511967 0.0 0.0 66588.6751766 68567.237861 0.0 0.0 0.0 0.0 0.0 4239.30680696 0.0 0.0 0.0 0.0 0.0 0.0 0.0 0.0 0.0 565.900665907 0.0 0.0 766.245589028 12333.6779655 20889.0827044 218359.094091 258217.443301 401311.481577 519399.488324 391400.0798365 310121.3598468 397394.16966959997 202985.617126 287100.6712404 110254.8928798 38312.511383260004 68144.5332445 162693.5583901
262824.2394367 580014.027454 739156.806823 280041.069085 156132.131948 470930.673375 155033.449081 0.0 0.0 0.0 0.0 0.0 0.0 0.0 0.0 0.0 0.0 0.0 0.0 0.0 0.0 0.0 0.0 0.0 0.0 -1.0 -1.0 -1.0 -1.0 -1.0 -1.0 -1.0 1954.9162566310001 2329.88252373 11152.7589211 460929.124428 786010.213059 139948.454202 0.0 0.0 90308.8803067 0.0 0.0 0.0 41061.1553287 9028.87633569 0.0 0.0 0.0 0.0 0.0 15506.034561 0.0 20.152760224 0.0 153.182343642 158.134897945 26.2652390882 20996.325531 19871.7117463 21602.2835301 177744.835834 369927.383328 528564.064673 526965.662662 482742.010222 696114.6502764 474217.4599282 65838.880601 411199.371202 92257.6591061 78241.669123 39941.786735170004 -1.0
413353.237879 706171.5161426 792008.04398716 117590.529031 62451.0136154 28912.6207753 422383.621862 129741.89342 0.0 0.0 33707.2668011 200079.510726 0.0 0.0 611.480405897 91.4265358705 0.0 0.0 0.0 -1.0 -1.0 -1.0 -1.0 -1.0 -1.0 -1.0 -1.0 -1.0 -1.0 -1.0 -1.0 -1.0 -1.0 -1.0 -1.0 0.0 483531.910724 847801.820694 73827.6582679 54103.7284973 1526.07429769 3.71953092899 0.0 19827.6867552 423947.736477 179598.890561 820.827209644 0.0 53252.0807155 0.0 0.0 0.0 220.937955111 37.0994601553 0.0 306.028924788 142182.442130965 42749.455186 1420.04145625 36384.3793249 232707.61967 199311.178627 260889.264044 272284.907583 674613.8717592 1072252.4314046 473267.0875388 477091.8083551 44454.2137197 3029.93617778 372200.636245 238820.5581521 28206.860689240002 -1.0
280022.671673 656883.5481265 681563.422378644 689618.488221 64833.960215 0.0 30337.4980642 422076.542243 40358.3253899 108428.276749 420460.67165072996 472152.358178 55557.6739819 339777.1812554 31673.1240897 0.0 0.0 -1.0 -1.0 -1.0 -1.0 -1.0 -1.0 -1.0 -1.0 -1.0 -1.0 -1.0 -1.0 -1.0 -1.0 -1.0 -1.0 -1.0 -1.0 -1.0 148326.624834 299927.643518 691766.02979 710713.125439 327035.442452 269469.366415 530.037350193 14612.7405095 523697.581142 33221.3986411 28822.7761691 29049.0331089 0.0 0.0 2.61923770754 197.400796224 319.666585944 141.42868534 325.546128838 37017.9116082 149786.4787382 126989.394929 126865.997463 272325.412255 496048.571947 681675.553744 708977.8514461999 476290.2163207 691916.2393474999 1138761.7771781 601065.5319977 600369.596595 10311.5405194 7764.30698612 10822.4732805 12797.456750629999 -1.0 -1.0
404507.42015230004 663630.6849641551 717912.677357077 861663.514551 642131.434075 616059.328636006 491794.7293623 269060.859589 151979.58464972 650987.440285 361002.836703 392338.486278645 439562.61480247 400501.50982857996 16985.2203926 0.0 -1.0 -1.0 -1.0 -1.0 -1.0 -1.0 -1.0 -1.0 -1.0 -1.0 -1.0 -1.0 -1.0 -1.0 -1.0 -1.0 -1.0 -1.0 -1.0 -1.0 -1.0 111083.96075 371716.920352 361134.181477 474005.446614 2655.89161637 210045.924028 372307.437876 105513.506953 770206.241807 269772.771178 0.0 0.0 31.3821106525 12.4603922844 962.561644396 2377.83456588 86831.4209759 49625.184346 81407.4994464 127115.027357 228952.000021 364584.646828 756548.245132 189279.571317 207651.689521 272060.083199 825896.078214 895248.094949 1584163.9740164 956556.249044 499466.0496707 33769.9457864 289961.707686 124426.83746489999 -1.0 -1.0 -1.0
621221.8813380001 551413.3449462 664744.6741540601 651194.91591591 558701.60365102 645146.585641028 304291.994027 1761.5666993 -1.0 -1.0 -1.0 -1.0 -1.0 -1.0 -1.0 -1.0 -1.0 -1.0 -1.0 -1.0 -1.0 -1.0 -1.0 -1.0 -1.0 -1.0 -1.0 -1.0 -1.0 -1.0 -1.0 -1.0 -1.0 -1.0 -1.0 -1.0 -1.0 -1.0 199728.609575 433279.427333 250052.769122 -1.0 0.0 804992.164893978 530030.248301 901151.282197 732456.702823 89834.0922483 29861.5687644 71942.6669354 295701.573661 369463.15696 476292.7273075 121203.119138 164745.915915 163174.093284 46137.193273 192005.856352 300863.625001 804967.714538 839038.47984282 1014020.3621 999921.42404 1000871.03406 1442974.7014033 830328.787675 546293.669132 580297.1793443 18080.2112272 167970.4671361 12463.5616433 -1.0 -1.0 -1.0
297089.38697500003 74958.3319379 636619.688018 847939.22735561 388908.1618223 158151.5143604 -1.0 -1.0 -1.0 -1.0 -1.0 -1.0 -1.0 -1.0 -1.0 -1.0 -1.0 -1.0 -1.0 -1.0 -1.0 -1.0 -1.0 -1.0 -1.0 -1.0 -1.0 -1.0 -1.0 -1.0 -1.0 -1.0 -1.0 -1.0 -1.0 -1.0 -1.0 -1.0 23318.0952119 306726.518341 -1.0 -1.0 222337.787764 601938.524721626 101054.88843023 580695.2761378 702523.6727465 520963.965946 606972.391123 587401.481751 9493.56515621 0.0 347439.4488841 498402.091891 651722.872415 240180.236297 171039.786492 228612.655763 600430.628179 629011.3324298001 769223.557401 776786.95263 1251963.17837 1218328.5986161 1371961.2185991 980547.2455186 672851.60618889 624291.769355 88213.8340537 53374.654188 -1.0 -1.0 -1.0 -1.0
-1.0 9334.41611577 34197.943152579006 95117.10381369 -1.0 -1.0 -1.0 -1.0 -1.0 -1.0 -1.0 -1.0 -1.0 -1.0 -1.0 -1.0 -1.0 -1.0 -1.0 -1.0 -1.0 -1.0 -1.0 -1.0 -1.0 -1.0 -1.0 -1.0 -1.0 -1.0 -1.0 -1.0 -1.0 -1.0 -1.0 -1.0 -1.0 -1.0 -1.0 -1.0 -1.0 65867.2912618 157051.25173 186916.6459766048 111032.33811958 928673.8725254999 470822.755031 283791.721069 569270.244692 566262.698731 447708.683067 344690.879648 624215.962491 797304.5655551 1050498.86564 761476.72095 385011.80443218997 514970.148848 776055.344361 692572.284906 772136.346476 692493.963757 1234936.31557794 1283275.5488260002 509996.5231491 268177.4471068 728033.106361 521962.907164 12989.7249848 1163.86793299 -1.0 -1.0 -1.0 -1.0
-1.0 -1.0 -1.0 -1.0 -1.0 -1.0 -1.0 -1.0 -1.0 -1.0 -1.0 -1.0 -1.0 -1.0 -1.0 -1.0 -1.0 -1.0 -1.0 -1.0 -1.0 -1.0 -1.0 -1.0 -1.0 -1.0 -1.0 -1.0 -1.0 -1.0 -1.0 -1.0 -1.0 -1.0 -1.0 -1.0 -1.0 -1.0 -1.0 -1.0 -1.0 25995.6063048 620949.951834 271550.335065 206414.453002 116959.501041 350607.179771 535532.502917 123778.726688 118294.321902 66364.0890319 65657.657507 61259.9477545 301806.6172168 97090.2101199 475365.3486496 565294.636483 810727.037709 853688.746052 1139883.3466774002 1097741.89281 905701.958296 1083395.50724 463236.3055121 141192.77495055 35261.484513799995 90475.4304954 110889.1755102 65260.0766127 -1.0 -1.0 -1.0 -1.0 -1.0
-1.0 -1.0 -1.0 -1.0 -1.0 -1.0 -1.0 -1.0 -1.0 -1.0 -1.0 -1.0 -1.0 -1.0 -1.0 -1.0 -1.0 -1.0 -1.0 -1.0 -1.0 -1.0 -1.0 -1.0 -1.0 -1.0 -1.0 -1.0 -1.0 -1.0 -1.0 -1.0 -1.0 -1.0 -1.0 -1.0 -1.0 -1.0 -1.0 -1.0 -1.0 0.0 0.0 -1.0 -1.0 -1.0 -1.0 251209.66245 577604.73395 801006.821401 670844.597203 426302.799505 817647.180667 580802.606397 797576.1849627 627805.4234318 859223.389424 1073035.3196936 922115.7205623 1020422.36473 1537700.6932344 386238.608779 275071.6942759 187803.87889053 138917.7641884 378235.548471 216837.0416459 21684.172243319998 44364.64964631 -1.0 -1.0 -1.0 -1.0 -1.0
-1.0 -1.0 -1.0 -1.0 -1.0 -1.0 -1.0 -1.0 -1.0 -1.0 -1.0 -1.0 -1.0 -1.0 -1.0 -1.0 -1.0 -1.0 -1.0 -1.0 -1.0 -1.0 -1.0 -1.0 -1.0 -1.0 -1.0 -1.0 -1.0 -1.0 -1.0 -1.0 -1.0 -1.0 -1.0 -1.0 -1.0 -1.0 -1.0 -1.0 -1.0 -1.0 -1.0 -1.0 -1.0 -1.0 -1.0 403120.9551994 605079.7677298 723076.94780975 707978.386252 651301.672873 813373.2450524339 680209.046591 694215.3805630001 668437.8743446 712916.5685721 790915.4958748 901404.0070892001 656258.28476523 301989.757256 71200.7997092 73787.99327830001 90220.1631504 9646.16252142 541573.63508 670889.404296 208136.4349588 -1.0 -1.0 -1.0 -1.0 -1.0 -1.0
-1.0 -1.0 -1.0 -1.0 -1.0 -1.0 -1.0 -1.0 -1.0 -1.0 -1.0 -1.0 -1.0 -1.0 -1.0 -1.0 -1.0 -1.0 -1.0 -1.0 -1.0 -1.0 -1.0 -1.0 -1.0 -1.0 -1.0 -1.0 -1.0 -1.0 -1.0 -1.0 -1.0 -1.0 -1.0 -1.0 -1.0 -1.0 -1.0 -1.0 -1.0 -1.0 -1.0 -1.0 -1.0 -1.0 -1.0 340763.6514969 514532.591267 543545.461035 409129.684396 492811.02378612 315276.981513 644953.821636 494534.417739 630410.9649221001 512264.497112 635795.6683455 373451.60536953 220084.3245488 234060.392832 16102.776382209999 26264.11209109 159241.71909592 16686.1340745 70686.7032908 95194.7993676 0.0 -1.0 -1.0 -1.0 -1.0 -1.0 -1.0
-1.0 -1.0 -1.0 -1.0 -1.0 -1.0 -1.0 -1.0 -1.0 -1.0 -1.0 -1.0 -1.0 -1.0 -1.0 -1.0 -1.0 -1.0 -1.0 -1.0 -1.0 -1.0 -1.0 -1.0 -1.0 -1.0 -1.0 -1.0 -1.0 -1.0 -1.0 -1.0 -1.0 -1.0 -1.0 -1.0 -1.0 -1.0 -1.0 -1.0 -1.0 -1.0 -1.0 -1.0 -1.0 -1.0 -1.0 -1.0 403671.899515 832984.788668 600612.998742 591233.2904348101 738171.512765 601451.75075 737964.309872 665648.1678603999 730195.019776 415260.51842569996 345926.593499 46946.08948493 6037.0443223 96595.3408897 306172.99950074 256105.10865307998 59712.5309635 20138.7487344 0.0 0.0 -1.0 -1.0 -1.0 -1.0 -1.0 -1.0
-1.0 -1.0 -1.0 -1.0 -1.0 -1.0 -1.0 -1.0 -1.0 -1.0 -1.0 -1.0 -1.0 -1.0 -1.0 -1.0 -1.0 -1.0 -1.0 -1.0 -1.0 -1.0 -1.0 -1.0 -1.0 -1.0 -1.0 -1.0 -1.0 -1.0 -1.0 -1.0 -1.0 -1.0 -1.0 -1.0 -1.0 -1.0 -1.0 -1.0 -1.0 -1.0 -1.0 -1.0 -1.0 -1.0 -1.0 -1.0 -1.0 124134.559889 84806.68000055 306375.714843 733244.687807934 671642.66690686 743124.21347489 1136889.55362091 581173.3532873 183886.4842853 462654.7269293 916793.9996916 310902.159873 274010.274133 314797.10134 0.0 -1.0 -1.0 -1.0 -1.0 -1.0 -1.0 -1.0 -1.0 -1.0 -1.0
-1.0 -1.0 -1.0 -1.0 -1.0 -1.0 -1.0 -1.0 -1.0 -1.0 -1.0 -1.0 -1.0 -1.0 -1.0 -1.0 -1.0 -1.0 -1.0 -1.0 -1.0 -1.0 -1.0 -1.0 -1.0 -1.0 -1.0 -1.0 -1.0 -1.0 -1.0 -1.0 -1.0 -1.0 -1.0 -1.0 -1.0 -1.0 -1.0 -1.0 -1.0 -1.0 -1.0 -1.0 -1.0 -1.0 -1.0 -1.0 -1.0 -1.0 -1.0 -1.0 -1.0 123257.846846 63907.5241895 14944.05500556 -1.0 -1.0 37987.23786231 429946.859617135 233902.055434 155360.815744 -1.0 -1.0 -1.0 -1.0 -1.0 -1.0 -1.0 -1.0 -1.0 -1.0 -1.0 -1.0
-1.0 -1.0 -1.0 -1.0 -1.0 -1.0 -1.0 -1.0 -1.0 -1.0 -1.0 -1.0 -1.0 -1.0 -1.0 -1.0 -1.0 -1.0 -1.0 -1.0 -1.0 -1.0 -1.0 -1.0 -1.0 -1.0 -1.0 -1.0 -1.0 -1.0 -1.0 -1.0 -1.0 -1.0 -1.0 -1.0 -1.0 -1.0 -1.0 -1.0 -1.0 -1.0 -1.0 -1.0 -1.0 -1.0 -1.0 -1.0 -1.0 -1.0 -1.0 -1.0 -1.0 -1.0 -1.0 -1.0 -1.0 -1.0 -1.0 -1.0 0.0 -1.0 -1.0 -1.0 -1.0 -1.0 -1.0 -1.0 -1.0 -1.0 -1.0 -1.0 -1.0 -1.0
-1.0 -1.0 -1.0 -1.0 -1.0 -1.0 -1.0 -1.0 -1.0 -1.0 -1.0 -1.0 -1.0 -1.0 -1.0 -1.0 -1.0 -1.0 -1.0 -1.0 -1.0 -1.0 -1.0 -1.0 -1.0 -1.0 -1.0 -1.0 -1.0 -1.0 -1.0 -1.0 -1.0 -1.0 -1.0 -1.0 -1.0 -1.0 -1.0 -1.0 -1.0 -1.0 -1.0 -1.0 -1.0 -1.0 -1.0 -1.0 -1.0 -1.0 -1.0 -1.0 -1.0 -1.0 -1.0 185374.36520990002 85907.8924876 -1.0 -1.0 -1.0 -1.0 -1.0 -1.0 27142.2181216 139787.9061097 -1.0 -1.0 -1.0 -1.0 -1.0 -1.0 -1.0 -1.0 -1.0
-1.0 -1.0 -1.0 -1.0 -1.0 -1.0 -1.0 -1.0 -1.0 -1.0 -1.0 -1.0 -1.0 -1.0 -1.0 -1.0 -1.0 -1.0 -1.0 -1.0 -1.0 -1.0 -1.0 -1.0 -1.0 -1.0 -1.0 -1.0 -1.0 -1.0 -1.0 -1.0 -1.0 -1.0 -1.0 -1.0 -1.0 -1.0 -1.0 -1.0 -1.0 -1.0 -1.0 -1.0 -1.0 -1.0 -1.0 -1.0 -1.0 -1.0 -1.0 -1.0 -1.0 -1.0 -1.0 21796.4095385 19150.98810096 0.0 -1.0 -1.0 -1.0 -1.0 -1.0 7736.46255175 186889.90800959998 -1.0 -1.0 -1.0 -1.0 -1.0 -1.0 -1.0 -1.0 -1.0
-1.0 -1.0 -1.0 -1.0 -1.0 -1.0 -1.0 -1.0 -1.0 -1.0 -1.0 -1.0 -1.0 -1.0 -1.0 -1.0 -1.0 -1.0 -1.0 -1.0 -1.0 -1.0 -1.0 -1.0 -1.0 -1.0 -1.0 -1.0 -1.0 -1.0 -1.0 -1.0 -1.0 -1.0 -1.0 -1.0 -1.0 -1.0 -1.0 -1.0 -1.0 -1.0 -1.0 -1.0 -1.0 -1.0 -1.0 -1.0 -1.0 -1.0 -1.0 -1.0 -1.0 -1.0 -1.0 -1.0 -1.0 80098.9579838 109112.889391 52105.32234133 -1.0 -1.0 47142.9636807 143398.2974726 79761.3153645 -1.0 -1.0 -1.0 -1.0 -1.0 -1.0 -1.0 -1.0 -1.0
-1.0 -1.0 -1.0 -1.0 -1.0 -1.0 -1.0 -1.0 -1.0 -1.0 -1.0 -1.0 -1.0 -1.0 -1.0 -1.0 -1.0 -1.0 -1.0 -1.0 -1.0 -1.0 -1.0 -1.0 -1.0 -1.0 -1.0 -1.0 -1.0 -1.0 -1.0 -1.0 -1.0 -1.0 -1.0 -1.0 -1.0 -1.0 -1.0 -1.0 -1.0 -1.0 -1.0 -1.0 -1.0 -1.0 -1.0 -1.0 -1.0 -1.0 -1.0 -1.0 -1.0 -1.0 -1.0 -1.0 -1.0 29655.4627927 78874.28994421 353972.84375410003 422900.43438600004 181505.54204169998 254293.2018 88189.2211423 417.5812392 -1.0 -1.0 -1.0 -1.0 -1.0 -1.0 -1.0 -1.0 -1.0
-1.0 -1.0 -1.0 -1.0 -1.0 -1.0 -1.0 -1.0 -1.0 -1.0 -1.0 -1.0 -1.0 -1.0 -1.0 -1.0 -1.0 -1.0 -1.0 -1.0 -1.0 -1.0 -1.0 -1.0 -1.0 -1.0 -1.0 -1.0 -1.0 -1.0 -1.0 -1.0 -1.0 -1.0 -1.0 -1.0 -1.0 -1.0 -1.0 -1.0 -1.0 -1.0 -1.0 -1.0 -1.0 -1.0 -1.0 -1.0 -1.0 -1.0 -1.0 -1.0 -1.0 -1.0 -1.0 -1.0 -1.0 6035.38820015 85127.2397744 68486.7057821 95059.8915044 375904.575275 525125.3109221 115218.8418574 108147.95093260001 -1.0 -1.0 -1.0 -1.0 -1.0 -1.0 -1.0 -1.0 -1.0
