critload/trunk/input/1999/nle_nat.asc
ncols 720
nrows 360
xllcorner -180
yllcorner -90
cellsize 0.5
[rows 180 to 215 of 360, columns 164 to 245 of 720]
-1 -1 -1 -1 -1 -1 -1 -1 -1 -1 -1 -1 0.0 0.0 0.0 -1 -1 -1 -1 -1 -1 -1 -1 -1 -1 -1 -1 -1 -1 -1 -1 -1 -1 -1 -1 1121475.93098 0.0847639747775 1219020.37154 695180.515639 931523.395657 1773241.70908 1384701.02141 1739270.83002 1736371.1966 1703342.61435 1703053.9772 0.0 1662901.91266 1655824.6027 1670833.59299 1660383.64663 1427631.80388 1648190.26284 1653096.03187 1640753.87456 1646349.86229 1636732.05206 1391440.91555 1391687.10712 1611300.47643 1588995.04962 1575020.15462 1558054.58454 1562464.50567 1466987.34036 1460328.73794 1372694.42916 1154494.08215 1231666.17358 1386709.23815 1373973.42429 1363296.4071 1442233.04623 1560060.97203 1486345.70026 1254903.64632 1226869.69812 1264614.64649 850055.285822 854182.963676 866704.008162 882950.744278
-1 -1 -1 -1 -1 -1 -1 -1 -1 -1 -1 -1 -1 0.0 0.0 0.0 14266.1780371 105203.196321 -1 -1 -1 -1 -1 -1 -1 -1 -1 -1 -1 -1 -1 -1 -1 -1 0.0 0.0 0.0 1234583.10341 717600.333026 1073541.48593 1779842.42304 1833450.16931 1502491.59844 1728933.67879 1706897.4489 1690381.97544 1662972.75935 1658378.14885 1647368.99155 1657228.74862 1644495.0826 1643359.05531 1641471.06155 1650049.21729 1638745.64426 1641525.4325 1634294.82252 1644341.9835 1395549.1094 1398557.80093 1610041.91513 1598258.77435 1589205.24036 1562314.6834 1552077.53214 1546410.09644 1348745.27946 1387480.55518 1394757.19364 761251.881482 732132.262429 1393800.95606 796608.900169 1454575.22941 1525189.11591 1518772.70636 1530837.17224 1525982.24188 1286411.2792 863199.334502 921466.378268 911586.743462
-1 -1 -1 -1 -1 -1 -1 -1 -1 -1 -1 -1 -1 0.0 -1 0.0 26146.3106472 -1 -1 -1 -1 -1 -1 -1 -1 -1 -1 -1 -1 -1 -1 -1 -1 -1 0.0902656412659 0.220123966682 0.0976634121594 0.0 657767.625535 1065144.13777 1366572.7989 1516367.55607 1459145.89545 1453642.99598 1658957.57185 1648470.07129 1627186.62451 1635013.56676 1626496.86691 1617976.89177 1623916.00584 1628147.10734 1627988.06406 1626074.84338 1616723.17779 1620729.14711 1618424.07557 1637938.09589 1385271.87442 1589260.23475 1606405.99564 1593688.23039 1570922.86966 1590064.90549 1537548.43221 1579185.26894 1584650.9668 1581231.31374 1587446.26573 880329.514036 1248118.37477 1155121.73413 1109024.22278 1535562.81072 1558575.33218 1584306.12744 1598943.30934 1569537.40936 1565814.96298 1554248.47744 1100164.5354 1091991.57653
-1 -1 -1 -1 -1 -1 -1 -1 -1 -1 -1 -1 -1 -1 -1 -1 -1 -1 -1 -1 -1 -1 -1 -1 -1 -1 -1 -1 -1 -1 -1 -1 -1 -1 539060.032184 0.200037830928 0.0 0.237276085837 835472.811329 1068682.52987 1365415.54549 1522099.52685 1462809.67984 1691119.56976 1661163.93831 1652494.94904 1581680.59059 1629989.6907 1630175.87481 1624455.6962 1627475.07195 1628554.92057 1623309.10653 1623845.33945 1615101.38035 1614204.9336 1614209.77184 1613753.90177 1612478.8441 1610456.80016 1559299.62404 1412706.4518 1407513.55269 1363755.02737 858389.268723 1269822.08005 1580004.07732 1578377.89816 1585492.56762 1582936.60785 1590303.41975 1571820.79339 1419066.59087 1332998.19615 1542509.47991 1559351.63499 1592871.48855 1587599.52094 1560224.31742 1113463.90206 1122089.39955 1110324.07234
-1 -1 -1 -1 -1 -1 -1 -1 -1 -1 -1 -1 -1 -1 -1 -1 -1 -1 -1 -1 -1 -1 -1 -1 -1 -1 -1 -1 -1 -1 -1 -1 -1 -1 0.0 1715020.3456 0.0 0.0 919383.173037 1018664.98234 1322010.01628 1726160.73554 1661846.94997 1654623.81975 1619758.40485 1621358.33471 1607787.91312 1560100.41952 1598013.46733 1576889.1481 1588847.42178 1592235.80414 1583341.54413 1548915.14146 1590821.74884 1601838.02515 1602239.27072 1603521.76498 1605566.33709 1605637.83378 1605907.39574 1598867.18176 1368372.30716 1365683.48602 1401257.17066 808052.119755 1584716.24244 1582739.48055 1586841.02673 1592045.278 1600296.11502 1592721.41189 1593740.24915 1238003.32074 1585880.51039 1624570.6065 1622605.08814 1611560.04455 1168713.7616 1154340.18601 1129093.27845 1167214.42532
-1 -1 -1 -1 -1 -1 -1 -1 -1 -1 -1 -1 -1 -1 -1 -1 -1 -1 -1 -1 -1 -1 -1 -1 -1 -1 -1 -1 -1 -1 -1 -1 -1 -1 -1 0.0 1084333.31279 848829.012094 908435.411947 1749916.95723 1685023.6404 1717113.97254 1658266.9433 1649254.24356 1622305.95443 1616187.71204 1598518.61439 1588259.64725 1572385.67479 1568212.5964 1579947.93453 1577354.9198 1573485.09407 1586103.34706 1589421.64971 1598169.35052 1600990.69442 1599138.89743 1601620.83077 1603030.22914 1555308.12684 780571.285087 1329467.25878 1371300.59561 788946.795537 679798.209046 818244.029252 1576137.79873 1579080.24249 1584807.56817 1594064.97374 1587593.52673 1590911.90944 1528943.24556 676046.109483 0.0 1621021.8952 1614955.79198 1169871.60421 948454.202188 522169.773411 522345.966476
-1 -1 -1 -1 -1 -1 -1 -1 -1 -1 -1 -1 -1 -1 -1 -1 -1 -1 -1 -1 -1 -1 -1 -1 -1 -1 -1 -1 -1 -1 -1 -1 -1 -1 -1 0.0 0.0 956508.188404 963104.074435 1694028.79895 1639006.88997 1657367.75037 1610527.31512 1614825.12173 1592619.22611 1572311.89369 1577776.6498 1544476.71166 1562046.45612 1549689.93347 1458197.24608 1385316.72012 1215960.81738 1575628.82797 1581117.69726 1591177.62003 1595907.21543 1595677.16979 1511512.20186 1377911.14291 1333870.92326 1597283.79184 1602809.74374 1601668.78635 1599207.22989 1593343.2642 1139164.87641 1394058.97877 1593594.36915 1542554.08108 1290021.41424 1597013.91402 1614699.37783 1478331.9536 0.0 1180675.62243 0.0 762421.574688 530068.082835 0.137905381319 604775.04401 988629.237308
-1 -1 -1 -1 -1 -1 -1 -1 -1 -1 -1 -1 -1 -1 -1 -1 -1 -1 -1 -1 -1 -1 -1 -1 -1 -1 -1 -1 -1 -1 -1 -1 -1 -1 0.0 0.0 1833558.99671 950624.836347 1691454.06661 1693943.40885 1661342.17768 1637099.64419 1604097.83893 1606856.6069 1585708.81893 1571580.75554 1559016.43716 1568365.37694 1538684.02166 1355184.73065 1477276.45046 1542248.45342 1461758.97071 1178447.80281 1581732.21238 1453942.82763 1592076.08462 1370075.17239 1596533.71433 1595797.21405 1601695.66921 1597790.32104 1602446.66036 1598441.72211 1601779.58481 1593358.93012 1506626.36894 1277261.91515 1325164.31593 1270425.2536 1124532.75408 697067.684232 715123.55456 742198.158237 1541160.18443 1299874.61466 864392.235348 779232.009849 1043173.24943 1011511.42185 1197060.49221 1642620.26997
-1 -1 -1 -1 -1 -1 -1 -1 -1 -1 -1 -1 -1 -1 -1 -1 -1 -1 -1 -1 -1 -1 -1 -1 -1 -1 -1 -1 -1 -1 -1 -1 -1 20830.2102217 0.0 283186.595363 1177181.7857 919010.36199 1662717.52507 1666059.41433 1647499.81906 1618351.36153 1586656.94541 1583035.82501 1575465.27998 1389426.46133 1298821.46194 1487418.60469 1532779.93784 1398581.52353 1479739.00531 1543317.45195 1562429.42342 1573239.53416 1583629.82681 852246.044115 1549085.45706 1548490.09207 1597933.98797 1599818.7591 1605297.36192 1604136.18329 1609003.74716 1600755.55741 1608787.76243 1603248.03591 1608812.73195 1599970.57752 1559119.8863 1191490.29355 1605386.52847 1373916.61576 1439784.61141 1630027.39057 1646501.75239 867480.519907 871838.156259 811900.915408 1665998.37372 1652624.99624 1671670.59533 1671251.46533
-1 -1 -1 -1 -1 -1 -1 -1 -1 -1 -1 -1 -1 -1 -1 -1 -1 -1 -1 -1 -1 -1 -1 -1 -1 -1 -1 -1 -1 -1 -1 -1 -1 0.0 0.0 58759.4508982 1795106.28972 1742330.65887 1186212.62767 1668607.07653 1652646.69386 1626104.24945 1590892.23293 1388409.23271 1386283.79419 1348418.93989 1289966.29679 1137041.21331 1375927.81959 1497143.8707 1520496.83986 1533380.84434 1557881.14317 1566824.81958 1580272.82623 1585012.30985 1593633.97919 1587062.88037 1594453.88734 1594035.06499 1600636.05234 1600491.70079 1610342.38861 1604930.66147 1605569.8147 1601062.72126 1606808.16093 1598110.30735 1606875.89462 1584958.90518 1609792.86861 1607894.16576 1578263.87903 1624360.5511 878008.480045 1651801.60919 1669284.49649 1659749.57312 1675782.92133 1669003.24177 1667814.51818 1633509.74765
-1 -1 -1 -1 -1 -1 -1 -1 -1 -1 -1 -1 -1 -1 -1 -1 -1 -1 -1 -1 -1 -1 -1 -1 -1 -1 -1 -1 -1 -1 -1 -1 -1 0.0 0.0 0.0 0.0 1092735.11965 1109655.3314 1636991.64379 1616897.61007 1588188.40833 1549486.65743 1336803.59343 1295796.45687 1330094.16469 1363782.94351 1432391.2695 1511341.74494 1543528.49474 1466281.44132 1524849.59692 1554356.87137 1568400.45264 1581502.64864 1585597.22323 1593669.69403 1593261.03026 1597572.58267 1598367.9535 1605616.17525 1609484.03458 1618503.39034 1612033.14668 1615595.16478 1611793.81927 1619999.33687 1590439.97938 1615949.47913 1595262.92936 1623617.20854 1602641.72241 1593022.28567 1638612.12829 886161.312614 1658842.22197 1671238.01804 1658587.34961 1198098.33409 1674135.15905 1684520.65723 1647089.17958
-1 -1 -1 -1 -1 -1 -1 -1 -1 -1 -1 -1 -1 -1 -1 -1 -1 -1 -1 -1 -1 -1 -1 -1 -1 -1 -1 -1 -1 -1 -1 -1 -1 0.0 0.0 0.0 0.0 1066791.84839 0.0 1774998.20989 1149359.81876 1188783.2032 1492568.72343 1522578.52459 1522629.9024 1545058.30746 1559898.87521 1523436.90599 1533510.22138 1541682.36465 1500895.21499 1522606.23697 1545571.81591 1562461.25485 1574259.30715 1579064.15602 1589834.71363 1585835.43579 1594417.17824 1593430.16355 1601071.14214 1602602.36564 1611145.55244 1607178.68441 1607710.2823 1608010.0248 1611948.34622 866836.533672 1618580.53053 1611867.58326 1620811.01637 1620181.69719 1586779.40363 1638667.24167 1658225.25751 1659619.4435 1216277.70135 1192741.75081 1208710.3146 1476355.23843 1205171.38862 1225614.01142
-1 -1 -1 -1 -1 -1 -1 -1 -1 -1 -1 -1 -1 -1 -1 -1 -1 -1 -1 -1 -1 -1 -1 -1 -1 -1 -1 -1 -1 -1 -1 -1 -1 0.0 0.0 0.0 0.0 1112430.09697 1072672.44171 889511.651642 882639.677412 1068224.74373 1413399.02986 1468655.36143 1502582.35435 1344937.62278 1564267.00744 1574341.33272 1540803.89772 1557800.44979 1533004.97037 1525340.05024 1552273.47891 1564746.85231 1577399.35847 1579232.41572 1592070.81673 1593014.40662 1599512.69754 1601045.41929 1609577.93924 1612680.90095 1618435.26522 1615938.64966 1621291.2144 1621606.65769 1630091.14766 1622537.91823 1635805.52473 1627244.44599 1635324.45203 1636173.45272 1650351.27463 1653769.76733 1215736.33028 1218245.40046 1213971.69703 1484463.2623 1496812.35665 1497470.64478 1053526.62239 1052740.93875
-1 -1 -1 -1 -1 -1 -1 -1 -1 -1 -1 -1 -1 -1 -1 -1 -1 -1 -1 -1 -1 -1 -1 -1 -1 -1 -1 -1 -1 -1 -1 -1 -1 -1 -1 0.0 0.0 0.0 0.0 0.30313138385 900447.751319 1116677.57162 882018.477943 895328.244436 1465297.73534 1465367.46371 1462722.16383 1560855.20987 1557633.03264 1562811.56202 1546429.07378 1512745.41791 1545537.40324 1561044.17558 1571222.80132 1574265.65425 1585355.62656 1590201.74832 1588216.76673 1596296.70714 1606468.98393 1606636.63071 1611133.38629 1610326.88486 1619236.8102 1619045.82977 1626219.14663 1619913.48846 1635362.77956 1622143.53638 1631016.4511 1628896.85062 1642746.50676 1194256.75335 1186154.99701 1190175.93743 1221089.11149 1483406.53114 1495710.89055 1052691.19034 1041606.33132 1057993.61258
-1 -1 -1 -1 -1 -1 -1 -1 -1 -1 -1 -1 -1 -1 -1 -1 -1 -1 -1 -1 -1 -1 -1 -1 -1 -1 -1 -1 -1 -1 -1 -1 -1 -1 -1 -1 0.0 0.0 1126175.58474 0.0426653792679 896988.99168 1144999.15311 0.0 1518617.55391 1554297.95137 1586912.69335 1572573.7045 1587061.0454 1578559.87023 1560448.50923 1560589.49849 1535299.70269 1559655.67647 1564740.43818 1578279.13935 1581032.63518 1600942.1987 1603699.83596 1611708.99756 1611562.67178 1618640.91556 1622509.30378 1629049.77327 1628880.04419 1634152.94001 1633261.77168 1635290.23393 1634061.21925 1651359.3189 1634914.30983 1649001.4297 1651562.07907 1218566.70016 1225864.47007 1225000.681 1217913.74885 1233981.52985 1513553.81533 1526507.93369 1032155.84895 1070147.60537 1069859.69979
-1 -1 -1 -1 -1 -1 -1 -1 -1 -1 -1 -1 -1 -1 -1 -1 -1 -1 -1 -1 -1 -1 -1 -1 -1 -1 -1 -1 -1 -1 -1 -1 -1 -1 -1 -1 -1 0.0 1105302.96043 873579.629214 896569.778138 1146568.01754 1595065.19555 1634716.48223 1612044.32942 1621690.15951 1483557.01908 1566356.14509 1587723.92197 1560607.64393 1554965.29035 1545492.82772 1547022.96896 1562169.64074 1575822.69327 1581441.50043 1595520.94364 1592830.72114 1603775.96787 1603581.4787 1611829.47971 1612396.10584 1620834.33516 1619895.9845 1623779.80848 1620872.46901 1626835.70709 1623086.47195 1441527.1539 1423845.1206 1041630.72828 1198738.41837 1191612.15529 1224464.92652 1221356.55471 1225921.82492 1508951.62477 1511434.67436 1518285.46924 1057468.09517 1070325.02563 1328155.80366
-1 -1 -1 -1 -1 -1 -1 -1 -1 -1 -1 -1 -1 -1 -1 -1 -1 -1 -1 -1 -1 -1 -1 -1 -1 -1 -1 -1 -1 -1 -1 -1 -1 -1 -1 -1 -1 0.0 396949.532702 840869.90175 875461.022973 874483.794846 1145305.06215 1660266.05276 1645651.11776 1646675.22845 1597180.17481 1578641.40589 1572329.03451 1588090.89908 1564078.4102 1365567.6393 1553171.88194 1560973.10607 1584037.06964 1589116.42341 1616399.31708 1612539.10854 1624194.47162 1622825.91995 1634532.77355 1639001.92442 1640052.79301 1195709.66086 1180081.45198 1176268.62436 1185189.62806 1178193.87818 1206712.34769 1159871.00893 1217817.28425 1199573.04322 1252712.65556 1255177.99061 1256995.94897 1077210.96402 1085720.35262 1539392.29905 1548148.99682 1256026.53405 1539163.54715 1084600.25995
-1 -1 -1 -1 -1 -1 -1 -1 -1 -1 -1 -1 -1 -1 -1 -1 -1 -1 -1 -1 -1 -1 -1 -1 -1 -1 -1 -1 -1 -1 -1 -1 -1 -1 -1 -1 -1 -1 0.0 1072113.37737 872670.514138 872535.534867 890773.487205 0.0510733896553 1664955.36943 1661206.68803 1429709.11162 1603275.76726 1578149.51958 1578982.68773 1569457.57744 1362871.32467 1359921.627 1556211.84282 1580191.81659 1583765.74464 1602023.33844 1139515.85733 1156433.60892 1152635.68223 1165208.18481 1165537.64955 1154542.08592 1159337.07404 1186319.31986 1018756.5479 1022912.55594 1156809.58857 1168069.65539 1220713.17234 1210408.79922 1203147.69519 1088306.52196 1228905.72014 1242731.53288 1071313.69159 1083819.12629 1069128.79159 1543147.21059 1069581.17593 1079090.02182 1092177.02795
-1 -1 -1 -1 -1 -1 -1 -1 -1 -1 -1 -1 -1 -1 -1 -1 -1 -1 -1 -1 -1 -1 -1 -1 -1 -1 -1 -1 -1 -1 -1 -1 -1 -1 -1 -1 -1 -1 0.0 379446.483119 849221.239653 849761.64688 876990.112632 1127362.75479 1653436.75388 1677113.33202 1633839.09264 1617847.26962 1597301.2277 1402979.2669 1391689.62442 1587081.77578 1362413.8429 1358958.77996 1579446.93678 1575496.91043 1628747.16886 1160478.2561 1182185.27954 0.0 1189580.09729 1198977.89475 1197246.11827 1152206.42999 1143562.57152 1108897.51747 1094001.98492 1155012.95097 1166696.78864 1160265.27697 1012304.91492 1040524.48309 1267112.19779 1068959.01269 1081424.7695 1090329.45855 1094409.75054 1094946.55677 1086217.85693 1566487.28325 1568307.8581 1094876.21189
-1 -1 -1 -1 -1 -1 -1 -1 -1 -1 -1 -1 -1 -1 -1 -1 -1 -1 -1 -1 -1 -1 -1 -1 -1 -1 -1 -1 -1 -1 -1 -1 -1 -1 -1 -1 -1 -1 -1 232109.989113 1101009.7835 852393.27707 0.0 870658.369798 0.0 1670431.75339 1657639.74501 1636371.06797 1601688.96039 1409327.87293 1399535.99614 1590163.166 1572987.35192 1363888.40741 1572079.92403 1560067.58301 1596702.18697 1153797.82411 1170041.33802 1164960.45639 1179094.99646 1184061.63188 1173944.25076 1162223.19126 1073590.46829 357276.161816 0.120896191149 1079158.78341 1122413.76768 1130685.80322 989978.235531 1208949.76336 1245021.65542 1050998.58924 1054344.81603 1079783.87325 1084512.8357 1090848.92492 1082052.66052 1098426.55891 1108293.24062 1110984.85469
-1 -1 -1 -1 -1 -1 -1 -1 -1 -1 -1 -1 -1 -1 -1 -1 -1 -1 -1 -1 -1 -1 -1 -1 -1 -1 -1 -1 -1 -1 -1 -1 -1 -1 -1 -1 -1 -1 -1 0.0 420131.75259 829907.004339 531225.022889 0.0 870404.286163 1631837.81663 1640251.58007 1628648.70128 1615212.62948 1417660.13438 1406541.28967 1395628.02059 1379125.12457 1552162.95631 1565489.13314 1373283.25258 1577149.47668 1135512.48902 1156090.78188 1153576.64651 1168271.79997 1156489.17623 1171858.97605 1166741.01017 1095763.31818 1041957.96084 854903.862212 875178.703991 916199.429387 920902.13471 976970.076622 1000503.38335 1018911.66927 1032382.17397 1060774.10198 1069211.68228 1560922.43561 1073477.20129 1564302.8852 1097923.72531 1109581.46361 1110218.37535
-1 -1 -1 -1 -1 -1 -1 -1 -1 -1 -1 -1 -1 -1 -1 -1 -1 -1 -1 -1 -1 -1 -1 -1 -1 -1 -1 -1 -1 -1 -1 -1 -1 -1 -1 -1 -1 -1 -1 -1 0.0 1077335.06227 530490.87572 0.0 871081.585249 1611280.4834 1619106.12909 1618880.22642 1624233.66207 1602827.0337 1407017.63999 1585158.13926 1582108.48794 1555047.5895 1377738.90447 1341456.46284 1324183.35947 1097655.48981 1115537.5481 1129422.53069 1170266.26994 1152692.60943 1148280.70606 1116577.30138 1096153.60769 1460654.22763 2023471.33168 2068873.32074 2129587.83018 883586.846649 922190.269812 948109.066309 972539.75132 993180.264836 1024522.44297 1257242.26993 1550154.91284 1559927.40734 1060452.78623 1083167.65993 1094979.1873 1107726.24809
-1 -1 -1 -1 -1 -1 -1 -1 -1 -1 -1 -1 -1 -1 -1 -1 -1 -1 -1 -1 -1 -1 -1 -1 -1 -1 -1 -1 -1 -1 -1 -1 -1 -1 -1 -1 -1 -1 -1 -1 0.0 376174.465875 826007.346669 0.0 0.0 848034.471028 1528474.88184 1591618.63847 1608281.50283 1615263.92424 1606763.48778 1594781.6982 1597020.03819 1602668.95298 1620900.96889 1378370.52528 1473280.72664 962600.313887 1006913.18951 1065750.76184 1143148.41379 1129702.64488 1112930.76415 1092089.526 1075798.70174 829102.862062 977198.92701 1413616.92274 1165487.12398 2133778.11252 1065406.73476 1082830.54521 1162859.74382 957850.492352 983450.371604 1238534.03878 1550684.22478 1565458.00247 1074224.20248 1081975.91213 1121268.63549 1109508.7204
-1 -1 -1 -1 -1 -1 -1 -1 -1 -1 -1 -1 -1 -1 -1 -1 -1 -1 -1 -1 -1 -1 -1 -1 -1 -1 -1 -1 -1 -1 -1 -1 -1 -1 -1 -1 -1 -1 -1 -1 -1 0.010173974988 1075097.53186 497294.690824 522329.0086 0.0 860396.13713 1540049.26478 0.0 1602899.16632 1613097.51911 1611566.76873 1628846.22474 1614303.04842 1636036.99314 1621061.93327 1557659.44554 982988.838187 977257.215423 1037942.32849 1122247.15505 1107725.62429 1061903.12561 1062134.51018 1043548.17794 845923.291225 860949.667098 757875.658921 1214715.59769 840276.079186 1088493.25255 1152786.89533 937440.917179 1168544.05648 1526663.05295 1546737.87639 1541559.75278 2274703.36984 1097439.72814 1113814.99368 1140060.62093 1129244.50313
-1 -1 -1 -1 -1 -1 -1 -1 -1 -1 -1 -1 -1 -1 -1 -1 -1 -1 -1 -1 -1 -1 -1 -1 -1 -1 -1 -1 -1 -1 -1 -1 -1 -1 -1 -1 -1 -1 -1 -1 -1 0.0 323861.843688 1050324.97636 497514.81211 0.0 842901.04553 1091479.09911 1565609.14049 1119711.27109 1602033.31412 1605338.33201 1647893.03495 1657217.53282 1265954.42504 1672451.89065 1650363.45258 1494606.29281 1048001.28185 1060313.28694 1119892.38876 1118279.72961 1000672.52881 846971.045258 954298.701594 940932.542647 943901.863502 113253.727105 0.0 591234.618191 771240.315498 953152.114342 956307.206568 1035484.45952 2215951.36198 2249434.29842 2269112.09369 1564315.16705 1587893.42453 1617149.36204 1123807.88388 1633503.96603
-1 -1 -1 -1 -1 -1 -1 -1 -1 -1 -1 -1 -1 -1 -1 -1 -1 -1 -1 -1 -1 -1 -1 -1 -1 -1 -1 -1 -1 -1 -1 -1 -1 -1 -1 -1 -1 -1 -1 -1 -1 -1 0.0 412895.917071 383276.664366 0.0 0.0 0.0 1718630.61599 1717734.21014 1739152.56355 887786.719894 911655.621649 1643235.97276 1274738.93427 1689789.37708 1692498.47651 1585030.38032 1552016.77511 1162405.77934 1181399.31183 1151538.05741 997017.728571 0.0 0.0459031373134 979146.893232 826460.471324 1579030.21461 0.0 214838.603333 854089.736039 916350.621698 914485.699387 1052666.6685 1205060.51646 1492111.86298 2242166.85614 1585173.94524 1597689.21726 1608297.39302 1631440.89281 1605160.40547
-1 -1 -1 -1 -1 -1 -1 -1 -1 -1 -1 -1 -1 -1 -1 -1 -1 -1 -1 -1 -1 -1 -1 -1 -1 -1 -1 -1 -1 -1 -1 -1 -1 -1 -1 -1 -1 -1 -1 -1 -1 -1 -1 0.0 1024320.64332 471240.775285 0.0 0.0 0.0 1096038.90429 1125216.48898 876916.383314 0.0 0.0431413381673 1648493.69335 1656914.70771 1687597.53267 1654255.97802 1617109.97538 1581773.75579 1599202.3069 975126.038387 0.0267506687441 0.0 934098.850098 0.0 0.0 1187312.50214 1095793.98151 1191919.27193 0.0 902593.948173 1032740.32307 935595.463417 939204.545316 1150759.97434 2220105.91094 1570558.47896 1631886.74412 1632728.15074 1644913.637 1619447.79397
-1 -1 -1 -1 -1 -1 -1 -1 -1 -1 -1 -1 -1 -1 -1 -1 -1 -1 -1 -1 -1 -1 -1 -1 -1 -1 -1 -1 -1 -1 -1 -1 -1 -1 -1 -1 -1 -1 -1 -1 -1 -1 -1 0.0 409758.019483 1030480.40896 0.0 0.0469989392212 0.0 0.0 0.051498804232 0.0 0.312927667112 578230.464742 926347.075523 928390.789412 1664852.62164 1668340.18638 1545441.1481 1558533.22642 1561164.82211 993636.225901 920067.092233 0.0 0.0 0.0 0.0 781058.644291 656715.014277 451516.719932 0.0 0.0 0.0 142830.310409 1102977.23948 891503.26849 1485373.61683 1580553.18056 1612309.16382 1616670.84443 1648938.80532 1639480.57003
-1 -1 -1 -1 -1 -1 -1 -1 -1 -1 -1 -1 -1 -1 -1 -1 -1 -1 -1 -1 -1 -1 -1 -1 -1 -1 -1 -1 -1 -1 -1 -1 -1 -1 -1 -1 -1 -1 -1 -1 -1 -1 -1 0.0 0.0 357796.072092 1018303.50327 0.0 0.0 0.0 0.0 0.0 0.0 0.0 0.0 0.0 893862.911452 927530.56432 1657609.22084 1432926.38449 1546527.37453 1376260.02791 992346.526505 972185.99829 963153.386272 0.0 0.0 0.0 0.0 0.0 0.0 0.0 0.0 0.0 571650.076234 1126615.84659 966832.579716 1553476.70021 0.0 1595870.5125 1639279.94542 1654409.21765
-1 -1 -1 -1 -1 -1 -1 -1 -1 -1 -1 -1 -1 -1 -1 -1 -1 -1 -1 -1 -1 -1 -1 -1 -1 -1 -1 -1 -1 -1 -1 -1 -1 -1 -1 -1 -1 -1 -1 -1 -1 -1 -1 -1 0.0 227247.24028 399681.149914 268983.016766 377900.118481 416095.048432 526873.684004 527467.449903 0.0531922546673 0.0 0.0 0.0 445507.528431 598522.684278 1195832.16093 1201974.75709 1692930.15957 1490420.59244 955332.149428 819722.696488 756504.104429 964228.541003 0.0 208147.457815 0.0 0.0 0.0 0.0 0.0 0.0 0.0 670041.888021 1351221.84844 1431075.7457 0.0 1530873.07296 2282604.36901 1620735.42844
-1 -1 -1 -1 -1 -1 -1 -1 -1 -1 -1 -1 -1 -1 -1 -1 -1 -1 -1 -1 -1 -1 -1 -1 -1 -1 -1 -1 -1 -1 -1 -1 -1 -1 -1 -1 -1 -1 -1 -1 -1 -1 -1 -1 -1 0.0 0.0 381250.006623 389580.011342 293703.522289 425019.778043 435973.198122 0.0 0.0 0.0 0.281191102057 0.0 902982.504999 923456.376657 1173123.55834 1203526.61868 1196200.30912 1019674.71935 1407827.26266 1209965.44 1054921.69476 923825.896244 0.0 0.0 0.0 0.0 0.0 0.0 0.0 668282.395826 411882.973446 804205.452716 0.0315823167695 1033665.77973 955206.296746 1493538.55171 0.0
-1 -1 -1 -1 -1 -1 -1 -1 -1 -1 -1 -1 -1 -1 -1 -1 -1 -1 -1 -1 -1 -1 -1 -1 -1 -1 -1 -1 -1 -1 -1 -1 -1 -1 -1 -1 -1 -1 -1 -1 -1 -1 -1 -1 -1 -1 0.0 0.0 0.0 190796.797263 438228.171319 813290.47096 446159.389717 452558.006889 0.0 0.0 0.0 0.0 850220.19095 921724.622877 1179081.53725 1175247.2724 1192631.44499 1358031.7474 1366997.02699 1137203.64679 1400636.98354 1015427.73022 0.0 0.0 0.0 0.0 0.0 0.0 513235.604132 0.0 719763.135623 0.0 0.0 0.0 1048789.66902 1367733.75529
-1 -1 -1 -1 -1 -1 -1 -1 -1 -1 -1 -1 -1 -1 -1 -1 -1 -1 -1 -1 -1 -1 -1 -1 -1 -1 -1 -1 -1 -1 -1 -1 -1 -1 -1 -1 -1 -1 -1 -1 -1 -1 -1 -1 -1 -1 -1 -1 0.0 0.0 0.0 0.0 267480.400315 301062.672021 402045.288468 0.0 0.0 0.0 0.0 0.0 916283.366867 1153800.76997 1192268.34442 1361057.21439 1420655.85033 1398962.45353 1359288.81124 874331.134965 222348.980817 0.0 0.0 0.0 0.0 0.0 884444.807243 0.0 0.0 0.0230578029974 0.0226514139337 696120.882942 832282.361441 870452.713918
-1 -1 -1 -1 -1 -1 -1 -1 -1 -1 -1 -1 -1 -1 -1 -1 -1 -1 -1 -1 -1 -1 -1 -1 -1 -1 -1 -1 -1 -1 -1 -1 -1 -1 -1 -1 -1 -1 -1 -1 -1 -1 -1 -1 -1 -1 -1 -1 -1 -1 0.0 0.0 0.0 331405.195727 641877.938476 478342.879024 0.0389367436465 0.0 0.0 0.0 0.0 911185.618417 0.0 1778000.6431 1522340.42154 1540043.83111 1455998.55892 1062325.46181 0.0 0.0 0.0 0.0 0.0 0.0 1071029.08698 1011821.14579 1110955.42625 0.0 586010.818111 760361.224725 797268.589969 827041.621501
-1 -1 -1 -1 -1 -1 -1 -1 -1 -1 -1 -1 -1 -1 -1 -1 -1 -1 -1 -1 -1 -1 -1 -1 -1 -1 -1 -1 -1 -1 -1 -1 -1 -1 -1 -1 -1 -1 -1 -1 -1 -1 -1 -1 -1 -1 -1 -1 -1 -1 -1 -1 0.0 0.0 0.0 748180.722701 0.0 0.0 0.0 0.0 0.0 0.0 0.0 0.0 1202563.54964 782690.620288 1372229.3629 1209499.90972 0.0 0.0 0.0 618952.901715 0.0 1083561.88379 1150357.06528 0.0 0.0 459397.383235 0.0 777523.826383 818846.740081 807011.713464
-1 -1 -1 -1 -1 -1 -1 -1 -1 -1 -1 -1 -1 -1 -1 -1 -1 -1 -1 -1 -1 -1 -1 -1 -1 -1 -1 -1 -1 -1 -1 -1 -1 -1 -1 -1 -1 -1 -1 -1 -1 -1 -1 -1 -1 -1 -1 -1 -1 -1 -1 -1 -1 0.0 0.0 0.0 0.0 0.0 0.0 0.0 0.0 796060.916308 0.0 0.0 0.0301689029789 0.0 1240829.88361 1809456.56999 1799517.08197 0.0 0.0 0.0 787349.132399 858873.208637 0.0 0.0 0.0 0.0 192266.645 0.0 718915.382332 785850.765153
