critload/trunk/input/1999/nle_ag.asc
ncols 720
nrows 360
xllcorner -180
yllcorner -90
cellsize 0.5
NODATA_value -1
[rows 66 to 98 of 360, columns 74 to 147 of 720]
-1.0 -1.0 -1.0 -1.0 -1.0 -1.0 -1.0 -1.0 -1.0 -1.0 -1.0 -1.0 -1.0 -1.0 -1.0 612.60436201 0.0 969.281775069 3695.16779719 3738.56679598 1837.55318217 0.0 0.0 0.0 0.0 0.0 0.0 0.0 0.0 0.0 0.0 0.0 0.0 0.0 0.0 0.0 0.0 0.0 0.0 0.0 0.0 0.0 0.0 52557.8447036 113884.983009 0.0 0.0 55836.3911436 29447.464752 0.0 86384.1326279 99456.7513122 0.0 0.0 0.0 0.0 0.0 0.0 0.0 0.0 0.0 0.0 0.0 0.0 0.0 0.0 14138.6603694 48776.7498819 10790.60117205 0.0 1581.558673761 0.0 0.0 25946.0261743
-1.0 -1.0 -1.0 -1.0 -1.0 -1.0 -1.0 -1.0 -1.0 -1.0 -1.0 -1.0 -1.0 -1.0 -1.0 -1.0 0.0 0.0 0.0 1474.32165994 561.513251188 3622.33566864 0.0 0.0 0.0 0.0 0.0 0.0 0.0 0.0 0.0 0.0 0.0 0.0 0.0 0.0 0.0 0.0 0.0 0.0 0.0 0.0 45597.458355509996 42821.515399134216 302854.838453535 352606.773383 330521.358128 219702.49581 320271.438344 360493.669401 351273.587749 355262.101216 93760.8808423 0.0 34384.5993818 0.0 0.0 0.0 0.0 0.0 0.0 0.0 0.0 0.0 0.0 0.0 19258.2785538 32734.5231851 1502.47140613 522.0360104558 18608.83532245 44022.7868651 0.0 0.0
-1.0 -1.0 -1.0 -1.0 -1.0 -1.0 -1.0 -1.0 -1.0 -1.0 -1.0 -1.0 -1.0 -1.0 -1.0 -1.0 -1.0 0.0 0.0 2304.56068127 1271.20314463 445.968343939 1393.4606801 9277.11860704 0.0 189.051981214 0.0 0.0 0.0 0.0 0.0 0.0 0.0 0.0 0.0 0.0 0.0 0.0 0.0 0.0 0.0 0.0 0.0 17291.25783042 74746.74282873906 331438.79870665056 184226.76311422 201655.483862 425717.636521 627597.14251 772618.724312 537786.1083116711 346551.59977081 341982.00781645504 63567.1511219 25192.458559979998 18272.0062973 0.0 7326.09023283 0.0 0.0 0.0 0.0 0.0 0.0 0.0 0.0 0.0 691.625988367 654.132163148 8449.92933892 0.0 0.0 2600.609139948
-1.0 -1.0 -1.0 -1.0 -1.0 -1.0 -1.0 -1.0 -1.0 -1.0 -1.0 -1.0 -1.0 -1.0 -1.0 -1.0 -1.0 -1.0 0.0 170.625584819 599.792095172 1979.64508212 0.0 3436.03124584 0.0 0.0 36399.64111241 17957.33026316 19184.69060797 0.0 0.0 0.0 0.0 0.0 0.0 0.0 0.0 0.0 0.0 19416.941433300002 0.0 0.0 0.0 0.0 0.0 0.0 329574.5766475263 486941.003626 475738.3975734581 447711.813951 203972.734804 448022.3854392313 495538.34527199 301729.62025347 86314.3955374 123670.654484 105401.638474 63273.0873281 123000.875707 48360.4748253 36741.8510913 87777.7088222 41272.8946483 16876.0405877 0.0 0.0 0.0 0.0 19775.0111395 0.0 8632.75919997 857.033909143 923.857228383 2545.38577863
-1.0 -1.0 -1.0 -1.0 -1.0 -1.0 -1.0 -1.0 -1.0 -1.0 -1.0 -1.0 -1.0 -1.0 -1.0 -1.0 -1.0 -1.0 -1.0 0.0 0.0 0.0 -1.0 0.0 0.0 35750.4484588 13468.653407689999 0.0 23610.51148095 0.0 0.0 20379.682311843102 0.0 1546.719952923 0.0 0.0 0.0 0.0 0.0 0.0 0.0 0.0 0.0 0.0 0.0 0.0 0.0 27194.7284803 61501.9534767 0.0 19327.3203382 327502.737465601 44892.1684141 20709.84128225 30594.4389704713 0.0 113791.457971 275789.41812377 384072.81757987 765492.71149 579322.8488161099 534909.369738 411724.7033454 83022.0087973 138052.180664 77980.2085905 4182.37931158 842.470859492 0.0 0.0 0.0 451.98886372 81.6612944826 0.0
-1.0 -1.0 -1.0 -1.0 -1.0 -1.0 -1.0 -1.0 -1.0 -1.0 -1.0 -1.0 -1.0 -1.0 -1.0 -1.0 -1.0 -1.0 -1.0 4548.78289889 52081.917107500005 0.0 0.0 -1.0 0.0 58392.444164299995 37735.52852118 0.0 37463.18788699 0.0 0.0 0.0 0.0 0.0 0.0 0.0 0.0 65025.721040540004 30267.683248287853 0.0 90311.2502379 41301.8075789 0.0 0.0 0.0 0.0 0.0 0.0 0.0 0.0 0.0 0.0 55846.6213629 17553.0085374 142163.435132 479825.31300846 901939.9941150108 975165.10488232 673569.797932 856764.1796064927 725359.0431868 813507.823463483 941899.11361449 1018887.194686481 958737.1526777401 913726.7502507 654965.1955344 583054.978497 410084.651716 382237.265971 43073.0026771 0.0 0.0 0.0
-1.0 -1.0 -1.0 -1.0 -1.0 -1.0 -1.0 -1.0 -1.0 -1.0 -1.0 -1.0 -1.0 -1.0 -1.0 -1.0 -1.0 -1.0 -1.0 39467.86539641 210649.3195097 141544.8141505 10266.55645425 -1.0 0.0 17673.42470488 73829.8025745 45983.344777139995 14483.326655589999 0.0 0.0 0.0 0.0 0.0 0.0 0.0 0.0 19215.16438201 18180.300668570002 0.0 169847.7834755 0.0 0.0 0.0 0.0 0.0 0.0 0.0 0.0 0.0 0.0 0.0 59504.212817499996 244662.92142676 375394.0288327 739334.0516522328 952499.170768324 983480.8565591717 991061.792569073 1025335.5393675009 934969.022438 966715.259877 837370.429718 1018730.28372 817940.821198 965299.53920459 781761.7463235001 838407.1939302101 501674.165342 97638.10397004 261781.905893 328645.117687 383593.70895338 125242.666551
-1.0 -1.0 -1.0 -1.0 -1.0 -1.0 -1.0 -1.0 -1.0 -1.0 -1.0 -1.0 -1.0 -1.0 -1.0 -1.0 -1.0 -1.0 -1.0 -1.0 10222.81488474 13262.85351077 13169.38678266 -1.0 -1.0 0.0 0.0 2250.1421646539998 54696.7371922 9671.27683036 0.0 0.0 0.0 0.0 0.0 0.0 0.0 0.0 0.0 0.0 40197.16509247 29311.022491256 0.0 0.0 0.0 0.0 0.0 0.0 0.0 0.0 47878.977685599995 0.0 0.0 0.0 25361.89354872 381727.64342967997 1127653.704000476 1183804.341411225 1072529.7245935 1006133.91542605 923028.239922 881454.763347 812730.311674 788469.703662 832583.026989 810410.8456146801 792654.381237 969100.479642 1067553.86358 822694.85797367 867503.0371205099 506903.33532428 968668.951021 860502.02353
-1.0 -1.0 -1.0 -1.0 -1.0 -1.0 -1.0 -1.0 -1.0 -1.0 -1.0 -1.0 -1.0 -1.0 -1.0 -1.0 -1.0 -1.0 -1.0 -1.0 -1.0 0.0 7508.3049814000005 0.0 -1.0 -1.0 -1.0 0.0 10920.33494471 15163.68188861 0.0 0.0 0.0 0.0 0.0 0.0 0.0 0.0 0.0 0.0 23820.98765937 48157.99261534 0.0 0.0 0.0 0.0 0.0 0.0 0.0 0.0 0.0 0.0 0.0 0.0 23053.771240939997 50984.9043302 590343.6973080699 1035389.7251816499 945799.565027 946469.66418952 748666.428854 879246.894878 769282.937288 1052759.60013 1119906.9646 626002.8721 761659.139198 625901.962117 1052470.15221 913541.51782839 373628.782301 372069.305127 798855.858206 816169.750292
-1.0 -1.0 -1.0 -1.0 -1.0 -1.0 -1.0 -1.0 -1.0 -1.0 -1.0 -1.0 -1.0 -1.0 -1.0 -1.0 -1.0 -1.0 -1.0 -1.0 -1.0 -1.0 0.0 0.0 -1.0 -1.0 -1.0 -1.0 0.0 2769.96417524 0.0 9393.0456019 0.0 0.0 0.0 23332.7898521 0.0 0.0 10399.6334958 0.0 0.0 19008.91653182 17870.6052738 0.0 0.0 0.0 0.0 0.0 0.0 0.0 0.0 0.0 0.0 0.0 0.0 95264.82787508999 1141673.98234864 926661.079915893 1010090.92348965 874969.746355 894951.686214 493115.291533 420643.588887 858716.648515 372013.97815 213667.988414 322451.339673 1049482.35643 360879.757352 1191367.62714538 1111756.51523 1317428.79907 1645883.5344321001 1480184.09443
-1.0 -1.0 -1.0 -1.0 -1.0 -1.0 -1.0 -1.0 -1.0 -1.0 -1.0 -1.0 -1.0 -1.0 -1.0 -1.0 -1.0 -1.0 -1.0 -1.0 -1.0 -1.0 -1.0 -1.0 -1.0 -1.0 -1.0 -1.0 -1.0 353.142946239 2089.26612526 19189.9800732 0.0 0.0 0.0 0.0 0.0 5726.0798075 0.0 0.0 0.0 77749.6708128 0.0 8640.52498987 0.0 0.0 0.0 0.0 0.0 0.0 0.0 0.0 0.0 0.0 0.0 0.0 557849.05480055 975519.991938 920293.76595805 898179.526407 1098359.27173 796978.084534 1661840.3017 1555579.1542 3022624.44609 3470531.67361 4133534.78418 556242.404191 823526.930949 963031.6946788001 1181630.34151 1353960.90944 1810269.68167 1620633.19176
-1.0 -1.0 -1.0 -1.0 -1.0 -1.0 -1.0 -1.0 -1.0 -1.0 -1.0 -1.0 -1.0 -1.0 -1.0 -1.0 -1.0 -1.0 -1.0 -1.0 -1.0 -1.0 -1.0 -1.0 -1.0 -1.0 -1.0 -1.0 -1.0 -1.0 0.0 6399.24283682 27277.5526326 26471.5264721 13295.5172273 0.0 0.0 0.0 7295.97722245 0.0 18843.2002203 10641.98939112 39460.51614744 0.0 0.0 0.0 0.0 4744.8135026 0.0 0.0 0.0 0.0 0.0 0.0 0.0 0.0 251519.35341106 705054.4880597701 1007807.87184017 1337487.06849 1166754.0171851 629991.841564 2470184.89832 2388558.15396 3463736.57595 3945654.46903 4765090.77926 751339.746395 1077746.2773542001 6129722.570056 978474.4629061 1086586.2485424 1270201.12097 1451429.1226
-1.0 -1.0 -1.0 -1.0 -1.0 -1.0 -1.0 -1.0 -1.0 -1.0 -1.0 -1.0 -1.0 -1.0 -1.0 -1.0 -1.0 -1.0 -1.0 -1.0 -1.0 -1.0 -1.0 -1.0 -1.0 -1.0 -1.0 -1.0 -1.0 0.0 0.0 15361.2919012 6624.25677783 18790.0620262 19332.38233026 18987.9489829 22727.9965714 5492.81852614 0.0 0.0 0.0 0.0 0.0 20525.77635441 16235.89608891 97495.3368163 24329.28566631 63584.57427151 11185.29307484 0.0 0.0 0.0 0.0 0.0 0.0 0.0 26904.911874458 572420.0090036 904676.095262 1341535.3248496898 1125418.1119 628868.422925 543315.58981 3182582.2754 2830761.50713 2215866.70607 4878954.74051 4429378.32643 816472.498075 889942.2684129999 838215.9251404 950858.1673132 937935.148939 1112483.2133970999
-1.0 -1.0 -1.0 -1.0 -1.0 -1.0 -1.0 -1.0 -1.0 -1.0 -1.0 -1.0 -1.0 -1.0 -1.0 -1.0 -1.0 -1.0 -1.0 -1.0 -1.0 -1.0 -1.0 -1.0 -1.0 -1.0 -1.0 -1.0 -1.0 -1.0 894.70865925 1004.17085058 2024.33060385 2977.91081693 0.0 21226.07471 26710.4731692 26604.2142018 5341.37578641 6076.79593666 0.0 0.0 0.0 10243.54976853 24295.11519978 82329.02189969999 0.0 149266.1237756 41834.7853165 0.0 0.0 0.0 0.0 0.0 0.0 0.0 0.0 202923.89315241002 558690.484062 1109970.92812 914027.227816 1374966.9709257 1058234.35484 3628685.9736 4268197.09396 3023494.79892 5607462.645618999 4067571.2096300004 680580.20093 836377.973673 1211451.3175374998 1005104.8288739 1109948.5563264 1185370.6817354
-1.0 -1.0 -1.0 -1.0 -1.0 -1.0 -1.0 -1.0 -1.0 -1.0 -1.0 -1.0 -1.0 -1.0 -1.0 -1.0 -1.0 -1.0 -1.0 -1.0 -1.0 -1.0 -1.0 -1.0 -1.0 -1.0 -1.0 -1.0 -1.0 -1.0 -1.0 0.0 6142.61035634 1536.41695409 28554.1518223 89422.8675647 81888.4081301 2485.83760985 4204.5159871 4467.17910642 10604.5829925 11813.0583487 10726.5064653 0.0 0.0 0.0 38519.906281899996 59281.423764 0.0 0.0 0.0 0.0 0.0 0.0 59329.3715552 0.0 0.0 117962.28470944 306661.437757642 1063628.84061 1361722.1126822 1276769.1044746998 1046675.79195 912185.902523 4727518.36984 4669062.9923 2534179.82257 3953955.384 753795.294828 970992.610648 962169.045548 1181303.63261 1353235.69990453 1331759.64974
-1.0 -1.0 -1.0 -1.0 -1.0 -1.0 -1.0 -1.0 -1.0 -1.0 -1.0 -1.0 -1.0 -1.0 -1.0 -1.0 -1.0 -1.0 -1.0 -1.0 -1.0 -1.0 -1.0 -1.0 -1.0 -1.0 -1.0 -1.0 -1.0 -1.0 -1.0 -1.0 -1.0 0.0 20240.4821748 10521.2039478 26780.73782081 84583.1087616 1175630.587753 38841.5987246 220559.8648808 349201.54756128 85333.29583255 6939.92099385 0.0 0.0 66670.5165165 33352.370361680005 17247.91323011 17706.252927899997 15954.132365599999 0.0 65284.36034080527 22151.243916281932 6716.363927484 13331.05658958 0.0 86902.7734517 480050.315157571 762097.239185 897310.747126 814326.765518 507171.686616 633094.693034 2446166.75798 2266713.95662 2172874.362499 4138788.270769 4737420.1017 632732.700952 414114.183787 647342.469594 856919.904492 961041.961042
-1.0 -1.0 -1.0 -1.0 -1.0 -1.0 -1.0 -1.0 -1.0 -1.0 -1.0 -1.0 -1.0 -1.0 -1.0 -1.0 -1.0 -1.0 -1.0 -1.0 -1.0 -1.0 -1.0 -1.0 -1.0 -1.0 -1.0 -1.0 -1.0 -1.0 -1.0 -1.0 -1.0 -1.0 -1.0 0.0 0.0 0.0 100119.90563684 119025.8070642 356763.71598950005 222626.93710508998 0.0 6343.153398 0.0 6281.898819572 27032.188361639997 82392.43222660001 10036.3291644 17352.85705056 26502.373642 0.0 3661.21939828 63368.05866974 2217.956263832 96908.3585312 8731.8225765 5231.93015889 34870.9750124 277171.5762292 2175663.33206 2756454.1283687996 3140023.1878540004 4076372.835126 4239155.63224 4009363.315225 3078358.888096 1179437.84428 1460991.89624 1344270.00785 946943.787223 767365.431599 924646.4589248 1884744.38586
-1.0 -1.0 -1.0 -1.0 -1.0 -1.0 -1.0 -1.0 -1.0 -1.0 -1.0 -1.0 -1.0 -1.0 -1.0 -1.0 -1.0 -1.0 -1.0 -1.0 -1.0 -1.0 -1.0 -1.0 -1.0 -1.0 -1.0 -1.0 -1.0 -1.0 -1.0 -1.0 -1.0 -1.0 -1.0 -1.0 0.0 62010.339889769995 0.0 123862.7001998 249168.5181444 411219.4066789 0.0 6679.11639691 6302.232116 50026.271465950005 830750.136671 274367.2102 3971.66068672 28798.5151946 100177.4710724 68596.82116359999 11953.49449435 25459.9024585 6395.14080524 19477.736483 38624.1443412 1637111.03608 7211.73230168 0.0 565848.3283259299 2862330.3241479998 4159720.5895589003 4840794.8690052 4779296.98522 4802522.11637 1821047.8378102 1205883.8395 1183458.4503756 948887.946457 913150.5900242 552095.307498 1406391.946906 2237531.49631
-1.0 -1.0 -1.0 -1.0 -1.0 -1.0 -1.0 -1.0 -1.0 -1.0 -1.0 -1.0 -1.0 -1.0 -1.0 -1.0 -1.0 -1.0 -1.0 -1.0 -1.0 -1.0 -1.0 -1.0 -1.0 -1.0 -1.0 -1.0 -1.0 -1.0 -1.0 -1.0 -1.0 -1.0 -1.0 -1.0 0.0 1680.94519188 0.0 0.0 22582.01037349 435875.1749733 87246.88403014 20038.5932134 16948.5280361 131620.6454773 1686607.0161 683451.676733 2754051.59858 1583971.563 2792139.416575 970247.4756872 456723.67179909 0.0 29415.62419518 8541.9593142 450998.846449 1453852.32522 3775.94910836 0.0 6527.95364616 2460151.495575 3680830.3307 5329283.1123199 3506962.072051 3484498.19609 1379960.10645 773946.609366 235722.903642 453521.934234 277195.8295299 155302.881007 91331.617214 284270.883503
-1.0 -1.0 -1.0 -1.0 -1.0 -1.0 -1.0 -1.0 -1.0 -1.0 -1.0 -1.0 -1.0 -1.0 -1.0 -1.0 -1.0 -1.0 -1.0 -1.0 -1.0 -1.0 -1.0 -1.0 -1.0 -1.0 -1.0 -1.0 -1.0 -1.0 -1.0 -1.0 -1.0 -1.0 -1.0 -1.0 -1.0 16460.7881648 7947.647367064 33060.95126638 78362.0186596 804859.1531968 15720.274168322228 27501.2826477 122371.7832419 132574.274921 634315.399399 561784.468725 2603514.85213 2878250.73314 2879608.234782 1419381.7009488 440643.1697197427 0.0 0.0 0.0 183964.16395699998 1447640.45128 19666.556882819998 78630.0348252 126775.34905209999 1003035.8682 1106374.34482 1648624.3773105 829686.345226 1921900.7362499 3003242.616531 1268121.1209581 918158.6056290001 649344.2063239999 342568.1375889 916375.837389 543186.711889 795831.688822
-1.0 -1.0 -1.0 -1.0 -1.0 -1.0 -1.0 -1.0 -1.0 -1.0 -1.0 -1.0 -1.0 -1.0 -1.0 -1.0 -1.0 -1.0 -1.0 -1.0 -1.0 -1.0 -1.0 -1.0 -1.0 -1.0 -1.0 -1.0 -1.0 -1.0 -1.0 -1.0 -1.0 -1.0 -1.0 -1.0 -1.0 42012.893370800004 57228.5368962 151123.2387195 481440.0824096 46295.5664656 12966.9516177 7126.17369904 432712.313664 183704.217081 186047.643231 258046.863005 1012115.83742584 542397.2759735 342050.131675 1060136.8314046 959512.1720742 69277.51734850495 0.0 0.0 0.0 671576.9476469 161169.634086 744712.167533 340980.425003 243396.99912 1581945.9609281002 566267.5342772 405345.9160537 666188.1774717 1941094.8377453 349368.5434197 615939.749266 835141.37967 402134.334896 245020.175532 64145.8836471 1732764.20702
-1.0 -1.0 -1.0 -1.0 -1.0 -1.0 -1.0 -1.0 -1.0 -1.0 -1.0 -1.0 -1.0 -1.0 -1.0 -1.0 -1.0 -1.0 -1.0 -1.0 -1.0 -1.0 -1.0 -1.0 -1.0 -1.0 -1.0 -1.0 -1.0 -1.0 -1.0 -1.0 -1.0 -1.0 -1.0 -1.0 -1.0 0.0 45151.343149099994 51629.5163833 160372.0791268 0.0 7329.04447877 27394.9188007 296705.870293 815020.828568 979705.84919 733725.957505 538676.77339 721729.8605751 132116.2998566 1273298.362889 675536.1217457 1562443.591026122 65708.6133919822 0.0 0.0 1316038.5862516 71203.6151564 64238.0682309 903478.5482631 100509.7716299 1223800.4713136002 1396498.6349502 1495993.0326248002 654566.9673650999 1883270.197103 1563321.61963 1672009.3519879999 550651.637386 923478.082087 1443100.27834 1186095.315547 978523.036866
-1.0 -1.0 -1.0 -1.0 -1.0 -1.0 -1.0 -1.0 -1.0 -1.0 -1.0 -1.0 -1.0 -1.0 -1.0 -1.0 -1.0 -1.0 -1.0 -1.0 -1.0 -1.0 -1.0 -1.0 -1.0 -1.0 -1.0 -1.0 -1.0 -1.0 -1.0 -1.0 -1.0 -1.0 -1.0 -1.0 -1.0 -1.0 0.0 466072.73942821 2589680.5082012 190852.11456082 26971.753864000002 190473.4074886 403224.5184076 865255.8017411 1293258.23392 1677360.92993 1580472.5620487 845930.5634322 331708.75100419996 270896.634642 102005.5686401 272585.0728571 0.0 0.0 0.0 19913.7287691 125805.447559 167035.19442842 161657.8479475 1049328.9449969 1866758.593788 2783375.4324736 918492.4990935 915072.9688209 1558368.540443 1579311.515865 2637908.3939309996 2216511.427759 2437769.081079 1296596.89261 894452.149212 1120858.01697
-1.0 -1.0 -1.0 -1.0 -1.0 -1.0 -1.0 -1.0 -1.0 -1.0 -1.0 -1.0 -1.0 -1.0 -1.0 -1.0 -1.0 -1.0 -1.0 -1.0 -1.0 -1.0 -1.0 -1.0 -1.0 -1.0 -1.0 -1.0 -1.0 -1.0 -1.0 -1.0 -1.0 -1.0 -1.0 -1.0 -1.0 -1.0 206462.70046257 2385426.3660889 4639209.69326062 1105213.158187873 5913.66010576 760548.5251187 641168.0948266 458729.51963 795874.3572096 90917.4338007 2474740.638151 327302.8877024 762807.288635 283483.4166901 85056.8518587 79709.2818075 10539.71808938 0.0 0.0 11877.642954142 92167.4927637 200925.240028 2144850.3211493 2619186.3493 829159.0482892 0.0 252651.90534290002 10239.2914315 314318.2402882 1444309.056857 1713699.37258 557651.269669 1343498.02218 888701.990534 684304.415626 864498.755099
-1.0 -1.0 -1.0 -1.0 -1.0 -1.0 -1.0 -1.0 -1.0 -1.0 -1.0 -1.0 -1.0 -1.0 -1.0 -1.0 -1.0 -1.0 -1.0 -1.0 -1.0 -1.0 -1.0 -1.0 -1.0 -1.0 -1.0 -1.0 -1.0 -1.0 -1.0 -1.0 -1.0 -1.0 -1.0 -1.0 -1.0 293497.99326398 9389.36222001 2413707.7954454003 2010865.98387667 0.0 10903.607084 833516.0470612999 116441.2850104 94165.5314719 107109.47922169999 211006.3229313 0.0 152115.48388738002 997670.1740886001 483082.4945481 323072.15686 370885.6967976 0.0 0.0 2620.40717475 12664.600837913002 45024.1342366 64046.433691700004 305188.4293485 217451.5801681 206227.4803084 39312.3735352 0.0 0.0 30251.1364408 771636.719129 3414928.96751 693363.137724 167297.0770434 691510.0895252 2459119.1318510002 1049561.75513
-1.0 -1.0 -1.0 -1.0 -1.0 -1.0 -1.0 -1.0 -1.0 -1.0 -1.0 -1.0 -1.0 -1.0 -1.0 -1.0 -1.0 -1.0 -1.0 -1.0 -1.0 -1.0 -1.0 -1.0 -1.0 -1.0 -1.0 -1.0 -1.0 -1.0 -1.0 -1.0 -1.0 -1.0 -1.0 -1.0 -1.0 7903.00113744 0.0 2808928.5808923 432983.0036775 0.0 24150.583013620002 5418981.19472 430916.5941947 145059.9948898 113237.992662 92826.3088959 180448.8953002 162943.1824049 275788.3122328 1027678.8728373201 943164.770742 196687.58215019997 13686.33810333 0.0 0.0 13644.8610363265 28663.937147639997 25906.08096916 72146.9082495 209317.66151079998 40134.998867 195557.274507 0.0 0.0 30639.75386931 198345.5618159 662521.068785 1138683.7152 1298772.70417 120977.5554957 1335987.1516 214175.459094
-1.0 -1.0 -1.0 -1.0 -1.0 -1.0 -1.0 -1.0 -1.0 -1.0 -1.0 -1.0 -1.0 -1.0 -1.0 -1.0 -1.0 -1.0 -1.0 -1.0 -1.0 -1.0 -1.0 -1.0 -1.0 -1.0 -1.0 -1.0 -1.0 -1.0 -1.0 -1.0 -1.0 -1.0 -1.0 -1.0 -1.0 12604.7567375 40209.6355645 490745.4182753 148439.64594370002 0.0 21554.29704995 19329.1760775 4237.12315388 140141.769508 120071.802872 255365.82519200002 452056.594109 63558.5318355 170904.163296 1855140.4343504999 4489375.1248965 922923.6905110001 187240.8554933 33561.36703398 14574.925418249999 43538.523042730005 58229.16362854 276236.7875197 441677.4774319 1470640.39181 2198870.5695999004 540026.9107523 53097.888652919995 11159.083642130001 31002.730917299996 71967.74730640001 377969.946063 1215937.76848 335571.393016 529201.723869 670297.408578 227122.617583
-1.0 -1.0 -1.0 -1.0 -1.0 -1.0 -1.0 -1.0 -1.0 -1.0 -1.0 -1.0 -1.0 -1.0 -1.0 -1.0 -1.0 -1.0 -1.0 -1.0 -1.0 -1.0 -1.0 -1.0 -1.0 -1.0 -1.0 -1.0 -1.0 -1.0 -1.0 -1.0 -1.0 -1.0 -1.0 -1.0 -1.0 93304.8996166 0.0 1056670.6381705 0.0 0.0 27274.6258935 107099.960028 253039.022097 325872.261753 10978.8319479 153454.714938 376975.570594 25694.7372301 38469.748417 99797.4781545 629196.662196 662817.458662 746330.997977 417630.932724 648130.555715 508235.234006 318471.9273561 146100.4627454 1244644.4574 1665700.528376 269377.506733 138043.68972959998 83283.0454873 100553.4717096 57261.5499436 116533.0660385 2009551.77292 2087601.71975 374102.06860400003 444696.722364 83285.9716508 35001.6501936
-1.0 -1.0 -1.0 -1.0 -1.0 -1.0 -1.0 -1.0 -1.0 -1.0 -1.0 -1.0 -1.0 -1.0 -1.0 -1.0 -1.0 -1.0 -1.0 -1.0 -1.0 -1.0 -1.0 -1.0 -1.0 -1.0 -1.0 -1.0 -1.0 -1.0 -1.0 -1.0 -1.0 -1.0 -1.0 -1.0 0.0 32727.42560394 0.0 0.0 138812.51158159002 8905.304712180001 173315.7608225 55531.0843082 38703.0911737 184400.506936 19911.8517796 100351.010864 205220.4891386 33512.0909286 199984.334709 168030.257254 61086.1694554 365298.236316 777174.690402 737828.4520480001 2879880.5148904 2341812.6453552 2425985.4424628997 579291.362375 778423.415589 465238.96978200006 243151.915066 60167.678319 385655.22140261997 511739.5273246 285324.2140843 51461.4901886 1251927.674257 210423.833764 23502.0297387 59306.0397102 705102.424935 952834.055926
-1.0 -1.0 -1.0 -1.0 -1.0 -1.0 -1.0 -1.0 -1.0 -1.0 -1.0 -1.0 -1.0 -1.0 -1.0 -1.0 -1.0 -1.0 -1.0 -1.0 -1.0 -1.0 -1.0 -1.0 -1.0 -1.0 -1.0 -1.0 -1.0 -1.0 -1.0 -1.0 -1.0 -1.0 -1.0 -1.0 -1.0 1117.539615421 0.0 82871.10279896 492440.880487 14289.09551188 536311.413202 797465.406213 305871.6818271 687053.5615557 283138.4630411 41524.86549874 129437.2056925 118066.6177771 42917.0424159 12130.5810268 3498.12537244 78418.8148515 13849.4814981 40892.2592752 348040.425578 803127.189219 939360.4254755001 446301.936928 438001.775115 670995.020914 523375.1332311 177389.66572629998 79339.4503687 232984.30248800002 172475.402678 688414.731378 197436.88983253 238052.831877 47752.7825516 355416.72706 199905.965426 108517.397378
-1.0 -1.0 -1.0 -1.0 -1.0 -1.0 -1.0 -1.0 -1.0 -1.0 -1.0 -1.0 -1.0 -1.0 -1.0 -1.0 -1.0 -1.0 -1.0 -1.0 -1.0 -1.0 -1.0 -1.0 -1.0 -1.0 -1.0 -1.0 -1.0 -1.0 -1.0 -1.0 -1.0 -1.0 -1.0 -1.0 -1.0 14776.9618412 0.0 0.0 44818.6360752 188748.6458299 156988.67170459998 159818.5915476 136581.7896668 78205.5588013 5775.02756819 14923.87641335 46448.845109639995 228098.98285989 100161.6458393 50718.2215636 0.0 251553.1102377 212682.44257120002 127806.4899099 16803.467303 88910.679741 348610.91262330004 117078.084578 758621.60625 3190525.26552 2460835.2632028004 489065.59361180005 13198.3337177 183994.533748 216662.4782447 195145.865957 11626.4539225 225936.009325 258769.2848362 236951.6590222 344936.465023 682601.8673751
-1.0 -1.0 -1.0 -1.0 -1.0 -1.0 -1.0 -1.0 -1.0 -1.0 -1.0 -1.0 -1.0 -1.0 -1.0 -1.0 -1.0 -1.0 -1.0 -1.0 -1.0 -1.0 -1.0 -1.0 -1.0 -1.0 -1.0 -1.0 -1.0 -1.0 -1.0 -1.0 -1.0 -1.0 -1.0 -1.0 -1.0 6834.40340052 0.0 0.0 2869.60975582 25424.1125078 18454.94084813 428093.4546505 294392.113608 135990.1462726 8579.8076929 7296.89765174 12899.3293196 29638.980289799998 255613.20833303 52336.36168874 63685.5866582 195473.87568704 90079.47585601 152495.84367476 27259.7611615 16127.201294269998 0.0 0.0 4583.56865135 1122737.88446 604602.6598042 324496.4772472 91863.4057753 1166794.3016310001 184165.55524130003 9352.70446773 202222.8706 215288.806845 105858.193166 119811.71223120001 572017.9098756 33854.6961449
-1.0 -1.0 -1.0 -1.0 -1.0 -1.0 -1.0 -1.0 -1.0 -1.0 -1.0 -1.0 -1.0 -1.0 -1.0 -1.0 -1.0 -1.0 -1.0 -1.0 -1.0 -1.0 -1.0 -1.0 -1.0 -1.0 -1.0 -1.0 -1.0 -1.0 -1.0 -1.0 -1.0 -1.0 -1.0 -1.0 -1.0 87740.2761594 0.0 0.0 0.0 132124.35852368 49265.13220497 107400.4185633 140638.7407152 96439.51852309999 256.56913459 7459.9399007 11498.5827234 25762.9339579 4965.00686182 30654.122594779998 84876.92314796 61041.6388665 150777.30040970002 307882.02218699997 26959.9227734 7796.04724409 0.0 23085.6163603 92130.708289 772439.987345 320710.7427146 206230.5274345 14230.54184599 37600.5534228 140113.7040319 0.0 4994.95610729 124616.671199 873208.667141 373159.13523490005 135291.3436191 220712.6956024
