critload/trunk/input/1999/nle_ag.asc
ncols 720
nrows 360
xllcorner -180
yllcorner -90
cellsize 0.5
NODATA_value -1
[rows 99 to 131 of 360, columns 370 to 443 of 720]
-1.0 -1.0 -1.0 -1.0 -1.0 -1.0 40196.16539221 694697.252182 614275.141903 100900.830138 -1.0 -1.0 -1.0 -1.0 -1.0 -1.0 -1.0 -1.0 -1.0 0.0 224884.2642015 777058.7206039999 1176636.1475220001 426998.099073 233649.87934500002 600048.012233 1139683.198385 0.0 47950.3946889 422987.192389 530684.198059 336623.35672020004 933543.55337 755492.915695 745965.900413 570636.1052347 551548.7321510001 422302.93741 65256.63846701 -1.0 -1.0 196716.936315 844496.5171160001 1618199.312819 3083013.65522 2033494.7961091 3808947.6450279998 1413129.8113030002 1619223.394043 2719723.2332949997 1382510.0104029998 1163205.350273 1246656.351425 767419.023817 1762503.611203 2509496.87904 1347189.384412 3499431.1007910003 4048482.364453 2986798.642664 1038313.753063 1463260.676596 1304975.4336122999 614254.8247430001 487992.51033220004 604563.981087 626951.38952 357407.496013 652461.545821 1026780.625302 1184326.256665 624460.0693 1538875.943364 799002.352477
-1.0 -1.0 -1.0 -1.0 -1.0 -1.0 61146.9862418 349307.658392 492942.324324 113580.703721 -1.0 -1.0 -1.0 -1.0 -1.0 -1.0 -1.0 -1.0 -1.0 -1.0 -1.0 163818.83166368 533865.449396 355591.467403 -1.0 -1.0 398737.75760300003 -1.0 -1.0 121091.53603270001 351799.155443 443407.91575099993 496007.584458 981584.4457640001 1023527.566472 551208.46224 21146.97394929 89477.5249398 -1.0 -1.0 301083.685603 -1.0 2217185.977067 1459328.151831 1521068.850449 2876299.317443 1549957.721661 1037720.761953 1053730.705221 2131870.201554 2601229.804564 4327927.813529 2767795.176436 3168642.446211 4365712.5789210005 3832324.06011 3883589.060744 4627409.197527 4083552.559667 3932432.941083 4159570.3639240004 2183936.0872790003 950693.100189 2430264.8897349997 2635660.138015 669094.553128 551904.3262390001 439120.161166 671407.144494 789205.461193 1005650.286467 876642.853621 1116922.379321 1228052.2587630001
-1.0 -1.0 -1.0 -1.0 -1.0 -1.0 179863.40055730002 232320.0094565 122978.0756981 54228.3487389 -1.0 -1.0 -1.0 -1.0 -1.0 -1.0 -1.0 -1.0 -1.0 -1.0 -1.0 -1.0 410735.570159 588903.943262 485249.135589 -1.0 -1.0 -1.0 -1.0 18585.1181831 6149.63838035 532046.870031 526657.463112 681831.47438 1282197.039028 720330.988314 138459.12035759998 12299.59049999 -1.0 -1.0 -1.0 3745.4569329275996 515046.58972100005 1273479.135784 1968977.970508 1407543.189782 948458.6222539999 861070.669857 2345975.919663 3212819.084264 3673986.083737 1642717.300358 6879982.354423 4277331.0708895 6720542.330315256 6054959.5141312005 5040337.159526 4695968.520692 4999050.707321 6421094.823176 5901466.1716 2912311.013672 3391396.537353 3950413.696662 1313240.1811 1600525.719833 812277.9541989999 788313.026683 730231.7376162999 541797.8430272 707417.987428 726280.0037430001 1283099.968386 2390566.685854
-1.0 -1.0 -1.0 -1.0 -1.0 -1.0 -1.0 49443.510984500004 0.0 -1.0 -1.0 -1.0 -1.0 -1.0 -1.0 -1.0 -1.0 -1.0 -1.0 -1.0 -1.0 63150.7539599 565674.218488 370837.07542 47235.7451172 -1.0 -1.0 -1.0 -1.0 -1.0 -1.0 152875.1669983 529452.120919 470191.3415806 655058.9035678001 624644.313426 525360.361479 387196.75368930004 114833.23610299999 38222.87888276 -1.0 79582.8899727 106127.5941954 875489.1498645 1856770.379235 3556292.0783916 2924388.595914 1714467.507882 4793437.8292539995 2848291.246392 3840309.696027 4343793.6829699995 2334472.603581 4734854.138412 6685789.39308 6381491.493579 2570273.13662 5151398.857672338 4755322.6548 4969594.962348 2840129.761465 2572615.917163 2961352.091219 1339714.66333 2071712.649826 1780428.550184 2855531.522428 2008462.493891 2564632.3457899997 2929462.475263 1859363.784985 987921.573375 904997.17984 3139709.191685
-1.0 -1.0 -1.0 -1.0 -1.0 -1.0 -1.0 -1.0 -1.0 -1.0 -1.0 -1.0 -1.0 -1.0 -1.0 126551.8075446 268182.20714078 28527.27921773 -1.0 208513.0526478 185868.585992 241355.875184315 144701.5552754 55073.744290265 -1.0 -1.0 -1.0 -1.0 -1.0 -1.0 28280.74843341 29975.57767368 381681.6377162 574907.873184 518361.38376289996 499448.9642718 756132.628889 835615.7339689999 313607.24351179996 53245.95445566 -1.0 112032.25768380001 361683.12368829997 472341.8991919 2138641.26712 1165135.3798780001 1294974.6871073 1506022.169678 3194499.701744 3991126.52876 3147560.063643 1764868.608757 2939633.208386 4137225.5675250003 4381937.393638999 5994387.5936156 5190297.8988728 4879465.0906861 5197643.9078431 4967931.372854 1965185.8880733 2862876.94783 916613.425219 2305910.215346 2944765.981235 2050868.048045 2703420.812507 949594.993054 1916036.266875 3494473.668877 4965813.936111 5036798.985969 3403320.313182 1042149.2187969999
-1.0 -1.0 -1.0 -1.0 -1.0 -1.0 -1.0 -1.0 -1.0 -1.0 -1.0 -1.0 -1.0 -1.0 41887.4664655 913750.8496620001 547238.670521 735668.9153420001 987358.9356830001 1314694.38382 259771.924832 97011.6326845 44704.6950526 -1.0 -1.0 -1.0 -1.0 -1.0 -1.0 -1.0 -1.0 53358.068406399994 831622.680097 698269.2564600001 730911.6880737 851636.0105290001 391745.3916177 344042.741816 148354.3282419 150043.58410110002 63587.689989410006 -1.0 89982.95620951 113043.0087205 779827.6937255 2309220.2266909997 1309375.6326910001 1489805.17759 3305223.547981 2113285.7799360002 1002896.56516 1090399.522769 817741.679489 2961434.718365 1438512.3266989999 6708384.349363781 4463814.850434 4009145.7344836 4877271.968622 1965590.18766 507768.941411 470130.044622 585864.978331 829143.0300210001 1399537.483125 2760613.178341 3562516.07309 3073970.93399 4597573.296992 3704045.875549 4814157.21328 6100382.671005 3440936.46743 1888551.55352
-1.0 -1.0 9250.75495531 2397.90130553 10398.7063669 0.0 -1.0 10434.27725571 285447.976423 323807.736362 403571.34627169004 37445.466224759 24349.011563515 -1.0 -1.0 -1.0 223517.4895616 857057.738566 1506176.924309 898835.780089 260380.0557028 -1.0 -1.0 -1.0 -1.0 -1.0 -1.0 -1.0 -1.0 -1.0 -1.0 -1.0 -1.0 613971.7462919999 546683.726782 610803.7947596 234660.26547040002 -1.0 0.0 6540.633633071 215431.88363670002 73434.30951133 -1.0 23148.014269389 657446.0252157999 504570.028642 680227.31975 397753.058798 835152.409999 3098876.3783340002 2203746.8091120003 813226.819379 314853.964897 704692.436748 1317524.581153 3215910.232661 4849800.4294841 3485113.074639 727216.018346 658661.400005 2674893.493489 2773011.110452 2720510.601042 1950580.949936 2545623.03180278 3003335.15637 4255795.563477 3139398.3676 3601821.51047 4826970.6042892 4752620.56555 3761511.0209875 3241397.45348 3605708.22666
167682.61728 412819.0194981 462782.511674 1107863.637682 1215411.170718 742559.7585850001 919342.7322600001 800758.7465789999 771743.2270974 1852992.0851132 879636.4545979 1033668.7776266 146693.82879949 1802.595874747 -1.0 -1.0 -1.0 -1.0 61227.2469753 408864.4539459 263824.4101769 -1.0 -1.0 -1.0 -1.0 -1.0 -1.0 -1.0 -1.0 -1.0 -1.0 -1.0 -1.0 222337.6732316 266464.4064459 548591.022317 73115.37330841 -1.0 59673.02721406 58181.0230522 86678.34838264 14642.958365370001 27988.063281143 0.0 194813.11603660003 59442.8746649 368658.995352 624815.3901456 596451.297765 1261295.0051870001 664839.2328110001 1578303.1061791 1483912.13281 541155.4185717 656000.353973 1001881.5470649999 888870.836223 865343.4109250001 871233.4638427 1591024.0743834001 2467804.6331605 930488.2425462999 1080845.5719340001 1228459.139806 4659856.33916 5274249.002432 1977865.8782051 3389134.62913 3682592.94238 3272008.2140320004 3711044.33371 4499542.0525 5773303.90813443 4243341.749308
1191229.628761 1242009.817887 1385101.220304 1586105.670408 1455439.1803553002 1247697.6616790001 1205473.916966 1412029.101566 1360194.93762 1528311.064362 1191250.8151729 103291.59044667 -1.0 -1.0 -1.0 -1.0 -1.0 -1.0 0.0 -1.0 -1.0 -1.0 -1.0 -1.0 -1.0 -1.0 -1.0 -1.0 -1.0 -1.0 -1.0 -1.0 -1.0 -1.0 21010.67330779 69714.2734656 58363.500204970005 -1.0 -1.0 -1.0 19654.65891369 -1.0 -1.0 -1.0 0.0 325789.9249971 166460.0687864 -1.0 447542.0076388 295493.6427525 683959.6183065 0.0 -1.0 -1.0 732780.2381440001 844414.196494 614062.88866 506497.1972007 275321.919969 -1.0 -1.0 230412.6682822 2059775.018062 2443638.683669 5022013.296756451 4454855.289613 2847077.45113 1347716.64307 1179863.9929857 5119299.341365799 3479020.170618 4030890.774116 1561839.2116389999 1645998.37862073
122727.758837 630361.034721 771209.550638 593411.809581 955972.633883 130794.778262 1329660.086964 1311845.906535 1327983.665809 1143389.502814 926725.6253071 1155634.2132208338 -1.0 -1.0 -1.0 -1.0 -1.0 -1.0 330803.5136041 175399.80918 -1.0 -1.0 -1.0 -1.0 -1.0 -1.0 -1.0 -1.0 -1.0 -1.0 -1.0 -1.0 -1.0 -1.0 -1.0 -1.0 -1.0 57498.8270665 43897.9015644 -1.0 -1.0 -1.0 -1.0 -1.0 91622.26793171 63868.12113109999 -1.0 -1.0 -1.0 -1.0 -1.0 -1.0 -1.0 -1.0 -1.0 -1.0 -1.0 -1.0 0.0 -1.0 -1.0 1854652.355847 4192920.628733 2733231.828727 5509027.88404982 1278318.8255 1012124.59815 1215243.13918 1683582.35079 2084455.82952 857205.68715047 2101888.19553 353414.323619 332059.012998
81632.3792135 92587.3937154 70290.0848341 57773.8054341 130982.430423 131285.454498 134412.056102 1312032.5719629999 1306630.887768 1067185.10183 2100308.1077065403 2006560.49512712 233469.7037863 -1.0 -1.0 -1.0 -1.0 -1.0 -1.0 -1.0 -1.0 -1.0 -1.0 -1.0 -1.0 -1.0 -1.0 -1.0 -1.0 -1.0 -1.0 -1.0 -1.0 -1.0 -1.0 -1.0 -1.0 270976.0700934 331448.64259149996 543949.8045545 536386.802725 314164.8325751 221810.33874039998 0.0 24149.965819409997 -1.0 -1.0 -1.0 -1.0 -1.0 -1.0 -1.0 -1.0 -1.0 0.0 259018.7732351 1238477.7743201999 1128027.34364 11696.1000671 -1.0 -1.0 954126.2053654301 4169416.720155 2287325.4356029998 1353814.81125 310699.65376 80075.5465568 29171.8122619 39541.729213 65070.6175766 1432569.29066 331288.593881 20625.25999505 2806.69032054
92557.4006696 0.0 52547.1249429 78537.9611133 78002.4961184 94737.2859683 218672.23863799998 1410101.160948 1638298.057138 319524.9210404 2411173.62682374 1215582.3292805 28818.9843488 -1.0 -1.0 -1.0 -1.0 -1.0 -1.0 -1.0 -1.0 -1.0 -1.0 -1.0 -1.0 -1.0 -1.0 -1.0 -1.0 -1.0 -1.0 -1.0 -1.0 -1.0 -1.0 -1.0 -1.0 -1.0 -1.0 55692.380039200005 0.0 -1.0 -1.0 -1.0 -1.0 -1.0 -1.0 -1.0 -1.0 -1.0 -1.0 -1.0 -1.0 -1.0 107260.6041581 229611.6748282 98797.7643566 2652082.23953 -1.0 -1.0 -1.0 758503.4113463549 3504119.9419750003 3990561.100991 1696432.4505923 226283.40388969998 66658.83636132 189.26931168 0.0 0.0 19716.8023136 1642528.45623 142.54691264 11484.8397264
37316.9873345 0.0 0.0 0.0 0.0 7245.65723367 83092.2961404 83949.9832122 131137.6405466 1035100.3068 481617.14747276 -1.0 -1.0 -1.0 -1.0 -1.0 -1.0 -1.0 -1.0 -1.0 -1.0 -1.0 -1.0 -1.0 -1.0 -1.0 -1.0 -1.0 -1.0 -1.0 -1.0 -1.0 -1.0 -1.0 -1.0 -1.0 -1.0 -1.0 -1.0 -1.0 -1.0 -1.0 -1.0 -1.0 -1.0 -1.0 -1.0 -1.0 -1.0 -1.0 -1.0 -1.0 -1.0 -1.0 -1.0 -1.0 -1.0 -1.0 -1.0 -1.0 -1.0 361134.5942876 1700366.4140279999 566450.992986 168734.3917287 6038.90873882 0.0 0.0 0.0 0.0 0.0 70325.1020978 134786.535622 12493.3381439
0.0 0.0 0.0 0.0 0.0 5346.50956749 9495.68684217 29943.4799038 3514.06013241 349324.157678 516574.1975593 538113.094193 95244.92977912 -1.0 -1.0 -1.0 -1.0 -1.0 -1.0 -1.0 -1.0 -1.0 -1.0 -1.0 -1.0 -1.0 -1.0 -1.0 -1.0 -1.0 -1.0 -1.0 -1.0 -1.0 -1.0 -1.0 -1.0 -1.0 -1.0 -1.0 -1.0 -1.0 -1.0 -1.0 -1.0 -1.0 -1.0 -1.0 -1.0 -1.0 -1.0 -1.0 -1.0 -1.0 -1.0 -1.0 -1.0 -1.0 -1.0 -1.0 442521.4556468 3523051.202304 1068515.123207 661425.3722049999 39.8898609462 0.0 0.0 0.0 0.0 0.0 0.0 0.0 0.0 0.0
0.0 0.0 0.0 0.0 0.0 0.0 0.0 6827.55313092 3724.56488926 446.514140369 716801.919872 757580.8120945 444662.38105 17294.8740497 -1.0 -1.0 -1.0 -1.0 -1.0 -1.0 -1.0 -1.0 -1.0 -1.0 -1.0 -1.0 -1.0 -1.0 -1.0 -1.0 -1.0 -1.0 -1.0 -1.0 -1.0 -1.0 -1.0 -1.0 -1.0 -1.0 -1.0 -1.0 -1.0 -1.0 -1.0 -1.0 -1.0 -1.0 -1.0 -1.0 -1.0 -1.0 -1.0 -1.0 -1.0 -1.0 -1.0 -1.0 -1.0 -1.0 9932931.8909682 1273081.4113079999 1211282.4336853998 201437.373041 0.0 0.0 0.0 0.0 0.0 0.0 0.0 0.0 0.0 0.0
0.0 0.0 0.0 0.0 0.0 0.0 0.0 0.0 0.0 0.0 41822.25165668 57992.994420200004 10722.4704004 34303.0944976 912945.713538 1259348.38884 1543274.94124 949895.606831 436558.706646 -1.0 -1.0 -1.0 -1.0 -1.0 -1.0 -1.0 -1.0 -1.0 -1.0 -1.0 -1.0 624646.808128 2408.10315462 970741.6448808999 106865.43871309 64487.9765829 11646.7495706574 -1.0 -1.0 -1.0 -1.0 -1.0 -1.0 -1.0 -1.0 -1.0 -1.0 -1.0 -1.0 -1.0 -1.0 -1.0 -1.0 -1.0 -1.0 -1.0 -1.0 -1.0 -1.0 1240421.03353 1613345.0672109 1636708.51801 3086163.20207 4101146.8159089996 0.0 0.0 0.0 0.0 0.0 0.0 0.0 0.0 0.0 0.0
0.0 0.0 0.0 0.0 0.0 0.0 0.0 0.0 0.0 0.0 462.879036279 2087.27278504 58.3882432699 47.9645386671 31521.0546096 35811.148615 667226.589212 831796.407693 0.0 983861.180624 242826.927401 -1.0 -1.0 -1.0 -1.0 -1.0 -1.0 -1.0 -1.0 -1.0 865031.536254 1834859.103724 126268.72241732999 123917.934661 768080.742177 77483.0584725 971.346679707 17632.065855 -1.0 -1.0 -1.0 -1.0 -1.0 -1.0 -1.0 -1.0 -1.0 -1.0 -1.0 -1.0 -1.0 -1.0 -1.0 -1.0 -1.0 -1.0 -1.0 -1.0 -1.0 4606174.13017234 1222267.643136 6857358.689471 97765.6748684 37678.2268551 0.0 0.0 0.0 0.0 0.0 0.0 0.0 0.0 0.0 0.0
0.0 0.0 0.0 0.0 0.0 0.0 0.0 0.0 0.0 0.0 0.0 0.0 0.0 27881.820427 44587.6987327 57827.7594914 0.0 19219.0525741 40418.1175239 79.0529989114 23026.6223573 0.0 -1.0 -1.0 -1.0 -1.0 -1.0 -1.0 -1.0 64792.6850874 1100173.15214 0.0 39129.1133123 648.977910386 32241.5686159 9169.6872902 0.0 0.0 0.0 0.0 14306.8534858 1635207.57346 0.0 -1.0 -1.0 -1.0 -1.0 -1.0 -1.0 -1.0 -1.0 0.0 1869304.30977 -1.0 -1.0 -1.0 -1.0 -1.0 -1.0 9038689.036751268 1742030.168531 2925813.9837 31609.766036880003 3500.67249859 0.0 0.0 0.0 0.0 0.0 0.0 0.0 0.0 0.0 0.0
0.0 0.0 0.0 0.0 0.0 0.0 0.0 0.0 0.0 0.0 0.0 0.0 0.0 0.0 0.0 1797.47031885 0.0 0.0 0.0 0.0 11308.4444224 52076.1905368227 44211.2489991 0.0 3293.74783859 -1.0 -1.0 -1.0 -1.0 -1.0 0.0 17.5229071739 6198.557687977001 0.0 0.0 0.0 0.0 0.0 0.0 0.0 0.0 0.0 0.0 0.0 5044.485013295 0.0 119863.674634 0.0 -1.0 5185002.69438 11918362.2435 15486805.3202 13140683.5703 5539757.70287 2797064.87548 2882149.56573 5388960.2856 3368563.55149 3640417.99562 829524.43472 721639.092012 677959.0491155 2431.32897141 0.0 0.0 0.0 0.0 0.0 0.0 0.0 0.0 0.0 0.0 0.0
0.0 0.0 0.0 0.0 0.0 0.0 0.0 0.0 0.0 0.0 0.0 0.0 0.0 0.0 0.0 0.0 0.0 0.0 0.0 0.0 0.0 0.0 4058.86827059 29928.9535958 67401.760707 74933.7435418 51726.592477 -1.0 -1.0 32.8337708028 0.0 2795.26976373 0.0 0.0 0.0 0.0 0.0 0.0 0.0 0.0 0.0 0.0 0.0 0.0 0.0 0.0 0.0 0.0 158067.023718 1643883.74338 11004414.5797 17690001.7117 18639384.6894 16977067.7671 3960489.97178 0.0 0.0 0.0 9995.95034956 0.0 22692.239513 19729.72599628 0.0 0.0 0.0 0.0 0.0 0.0 0.0 0.0 0.0 0.0 0.0 0.0
0.0 0.0 0.0 0.0 0.0 0.0 0.0 0.0 0.0 0.0 0.0 0.0 0.0 0.0 0.0 0.0 0.0 0.0 0.0 0.0 0.0 0.0 0.0 0.0 0.0 0.0 12742.7742507 35803.9894578 34231.0052313 0.0 0.0 0.0 0.0 0.0 0.0 0.0 0.0 0.0 0.0 0.0 0.0 0.0 0.0 0.0 0.0 0.0 0.0 0.0 0.0 0.0 0.0 3576513.76879 12223301.7146 1483720.29184 1127992.78689 315226.224257 0.0 0.0 0.0 0.0 0.0 10497.049625 0.0 0.0 0.0 0.0 0.0 0.0 0.0 0.0 0.0 0.0 0.0 0.0
0.0 0.0 0.0 0.0 0.0 0.0 0.0 0.0 0.0 0.0 0.0 0.0 0.0 0.0 0.0 0.0 0.0 0.0 0.0 0.0 0.0 0.0 0.0 0.0 0.0 2579.70721859 0.0 0.0 0.0 0.0 0.0 0.0 0.0 0.0 0.0 0.0 0.0 0.0 0.0 0.0 0.0 0.0 0.0 0.0 0.0 0.0 0.0 0.0 0.0 0.0 0.0 0.0 1990367.21283 0.0 0.0 0.0 0.0 0.0 0.0 62995.3221761 0.0 0.0 0.0 0.0 0.0 0.0 0.0 0.0 0.0 0.0 32882.9428244 0.0 0.0 0.0
0.0 0.0 0.0 0.0 0.0 0.0 0.0 0.0 0.0 0.0 0.0 0.0 0.0 0.0 0.0 0.0 0.0 0.0 0.0 0.0 0.0 0.0 0.0 0.0 0.0 0.0 0.0 0.0 0.0 0.0 0.0 0.0 0.0 0.0 0.0 0.0 0.0 0.0 0.0 0.0 0.0 0.0 0.0 0.0 0.0 0.0 0.0 0.0 0.0 0.0 0.0 6796469.05854 4897074.54936 0.0 0.0 0.0 0.0 0.0 0.0 0.0 0.0 0.0 172573.811768 0.0 0.0 0.0 0.0 0.0 0.0 0.0 0.0 0.0 0.0 0.0
0.0 0.0 0.0 0.0 0.0 0.0 0.0 0.0 0.0 0.0 0.0 0.0 0.0 0.0 0.0 0.0 0.0 0.0 0.0 0.0 0.0 0.0 0.0 0.0 0.0 0.0 0.0 0.0 0.0 0.0 0.0 0.0 0.0 0.0 0.0 0.0 0.0 0.0 0.0 0.0 0.0 0.0 0.0 0.0 0.0 0.0 0.0 0.0 0.0 0.0 0.0 6017997.96594 282594.51318 0.0 0.0 0.0 0.0 0.0 0.0 0.0 0.0 0.0 537053.292609 0.0 0.0 0.0 0.0 0.0 0.0 0.0 0.0 0.0 0.0 0.0
0.0 0.0 0.0 0.0 0.0 0.0 0.0 0.0 0.0 0.0 0.0 0.0 0.0 0.0 0.0 0.0 0.0 0.0 0.0 0.0 0.0 0.0 0.0 0.0 0.0 0.0 0.0 0.0 0.0 0.0 0.0 0.0 0.0 0.0 0.0 0.0 0.0 0.0 0.0 0.0 0.0 0.0 0.0 0.0 0.0 0.0 0.0 0.0 0.0 0.0 0.0 5277333.00312 0.0 0.0 0.0 0.0 0.0 0.0 0.0 0.0 0.0 0.0 4015.30188327 0.0 0.0 0.0 0.0 0.0 0.0 0.0 0.0 0.0 0.0 0.0
0.0 0.0 0.0 0.0 0.0 0.0 0.0 0.0 0.0 0.0 0.0 0.0 0.0 0.0 0.0 0.0 0.0 0.0 0.0 0.0 0.0 0.0 0.0 0.0 0.0 0.0 0.0 0.0 0.0 0.0 0.0 0.0 0.0 0.0 0.0 0.0 0.0 0.0 0.0 0.0 0.0 0.0 0.0 0.0 0.0 0.0 0.0 0.0 0.0 0.0 0.0 4954690.1959 0.0 0.0 0.0 0.0 0.0 0.0 0.0 0.0 0.0 0.0 0.0 0.0 0.0 0.0 172169.871135 71544.3128415 0.0 0.0 0.0 5484.96220308 8621.18422668 11045.0073401
0.0 0.0 0.0 0.0 0.0 0.0 0.0 0.0 0.0 0.0 0.0 0.0 0.0 0.0 0.0 0.0 0.0 0.0 0.0 0.0 0.0 0.0 0.0 0.0 0.0 0.0 0.0 0.0 0.0 0.0 0.0 0.0 0.0 0.0 0.0 0.0 0.0 0.0 0.0 0.0 0.0 0.0 0.0 0.0 0.0 0.0 0.0 0.0 0.0 0.0 0.0 2237828.16824 2835628.24462 0.0 0.0 0.0 0.0 0.0 -1.0 -1.0 -1.0 0.0 0.0 0.0 7772.7163752 0.0 0.0 0.0 0.0 0.0 0.0 4248.15517753 0.0 1685.66957217
0.0 0.0 0.0 0.0 0.0 0.0 0.0 0.0 0.0 0.0 0.0 0.0 0.0 0.0 0.0 0.0 0.0 0.0 0.0 0.0 0.0 0.0 0.0 0.0 5022.55117202 0.0 0.0 0.0 0.0 0.0 0.0 0.0 0.0 0.0 0.0 0.0 0.0 0.0 0.0 0.0 0.0 0.0 0.0 0.0 0.0 0.0 0.0 0.0 0.0 0.0 0.0 0.0 3273351.18462 3019575.10938 0.0 0.0 0.0 0.0 -1.0 -1.0 -1.0 0.0 0.0 0.0 0.0 161378.971769 0.0 0.0 0.0 0.0 0.0 0.0 0.0 0.0
0.0 0.0 0.0 0.0 0.0 0.0 0.0 0.0 0.0 0.0 0.0 0.0 0.0 0.0 0.0 0.0 0.0 0.0 0.0 0.0 0.0 0.0 0.0 0.0 0.0 0.0 0.0 0.0 0.0 0.0 0.0 0.0 0.0 0.0 0.0 0.0 0.0 0.0 0.0 0.0 0.0 0.0 0.0 0.0 0.0 0.0 0.0 0.0 0.0 0.0 0.0 0.0 0.0 2478705.82987 2645767.94902 1319901.04677 0.0 0.0 0.0 -1.0 -1.0 -1.0 0.0 0.0 0.0 0.0 3630.43079775 0.0 0.0 0.0 0.0 0.0 0.0 0.0
0.0 0.0 0.0 0.0 0.0 0.0 0.0 0.0 0.0 0.0 0.0 0.0 0.0 0.0 0.0 0.0 0.0 0.0 0.0 0.0 0.0 0.0 0.0 0.0 0.0 0.0 0.0 0.0 0.0 0.0 0.0 0.0 0.0 0.0 0.0 0.0 0.0 0.0 0.0 0.0 0.0 0.0 0.0 0.0 0.0 0.0 0.0 0.0 0.0 0.0 0.0 0.0 0.0 0.0 0.0 1322351.57632 0.0 0.0 0.0 0.0 -1.0 -1.0 -1.0 0.0 0.0 0.0 133152.606472 0.0 0.0 0.0 0.0 0.0 0.0 0.0
0.0 0.0 0.0 0.0 0.0 0.0 0.0 0.0 0.0 0.0 0.0 0.0 0.0 0.0 0.0 0.0 0.0 0.0 0.0 0.0 0.0 0.0 0.0 0.0 0.0 0.0 0.0 0.0 0.0 0.0 0.0 0.0 0.0 0.0 0.0 0.0 0.0 0.0 0.0 0.0 0.0 0.0 0.0 0.0 0.0 0.0 0.0 0.0 0.0 0.0 0.0 0.0 0.0 0.0 0.0 1689034.89803 0.0 0.0 0.0 0.0 -1.0 -1.0 -1.0 -1.0 0.0 0.0 6736.43437701 0.0 0.0 0.0 0.0 0.0 0.0 0.0
0.0 0.0 0.0 0.0 0.0 0.0 0.0 0.0 0.0 0.0 0.0 0.0 0.0 0.0 0.0 0.0 0.0 0.0 0.0 0.0 0.0 0.0 0.0 0.0 0.0 0.0 0.0 0.0 0.0 0.0 0.0 0.0 0.0 0.0 0.0 0.0 0.0 0.0 0.0 0.0 0.0 0.0 0.0 0.0 0.0 0.0 0.0 0.0 0.0 0.0 0.0 0.0 0.0 0.0 0.0 208116.302987 383293.695103 0.0 0.0 0.0 0.0 -1.0 -1.0 -1.0 0.0 0.0 12291.0269118 30162.4543744 6042.0904528 11496.4034312 0.0 0.0 0.0 0.0
0.0 0.0 0.0 0.0 0.0 0.0 0.0 0.0 0.0 0.0 0.0 0.0 0.0 0.0 0.0 0.0 0.0 0.0 0.0 0.0 0.0 0.0 0.0 0.0 0.0 0.0 0.0 0.0 0.0 0.0 0.0 0.0 0.0 0.0 0.0 0.0 0.0 0.0 0.0 0.0 0.0 0.0 0.0 0.0 0.0 0.0 0.0 0.0 0.0 0.0 0.0 0.0 0.0 0.0 0.0 336471.281048 372212.691397 0.0 0.0 0.0 0.0 0.0 -1.0 -1.0 0.0 0.0 0.0 0.0 0.0 0.0 0.0 0.0 0.0 0.0
