critload/trunk/input/1999/nle_ag.asc
ncols 720
nrows 360
xllcorner -180
yllcorner -90
cellsize 0.5
[rows 74 to 110 of 360, columns 581 to 663 of 720]
0.0 0.0 0.0 0.0 0.0 0.0 0.0 0.0 0.0 0.0 0.0 0.0 0.0 0.0 0.0 0.0 0.0 0.0 0.0 0.0 0.0 0.0 0.0 0.0 0.0 0.0 0.0 0.0 0.0 0.0 0.0 0.0 0.0 0.0 0.0 0.0 0.0 0.0 0.0 0.0 0.0 0.0 0.0 0.0 0.0 0.0 0.0 0.0 0.0 0.0 0.0 0.0 0.0 0.0 0.0 0.0 0.0 0.0 0.0 0.0 0.0 0.0 0.0 0.0 0.0 0.0 -2.0 -2.0 -2.0 -2.0 -2.0 -2.0 -2.0 -2.0 -2.0 -2.0 -2.0 -2.0 -2.0 -2.0 -2.0 -2.0 -2.0
0.0 0.0 0.0 0.0 0.0 0.0 0.0 0.0 0.0 0.0 0.0 0.0 0.0 0.0 0.0 0.0 0.0 0.0 0.0 0.0 0.0 0.0 0.0 0.0 0.0 0.0 0.0 0.0 0.0 0.0 0.0 0.0 0.0 0.0 0.0 0.0 0.0 0.0 0.0 0.0 0.0 0.0 0.0 0.0 0.0 0.0 0.0 0.0 0.0 0.0 0.0 0.0 0.0 0.0 0.0 0.0 0.0 0.0 0.0 0.0 0.0 0.0 0.0 0.0 0.0 0.0 -2.0 -2.0 -2.0 -2.0 -2.0 -2.0 -2.0 -2.0 -2.0 -2.0 -2.0 -2.0 -2.0 -2.0 -2.0 -2.0 -2.0
0.0 0.0 0.0 0.0 0.0 0.0 0.0 0.0 0.0 0.0 0.0 0.0 0.0 0.0 0.0 0.0 0.0 0.0 0.0 0.0 0.0 0.0 0.0 0.0 0.0 0.0 0.0 0.0 0.0 0.0 0.0 0.0 0.0 0.0 0.0 0.0 0.0 0.0 0.0 0.0 0.0 0.0 0.0 0.0 0.0 0.0 0.0 0.0 0.0 0.0 0.0 0.0 0.0 0.0 0.0 0.0 0.0 0.0 0.0 0.0 0.0 0.0 0.0 0.0 0.0 0.0 -2.0 -2.0 -2.0 -2.0 -2.0 -2.0 -2.0 -2.0 -2.0 -2.0 -2.0 -2.0 -2.0 -2.0 -2.0 -2.0 -2.0
0.0 0.0 0.0 0.0 0.0 0.0 0.0 0.0 0.0 0.0 0.0 0.0 0.0 0.0 0.0 0.0 0.0 0.0 0.0 0.0 0.0 0.0 0.0 0.0 0.0 0.0 189614.6425902 0.0 0.0 284342.7413648 0.0 0.0 10866498.891643 0.0 0.0 0.0 0.0 0.0 0.0 0.0 0.0 0.0 0.0 0.0 0.0 0.0 0.0 0.0 0.0 0.0 0.0 0.0 0.0 0.0 0.0 0.0 0.0 0.0 0.0 0.0 0.0 -2.0 -2.0 0.0 0.0 0.0 0.0 -2.0 -2.0 -2.0 -2.0 -2.0 -2.0 -2.0 -2.0 -2.0 -2.0 -2.0 -2.0 -2.0 -2.0 -2.0 -2.0
0.0 0.0 0.0 0.0 0.0 0.0 0.0 0.0 907039.46601 0.0 0.0 0.0 0.0 0.0 0.0 0.0 0.0 0.0 2128023.751723 0.0 0.0 0.0 0.0 0.0 0.0 0.0 0.0 12118243.704817 0.0 0.0 8915473.917132 451043.093904 0.0 0.0 0.0 0.0 0.0 0.0 0.0 0.0 0.0 0.0 0.0 0.0 0.0 0.0 0.0 0.0 0.0 0.0 0.0 0.0 0.0 0.0 0.0 0.0 0.0 0.0 0.0 0.0 0.0 -2.0 -2.0 0.0 0.0 0.0 0.0 -2.0 -2.0 -2.0 -2.0 -2.0 -2.0 -2.0 -2.0 -2.0 -2.0 -2.0 -2.0 -2.0 -2.0 -2.0 -2.0
0.0 0.0 0.0 0.0 0.0 0.0 0.0 162614.2998041 204004.97657210001 0.0 0.0 190005.5846483 0.0 0.0 0.0 0.0 0.0 0.0 1424942.39329 2743302.6105339997 3988313.5822320003 2345977.079937 0.0 0.0 0.0 0.0 19957147.52480125 4768936.376507 5290720.214799 1820969.980276 0.0 25220488.6054442 0.0 659327.737686 0.0 0.0 0.0 0.0 0.0 0.0 0.0 0.0 0.0 0.0 0.0 0.0 0.0 0.0 0.0 0.0 0.0 0.0 0.0 0.0 0.0 0.0 0.0 0.0 0.0 0.0 0.0 -2.0 -2.0 0.0 0.0 0.0 0.0 -2.0 -2.0 -2.0 -2.0 -2.0 -2.0 -2.0 -2.0 -2.0 -2.0 -2.0 -2.0 -2.0 -2.0 -2.0 -2.0
0.0 0.0 0.0 0.0 0.0 194620.130886 198708.787068 190917.75178 198.42464666 0.0 0.0 198111.550495 5924638.3850839995 1024861.3924799999 955906.921974 0.0 5254992.133641 4825861.950897001 2029292.375419 287475.50804 512511.389158 4316186.1250990005 0.0 0.0 0.0 0.0 7581532.672141 4647018.203242 4271358.67663 0.0 441785.447853 0.0 1291829.035113 4082252.331917 0.0 0.0 0.0 0.0 0.0 0.0 0.0 0.0 0.0 0.0 0.0 0.0 0.0 0.0 0.0 0.0 0.0 0.0 0.0 0.0 0.0 0.0 0.0 0.0 0.0 0.0 -2.0 -2.0 -2.0 0.0 0.0 0.0 0.0 0.0 -2.0 -2.0 -2.0 -2.0 -2.0 -2.0 -2.0 -2.0 -2.0 -2.0 -2.0 -2.0 -2.0 -2.0 -2.0
0.0 192331.799631 190134.176439 156117.954478 199244.193978 177923.060801 144070.676652 159587.615146 58449.0038799 0.0 189160.917649 0.0 22011057.0396 1674031.82817 3286275.40606 4788616.17448 5998458.8151 5504209.900279 3285584.20019 5069417.092372 1409161.558706 721146.0654740001 0.0 0.0 0.0 0.0 0.0 3615142.766078 167683.30880855402 1841207.507596 17740052.862425 401421.256657 0.0 0.0 0.0 0.0 0.0 0.0 0.0 0.0 0.0 0.0 0.0 0.0 0.0 0.0 0.0 0.0 0.0 0.0 0.0 0.0 0.0 0.0 0.0 0.0 0.0 0.0 0.0 0.0 -2.0 -2.0 -2.0 0.0 0.0 0.0 0.0 0.0 -2.0 -2.0 -2.0 -2.0 -2.0 -2.0 -2.0 -2.0 -2.0 -2.0 -2.0 -2.0 -2.0 -2.0 -2.0
189834.698624 205863.939655 206994.203223 217664.738193 217510.743145 214208.896423 0.0 0.0 0.0 0.0 0.0 5949103.39015 2621712.35267 0.0 365786.434723 3189345.55061 4605073.35528 5210640.0559330005 5706379.392857 893442.596929 235988.398268 736243.710033 0.0 0.0 0.0 0.0 1396196.343031 0.0 7112483.30433 0.0 0.0 1348176.7547189998 13081034.24192 0.0 0.0 0.0 0.0 0.0 0.0 0.0 0.0 0.0 0.0 0.0 0.0 0.0 0.0 0.0 0.0 1811618.68930732 0.0 0.0 0.0 0.0 0.0 0.0 0.0 0.0 0.0 0.0 -2.0 -2.0 0.0 0.0 0.0 -2.0 -2.0 0.0 0.0 -2.0 -2.0 -2.0 -2.0 -2.0 -2.0 -2.0 -2.0 -2.0 -2.0 -2.0 -2.0 -2.0 -2.0
196254.082477 210126.750509 187981.435821 209572.711635 0.0 0.0 28785.7249261 84489.03968 67180.8414058 88056.0966233 2869920.24655 1460979.55045 2508888.43253 4534235.62663 538145.746913 5701128.39501 6054833.92669 2221260.40683 4975326.581206 1326979.34259 0.0 12703178.1196253 11115550.673432099 0.0 10416066.44854 13890315.68489557 0.0 1274201.204387 2058847.591569 16306128.888062999 16695380.372577999 13992695.850135 0.0 0.0 0.0 0.0 0.0 0.0 0.0 0.0 0.0 0.0 0.0 0.0 0.0 0.0 0.0 2758645.30076 0.0 1441560.9066791 0.0 0.0 0.0 0.0 0.0 0.0 0.0 0.0 0.0 0.0 -2.0 -2.0 -2.0 0.0 0.0 -2.0 -2.0 -2.0 -2.0 -2.0 -2.0 -2.0 -2.0 -2.0 -2.0 -2.0 -2.0 -2.0 -2.0 -2.0 -2.0 -2.0 -2.0
0.0 0.0 0.0 0.0 0.0 9754.70340828 68678.2801152 9804.30034298 0.0 0.0 0.0 0.0 0.0 24681708.3334 0.0 0.0 95290.567802 2925168.3105010004 305730.18078 368264.2467833 553357.791058 0.0 0.0 0.0 13798263.590083271 0.0 8906303.415046 0.0 12070375.401041 9255793.908777999 870232.348544 1137780.738204 0.0 11886649.565953 0.0 0.0 0.0 0.0 0.0 0.0 4872250.079951 778114.607779 882286.990366 915322.192787 0.0 0.0 0.0 10831107.5905088 0.0 0.0 0.0 0.0 0.0 0.0 0.0 0.0 0.0 0.0 -2.0 -2.0 -2.0 -2.0 0.0 0.0 0.0 -2.0 -2.0 -2.0 -2.0 -2.0 -2.0 -2.0 -2.0 -2.0 -2.0 -2.0 -2.0 -2.0 -2.0 -2.0 -2.0 -2.0 -2.0
0.0 0.0 0.0 0.0 0.0 0.0 0.0 0.0 0.0 0.0 0.0 0.0 0.0 0.0 0.0 0.0 0.0 297412.888789 356484.9297411 473076.171706 0.0 0.0 0.0 955843.6432908999 0.0 6807374.183314901 3270005.50743 0.0 24673402.880227 0.0 16455072.87733 965753.623575 18982017.438631 6170672.704012 1418550.401909 0.0 0.0 0.0 0.0 3426978.982666 678351.3585120001 0.0 0.0 4200146.324127 0.0 0.0 0.0 0.0 0.0 0.0 0.0 0.0 0.0 0.0 0.0 0.0 0.0 -2.0 -2.0 -2.0 -2.0 -2.0 0.0 0.0 0.0 -2.0 -2.0 -2.0 -2.0 -2.0 -2.0 -2.0 -2.0 -2.0 -2.0 -2.0 -2.0 -2.0 -2.0 -2.0 -2.0 -2.0 -2.0
0.0 0.0 0.0 0.0 0.0 0.0 0.0 0.0 0.0 0.0 0.0 0.0 0.0 0.0 0.0 0.0 0.0 358080.125263 232926.333617 479400.40792500007 0.0 725877.219811 2014786.865 4761350.31541 7216177.3348944 4471759.2724982 1279009.486743 0.0 24404238.1147346 0.0 0.0 12397853.4267114 0.0 6219218.411431 1593700.5388779999 0.0 0.0 0.0 0.0 0.0 15830380.3185865 0.0 0.0 0.0 1873666.712084 0.0 0.0 0.0 0.0 0.0 0.0 0.0 0.0 0.0 0.0 0.0 -2.0 -2.0 -2.0 -2.0 -2.0 -2.0 0.0 0.0 0.0 0.0 -2.0 -2.0 -2.0 -2.0 -2.0 -2.0 -2.0 -2.0 -2.0 -2.0 -2.0 -2.0 -2.0 -2.0 -2.0 -2.0 0.0
0.0 0.0 0.0 0.0 0.0 0.0 0.0 0.0 0.0 0.0 0.0 0.0 3750659.65543 2096027.63979 5629207.1912 6031887.99899 6448645.5083708 3238569.9603008 3725639.767299 488741.850706 285796.56457409996 274109.925818 6841647.57439 14342139.762481 13165947.038122 9568003.623627001 18628923.8987 5822289.83398 18109644.129429 21003884.906526003 0.0 14085914.093902599 6916043.282945 18511479.255703 20991323.941227 0.0 0.0 0.0 0.0 0.0 0.0 0.0 0.0 0.0 0.0 0.0 0.0 0.0 0.0 0.0 0.0 0.0 0.0 0.0 0.0 0.0 -2.0 -2.0 -2.0 -2.0 -2.0 -2.0 0.0 0.0 -2.0 0.0 0.0 -2.0 -2.0 -2.0 -2.0 -2.0 -2.0 -2.0 -2.0 -2.0 -2.0 -2.0 -2.0 0.0 -2.0 -2.0 -2.0
0.0 0.0 0.0 0.0 0.0 0.0 0.0 0.0 0.0 0.0 0.0 6236425.63215 4889108.81727 2507187.48685 5183839.88021 4508299.35931 4739334.1214808 1191867.0709578001 363030.3677243 860945.031703 0.0 0.0 10193759.790842 17678202.57494 12851529.672685001 0.0 3015918.719191 20899795.308971 0.0 0.0 15946002.406343 0.0 9908239.806809 25460916.234047 0.0 0.0 0.0 0.0 0.0 0.0 0.0 0.0 0.0 0.0 0.0 0.0 480349.07378000004 0.0 0.0 0.0 0.0 0.0 0.0 0.0 0.0 -2.0 -2.0 -2.0 -2.0 -2.0 -2.0 -2.0 0.0 -2.0 -2.0 -2.0 -2.0 -2.0 -2.0 -2.0 -2.0 -2.0 -2.0 -2.0 -2.0 -2.0 -2.0 0.0 0.0 0.0 -2.0 -2.0 -2.0
0.0 0.0 0.0 0.0 0.0 0.0 0.0 0.0 0.0 1655789.92926 6704129.49174 6319642.20911 6494391.1021 1585485.60159 1023675.62884 1010784.18107 237326.879559 626333.455609 696982.2847269999 0.0 0.0 7300797.908823 11521889.981454 10182826.028395 6554024.828307 0.0 3677121.3958860002 17205804.983379 9064062.449175 21249404.865436997 21111878.370032 21783066.175079003 21521140.509995 1551814.9199680001 0.0 0.0 0.0 0.0 0.0 0.0 0.0 0.0 6642112.4824830005 0.0 3175162.49014 329950.6363013 0.0 0.0 0.0 0.0 0.0 0.0 0.0 0.0 -2.0 -2.0 -2.0 -2.0 -2.0 -2.0 0.0 139245.9324581 0.0 0.0 -2.0 -2.0 -2.0 -2.0 -2.0 -2.0 -2.0 -2.0 -2.0 -2.0 0.0 0.0 0.0 -2.0 -2.0 -2.0 -2.0 -2.0 -2.0
0.0 0.0 0.0 0.0 0.0 0.0 0.0 0.0 0.0 4789281.92804 0.0 6954268.52891 2662305.75032 2697468.16442 6045010.179623 6136276.86764 4035185.535704 0.0 1563485.130956 0.0 0.0 9854820.551327001 6262226.69313 7675807.82625 8857829.116437001 14168768.004787 18320614.631545 17258841.997283 18168049.944662 18036713.412282 10446244.804606 19732181.168525 19598694.289899 0.0 0.0 0.0 0.0 0.0 0.0 0.0 0.0 0.0 0.0 776866.859803 0.0 0.0 0.0 0.0 0.0 0.0 0.0 0.0 -2.0 -2.0 -2.0 -2.0 -2.0 -2.0 -2.0 -2.0 -2.0 -2.0 0.0 0.0 0.0 0.0 -2.0 -2.0 -2.0 -2.0 -2.0 -2.0 0.0 0.0 150650.47324 -2.0 -2.0 -2.0 -2.0 -2.0 -2.0 -2.0 -2.0
0.0 0.0 0.0 0.0 0.0 0.0 0.0 0.0 0.0 0.0 0.0 2371919.36978 2752135.85304 2399854.32307 4494458.21229 805125.8168299999 592855.665622 246301.79977204002 0.0 6689284.5657153 6682171.42569 9186713.65408 10937742.5628678 10366798.955376 6115795.15005 6603391.73143 14329880.796083 19710197.8778 17843159.003131997 18625769.190543 19370219.132321 18550383.852243 18439499.825249 0.0 0.0 0.0 0.0 0.0 0.0 0.0 0.0 0.0 1951727.97605 539928.9950416 0.0 0.0 0.0 0.0 0.0 0.0 0.0 -2.0 -2.0 -2.0 -2.0 -2.0 -2.0 -2.0 -2.0 -2.0 -2.0 -2.0 0.0 0.0 0.0 0.0 0.0 585689.413292 0.0 0.0 -2.0 0.0 0.0 -2.0 -2.0 -2.0 -2.0 -2.0 -2.0 -2.0 -2.0 -2.0 -2.0
0.0 0.0 0.0 0.0 0.0 0.0 0.0 0.0 6694524.06612 2778199.52679 0.0 248403.245549 24295019.7671 478858.345827 0.0 2179038.935351 1536529.060101 6592479.870179 4710197.43603 7155547.266796 8704858.63389 17851060.9295 18006312.619 18313377.282995 18697533.8441296 16019679.459931 17699705.602794997 19064251.348345 18936540.033516 17102441.722464 18253692.360289 8368790.084405 4270733.443477999 17224526.963298 867080.0012350001 2405790.598597 0.0 0.0 0.0 0.0 0.0 0.0 0.0 0.0 0.0 0.0 0.0 0.0 0.0 0.0 -2.0 -2.0 -2.0 -2.0 -2.0 -2.0 -2.0 -2.0 -2.0 -2.0 -2.0 0.0 0.0 0.0 0.0 0.0 0.0 0.0 0.0 2769935.0237733 -2.0 31953.63159263282 -2.0 -2.0 -2.0 -2.0 -2.0 -2.0 -2.0 -2.0 -2.0 -2.0 -2.0
0.0 35103.672496 0.0 0.0 0.0 0.0 0.0 4312751.64935 3855992.81981 5146545.45049 4220052.52453 257844.563599 0.0 506521.38084 439452.368454 5484333.38497 5576929.67946 12668916.6945 12885411.2426 13361950.0487 14840673.6353 14702695.6618 16074914.0629248 16142701.5724585 16125103.4245 0.0 11947963.685 19608702.947544 19012049.666188 19038219.826334003 15839973.595332 11661754.35124 10507946.539138 19315840.551287998 17604445.928625003 8235817.022489999 0.0 0.0 0.0 0.0 0.0 0.0 0.0 1025076.70871 0.0 0.0 0.0 0.0 0.0 -2.0 -2.0 -2.0 -2.0 -2.0 -2.0 -2.0 -2.0 -2.0 -2.0 0.0 0.0 0.0 0.0 0.0 0.0 0.0 0.0 0.0 0.0 0.0 1008757.7282497 -2.0 -2.0 -2.0 -2.0 -2.0 -2.0 -2.0 -2.0 -2.0 -2.0 -2.0 -2.0
70806.9627598 71580.8175853 50843.9926047 0.0 0.0 0.0 1595851.00798 4358700.37889 5165818.07776 5213696.1727 6091915.38651 6946391.62069 6432239.82861 522304.729118 577026.149173 4627287.304424 6952454.48851 10194800.455719 11022293.9986 11687527.4865 13848745.5113487 12792135.0134 15680968.84361 22230788.8524 5085093.493888 18303275.040124003 3501148.65875 24486005.595982 20062326.942277 1311972.883681 13586679.298946999 0.0 15237629.938759 0.0 0.0 0.0 0.0 0.0 0.0 0.0 0.0 614257.189355 -2.0 71122.10325598001 0.0 0.0 0.0 -2.0 -2.0 -2.0 -2.0 -2.0 -2.0 -2.0 -2.0 -2.0 -2.0 -2.0 0.0 0.0 0.0 0.0 14451888.2048835 0.0 0.0 0.0 0.0 -2.0 -2.0 -2.0 -2.0 -2.0 -2.0 -2.0 -2.0 -2.0 -2.0 -2.0 -2.0 -2.0 -2.0 -2.0 -2.0
72622.2132048 77149.3938476 95433.4937277 553069.110165 1005626.03457 1272983.73352 4325779.56868 5182087.25829 5530506.42595 8870842.89668 7197521.2277379 4977966.71696 590476.431806 0.0 0.0 5051911.405661999 6513330.677867 4893951.381886001 6990770.665549 6117690.388282999 4063695.9315794 34056437.977 0.0 15674206.3449 0.0 0.0 19419275.124493 18291692.099157 17329500.708622 29225820.387296 0.0 0.0 0.0 0.0 0.0 0.0 0.0 0.0 0.0 0.0 0.0 -2.0 -2.0 -2.0 -2.0 -2.0 -2.0 -2.0 -2.0 -2.0 -2.0 -2.0 -2.0 -2.0 -2.0 -2.0 -2.0 0.0 0.0 0.0 3463855.5906897 798477.30376692 -2.0 0.0 0.0 0.0 -2.0 -2.0 -2.0 -2.0 -2.0 -2.0 -2.0 -2.0 -2.0 -2.0 -2.0 -2.0 -2.0 -2.0 -2.0 -2.0 -2.0
72295.1449576 1314850.37954 3910732.53113 5428013.92513 6240449.06513 4538016.9784 4482878.08111 4466864.04258 0.0 5314136.77478 876160.116746 0.0 0.0 0.0 0.0 0.0 5067807.05672 2892042.159822 0.0 0.0 7595236.92273 7882789.039902899 8225792.371305 0.0 12977452.002925798 8686782.555266 19766532.298299998 8074171.816919 4517224.438479001 8787345.012981 0.0 0.0 0.0 0.0 0.0 0.0 0.0 0.0 0.0 -2.0 -2.0 -2.0 -2.0 -2.0 -2.0 -2.0 -2.0 -2.0 -2.0 -2.0 -2.0 -2.0 -2.0 -2.0 -2.0 -2.0 -2.0 -2.0 0.0 0.0 0.0 0.0 -2.0 -2.0 -2.0 -2.0 -2.0 -2.0 -2.0 -2.0 -2.0 -2.0 -2.0 -2.0 -2.0 -2.0 -2.0 -2.0 -2.0 -2.0 -2.0 -2.0 -2.0
1504159.6406319998 4971636.832505 3616024.718215 1688550.158286 1471474.5902830001 5449629.136924 5313881.55005 0.0 887570.889012 0.0 0.0 0.0 0.0 0.0 0.0 0.0 0.0 32542603.3633515 13655460.827796 895596.7753649999 547039.0256291 3238403.7707547 6241967.406542 7474800.2966349 8979024.653245 15615574.142475 12371626.049751 9987537.626716001 0.0 0.0 0.0 0.0 0.0 0.0 0.0 0.0 0.0 0.0 0.0 -2.0 -2.0 -2.0 -2.0 -2.0 -2.0 -2.0 -2.0 -2.0 -2.0 -2.0 -2.0 -2.0 -2.0 -2.0 -2.0 -2.0 -2.0 -2.0 -2.0 0.0 0.0 0.0 -2.0 -2.0 -2.0 -2.0 -2.0 -2.0 -2.0 -2.0 -2.0 -2.0 -2.0 -2.0 -2.0 -2.0 -2.0 -2.0 -2.0 -2.0 -2.0 -2.0 -2.0
5796321.121181 5910439.916505 6755737.942665 1953328.1312219999 6411430.82508 5567273.91473 7013792.961352999 0.0 1424297.48264611 0.0 0.0 2341997.73021485 0.0 0.0 591395.6685205001 0.0 0.0 27274540.18399778 32499582.186281472 28918729.56440386 1950435.7950660002 620584.4462347 385173.8994562 5790100.008327 16165070.858097 3075628.433345 2540522.096486 28257430.040917 3763490.421778 7639256.822593 0.0 0.0 0.0 0.0 0.0 0.0 0.0 0.0 0.0 -2.0 -2.0 -2.0 -2.0 -2.0 -2.0 -2.0 -2.0 -2.0 -2.0 -2.0 -2.0 -2.0 -2.0 -2.0 -2.0 -2.0 -2.0 -2.0 0.0 0.0 0.0 9547437.0806169 323032.33379964397 -2.0 -2.0 -2.0 -2.0 -2.0 -2.0 -2.0 -2.0 -2.0 -2.0 -2.0 -2.0 -2.0 -2.0 -2.0 -2.0 -2.0 -2.0 -2.0 -2.0
5752797.33672 7415128.995556001 1787870.98854 1732803.34187 3491019.5399430003 4673243.914551 0.0 0.0 0.0 0.0 0.0 0.0 20626214.994087998 837323.6124188 1432309.4848757999 1317395.9683995 0.0 1327095.67333 16758176.381021999 3645036.344774 67353.9852809 -2.0 481293.908864 6630421.474704 5822482.32261 0.0 18147452.865582 1005207.44174 4982113.756589999 0.0 0.0 0.0 0.0 0.0 0.0 0.0 0.0 -2.0 -2.0 -2.0 -2.0 -2.0 -2.0 -2.0 -2.0 -2.0 -2.0 -2.0 -2.0 -2.0 -2.0 -2.0 -2.0 -2.0 -2.0 -2.0 -2.0 -2.0 0.0 0.0 0.0 0.0 0.0 -2.0 -2.0 -2.0 -2.0 -2.0 -2.0 -2.0 -2.0 -2.0 -2.0 -2.0 -2.0 -2.0 -2.0 -2.0 -2.0 -2.0 -2.0 -2.0 -2.0
7462576.99669 5797790.10066 2720570.4956 0.0 3807876.0586409997 8520932.186095 0.0 0.0 0.0 0.0 5614731.228765 18126124.630621 10323160.0377 14017111.5734 9370324.17253 18923906.35636 23305729.44753 17624570.30671 478571.603916 -2.0 -2.0 426291.0456742 7325274.638915 6349726.020617 5702268.303916 9924561.347253 2731795.1110816 0.0 5011323.6304367995 7599931.939997 9803547.913982501 0.0 0.0 0.0 2587514.3519479097 -2.0 -2.0 -2.0 -2.0 -2.0 -2.0 -2.0 -2.0 -2.0 -2.0 -2.0 -2.0 -2.0 -2.0 -2.0 -2.0 -2.0 -2.0 -2.0 -2.0 -2.0 -2.0 -2.0 1702883.9966630999 0.0 0.0 0.0 0.0 -2.0 -2.0 -2.0 -2.0 -2.0 -2.0 -2.0 -2.0 -2.0 -2.0 -2.0 -2.0 -2.0 -2.0 -2.0 -2.0 -2.0 -2.0 -2.0 -2.0
3640878.51769 3378442.69126 0.0 0.0 7134459.8717209995 0.0 8033847.523729 0.0 0.0 8022426.4021496 18618561.901819 9228050.4798 9302554.77901 12174159.7344 3100399.43765 7623276.19947 7252251.6656808 925579.681385 -2.0 -2.0 -2.0 216753.31033610002 477229.315458 3265225.7483449997 -2.0 -2.0 -2.0 -2.0 -2.0 2663606.782946 9124773.42119667 0.0 0.0 0.0 1174577.64218 -2.0 -2.0 -2.0 -2.0 -2.0 -2.0 -2.0 -2.0 -2.0 -2.0 -2.0 -2.0 -2.0 -2.0 -2.0 -2.0 -2.0 -2.0 -2.0 -2.0 -2.0 -2.0 -2.0 0.0 0.0 0.0 0.0 0.0 -2.0 -2.0 -2.0 -2.0 -2.0 -2.0 -2.0 -2.0 -2.0 -2.0 -2.0 -2.0 -2.0 -2.0 -2.0 -2.0 -2.0 -2.0 -2.0 -2.0
5803959.80145 3730039.326334 1569891.158205 19367994.47051673 14905547.328146 0.0 1296816.35156 702872.137745 12096001.2565083 18817886.036865003 9100960.0425 8861457.87125 9223212.18227 15295969.7182 0.0 -2.0 -2.0 -2.0 -2.0 -2.0 -2.0 2431086.150507 330804.45445869997 -2.0 -2.0 -2.0 -2.0 -2.0 -2.0 7787553.5653286 9954033.74223 0.0 0.0 0.0 0.0 0.0 -2.0 -2.0 -2.0 -2.0 -2.0 -2.0 -2.0 -2.0 -2.0 -2.0 -2.0 -2.0 -2.0 -2.0 -2.0 -2.0 -2.0 -2.0 -2.0 -2.0 -2.0 -2.0 14702780.7899 0.0 0.0 19081043.34284554 0.0 -2.0 -2.0 -2.0 -2.0 -2.0 -2.0 -2.0 -2.0 -2.0 -2.0 -2.0 -2.0 -2.0 -2.0 -2.0 -2.0 -2.0 -2.0 -2.0 -2.0
6641737.65729 10064101.552749 0.0 0.0 9217361.791173 0.0 0.0 18869563.92068 18042707.469932 9998433.6595 9512896.84194 10013085.1075 9952740.67142 1412481.10354 0.0 0.0 23954.4133937 -2.0 -2.0 -2.0 -2.0 -2.0 -2.0 -2.0 -2.0 -2.0 -2.0 -2.0 1645566.2561262 9873832.854427 11124331.7103014 11627847.6413986 0.0 0.0 0.0 0.0 3225553.5321830004 -2.0 -2.0 -2.0 -2.0 -2.0 -2.0 -2.0 -2.0 -2.0 -2.0 -2.0 -2.0 -2.0 -2.0 -2.0 -2.0 -2.0 -2.0 0.0 0.0 4271391.14984671 0.0 0.0 0.0 6379438.562075012 -2.0 -2.0 -2.0 -2.0 -2.0 -2.0 -2.0 -2.0 -2.0 -2.0 -2.0 -2.0 -2.0 -2.0 -2.0 -2.0 -2.0 -2.0 -2.0 -2.0 -2.0
4816956.92949 17547932.203352585 4379623.432255 0.0 12613682.955715999 11592633.031228999 16038783.110868001 0.0 9595991.27863 9622381.50004 10529385.2686 9522123.37138 6548584.44848 8448500.06372 8563157.11762 6649998.5274 0.0 -2.0 -2.0 199993.446377 11753996.562097 162965.526208 -2.0 0.0 -2.0 -2.0 -2.0 -2.0 0.0 2190138.375403 1832553.0772215 2654683.9975630003 26755306.7343831 3111089.22719 0.0 0.0 0.0 0.0 -2.0 -2.0 0.0 -2.0 -2.0 -2.0 -2.0 -2.0 -2.0 -2.0 -2.0 -2.0 -2.0 -2.0 -2.0 -2.0 -2.0 0.0 8596996.122043299 23982199.13391835 0.0 0.0 0.0 -2.0 -2.0 -2.0 -2.0 -2.0 -2.0 -2.0 -2.0 -2.0 -2.0 -2.0 -2.0 -2.0 -2.0 -2.0 -2.0 -2.0 -2.0 -2.0 -2.0 -2.0 -2.0
4242186.86271 1060577.349285 7461080.214452 7836699.640536 2216435.5417029997 0.0 2718191.8985240003 5646443.555914 19148675.016746 18974620.0244 10322625.1433 5526324.47133 6353335.34439 6762550.11793 6867618.078549 6892246.31028 7240685.433648 0.0 187891.272493 17213280.72742 1702419.45622 55225.4086168 0.0 0.0 88392.5926672 -2.0 -2.0 -2.0 -2.0 -2.0 -2.0 -2.0 13370202.0564929 34387324.129072994 0.0 0.0 0.0 0.0 -2.0 -2.0 -2.0 -2.0 -2.0 -2.0 -2.0 -2.0 -2.0 -2.0 -2.0 -2.0 -2.0 -2.0 0.0 0.0 0.0 12378771.631516656 0.0 0.0 0.0 0.0 0.0 -2.0 -2.0 -2.0 -2.0 -2.0 -2.0 -2.0 -2.0 -2.0 -2.0 -2.0 -2.0 -2.0 -2.0 -2.0 -2.0 -2.0 -2.0 -2.0 -2.0 -2.0 -2.0
0.0 3266968.1130649997 15293632.46329 0.0 18180845.647650998 14069553.545195 1706614.2953 21939901.733390003 19572790.873999 19697720.978598 4445597.72918 4421802.07076 14546375.293691 15884294.46587 13761631.350046 8000294.177743 8231737.599269 7491597.3654539995 7985983.605559 8018660.149155 0.0 0.0 352442.208035 290009.185674 -2.0 -2.0 -2.0 -2.0 -2.0 -2.0 -2.0 9485912.502082 37010522.7523 37598902.760392 0.0 0.0 0.0 0.0 -2.0 -2.0 -2.0 -2.0 -2.0 -2.0 -2.0 -2.0 -2.0 -2.0 -2.0 -2.0 -2.0 -2.0 18312509.555119462 16731559.219349118 0.0 0.0 0.0 0.0 0.0 0.0 0.0 -2.0 -2.0 -2.0 -2.0 -2.0 -2.0 -2.0 -2.0 -2.0 -2.0 -2.0 -2.0 -2.0 -2.0 -2.0 -2.0 -2.0 -2.0 -2.0 -2.0 -2.0 -2.0
14534258.650395 12010398.414679 13918491.141415 0.0 9403379.450127 9246046.915744 1310430.34679 14220006.0482 20065848.682568002 21670106.377567 4553872.655905 10355253.814517 22463668.616641 1233428.84799 0.0 0.0 0.0 19511090.774453 19092303.953928 14469591.309786 223113.923696 -2.0 -2.0 -2.0 -2.0 -2.0 -2.0 -2.0 -2.0 -2.0 -2.0 851398.0894825 31875789.46530402 36770397.18214116 0.0 0.0 0.0 0.0 0.0 -2.0 -2.0 -2.0 -2.0 -2.0 -2.0 0.0 -2.0 -2.0 -2.0 -2.0 -2.0 0.0 0.0 0.0 0.0 0.0 0.0 0.0 16894211.270402998 17545748.876573507 3017373.7367229997 -2.0 -2.0 -2.0 -2.0 -2.0 -2.0 -2.0 -2.0 -2.0 -2.0 -2.0 -2.0 -2.0 -2.0 -2.0 -2.0 -2.0 -2.0 -2.0 -2.0 -2.0 -2.0
3053801.284227 16002300.880985001 15789258.567395 13232705.38814 7845933.068763999 0.0 0.0 14413786.45755 4957267.572728 5018924.3667790005 6959708.312233999 6183212.596264 12843090.179716 27860109.67157 1828797.55187 0.0 775476.475315 0.0 807056.633811 91602.3370137 -2.0 -2.0 -2.0 -2.0 -2.0 -2.0 -2.0 -2.0 -2.0 -2.0 -2.0 -2.0 30984088.458157003 0.0 0.0 0.0 0.0 0.0 0.0 -2.0 -2.0 -2.0 -2.0 -2.0 0.0 0.0 0.0 0.0 0.0 0.0 0.0 0.0 0.0 0.0 0.0 0.0 0.0 0.0 3970702.9447932 15011930.3185417 5455127.074336001 -2.0 -2.0 -2.0 -2.0 -2.0 -2.0 -2.0 -2.0 -2.0 -2.0 -2.0 -2.0 -2.0 -2.0 -2.0 -2.0 -2.0 -2.0 -2.0 -2.0 -2.0 -2.0
15475249.974232001 14663533.161363 15448135.635356 433879.557505 15609631.60376 17123789.19969 12740795.054145 10380405.214177 6167932.457161999 11835779.588365 11798673.99393116 6029940.78801 15373346.254657 24702508.553299997 860050.006279 25083162.912019 21318320.59999 20381888.086519998 49981.7212766 -2.0 -2.0 -2.0 -2.0 -2.0 -2.0 -2.0 -2.0 -2.0 -2.0 -2.0 -2.0 8759408.758169001 0.0 0.0 0.0 0.0 0.0 12588236.022487901 -2.0 -2.0 -2.0 -2.0 -2.0 0.0 0.0 0.0 0.0 0.0 0.0 0.0 0.0 0.0 16251549.080421155 26885879.752584837 0.0 0.0 0.0 0.0 5520629.3071998 7077015.17134 -2.0 -2.0 -2.0 -2.0 -2.0 -2.0 -2.0 -2.0 -2.0 -2.0 -2.0 -2.0 -2.0 -2.0 -2.0 -2.0 -2.0 -2.0 -2.0 -2.0 -2.0 -2.0 -2.0
12750198.755527 0.0 1462699.92779 12847265.93818 17440609.326347 19131376.49004 11192268.031391999 11321735.291781 11886201.040207 8528995.01932 8853100.95121 8479873.81507 6301424.9432558 10271506.131094 25647400.325072 12195424.755801 21816216.501257002 5937430.874041 367660.2810696 -2.0 -2.0 -2.0 -2.0 -2.0 -2.0 -2.0 -2.0 -2.0 -2.0 -2.0 -2.0 3983621.8653659998 0.0 0.0 7548209.3334207 5432386.1212931 0.0 1706634.15122025 -2.0 -2.0 -2.0 0.0 0.0 0.0 0.0 0.0 0.0 0.0 9448126.475187998 12745300.214397809 0.0 0.0 0.0 14159186.791214995 14745184.833812464 7861663.3845460005 0.0 1521056.4121632 1106294.7397087999 -2.0 -2.0 -2.0 -2.0 -2.0 -2.0 -2.0 -2.0 -2.0 -2.0 -2.0 -2.0 -2.0 -2.0 -2.0 -2.0 -2.0 -2.0 -2.0 -2.0 -2.0 -2.0 -2.0 -2.0
