critload/trunk/input/1999/nle_ag.asc
ncols 720
nrows 360
xllcorner -180
yllcorner -90
cellsize 0.5
NODATA_value -1
[rows 66 to 98 of 360, columns 75 to 149 of 720]
-1.0 -1.0 -1.0 -1.0 -1.0 -1.0 -1.0 -1.0 -1.0 -1.0 -1.0 -1.0 -1.0 -1.0 612.60436201 0.0 969.281775069 3695.16779719 3738.56679598 1837.55318217 0.0 0.0 0.0 0.0 0.0 0.0 0.0 0.0 0.0 0.0 0.0 0.0 0.0 0.0 0.0 0.0 0.0 0.0 0.0 0.0 0.0 0.0 52557.8447036 113884.983009 0.0 0.0 55836.3911436 29447.464752 0.0 86384.1326279 99456.7513122 0.0 0.0 0.0 0.0 0.0 0.0 0.0 0.0 0.0 0.0 0.0 0.0 0.0 0.0 14138.6603694 48776.7498819 10790.601172 0.0 1581.55867376 0.0 0.0 25946.0261743 10973.6632449 0.0
-1.0 -1.0 -1.0 -1.0 -1.0 -1.0 -1.0 -1.0 -1.0 -1.0 -1.0 -1.0 -1.0 -1.0 -1.0 0.0 0.0 0.0 1474.32165994 561.513251188 3622.33566864 0.0 0.0 0.0 0.0 0.0 0.0 0.0 0.0 0.0 0.0 0.0 0.0 0.0 0.0 0.0 0.0 0.0 0.0 0.0 0.0 45597.4583555 42821.5153991 302854.838454 352606.773383 330521.358128 219702.49581 320271.438344 360493.669401 351273.587749 355262.101216 93760.8808423 0.0 34384.5993818 0.0 0.0 0.0 0.0 0.0 0.0 0.0 0.0 0.0 0.0 0.0 19258.2785538 32734.5231851 1502.47140613 522.036010456 18608.8353224 44022.7868651 0.0 0.0 0.0 0.0
-1.0 -1.0 -1.0 -1.0 -1.0 -1.0 -1.0 -1.0 -1.0 -1.0 -1.0 -1.0 -1.0 -1.0 -1.0 -1.0 0.0 0.0 2304.56068127 1271.20314463 445.968343939 1393.4606801 9277.11860704 0.0 189.051981214 0.0 0.0 0.0 0.0 0.0 0.0 0.0 0.0 0.0 0.0 0.0 0.0 0.0 0.0 0.0 0.0 0.0 17291.2578304 74746.7428287 331438.798707 184226.763114 201655.483862 425717.636521 627597.14251 772618.724312 537786.108312 346551.599771 341982.007816 63567.1511219 25192.45856 18272.0062973 0.0 7326.09023283 0.0 0.0 0.0 0.0 0.0 0.0 0.0 0.0 0.0 691.625988367 654.132163148 8449.92933892 0.0 0.0 2600.60913995 26940.3259075 0.0
-1.0 -1.0 -1.0 -1.0 -1.0 -1.0 -1.0 -1.0 -1.0 -1.0 -1.0 -1.0 -1.0 -1.0 -1.0 -1.0 -1.0 0.0 170.625584819 599.792095172 1979.64508212 0.0 3436.03124584 0.0 0.0 36399.6411124 17957.3302632 19184.690608 0.0 0.0 0.0 0.0 0.0 0.0 0.0 0.0 0.0 0.0 19416.9414333 0.0 0.0 0.0 0.0 0.0 0.0 329574.576648 486941.003626 475738.397573 447711.813951 203972.734804 448022.385439 495538.345272 301729.620253 86314.3955374 123670.654484 105401.638474 63273.0873281 123000.875707 48360.4748253 36741.8510913 87777.7088222 41272.8946483 16876.0405877 0.0 0.0 0.0 0.0 19775.0111395 0.0 8632.75919997 857.033909143 923.857228383 2545.38577863 0.0 2501.10744234
-1.0 -1.0 -1.0 -1.0 -1.0 -1.0 -1.0 -1.0 -1.0 -1.0 -1.0 -1.0 -1.0 -1.0 -1.0 -1.0 -1.0 -1.0 0.0 0.0 0.0 -1.0 0.0 0.0 35750.4484588 13468.6534077 0.0 23610.511481 0.0 0.0 20379.6823118 0.0 1546.71995292 0.0 0.0 0.0 0.0 0.0 0.0 0.0 0.0 0.0 0.0 0.0 0.0 0.0 27194.7284803 61501.9534767 0.0 19327.3203382 327502.737466 44892.1684141 20709.8412822 30594.4389705 0.0 113791.457971 275789.418124 384072.81758 765492.71149 579322.848816 534909.369738 411724.703345 83022.0087973 138052.180664 77980.2085905 4182.37931158 842.470859492 0.0 0.0 0.0 451.98886372 81.6612944826 0.0 0.0 138.092280085
-1.0 -1.0 -1.0 -1.0 -1.0 -1.0 -1.0 -1.0 -1.0 -1.0 -1.0 -1.0 -1.0 -1.0 -1.0 -1.0 -1.0 -1.0 4548.78289889 52081.9171075 0.0 0.0 -1.0 0.0 58392.4441643 37735.5285212 0.0 37463.187887 0.0 0.0 0.0 0.0 0.0 0.0 0.0 0.0 65025.7210405 30267.6832483 0.0 90311.2502379 41301.8075789 0.0 0.0 0.0 0.0 0.0 0.0 0.0 0.0 0.0 0.0 55846.6213629 17553.0085374 142163.435132 479825.313008 901939.994115 975165.104882 673569.797932 856764.179606 725359.043187 813507.823463 941899.113614 1018887.19469 958737.152678 913726.750251 654965.195534 583054.978497 410084.651716 382237.265971 43073.0026771 0.0 0.0 0.0 24506.1940744 0.0
-1.0 -1.0 -1.0 -1.0 -1.0 -1.0 -1.0 -1.0 -1.0 -1.0 -1.0 -1.0 -1.0 -1.0 -1.0 -1.0 -1.0 -1.0 39467.8653964 210649.31951 141544.81415 10266.5564542 -1.0 0.0 17673.4247049 73829.8025745 45983.3447771 14483.3266556 0.0 0.0 0.0 0.0 0.0 0.0 0.0 0.0 19215.164382 18180.3006686 0.0 169847.783476 0.0 0.0 0.0 0.0 0.0 0.0 0.0 0.0 0.0 0.0 0.0 59504.2128175 244662.921427 375394.028833 739334.051652 952499.170768 983480.856559 991061.792569 1025335.53937 934969.022438 966715.259877 837370.429718 1018730.28372 817940.821198 965299.539205 781761.746324 838407.19393 501674.165342 97638.10397 261781.905893 328645.117687 383593.708953 125242.666551 187484.559627 85636.2660136
-1.0 -1.0 -1.0 -1.0 -1.0 -1.0 -1.0 -1.0 -1.0 -1.0 -1.0 -1.0 -1.0 -1.0 -1.0 -1.0 -1.0 -1.0 -1.0 10222.8148847 13262.8535108 13169.3867827 -1.0 -1.0 0.0 0.0 2250.14216465 54696.7371922 9671.27683036 0.0 0.0 0.0 0.0 0.0 0.0 0.0 0.0 0.0 0.0 40197.1650925 29311.0224913 0.0 0.0 0.0 0.0 0.0 0.0 0.0 0.0 47878.9776856 0.0 0.0 0.0 25361.8935487 381727.64343 1127653.704 1183804.34141 1072529.72459 1006133.91543 923028.239922 881454.763347 812730.311674 788469.703662 832583.026989 810410.845615 792654.381237 969100.479642 1067553.86358 822694.857974 867503.037121 506903.335324 968668.951021 860502.02353 942642.765239 869865.277695
-1.0 -1.0 -1.0 -1.0 -1.0 -1.0 -1.0 -1.0 -1.0 -1.0 -1.0 -1.0 -1.0 -1.0 -1.0 -1.0 -1.0 -1.0 -1.0 -1.0 0.0 7508.3049814 0.0 -1.0 -1.0 -1.0 0.0 10920.3349447 15163.6818886 0.0 0.0 0.0 0.0 0.0 0.0 0.0 0.0 0.0 0.0 23820.9876594 48157.9926153 0.0 0.0 0.0 0.0 0.0 0.0 0.0 0.0 0.0 0.0 0.0 0.0 23053.7712409 50984.9043302 590343.697308 1035389.72518 945799.565027 946469.66419 748666.428854 879246.894878 769282.937288 1052759.60013 1119906.9646 626002.8721 761659.139198 625901.962117 1052470.15221 913541.517828 373628.782301 372069.305127 798855.858206 816169.750292 663658.031197 643867.527457
-1.0 -1.0 -1.0 -1.0 -1.0 -1.0 -1.0 -1.0 -1.0 -1.0 -1.0 -1.0 -1.0 -1.0 -1.0 -1.0 -1.0 -1.0 -1.0 -1.0 -1.0 0.0 0.0 -1.0 -1.0 -1.0 -1.0 0.0 2769.96417524 0.0 9393.0456019 0.0 0.0 0.0 23332.7898521 0.0 0.0 10399.6334958 0.0 0.0 19008.9165318 17870.6052738 0.0 0.0 0.0 0.0 0.0 0.0 0.0 0.0 0.0 0.0 0.0 0.0 95264.8278751 1141673.98235 926661.079916 1010090.92349 874969.746355 894951.686214 493115.291533 420643.588887 858716.648515 372013.97815 213667.988414 322451.339673 1049482.35643 360879.757352 1191367.62715 1111756.51523 1317428.79907 1645883.53443 1480184.09443 931728.568703 951920.08043
-1.0 -1.0 -1.0 -1.0 -1.0 -1.0 -1.0 -1.0 -1.0 -1.0 -1.0 -1.0 -1.0 -1.0 -1.0 -1.0 -1.0 -1.0 -1.0 -1.0 -1.0 -1.0 -1.0 -1.0 -1.0 -1.0 -1.0 -1.0 353.142946239 2089.26612526 19189.9800732 0.0 0.0 0.0 0.0 0.0 5726.0798075 0.0 0.0 0.0 77749.6708128 0.0 8640.52498987 0.0 0.0 0.0 0.0 0.0 0.0 0.0 0.0 0.0 0.0 0.0 0.0 557849.054801 975519.991938 920293.765958 898179.526407 1098359.27173 796978.084534 1661840.3017 1555579.1542 3022624.44609 3470531.67361 4133534.78418 556242.404191 823526.930949 963031.694679 1181630.34151 1353960.90944 1810269.68167 1620633.19176 1552877.70028 1692034.78938
-1.0 -1.0 -1.0 -1.0 -1.0 -1.0 -1.0 -1.0 -1.0 -1.0 -1.0 -1.0 -1.0 -1.0 -1.0 -1.0 -1.0 -1.0 -1.0 -1.0 -1.0 -1.0 -1.0 -1.0 -1.0 -1.0 -1.0 -1.0 -1.0 0.0 6399.24283682 27277.5526326 26471.5264721 13295.5172273 0.0 0.0 0.0 7295.97722245 0.0 18843.2002203 10641.9893911 39460.5161474 0.0 0.0 0.0 0.0 4744.8135026 0.0 0.0 0.0 0.0 0.0 0.0 0.0 0.0 251519.353411 705054.48806 1007807.87184 1337487.06849 1166754.01719 629991.841564 2470184.89832 2388558.15396 3463736.57595 3945654.46903 4765090.77926 751339.746395 1077746.27735 6129722.57006 978474.462906 1086586.24854 1270201.12097 1451429.1226 1554151.24645 1460627.08449
-1.0 -1.0 -1.0 -1.0 -1.0 -1.0 -1.0 -1.0 -1.0 -1.0 -1.0 -1.0 -1.0 -1.0 -1.0 -1.0 -1.0 -1.0 -1.0 -1.0 -1.0 -1.0 -1.0 -1.0 -1.0 -1.0 -1.0 -1.0 0.0 0.0 15361.2919012 6624.25677783 18790.0620262 19332.3823303 18987.9489829 22727.9965714 5492.81852614 0.0 0.0 0.0 0.0 0.0 20525.7763544 16235.8960889 97495.3368163 24329.2856663 63584.5742715 11185.2930748 0.0 0.0 0.0 0.0 0.0 0.0 0.0 26904.9118745 572420.009004 904676.095262 1341535.32485 1125418.1119 628868.422925 543315.58981 3182582.2754 2830761.50713 2215866.70607 4878954.74051 4429378.32643 816472.498075 889942.268413 838215.92514 950858.167313 937935.148939 1112483.2134 1290639.74802 1532176.92287
-1.0 -1.0 -1.0 -1.0 -1.0 -1.0 -1.0 -1.0 -1.0 -1.0 -1.0 -1.0 -1.0 -1.0 -1.0 -1.0 -1.0 -1.0 -1.0 -1.0 -1.0 -1.0 -1.0 -1.0 -1.0 -1.0 -1.0 -1.0 -1.0 894.70865925 1004.17085058 2024.33060385 2977.91081693 0.0 21226.07471 26710.4731692 26604.2142018 5341.37578641 6076.79593666 0.0 0.0 0.0 10243.5497685 24295.1151998 82329.0218997 0.0 149266.123776 41834.7853165 0.0 0.0 0.0 0.0 0.0 0.0 0.0 0.0 202923.893152 558690.484062 1109970.92812 914027.227816 1374966.97093 1058234.35484 3628685.9736 4268197.09396 3023494.79892 5607462.64562 4067571.20963 680580.20093 836377.973673 1211451.31754 1005104.82887 1109948.55633 1185370.68174 1334000.1794 1558851.30651
-1.0 -1.0 -1.0 -1.0 -1.0 -1.0 -1.0 -1.0 -1.0 -1.0 -1.0 -1.0 -1.0 -1.0 -1.0 -1.0 -1.0 -1.0 -1.0 -1.0 -1.0 -1.0 -1.0 -1.0 -1.0 -1.0 -1.0 -1.0 -1.0 -1.0 0.0 6142.61035634 1536.41695409 28554.1518223 89422.8675647 81888.4081301 2485.83760985 4204.5159871 4467.17910642 10604.5829925 11813.0583487 10726.5064653 0.0 0.0 0.0 38519.9062819 59281.423764 0.0 0.0 0.0 0.0 0.0 0.0 59329.3715552 0.0 0.0 117962.284709 306661.437758 1063628.84061 1361722.11268 1276769.10447 1046675.79195 912185.902523 4727518.36984 4669062.9923 2534179.82257 3953955.384 753795.294828 970992.610648 962169.045548 1181303.63261 1353235.6999 1331759.64974 1294502.53684 943288.605213
-1.0 -1.0 -1.0 -1.0 -1.0 -1.0 -1.0 -1.0 -1.0 -1.0 -1.0 -1.0 -1.0 -1.0 -1.0 -1.0 -1.0 -1.0 -1.0 -1.0 -1.0 -1.0 -1.0 -1.0 -1.0 -1.0 -1.0 -1.0 -1.0 -1.0 -1.0 -1.0 0.0 20240.4821748 10521.2039478 26780.7378208 84583.1087616 1175630.58775 38841.5987246 220559.864881 349201.547561 85333.2958325 6939.92099385 0.0 0.0 66670.5165165 33352.3703617 17247.9132301 17706.2529279 15954.1323656 0.0 65284.3603408 22151.2439163 6716.36392748 13331.0565896 0.0 86902.7734517 480050.315158 762097.239185 897310.747126 814326.765518 507171.686616 633094.693034 2446166.75798 2266713.95662 2172874.3625 4138788.27077 4737420.1017 632732.700952 414114.183787 647342.469594 856919.904492 961041.961042 912578.882042 418321.918749
-1.0 -1.0 -1.0 -1.0 -1.0 -1.0 -1.0 -1.0 -1.0 -1.0 -1.0 -1.0 -1.0 -1.0 -1.0 -1.0 -1.0 -1.0 -1.0 -1.0 -1.0 -1.0 -1.0 -1.0 -1.0 -1.0 -1.0 -1.0 -1.0 -1.0 -1.0 -1.0 -1.0 -1.0 0.0 0.0 0.0 100119.905637 119025.807064 356763.71599 222626.937105 0.0 6343.153398 0.0 6281.89881957 27032.1883616 82392.4322266 10036.3291644 17352.8570506 26502.373642 0.0 3661.21939828 63368.0586697 2217.95626383 96908.3585312 8731.8225765 5231.93015889 34870.9750124 277171.576229 2175663.33206 2756454.12837 3140023.18785 4076372.83513 4239155.63224 4009363.31523 3078358.8881 1179437.84428 1460991.89624 1344270.00785 946943.787223 767365.431599 924646.458925 1884744.38586 1861900.02071 2095908.05376
-1.0 -1.0 -1.0 -1.0 -1.0 -1.0 -1.0 -1.0 -1.0 -1.0 -1.0 -1.0 -1.0 -1.0 -1.0 -1.0 -1.0 -1.0 -1.0 -1.0 -1.0 -1.0 -1.0 -1.0 -1.0 -1.0 -1.0 -1.0 -1.0 -1.0 -1.0 -1.0 -1.0 -1.0 -1.0 0.0 62010.3398898 0.0 123862.7002 249168.518144 411219.406679 0.0 6679.11639691 6302.232116 50026.271466 830750.136671 274367.2102 3971.66068672 28798.5151946 100177.471072 68596.8211636 11953.4944943 25459.9024585 6395.14080524 19477.736483 38624.1443412 1637111.03608 7211.73230168 0.0 565848.328326 2862330.32415 4159720.58956 4840794.86901 4779296.98522 4802522.11637 1821047.83781 1205883.8395 1183458.45038 948887.946457 913150.590024 552095.307498 1406391.94691 2237531.49631 1972947.52058 2881722.17514
-1.0 -1.0 -1.0 -1.0 -1.0 -1.0 -1.0 -1.0 -1.0 -1.0 -1.0 -1.0 -1.0 -1.0 -1.0 -1.0 -1.0 -1.0 -1.0 -1.0 -1.0 -1.0 -1.0 -1.0 -1.0 -1.0 -1.0 -1.0 -1.0 -1.0 -1.0 -1.0 -1.0 -1.0 -1.0 0.0 1680.94519188 0.0 0.0 22582.0103735 435875.174973 87246.8840301 20038.5932134 16948.5280361 131620.645477 1686607.0161 683451.676733 2754051.59858 1583971.563 2792139.41658 970247.475687 456723.671799 0.0 29415.6241952 8541.9593142 450998.846449 1453852.32522 3775.94910836 0.0 6527.95364616 2460151.49558 3680830.3307 5329283.11232 3506962.07205 3484498.19609 1379960.10645 773946.609366 235722.903642 453521.934234 277195.82953 155302.881007 91331.617214 284270.883503 1948267.18564 2711581.17326
-1.0 -1.0 -1.0 -1.0 -1.0 -1.0 -1.0 -1.0 -1.0 -1.0 -1.0 -1.0 -1.0 -1.0 -1.0 -1.0 -1.0 -1.0 -1.0 -1.0 -1.0 -1.0 -1.0 -1.0 -1.0 -1.0 -1.0 -1.0 -1.0 -1.0 -1.0 -1.0 -1.0 -1.0 -1.0 -1.0 16460.7881648 7947.64736706 33060.9512664 78362.0186596 804859.153197 15720.2741683 27501.2826477 122371.783242 132574.274921 634315.399399 561784.468725 2603514.85213 2878250.73314 2879608.23478 1419381.70095 440643.16972 0.0 0.0 0.0 183964.163957 1447640.45128 19666.5568828 78630.0348252 126775.349052 1003035.8682 1106374.34482 1648624.37731 829686.345226 1921900.73625 3003242.61653 1268121.12096 918158.605629 649344.206324 342568.137589 916375.837389 543186.711889 795831.688822 1840312.51542 2185545.71982
-1.0 -1.0 -1.0 -1.0 -1.0 -1.0 -1.0 -1.0 -1.0 -1.0 -1.0 -1.0 -1.0 -1.0 -1.0 -1.0 -1.0 -1.0 -1.0 -1.0 -1.0 -1.0 -1.0 -1.0 -1.0 -1.0 -1.0 -1.0 -1.0 -1.0 -1.0 -1.0 -1.0 -1.0 -1.0 -1.0 42012.8933708 57228.5368962 151123.238719 481440.08241 46295.5664656 12966.9516177 7126.17369904 432712.313664 183704.217081 186047.643231 258046.863005 1012115.83743 542397.275973 342050.131675 1060136.8314 959512.172074 69277.5173485 0.0 0.0 0.0 671576.947647 161169.634086 744712.167533 340980.425003 243396.99912 1581945.96093 566267.534277 405345.916054 666188.177472 1941094.83775 349368.54342 615939.749266 835141.37967 402134.334896 245020.175532 64145.8836471 1732764.20702 716159.24227 1243520.37189
-1.0 -1.0 -1.0 -1.0 -1.0 -1.0 -1.0 -1.0 -1.0 -1.0 -1.0 -1.0 -1.0 -1.0 -1.0 -1.0 -1.0 -1.0 -1.0 -1.0 -1.0 -1.0 -1.0 -1.0 -1.0 -1.0 -1.0 -1.0 -1.0 -1.0 -1.0 -1.0 -1.0 -1.0 -1.0 -1.0 0.0 45151.3431491 51629.5163833 160372.079127 0.0 7329.04447877 27394.9188007 296705.870293 815020.828568 979705.84919 733725.957505 538676.77339 721729.860575 132116.299857 1273298.36289 675536.121746 1562443.59103 65708.613392 0.0 0.0 1316038.58625 71203.6151564 64238.0682309 903478.548263 100509.77163 1223800.47131 1396498.63495 1495993.03262 654566.967365 1883270.1971 1563321.61963 1672009.35199 550651.637386 923478.082087 1443100.27834 1186095.31555 978523.036866 1077085.76689 962967.123438
-1.0 -1.0 -1.0 -1.0 -1.0 -1.0 -1.0 -1.0 -1.0 -1.0 -1.0 -1.0 -1.0 -1.0 -1.0 -1.0 -1.0 -1.0 -1.0 -1.0 -1.0 -1.0 -1.0 -1.0 -1.0 -1.0 -1.0 -1.0 -1.0 -1.0 -1.0 -1.0 -1.0 -1.0 -1.0 -1.0 -1.0 0.0 466072.739428 2589680.5082 190852.114561 26971.753864 190473.407489 403224.518408 865255.801741 1293258.23392 1677360.92993 1580472.56205 845930.563432 331708.751004 270896.634642 102005.56864 272585.072857 0.0 0.0 0.0 19913.7287691 125805.447559 167035.194428 161657.847948 1049328.945 1866758.59379 2783375.43247 918492.499093 915072.968821 1558368.54044 1579311.51586 2637908.39393 2216511.42776 2437769.08108 1296596.89261 894452.149212 1120858.01697 1211107.36885 1154117.05562
-1.0 -1.0 -1.0 -1.0 -1.0 -1.0 -1.0 -1.0 -1.0 -1.0 -1.0 -1.0 -1.0 -1.0 -1.0 -1.0 -1.0 -1.0 -1.0 -1.0 -1.0 -1.0 -1.0 -1.0 -1.0 -1.0 -1.0 -1.0 -1.0 -1.0 -1.0 -1.0 -1.0 -1.0 -1.0 -1.0 -1.0 206462.700463 2385426.36609 4639209.69326 1105213.15819 5913.66010576 760548.525119 641168.094827 458729.51963 795874.35721 90917.4338007 2474740.63815 327302.887702 762807.288635 283483.41669 85056.8518587 79709.2818075 10539.7180894 0.0 0.0 11877.6429541 92167.4927637 200925.240028 2144850.32115 2619186.3493 829159.048289 0.0 252651.905343 10239.2914315 314318.240288 1444309.05686 1713699.37258 557651.269669 1343498.02218 888701.990534 684304.415626 864498.755099 955904.799308 1100301.27475
-1.0 -1.0 -1.0 -1.0 -1.0 -1.0 -1.0 -1.0 -1.0 -1.0 -1.0 -1.0 -1.0 -1.0 -1.0 -1.0 -1.0 -1.0 -1.0 -1.0 -1.0 -1.0 -1.0 -1.0 -1.0 -1.0 -1.0 -1.0 -1.0 -1.0 -1.0 -1.0 -1.0 -1.0 -1.0 -1.0 293497.993264 9389.36222001 2413707.79545 2010865.98388 0.0 10903.607084 833516.047061 116441.28501 94165.5314719 107109.479222 211006.322931 0.0 152115.483887 997670.174089 483082.494548 323072.15686 370885.696798 0.0 0.0 2620.40717475 12664.6008379 45024.1342366 64046.4336917 305188.429348 217451.580168 206227.480308 39312.3735352 0.0 0.0 30251.1364408 771636.719129 3414928.96751 693363.137724 167297.077043 691510.089525 2459119.13185 1049561.75513 1068947.81765 1354463.11648
-1.0 -1.0 -1.0 -1.0 -1.0 -1.0 -1.0 -1.0 -1.0 -1.0 -1.0 -1.0 -1.0 -1.0 -1.0 -1.0 -1.0 -1.0 -1.0 -1.0 -1.0 -1.0 -1.0 -1.0 -1.0 -1.0 -1.0 -1.0 -1.0 -1.0 -1.0 -1.0 -1.0 -1.0 -1.0 -1.0 7903.00113744 0.0 2808928.58089 432983.003678 0.0 24150.5830136 5418981.19472 430916.594195 145059.99489 113237.992662 92826.3088959 180448.8953 162943.182405 275788.312233 1027678.87284 943164.770742 196687.58215 13686.3381033 0.0 0.0 13644.8610363 28663.9371476 25906.0809692 72146.9082495 209317.661511 40134.998867 195557.274507 0.0 0.0 30639.7538693 198345.561816 662521.068785 1138683.7152 1298772.70417 120977.555496 1335987.1516 214175.459094 886772.204599 1510803.23142
-1.0 -1.0 -1.0 -1.0 -1.0 -1.0 -1.0 -1.0 -1.0 -1.0 -1.0 -1.0 -1.0 -1.0 -1.0 -1.0 -1.0 -1.0 -1.0 -1.0 -1.0 -1.0 -1.0 -1.0 -1.0 -1.0 -1.0 -1.0 -1.0 -1.0 -1.0 -1.0 -1.0 -1.0 -1.0 -1.0 12604.7567375 40209.6355645 490745.418275 148439.645944 0.0 21554.29705 19329.1760775 4237.12315388 140141.769508 120071.802872 255365.825192 452056.594109 63558.5318355 170904.163296 1855140.43435 4489375.1249 922923.690511 187240.855493 33561.367034 14574.9254182 43538.5230427 58229.1636285 276236.78752 441677.477432 1470640.39181 2198870.5696 540026.910752 53097.8886529 11159.0836421 31002.7309173 71967.7473064 377969.946063 1215937.76848 335571.393016 529201.723869 670297.408578 227122.617583 282841.919919 431882.413267
-1.0 -1.0 -1.0 -1.0 -1.0 -1.0 -1.0 -1.0 -1.0 -1.0 -1.0 -1.0 -1.0 -1.0 -1.0 -1.0 -1.0 -1.0 -1.0 -1.0 -1.0 -1.0 -1.0 -1.0 -1.0 -1.0 -1.0 -1.0 -1.0 -1.0 -1.0 -1.0 -1.0 -1.0 -1.0 -1.0 93304.8996166 0.0 1056670.63817 0.0 0.0 27274.6258935 107099.960028 253039.022097 325872.261753 10978.8319479 153454.714938 376975.570594 25694.7372301 38469.748417 99797.4781545 629196.662196 662817.458662 746330.997977 417630.932724 648130.555715 508235.234006 318471.927356 146100.462745 1244644.4574 1665700.52838 269377.506733 138043.68973 83283.0454873 100553.47171 57261.5499436 116533.066038 2009551.77292 2087601.71975 374102.068604 444696.722364 83285.9716508 35001.6501936 78563.8293544 45967.6130273
-1.0 -1.0 -1.0 -1.0 -1.0 -1.0 -1.0 -1.0 -1.0 -1.0 -1.0 -1.0 -1.0 -1.0 -1.0 -1.0 -1.0 -1.0 -1.0 -1.0 -1.0 -1.0 -1.0 -1.0 -1.0 -1.0 -1.0 -1.0 -1.0 -1.0 -1.0 -1.0 -1.0 -1.0 -1.0 0.0 32727.4256039 0.0 0.0 138812.511582 8905.30471218 173315.760822 55531.0843082 38703.0911737 184400.506936 19911.8517796 100351.010864 205220.489139 33512.0909286 199984.334709 168030.257254 61086.1694554 365298.236316 777174.690402 737828.452048 2879880.51489 2341812.64536 2425985.44246 579291.362375 778423.415589 465238.969782 243151.915066 60167.678319 385655.221403 511739.527325 285324.214084 51461.4901886 1251927.67426 210423.833764 23502.0297387 59306.0397102 705102.424935 952834.055926 930654.296443 1664030.21507
-1.0 -1.0 -1.0 -1.0 -1.0 -1.0 -1.0 -1.0 -1.0 -1.0 -1.0 -1.0 -1.0 -1.0 -1.0 -1.0 -1.0 -1.0 -1.0 -1.0 -1.0 -1.0 -1.0 -1.0 -1.0 -1.0 -1.0 -1.0 -1.0 -1.0 -1.0 -1.0 -1.0 -1.0 -1.0 -1.0 1117.53961542 0.0 82871.102799 492440.880487 14289.0955119 536311.413202 797465.406213 305871.681827 687053.561556 283138.463041 41524.8654987 129437.205693 118066.617777 42917.0424159 12130.5810268 3498.12537244 78418.8148515 13849.4814981 40892.2592752 348040.425578 803127.189219 939360.425476 446301.936928 438001.775115 670995.020914 523375.133231 177389.665726 79339.4503687 232984.302488 172475.402678 688414.731378 197436.889833 238052.831877 47752.7825516 355416.72706 199905.965426 108517.397378 373151.744285 907462.585973
-1.0 -1.0 -1.0 -1.0 -1.0 -1.0 -1.0 -1.0 -1.0 -1.0 -1.0 -1.0 -1.0 -1.0 -1.0 -1.0 -1.0 -1.0 -1.0 -1.0 -1.0 -1.0 -1.0 -1.0 -1.0 -1.0 -1.0 -1.0 -1.0 -1.0 -1.0 -1.0 -1.0 -1.0 -1.0 -1.0 14776.9618412 0.0 0.0 44818.6360752 188748.64583 156988.671705 159818.591548 136581.789667 78205.5588013 5775.02756819 14923.8764134 46448.8451096 228098.98286 100161.645839 50718.2215636 0.0 251553.110238 212682.442571 127806.48991 16803.467303 88910.679741 348610.912623 117078.084578 758621.60625 3190525.26552 2460835.2632 489065.593612 13198.3337177 183994.533748 216662.478245 195145.865957 11626.4539225 225936.009325 258769.284836 236951.659022 344936.465023 682601.867375 444660.138946 585496.735496
-1.0 -1.0 -1.0 -1.0 -1.0 -1.0 -1.0 -1.0 -1.0 -1.0 -1.0 -1.0 -1.0 -1.0 -1.0 -1.0 -1.0 -1.0 -1.0 -1.0 -1.0 -1.0 -1.0 -1.0 -1.0 -1.0 -1.0 -1.0 -1.0 -1.0 -1.0 -1.0 -1.0 -1.0 -1.0 -1.0 6834.40340052 0.0 0.0 2869.60975582 25424.1125078 18454.9408481 428093.45465 294392.113608 135990.146273 8579.8076929 7296.89765174 12899.3293196 29638.9802898 255613.208333 52336.3616887 63685.5866582 195473.875687 90079.475856 152495.843675 27259.7611615 16127.2012943 0.0 0.0 4583.56865135 1122737.88446 604602.659804 324496.477247 91863.4057753 1166794.30163 184165.555241 9352.70446773 202222.8706 215288.806845 105858.193166 119811.712231 572017.909876 33854.6961449 1727584.81201 386093.333532
-1.0 -1.0 -1.0 -1.0 -1.0 -1.0 -1.0 -1.0 -1.0 -1.0 -1.0 -1.0 -1.0 -1.0 -1.0 -1.0 -1.0 -1.0 -1.0 -1.0 -1.0 -1.0 -1.0 -1.0 -1.0 -1.0 -1.0 -1.0 -1.0 -1.0 -1.0 -1.0 -1.0 -1.0 -1.0 -1.0 87740.2761594 0.0 0.0 0.0 132124.358524 49265.132205 107400.418563 140638.740715 96439.5185231 256.56913459 7459.9399007 11498.5827234 25762.9339579 4965.00686182 30654.1225948 84876.923148 61041.6388665 150777.30041 307882.022187 26959.9227734 7796.04724409 0.0 23085.6163603 92130.708289 772439.987345 320710.742715 206230.527434 14230.541846 37600.5534228 140113.704032 0.0 4994.95610729 124616.671199 873208.667141 373159.135235 135291.343619 220712.695602 57327.2342434 666703.480058
