critload/trunk/input/1999/nle_nat.asc
ncols 720
nrows 360
xllcorner -180
yllcorner -90
cellsize 0.5
[rows 72 to 107 of 360, columns 82 to 163 of 720]
-1 -1 -1 -1 -1 -1 -1 -1 -1 -1 -1 33862.4908797 363294.880267 362385.674072 148792.907727 -1 23062.7932506 288885.15778 135348.676044 123429.926432 105213.745753 139959.507961 208923.216422 135091.476381 135063.45681 120106.370335 123789.290166 117895.53399 123113.214774 123032.76108 123502.239372 360857.740933 362125.982576 151036.009326 152448.201051 151783.315391 138367.424452 151590.126407 221829.469074 152909.330755 155850.5362 140234.970753 126550.492399 127711.135311 138574.641197 146810.360513 164008.816117 0.0 0.0 0.0 0.0 0.0 0.0 0.0 0.0 0.0 0.0 0.0 0.0 0.0 0.0 218433.292513 0.0 0.0 187005.634297 0.0 3407.47820402 0.0 0.0 0.0 0.0 73424.5192064 62488.4620459 56919.6629618 66724.2017529 190725.778574 122042.082033 104381.866161 0.0 173205.259947 8951.5987897 4995.49663031
-1 -1 -1 -1 -1 -1 -1 -1 -1 -1 -1 -1 34253.8844708 379432.926871 149998.48126 -1 -1 116522.03646 164071.507983 246070.372898 137976.745057 133438.31091 139702.136556 139911.199386 121961.087507 136650.219715 125797.521501 123185.597002 123858.659818 117761.961155 112612.71744 362291.616457 365338.943139 139000.561688 153013.75279 155261.224353 153870.6415 139263.406007 205301.07091 223288.178634 225551.489749 156547.015518 159896.491868 145624.80393 140314.402118 36746.9826132 27863.100149 387700.900924 0.0301544823442 0.0249301754005 0.0 0.0 0.0 0.0 0.0 0.0 0.0 0.0 0.0 0.0 0.0 230221.844806 220969.908831 21759.7421937 0.0 0.0 188005.177557 162388.987339 189553.266909 137914.178453 0.0 227443.664093 0.0 0.0 49415.8786946 50102.8608532 0.0 0.0 120331.181761 117769.980798 0.0 0.0
-1 -1 -1 -1 -1 -1 -1 -1 -1 -1 -1 -1 -1 80882.1771507 246336.52099 11625.8597202 -1 -1 -1 119512.288018 347720.59288 335337.280093 148110.954577 147095.718543 141631.593129 149125.755329 148403.190952 137332.859763 138898.612442 130363.68335 116886.289082 113537.916994 156268.166381 402700.878231 166781.099486 168857.223245 170085.541691 170188.9546 124150.176599 167129.960579 164020.746366 163272.121801 166785.952182 241195.314774 178761.671849 156764.702024 158330.544171 0.0 396297.872197 0.0228349477147 0.0 0.0 0.0 0.0 0.0 0.0 0.0 0.0 0.0 0.0 0.0 0.0 0.0 0.0 0.0 0.0 0.0 0.0 0.0 0.0 257628.636568 219653.688898 105319.055181 0.0 0.0 220515.210853 0.0 0.0 0.0 211096.710674 0.0 0.0
-1 -1 -1 -1 -1 -1 -1 -1 -1 -1 -1 -1 -1 -1 11743.786994 152808.82923 -1 -1 -1 -1 60885.3265345 170077.045997 340251.472877 141563.334318 146935.394247 78572.6884906 219919.359063 149947.361849 140818.44603 131479.428967 0.0 24495.3974057 88412.4825828 137232.477508 367893.286071 395171.430496 172377.631548 171037.212963 165103.17597 171159.576185 167773.178894 168729.54559 86797.0080853 238752.988467 249487.915799 181014.035965 175440.598848 171737.418422 0.0 0.0 0.0 0.0 0.0 0.0 0.0 0.0 0.0 0.0 0.0 0.0 0.0 0.0 0.0 0.0 0.028061955168 0.0 0.0 0.0 0.0 0.0 0.0 275948.672062 257252.247512 0.0 0.0 0.0 129853.463854 40800.0404962 154178.423245 476319.350495 462767.429859 0.0
-1 -1 -1 -1 -1 -1 -1 -1 -1 -1 -1 -1 -1 -1 -1 -1 -1 -1 -1 -1 -1 86590.0844989 285631.350492 152161.810347 159514.681721 83371.8046782 119395.159228 237831.490061 167566.5561 159617.029184 150252.489425 139612.886527 215263.059997 201703.659362 419502.930305 354213.107707 430388.310392 438407.562389 193896.64678 195098.07177 190147.152678 187192.42959 185915.261375 186083.377537 261383.723701 262007.275859 277633.799594 181958.501057 205523.193258 0.0 0.0 0.0 0.0 0.0 0.0 0.0 0.0 0.0 0.0 0.0 0.0 0.0656675454802 0.0 0.0 0.0 0.0 0.0 0.0 0.0 0.0 0.0331302199192 0.0 0.0 278342.120947 0.0 0.0 0.0 318022.227394 0.0 0.0 377283.39095 351031.660585
-1 -1 -1 -1 -1 -1 -1 -1 -1 -1 -1 -1 -1 -1 -1 -1 -1 -1 -1 -1 -1 -1 138480.626351 374431.712071 162660.169005 161525.929079 84100.7277309 125289.998569 172889.223345 220564.935029 251625.629784 253247.232448 210473.379059 199743.857316 185736.18421 112300.521985 396590.519616 429215.73377 181981.650962 194404.525789 192303.252899 192585.645641 139599.46565 134882.768899 125051.916291 262441.72242 275749.893001 278003.193428 211143.807512 88627.719252 0.0 0.0 0.0208529827341 0.0 0.0 0.0 0.0 0.0 0.0308035864643 0.0 0.0 0.0 0.0 0.0 0.0 0.0 0.0 0.0 0.0 0.0 0.0 0.0 0.0 0.0301772620705 0.0 369411.780383 0.0 606375.046514 0.0 38734.5679137 0.0 534495.462645
-1 -1 -1 -1 -1 -1 -1 -1 -1 -1 -1 -1 -1 -1 -1 -1 -1 -1 -1 -1 -1 164513.690312 295116.419344 255388.478725 182279.86443 339186.143428 184345.140026 183636.034032 171527.620409 100525.294717 142101.405294 104909.029738 217526.283133 218120.811123 230164.152735 240474.17785 186573.827456 219743.599242 444802.118817 388447.71894 496457.205372 227776.00823 205216.885466 210532.247403 109543.915572 128623.150991 208853.328315 285487.88518 310041.157798 0.0273905471327 0.0 0.0136258220141 0.0 0.0 0.0 0.0 0.0 0.0 0.0 0.0 0.0303650895401 0.0669095511607 0.0 0.0277584188328 0.0 0.0 0.0 0.0 0.0 0.0 0.0 0.0 0.0 0.0 0.0 0.0 584675.008468 561399.230243 42008.4182241 0.0 0.0 0.0
-1 -1 -1 -1 -1 -1 -1 -1 -1 -1 -1 -1 -1 -1 -1 -1 -1 -1 -1 -1 -1 -1 233362.456437 375878.493705 477380.907452 463287.589895 444955.842005 266909.358372 341396.456847 196652.357847 205261.326501 111065.315828 227401.613147 228997.304003 244370.48073 467085.146745 243182.738611 238765.437307 475073.22502 340048.05574 462364.898661 230130.614475 206544.281114 212897.827078 211861.201826 211934.921486 208954.220342 288633.202417 312986.927212 163683.31292 0.0 0.0 0.0 0.0 0.0 0.0 0.0 0.0 0.0 0.0 0.0 0.0 0.0 0.0 0.0 0.0 0.0 0.0 0.0777988349104 0.0 0.0 0.0 0.0 0.0 0.0 0.0 0.0 0.0 599567.575547 0.0 0.0 0.0
-1 -1 -1 -1 -1 -1 -1 -1 -1 -1 -1 -1 -1 -1 -1 -1 -1 -1 -1 -1 -1 -1 -1 0.0 285948.527496 458761.894613 203730.619822 463354.25031 128777.721111 330714.085416 0.0 0.0 278060.257326 0.267989112723 0.0 485550.840298 224451.413409 241872.892335 202374.893061 219507.306361 225267.717578 219792.718787 246017.678358 246468.321524 200680.884002 231143.028402 502279.192975 225408.547455 220146.80032 163283.802492 6663.3738523 0.0 0.069804051295 273170.556962 0.0 0.0 0.0 0.0 0.0 0.0 0.0 0.0 0.0 0.0 0.0377002930368 0.0 0.0 0.0 0.0 0.0 0.0 0.0 0.0 0.0 0.0 0.0 0.0 0.0 0.035972137838 0.0 0.0 0.0
-1 -1 -1 -1 -1 -1 -1 -1 -1 -1 -1 -1 -1 -1 -1 -1 -1 -1 -1 -1 -1 -1 -1 -1 -1 109334.504129 353594.639286 207993.705411 503416.829186 335649.747085 0.030866408618 0.0 0.0 0.0 0.0 0.0 0.0 0.0 195385.915046 234345.15219 495428.785677 441866.099745 527930.451766 542247.151815 220057.719803 198511.005921 352987.779258 479564.003685 211308.076202 244109.413001 392826.074222 0.0 0.0 266592.166146 0.0 0.0 0.0 0.0 0.0 0.0699677936695 0.0 0.0 0.0 0.0 0.0 0.0 0.0356291654481 0.0 0.0 0.0 0.0 0.0 0.0 0.0 0.0 0.0 0.0 0.0 0.0 0.0218644545156 0.0 0.0
-1 -1 -1 -1 -1 -1 -1 -1 -1 -1 -1 -1 -1 -1 -1 -1 -1 -1 -1 -1 -1 -1 -1 -1 -1 -1 -1 29135.0058688 402052.650257 540564.660415 483031.745182 0.00325074906956 0.0542523540287 554772.322417 572859.602886 308177.032265 265141.682436 257912.91902 125571.330794 200124.75335 167517.948352 232696.479682 429235.022474 495270.3624 238451.396949 456103.666663 226815.684034 510205.279923 429898.502015 247692.788975 286005.429322 184680.722902 0.0 0.0 0.0 0.0 0.0 0.0 0.330707042029 0.0 0.0 0.0 0.0 0.0 0.0 0.0 0.0 0.0 0.0 0.0 0.0 0.0 0.0 0.0 447637.070241 173933.523735 495724.982207 597408.140645 289056.755227 671433.802067 656871.352384 707188.990475
-1 -1 -1 -1 -1 -1 -1 -1 -1 -1 -1 -1 -1 -1 -1 -1 -1 -1 -1 -1 -1 -1 -1 -1 -1 -1 -1 -1 159078.36654 295712.23317 107479.42075 187753.02216 0.0 0.0 576214.778717 311123.306814 265947.286268 496734.473515 0.0 0.0 0.0 0.0 0.0 432568.249364 409971.66508 0.0 218116.845228 105639.059381 307540.991285 0.0 186947.829787 263521.381452 24964.6476369 0.0 0.732632971463 0.0 0.0 0.0 0.0 0.0 0.0 0.0 0.0821269048453 0.0 0.0 0.0 0.0 0.0 0.0 0.0 0.0 0.0 0.0 0.0 0.0 0.0 0.0 0.0 0.0 0.0 55558.431564 555717.430619
-1 -1 -1 -1 -1 -1 -1 -1 -1 -1 -1 -1 -1 -1 -1 -1 -1 -1 -1 -1 -1 -1 -1 -1 -1 -1 -1 -1 44114.6745596 469746.878921 561404.101368 537341.81432 394313.440535 0.0 574383.071493 574990.324714 0.0 0.0 0.0 0.0 0.0 0.0 0.0 0.0626204623126 191620.521559 184270.947812 251349.763637 302487.169289 0.0 0.0 193717.771399 0.0 153795.551639 0.0 0.0 0.336096241966 0.382391089857 0.0 0.0 0.0 0.0 0.164082252702 0.0 0.0 0.0 0.0 0.0 0.0 0.0 0.34749016753 0.0 0.0 0.0 0.0 558909.881912 0.0 0.0 0.0 237038.12 395028.559882 192620.056301 594570.228156
-1 -1 -1 -1 -1 -1 -1 -1 -1 -1 -1 -1 -1 -1 -1 -1 -1 -1 -1 -1 -1 -1 -1 -1 -1 -1 -1 -1 -1 253797.343588 573411.425054 493242.278704 0.0 0.0 582786.991076 579691.829646 301698.962188 0.0 0.0 0.0 0.0 0.0 0.0 0.16501979366 129622.448708 385388.219022 334229.450019 212213.955402 99357.1338378 0.0 250168.08353 0.0 280871.766123 0.0 0.0 0.0 0.0 0.195005016928 0.0 0.0 0.0 0.0 209867.228087 0.0 0.0 0.0 0.0 0.0 0.290620552944 0.0 0.0 0.0 0.0 0.0 0.0 0.0 0.0 0.0 0.0 0.0 0.0 47033.5508757
-1 -1 -1 -1 -1 -1 -1 -1 -1 -1 -1 -1 -1 -1 -1 -1 -1 -1 -1 -1 -1 -1 -1 -1 -1 -1 -1 -1 -1 28837.6076212 504382.290588 588503.524053 544104.396834 553923.148649 570644.478984 607212.612866 0.176898281311 0.0 0.0 0.0 0.0110766448133 0.0 0.0 0.0 333306.655729 372769.963108 428058.269423 250499.584762 0.0 149364.372369 0.0 0.0 0.0 0.0 0.13164934033 270585.552807 298013.412191 315175.652842 0.0 231027.03585 0.0 0.0 0.185136914584 0.0 0.0 0.0 0.0 0.0 0.0 0.0 0.0 0.0 0.0 0.0 0.0 0.0 0.0 0.0 0.0 0.0 469071.287783 610423.399659
-1 -1 -1 -1 -1 -1 -1 -1 -1 -1 -1 -1 -1 -1 -1 -1 -1 -1 -1 -1 -1 -1 -1 -1 -1 -1 -1 -1 -1 0.0 443663.582219 574584.306879 551784.834957 561449.373362 620211.207552 0.0 0.0 0.0 0.0 0.0 0.0 345302.48231 291451.205957 0.0 328656.244634 619080.831072 221780.918959 0.0 0.0 220842.524178 0.0 202028.254807 216118.904829 221366.967435 0.0 0.0 0.0 0.0 0.0 0.0 0.0 0.0 0.0 0.0 0.0 0.0 0.178769067896 0.0 0.0 0.38310193675 0.0 0.0 343794.539968 0.0 0.0 0.0 0.0 0.0 0.0 0.0 807902.6781 742599.219854
-1 -1 -1 -1 -1 -1 -1 -1 -1 -1 -1 -1 -1 -1 -1 -1 -1 -1 -1 -1 -1 -1 -1 -1 -1 -1 -1 -1 -1 -1 547821.201753 592779.388379 0.0 610290.861123 719746.398449 437119.924316 248063.267225 0.00568001806906 0.0 0.0 0.0 289969.96397 164863.016152 300599.5035 304624.205754 583803.691277 314007.036024 0.0 0.0 8365.81110557 0.0 110639.957906 184340.542519 0.316543876825 0.0 0.0 368199.713638 0.0 0.0 0.296422969921 0.0 0.200068300918 0.0 0.0 0.0 0.0 0.0 0.0 450029.389184 0.0 0.0 0.0 0.0 568854.936676 0.0 0.0 0.0 0.189031767259 0.0 0.0 0.0 0.0
-1 -1 -1 -1 -1 -1 -1 -1 -1 -1 -1 -1 -1 -1 -1 -1 -1 -1 -1 -1 -1 -1 -1 -1 -1 -1 -1 -1 -1 -1 587587.66722 0.304598210845 0.0 566329.206174 642795.952387 439782.13392 313610.23246 0.0 317768.265476 0.0 0.315820892896 182956.760292 11913.6190159 321183.311355 327552.684955 583198.698247 384464.858946 0.0 0.0 138240.391549 0.0 0.0 0.226024238294 0.0 381864.632367 515841.43165 496801.282963 269265.484898 572672.398532 0.0 0.0 0.0 0.0 0.0 0.0 0.0 0.0 0.274751875513 0.0 0.0 0.0 0.0 0.0 0.0 0.0 0.0 0.0 0.0 0.0 0.0 0.0 458797.306798
-1 -1 -1 -1 -1 -1 -1 -1 -1 -1 -1 -1 -1 -1 -1 -1 -1 -1 -1 -1 -1 -1 -1 -1 -1 -1 -1 -1 -1 87161.679065 599353.472524 0.140720304449 521444.219734 606071.3178 594550.584779 358851.770934 304307.440882 241105.797537 266107.677375 262376.913844 0.0 64742.3222326 0.0 261262.328301 314143.979743 312592.625843 0.0 0.0 78052.5170931 279576.438256 217100.803535 152329.963245 246642.187987 239402.43331 488681.484371 491507.504611 258435.574262 249424.226685 276798.550415 0.0 0.0 0.0 357368.013449 260640.361838 0.0 0.0 0.0 0.0 0.0 0.0 0.0 0.0 0.0 0.0 0.0 0.0 0.0 0.0 0.262640643257 0.0 0.0 560392.641362
-1 -1 -1 -1 -1 -1 -1 -1 -1 -1 -1 -1 -1 -1 -1 -1 -1 -1 -1 -1 -1 -1 -1 -1 -1 -1 -1 -1 -1 149639.982261 598736.54105 0.0 535579.682282 604597.766692 594177.547582 0.14397541823 122041.073966 215266.887469 0.0 0.0 207567.553596 208552.159369 218702.41293 0.0266125846629 263926.84976 316291.187 70249.8856646 325175.740862 231565.306718 305502.422369 319374.139294 305389.145399 168922.624486 261783.772986 0.0 0.0 260793.151079 80302.1391088 290212.76025 217627.97113 0.0 0.0 0.0 360114.895731 0.0 0.0 0.0 0.170869876725 0.0 0.0 512257.384836 0.141390141344 0.0 0.0 0.0 0.0 0.0 0.0 0.0 0.0 0.0 0.0
-1 -1 -1 -1 -1 -1 -1 -1 -1 -1 -1 -1 -1 -1 -1 -1 -1 -1 -1 -1 -1 -1 -1 -1 -1 -1 -1 -1 -1 182618.672874 495675.503488 619377.778665 503297.452247 560185.211486 357675.283131 0.0 0.0 0.0 0.0 141587.427743 0.0 0.0 0.0 0.0 0.0 0.0 286910.00259 295827.951195 303791.725171 307796.630633 329838.769437 289090.804873 317807.75786 0.0 0.0 74651.4750785 85133.8123816 268702.109246 277169.317341 271101.88257 0.0 0.0 0.0 0.0 0.0 0.0 0.0 0.0 0.0 0.402850294669 0.0 0.0 0.145307168934 0.0 0.0 0.0 0.0 0.0123994827347 0.0 0.153115455795 0.0 0.0
-1 -1 -1 -1 -1 -1 -1 -1 -1 -1 -1 -1 -1 -1 -1 -1 -1 -1 -1 -1 -1 -1 -1 -1 -1 -1 -1 -1 -1 366240.992695 498576.018802 334827.206428 354388.656293 309770.345104 382641.537122 0.0 0.0 0.0 0.0 0.0 0.0 0.0 0.0 0.0 0.0 0.0 361115.136105 373516.622364 380064.234225 369778.819936 386640.696558 371451.08291 0.0 0.0 0.0 272094.80715 244266.673988 273706.883981 293874.348779 291987.76541 0.0 0.0 0.0 0.0 0.0 0.0 0.0 0.0 0.0 0.0 0.0 0.0 0.101615248904 0.158897157553 0.170297585258 0.0 0.0 0.0 0.197148899272 0.0 0.227801432728 0.0
-1 -1 -1 -1 -1 -1 -1 -1 -1 -1 -1 -1 -1 -1 -1 -1 -1 -1 -1 -1 -1 -1 -1 -1 -1 -1 -1 -1 13252.3166533 444875.773623 326838.632989 322765.719481 348596.22858 297898.198152 353958.992664 0.0 0.0 0.0 0.0 0.0 244806.018139 0.0 0.0 0.0 88459.5217075 260463.875196 0.0 236319.086629 0.0 0.0 0.0 0.0 0.0 276645.955494 0.0 0.0 179092.244534 141115.010207 184884.450763 297563.917339 0.0 0.0 0.0 0.0 0.0 0.0 0.0 0.396477608218 0.0 0.445627936527 0.0 0.0 0.0 0.0 0.0 0.0 0.0 0.0 0.0 0.0 0.0 0.0
-1 -1 -1 -1 -1 -1 -1 -1 -1 -1 -1 -1 -1 -1 -1 -1 -1 -1 -1 -1 -1 -1 -1 -1 -1 -1 -1 -1 -1 381739.776905 262961.170412 321127.390739 325522.230826 314679.676598 0.0 0.0 205623.949518 233446.742938 228835.541246 149851.640532 241021.771396 242792.070762 0.0 0.0 0.0 0.0 0.0 0.0 0.0 0.0 301997.141233 0.0 0.0 290487.112493 331305.375009 288500.020313 286242.58969 0.064606884681 0.0 0.0 0.0 0.0504449870457 0.0 0.0587700658403 0.0 0.0 0.0 0.0 0.38570366798 0.0 0.00957446955968 0.160929417819 0.232923644837 0.0 0.0 0.0 0.0 0.0 0.0 0.0 0.0 0.0
-1 -1 -1 -1 -1 -1 -1 -1 -1 -1 -1 -1 -1 -1 -1 -1 -1 -1 -1 -1 -1 -1 -1 -1 -1 -1 -1 -1 -1 184092.545909 261714.634149 326966.144964 324835.927499 334099.814336 309798.926523 282820.020613 311320.702877 0.0 276991.072075 276393.62535 159788.006709 81826.034371 165985.862281 196594.187222 0.0 115658.016078 251602.055149 281811.950199 0.0 0.0 257999.380655 0.0 0.0 0.0 207062.281836 274805.916368 0.0 0.0 0.0 0.0 0.0 0.0 0.0 0.0 0.0 0.0 0.0 0.0 0.350357279746 0.0 0.360702450648 0.131068943277 0.0 0.0 0.0 0.0 0.0 0.0 0.0 0.0 0.256945396687 0.0
-1 -1 -1 -1 -1 -1 -1 -1 -1 -1 -1 -1 -1 -1 -1 -1 -1 -1 -1 -1 -1 -1 -1 -1 -1 -1 -1 -1 -1 119237.68776 262741.303891 330431.914916 348565.748227 346834.730898 351353.235575 343426.549381 303220.456006 247225.114606 260154.413742 183011.809677 204819.073629 176062.871527 137729.945273 141252.689139 0.0 120176.993213 276896.087599 218320.132349 0.0 78049.8922503 0.0 0.0 0.0 0.0 0.946531844412 300914.763701 0.0314889867112 0.0 0.0 0.0 0.0 0.0 0.0 236726.647291 580825.825761 430300.342272 0.0 0.0 0.459855898368 0.91023284859 0.181688187422 0.0 0.185519372067 0.0 0.11141411663 0.0 0.404609261427 0.0 0.0 0.26010649124 0.0 0.0
-1 -1 -1 -1 -1 -1 -1 -1 -1 -1 -1 -1 -1 -1 -1 -1 -1 -1 -1 -1 -1 -1 -1 -1 -1 -1 -1 -1 -1 230211.603342 514765.119311 350370.682656 388463.101148 803495.174287 386506.402153 384639.129917 297930.35072 330925.926742 24408.5733504 130903.813268 185957.987779 187838.004497 0.0 161301.939646 190865.246267 186055.099167 228481.007438 259509.175492 0.0 131404.28726 0.0 135451.475356 0.0 0.0 260915.328952 616871.338565 317414.004893 316116.42195 308836.119677 0.0 0.0 0.0 0.0 376586.6218 392887.669237 522705.946107 513123.676325 0.677074804004 0.0 0.0 0.0 0.390552055048 0.430817807801 0.0 0.0 0.0 0.0 0.255149002671 0.0 0.0 0.313607450845 0.292856980457
-1 -1 -1 -1 -1 -1 -1 -1 -1 -1 -1 -1 -1 -1 -1 -1 -1 -1 -1 -1 -1 -1 -1 -1 -1 -1 -1 -1 -1 286162.954592 520573.771571 354533.836746 876489.764745 0.0 390456.498834 378422.480854 356933.983964 0.0 178032.968168 166233.922597 0.0 75228.8699712 103873.44998 157217.196467 219238.552773 0.0 240798.248535 49952.6409408 0.0 68113.3005953 0.0 0.0 241467.923123 246125.507768 0.0 644506.597723 367153.850979 0.0 0.0 0.0 0.0 0.0 210068.589977 401158.670908 399460.791853 568843.564105 538818.384852 0.0 0.0 0.0 0.337749993364 0.0 0.370563998896 0.0 0.0 0.0 0.19058740353 0.0 0.0 0.0 0.0 0.0
-1 -1 -1 -1 -1 -1 -1 -1 -1 -1 -1 -1 -1 -1 -1 -1 -1 -1 -1 -1 -1 -1 -1 -1 -1 -1 -1 -1 -1 -1 512999.395981 793187.886387 427627.36425 0.27049150701 0.0 429388.134251 396647.678037 365705.179191 79515.9437242 138848.107805 0.0 44387.0087329 0.0 0.0 175339.5162 138618.237799 0.0 0.0 117559.010094 151174.834727 245566.933472 155622.612653 294257.947158 247241.861638 349593.973943 616049.684957 317960.171641 286119.389416 85850.9695775 205738.51186 0.0 0.0 402853.26123 355746.724391 437651.187025 386113.790608 476413.180184 0.0 0.153234807786 0.0 0.0 0.0 0.0 0.0 0.0 0.238850263759 0.0 0.0 0.0 0.2731755566 0.0 0.257263699798
-1 -1 -1 -1 -1 -1 -1 -1 -1 -1 -1 -1 -1 -1 -1 -1 -1 -1 -1 -1 -1 -1 -1 -1 -1 -1 -1 -1 -1 -1 415758.316878 766379.913166 812269.852198 0.0370530294765 0.0 0.0 400079.621267 317320.971244 281726.798963 0.0 0.0 0.0 177624.074353 124413.195948 262615.385075 226909.584446 0.0 0.0 107166.836746 248981.111028 0.0 268064.056539 0.0 228050.836218 242186.811222 296552.857034 0.0 0.0 0.0 0.0 0.0 257261.566401 693222.883901 382544.00506 396001.983187 395726.326411 446337.094781 0.0 0.0 0.0 0.0 0.0 0.0 0.402946517414 0.282008384949 0.0 0.0 0.0 0.279201088146 0.255790087795 0.0 0.168300483986
-1 -1 -1 -1 -1 -1 -1 -1 -1 -1 -1 -1 -1 -1 -1 -1 -1 -1 -1 -1 -1 -1 -1 -1 -1 -1 -1 -1 -1 -1 135277.168304 625910.666102 771652.058637 899661.866688 0.0 0.0 869240.73262 440345.273637 391604.245227 330016.459541 278084.960496 0.0 232521.979217 296654.939569 282254.595691 237023.098369 96243.7220651 29088.4336864 0.0 0.0 106619.276319 0.0 0.0 225219.530261 278349.81202 0.0 0.0 0.0 46038.6831479 0.0 277928.953564 0.0 143139.009028 331453.998128 368526.595088 363436.443041 317761.291488 430258.384961 0.0 0.0 0.0 0.0 0.0 0.375477956869 0.0 0.0 0.0 0.0 0.0 0.0 0.280715762254 0.0
-1 -1 -1 -1 -1 -1 -1 -1 -1 -1 -1 -1 -1 -1 -1 -1 -1 -1 -1 -1 -1 -1 -1 -1 -1 -1 -1 -1 -1 -1 -1 132280.133644 0.0 0.0 0.0380155589994 0.0259982291097 869658.904179 460578.514615 412370.050558 388888.643137 315618.733922 256795.323623 0.0 209108.024577 217689.623471 264301.761261 0.0 0.0 0.0 0.0 0.0 170665.873997 224035.005844 224731.701219 308534.107806 0.0 0.0 0.0 0.0 37463.6750791 0.0201032079062 301266.715324 387376.609431 366762.926743 366093.29546 393416.927793 0.0 399162.56048 0.0 0.0 0.0 0.0 0.0 0.0 0.0 0.0 0.0 0.330382711976 0.253136080163 0.0 0.0 0.0
-1 -1 -1 -1 -1 -1 -1 -1 -1 -1 -1 -1 -1 -1 -1 -1 -1 -1 -1 -1 -1 -1 -1 -1 -1 -1 -1 -1 -1 -1 -1 -1 130045.925505 0.0 0.106090964118 0.0 0.0 983043.003316 460397.144015 434555.058883 409618.932019 391575.969896 222452.98363 0.0 0.0 147067.127176 0.0 0.0 0.0 0.0 0.0 166559.015274 199072.428054 245590.083814 128554.017926 0.0 0.0 0.0 244050.51483 298171.421554 0.0 311883.379748 326342.019367 411897.77799 352340.264435 336703.896615 0.0 422598.203517 0.0 0.0 0.0 0.0 0.0 0.0 0.0 0.0 0.0 0.0 0.0 0.0 0.339476714898 0.321652409021
-1 -1 -1 -1 -1 -1 -1 -1 -1 -1 -1 -1 -1 -1 -1 -1 -1 -1 -1 -1 -1 -1 -1 -1 -1 -1 -1 -1 -1 -1 -1 -1 -1 221047.590675 721776.538191 855310.418689 0.0 0.0 899903.846773 443429.430803 374757.65826 353837.976401 0.0 0.0 0.0 0.0 0.0 0.0 0.0 0.0 0.0 0.0 92408.7465967 0.0 6482.09174856 0.0 0.0 0.0 0.0 0.0 0.0 372147.004674 458935.096049 354595.272985 354117.172378 361075.824373 0.0 414272.24671 257631.685963 0.0 0.0 0.0 0.0 0.0 0.0 0.0 0.268601829815 0.0 0.205422795725 0.0 0.0 0.0
-1 -1 -1 -1 -1 -1 -1 -1 -1 -1 -1 -1 -1 -1 -1 -1 -1 -1 -1 -1 -1 -1 -1 -1 -1 -1 -1 -1 -1 -1 -1 -1 -1 38060.7902249 0.0 903417.230997 582867.643966 0.0 0.0 0.0 466714.566335 472553.181685 0.0 0.0 0.0 0.0 0.0 0.0 0.0 0.0 0.0 0.0 0.0 15514.8758792 0.0 0.0 0.0 0.0 0.0 0.0 0.0 0.0 0.0 0.0 382749.568207 385139.108499 0.0 430900.472565 0.0 0.0 0.0 0.0 0.0 0.0 0.0 0.0 0.320497518064 0.0 0.295346906764 0.0 0.0 0.0
-1 -1 -1 -1 -1 -1 -1 -1 -1 -1 -1 -1 -1 -1 -1 -1 -1 -1 -1 -1 -1 -1 -1 -1 -1 -1 -1 -1 -1 -1 -1 -1 -1 -1 654782.519844 1035763.69811 848501.085554 641465.835017 0.0 0.0 416557.765014 468106.405496 0.0 0.0 0.0 0.0 0.0 0.0 0.0 0.0 0.0 0.0 0.0 0.0 0.0 0.0 0.0 0.0 0.0 0.0 0.0 0.0 0.0 0.0 387856.939411 0.0150537130525 0.0 429592.386762 0.0 0.0 0.0 0.0 0.0 0.593531673953 0.0 0.385266297643 0.0 0.0 0.0 0.0 0.270936811943 0.0
