critload/trunk/input/1999/nle_nat.asc
ncols 720
nrows 360
xllcorner -180
yllcorner -90
cellsize 0.5
NODATA_value -1
[rows 175 to 209 of 360, columns 400 to 479 of 720]
558472.440682 1638990.27103 1600387.28818 1303113.86921 1103619.4903 1362829.69934 1412688.69099 1538878.24123 1587781.6588 1413447.95349 1162033.84068 1134275.04852 1519377.9364 1517432.6077 1128590.25719 1078045.40517 1093895.48512 1108212.79525 1163563.29304 1121102.87408 752839.611548 649820.29933 251984.376747 0.0 0.0 162090.423638 0.0 0.0 555040.15881 681648.532629 714836.383216 291281.600294 0.0 0.0 0.0 0.0 0.0 0.0 0.0 0.0 0.0 0.0 0.0 0.0 0.0 0.0 0.0 0.0 0.0 0.0 0.0 0.0 7863.78480772 -1 -1 -1 -1 -1 -1 -1 -1 -1 -1 -1 -1 -1 -1 -1 -1 -1 -1 -1 -1 -1 -1 -1 -1 -1 -1 -1
693910.557669 1603005.23265 1693832.92271 1632564.41515 1622882.10266 1629131.04699 1669286.1221 1537150.18788 1632714.52929 1683506.28376 1421797.00361 1414399.25956 1433053.7876 1425935.96789 1424356.22512 1421533.68402 1299123.43113 1195553.69708 1154423.37712 689916.790322 555228.222786 348544.254091 0.0 488823.626381 366838.186434 144923.505985 0.0 2917.02013755 378655.665962 700735.364028 998222.246673 0.0 0.0 826168.352053 0.0 0.0 0.0 0.0 0.0 0.0 0.0 0.0 0.0 0.0 0.0 0.0 0.0 0.0 0.0 0.0 0.0 -1 -1 -1 -1 -1 -1 -1 -1 -1 -1 -1 -1 -1 -1 -1 -1 -1 -1 -1 -1 -1 -1 -1 -1 -1 -1 -1 -1 -1
798371.492071 1795113.22452 1730528.79086 1729478.23474 1700366.62295 1696715.19397 1625003.0564 1565384.18027 1614408.9678 1659144.64874 1612334.0 1470540.4717 1455666.47938 1410504.42015 1305007.42342 1042630.93557 950287.574514 96055.0897953 0.0 746970.550874 393243.678014 0.0 285402.588875 528628.404591 354883.747995 106585.228165 0.0 182956.695641 496306.139935 509723.017721 1314556.59115 1042596.94451 0.0 0.0 0.0 0.0 0.0 0.0 0.0 0.0 0.0 0.0 0.0 0.0 0.0 0.0 0.0 0.0 0.0 0.0 -1 -1 -1 -1 -1 -1 -1 -1 -1 -1 -1 -1 -1 -1 -1 -1 -1 -1 -1 -1 -1 -1 -1 -1 -1 -1 -1 -1 -1 -1
1848684.38095 1844683.60611 1827257.64321 1800822.64862 1716077.58093 1707294.97942 1701174.07277 1429567.68746 1360369.65136 1529206.9535 1352168.68738 1406654.41032 1374085.715 1292560.15045 1237052.93837 1244871.93385 693482.421402 0.0 384368.620379 535428.473708 292661.788347 850105.541066 957658.074221 7389.67498276 591460.650844 106214.871588 0.0 80928.4986928 173133.818248 317828.763816 264094.501342 941058.054639 0.0 70550.5868678 0.0 0.0 0.0 0.0 0.0 0.0 0.0 0.0 0.0 0.0 0.0 0.0 0.0 0.0 -1 -1 -1 -1 -1 -1 -1 -1 -1 -1 -1 -1 -1 -1 -1 -1 -1 -1 -1 -1 -1 -1 -1 -1 -1 -1 -1 -1 -1 -1 -1 -1
1880944.32358 1891053.16868 1882474.90005 1874684.06184 1783242.28287 1752407.70332 1762463.76787 1664416.66342 1720431.26352 1627374.18782 1411796.99447 1328641.90288 1399541.21661 1312207.41476 1282165.22056 650191.294578 0.0 403938.600586 987543.100737 794011.752374 1092999.69583 0.0 439476.562037 532834.264329 195767.472402 0.0 0.0 0.0 98267.273301 258853.860692 752934.68573 913305.709414 517735.208955 207399.492852 923447.097708 118947.048928 0.0 0.0 0.0 0.0 0.0 0.0 0.0 0.0 0.0 0.0 0.0 -1 -1 -1 -1 -1 -1 -1 -1 -1 -1 -1 -1 -1 -1 -1 -1 -1 -1 -1 -1 -1 -1 -1 -1 -1 -1 -1 -1 -1 -1 -1 -1 -1
1845260.32094 1814129.30298 1842916.12322 1813473.37172 1842523.81497 1816335.16508 1811663.11049 1604614.48696 1710716.55283 1792205.57379 1704006.85083 1657154.50101 1401189.2714 1250331.17357 1293760.78835 742304.332836 1137517.34045 1332727.01244 1153455.94151 0.0 1129542.33152 735067.946312 638483.094084 0.0 0.0 0.0 0.0 0.0 0.0 0.0 834948.615485 566076.250149 413125.21167 447260.321757 397958.103544 227845.444244 0.0 0.0 0.0 0.0 0.0 0.0 0.0 0.0 0.0 0.0 -1 -1 -1 -1 -1 -1 -1 -1 -1 -1 -1 -1 -1 -1 -1 -1 -1 -1 -1 -1 -1 -1 -1 -1 -1 -1 -1 -1 -1 -1 -1 -1 -1 -1
1923893.84394 1906764.38685 1926210.85558 1819674.15036 1756503.45927 1745117.80675 1618392.27874 1785394.18666 1735676.48771 1794404.24577 1756406.62138 1745764.61581 1541218.25634 1521253.30751 1502697.07934 1337937.89784 1306534.89078 1221538.92047 951320.489258 1025742.04826 436099.223749 636749.00811 828833.236435 300522.633759 0.0 0.0 0.0 0.0 0.0 236515.492358 548492.274418 389712.275156 267359.871412 340048.819976 121000.724126 437353.617941 0.0 0.0 0.0 0.0 0.0 0.0 0.0 0.0 0.0 -1 -1 -1 -1 -1 -1 -1 -1 -1 -1 -1 -1 -1 -1 -1 -1 -1 -1 -1 -1 -1 -1 -1 -1 -1 -1 -1 -1 -1 -1 -1 -1 -1 -1 -1
1944204.85233 1940390.81851 1889326.98215 1896255.96688 1818659.05486 1581408.03542 1575255.29766 1786522.10875 1646869.57464 1619429.67607 1803372.68352 1740255.8554 1508703.46306 1532227.89802 1294762.2985 971955.863943 1355368.84595 1194354.61272 1671287.44704 1163592.31471 278895.251724 868510.966268 1040990.6238 846318.574892 0.0 0.0 0.0 0.0 117728.578365 925715.110336 952289.770954 777692.288044 306051.982989 312474.217121 506870.250571 0.0 645934.713955 0.0 0.0 0.0 0.0 16723.1454663 263962.249637 0.0 -1 -1 -1 -1 -1 -1 -1 -1 -1 -1 -1 -1 -1 -1 -1 -1 -1 -1 -1 -1 -1 -1 -1 -1 -1 -1 -1 -1 -1 -1 -1 -1 -1 -1 -1 -1
1921784.08732 1928290.66192 1911556.41996 1898903.44329 1858669.91703 1854664.84781 1856254.43862 1841037.52915 1846806.31931 1650880.54189 1795855.0438 1588978.54961 1564241.28731 1512144.69255 1483840.1089 1501298.89764 1284909.6179 1289833.81167 523519.075365 904564.379154 549955.255988 621332.945104 930192.0334 328810.66792 0.0 0.0 0.0 0.0 173156.166008 188919.466897 1123120.66934 0.0 0.0 0.0 666362.2252 404803.854227 365072.451221 0.0 0.0 0.0 290576.295989 310726.354223 0.0 0.0 -1 -1 -1 -1 -1 -1 -1 -1 -1 -1 -1 -1 -1 -1 -1 -1 -1 -1 -1 -1 -1 -1 -1 -1 -1 -1 -1 -1 -1 -1 -1 -1 -1 -1 -1 -1
1894657.8922 1897193.93517 1911384.06475 1877294.41058 1886885.87548 1878795.97932 1870148.11545 1873868.51148 1831201.83219 1643497.7856 1618088.99323 1627541.45141 1586264.77933 1565397.45016 1542146.29305 1249715.93816 1040672.43296 1033568.27521 519914.045192 244980.175523 171901.144117 585149.375053 1035600.88336 0.0 0.0 0.0 0.0 0.0 0.0 0.0 0.0 740686.872444 0.0 585790.835327 0.0 695019.856958 436970.376511 0.0 0.0 0.0 0.0 487905.83503 33522.9186513 -1 -1 -1 -1 -1 -1 -1 -1 -1 -1 -1 -1 -1 -1 -1 -1 -1 -1 -1 -1 -1 -1 -1 -1 -1 -1 -1 -1 -1 -1 -1 -1 -1 -1 -1 -1 -1
1864726.03192 1877632.72 1882516.61195 1891601.44305 1886487.79431 1881317.84726 1831173.76532 1877000.53889 1815711.45715 1636592.89511 1628177.06228 1520962.47202 1458070.78333 1485113.64595 1431674.81873 1093906.97952 1034380.21177 813804.388066 413708.999559 103599.479625 0.0 611643.003254 1045457.47094 0.0 99869.9251211 331286.819671 341586.335245 66244.3936037 0.0 0.0 0.0 675416.296584 0.0 482829.341652 750926.234922 506523.330472 950013.256037 0.0 0.0 986726.092314 672672.882933 0.0 -1 -1 -1 -1 -1 -1 -1 -1 -1 -1 -1 -1 -1 -1 -1 -1 -1 -1 -1 -1 -1 -1 -1 -1 -1 -1 -1 -1 -1 -1 -1 -1 -1 -1 -1 -1 -1 -1
1831135.09345 1836518.27745 1859675.21214 1850317.57242 1792607.75021 1824179.34766 1719103.54268 1720424.02498 1770512.06394 1628411.12197 1630970.90637 1473914.63102 1551815.93103 1585976.58975 1042949.59945 1039316.11444 832421.04893 848348.678999 248978.053374 130967.576021 211104.934171 584822.728754 1026626.46469 881373.601066 230630.464467 93715.5138353 116343.45395 185284.847303 0.0 297328.47497 426221.827836 705519.261219 179952.340886 939828.783601 409772.502135 810768.221206 840830.041631 0.0 0.0 804549.884732 116148.158598 -1 -1 -1 -1 -1 -1 -1 -1 -1 -1 -1 -1 -1 -1 -1 -1 -1 -1 -1 -1 -1 -1 -1 -1 -1 -1 -1 -1 -1 -1 -1 -1 -1 -1 -1 -1 -1 -1 -1
1807340.40311 1802644.84262 1795872.45004 1699201.52809 1773314.82136 1820156.96972 1515593.22575 1371751.98525 1375284.14175 1309182.76718 1519547.97325 1355693.92651 1108842.96211 1142577.10989 1005462.89681 1129702.3907 973708.499547 733279.354844 394510.228126 529484.144046 485214.644427 1350326.68411 1217769.70203 0.0 769822.790875 0.0 190871.476413 105113.934692 221708.013867 0.0 0.0 0.0 455402.330133 640172.852715 526130.734121 927594.864217 0.0 0.0 0.0 390504.672164 -1 -1 -1 -1 -1 -1 -1 -1 -1 -1 -1 -1 -1 -1 -1 -1 -1 -1 -1 -1 -1 -1 -1 -1 -1 -1 -1 -1 -1 -1 -1 -1 -1 -1 -1 -1 -1 -1 -1 -1
1278181.41286 1232557.1853 1670836.53603 1618761.26213 1700649.99353 1671521.85636 1758335.06821 1693701.86474 1338973.1612 960884.701668 1116209.94776 1134953.84507 1007883.69448 1015065.75433 761022.162031 1113612.95523 1200776.86931 1252664.80939 0.0 419322.927493 993263.605503 0.0 1234724.32913 921617.908129 434738.68356 0.0 345143.194615 0.0 138036.790486 467893.473004 662313.473713 796591.820909 908427.056199 502221.277422 510729.128253 712147.620104 561834.31113 0.0 0.0 22141.3354526 -1 -1 -1 -1 -1 -1 -1 -1 -1 -1 -1 -1 -1 -1 -1 -1 -1 -1 -1 -1 -1 -1 -1 -1 -1 -1 -1 -1 -1 -1 -1 -1 -1 -1 -1 -1 -1 -1 -1 -1
1179990.92762 1663403.11842 1094004.58209 1177695.91524 1635132.18309 1689241.36674 1673460.41295 1633526.27616 1427831.10829 854968.63088 1118711.48931 1100419.7844 1104373.95598 971920.571015 1067951.62893 836064.035622 1369496.39276 1173910.41313 0.0 315823.591794 1131144.00112 1003683.25376 1182751.91733 657778.758877 933904.931389 775022.902141 454133.580132 98301.4758157 775018.399014 647716.980417 465770.527789 400721.174812 329231.907611 393700.933424 292981.755878 306910.938185 1009941.10001 537754.630799 149871.355181 95164.7421694 -1 -1 -1 -1 -1 -1 -1 -1 -1 -1 -1 -1 -1 -1 -1 -1 -1 -1 -1 -1 -1 -1 -1 -1 -1 -1 -1 -1 -1 -1 -1 -1 -1 -1 -1 -1 -1 -1 -1 -1
1152045.22428 1565452.45368 1063118.49471 1098533.58176 1221535.1813 1281822.18148 1249687.06227 1138775.84348 1123648.58772 965298.690903 937658.967389 1068018.40326 898631.686567 1287675.27954 1111251.89825 55557.6485751 0.0 1419076.23154 0.0 0.0 1052529.78713 1288519.09454 1149382.88107 1117539.15064 956875.375105 0.0 340032.363347 0.0 0.0 136218.171244 0.0 570928.287543 472573.188359 0.0 406790.579345 1004260.47189 940586.605894 0.0 66791.4282064 64573.5815223 -1 -1 -1 -1 -1 -1 -1 -1 -1 -1 -1 -1 -1 -1 -1 -1 -1 -1 -1 -1 -1 -1 -1 -1 -1 -1 -1 -1 -1 -1 -1 -1 -1 -1 -1 -1 -1 -1 -1 -1
1068832.92849 1057833.4766 1152160.48773 1119699.13042 985748.705935 1205011.22753 1084626.02586 1199956.27426 1220228.76751 926652.03587 1042204.34371 1059024.54429 1508096.61792 1230859.76846 1149005.37201 1183870.6355 882309.354179 1101095.59916 454427.496849 0.0 1414354.99584 1582463.3294 232656.048758 794073.536749 775877.557492 523955.410896 0.0 0.0 0.0 83583.4357702 92067.0490548 520777.608077 0.0 697826.888239 0.0 0.0 96224.8202109 573680.599452 0.0147334319347 -1 -1 -1 -1 -1 -1 -1 -1 -1 -1 -1 -1 -1 -1 -1 -1 -1 -1 -1 -1 -1 -1 -1 -1 -1 -1 -1 -1 -1 -1 -1 -1 -1 -1 -1 -1 -1 -1 -1 -1 -1
1505216.69548 883705.436269 989340.825927 1107985.79795 1066596.89891 1022835.3029 853891.56494 355371.208182 1191351.33841 1020116.11679 832922.918094 1220854.55777 1330051.06983 1312722.42969 1346684.63595 1283731.2606 1103801.61519 773597.305017 0.0 0.0 1007773.58195 1297578.6182 1127207.4955 593832.996506 252856.892334 0.0 0.0 0.0 0.0 0.0 0.0 561318.166158 35161.2532045 616361.272543 376213.748528 646903.641655 0.0 499321.339017 36697.866125 0.00784018955769 -1 -1 -1 -1 -1 -1 -1 -1 -1 -1 -1 -1 -1 -1 -1 -1 -1 -1 -1 -1 -1 -1 -1 -1 -1 -1 -1 -1 -1 -1 -1 -1 -1 -1 -1 -1 -1 -1 -1 -1
1644086.76267 1326931.47516 839322.689419 989222.992526 1146290.12335 1207110.63641 992566.665046 555596.713482 813604.118986 1685953.61687 1373392.90818 1269466.01576 1127428.50619 1332712.06577 1352825.13376 1259662.09816 1147634.6071 1158784.70183 1180070.70763 0.0 0.0 782377.074376 496463.046889 1051050.55985 0.0 0.0 0.0 55054.2160812 0.0 0.0 0.0 405575.580604 564018.213896 638671.573534 467190.705284 477724.512407 862345.895384 1030133.98797 193706.795347 -1 -1 -1 -1 -1 -1 -1 -1 -1 -1 -1 -1 -1 -1 -1 -1 -1 -1 -1 -1 -1 -1 -1 -1 -1 -1 -1 -1 -1 -1 -1 -1 -1 -1 -1 -1 -1 -1 -1 -1 -1
1911608.83209 1461970.85646 1345808.48614 875703.703374 1008830.12225 1049894.87403 982435.421681 889586.276899 1438461.47435 1228676.44961 1594843.32631 1466320.83626 1467334.21201 1373496.06353 1204219.37096 1154867.25127 961112.587352 877765.752194 809149.391306 744929.765297 0.0 560856.089484 344326.603196 1080216.9913 853361.209538 0.0 685987.280385 1047055.30378 856215.981673 493806.696217 549636.32501 0.0 775524.898845 979849.599515 1063326.10583 1244745.99944 638208.597704 1147170.79675 655651.888414 -1 -1 -1 -1 -1 -1 -1 -1 -1 -1 -1 -1 -1 -1 -1 -1 -1 -1 -1 -1 -1 -1 -1 -1 -1 -1 -1 -1 -1 -1 -1 -1 -1 -1 -1 -1 -1 -1 -1 -1 -1
994210.654637 1420060.10748 694191.711738 978798.309469 1489055.91585 1560113.72778 1514249.57765 1438617.6166 1476446.42137 1367340.21116 1433663.73855 1257910.62616 1184922.96698 1159362.25016 1038173.79132 1581978.31522 1000307.82788 1049588.82028 1273731.5142 887546.292224 0.0 0.0 1007939.06017 0.0 0.0 1057513.06536 1243497.02296 741558.799169 0.0 631004.224416 439934.578495 832074.159595 896705.701604 1116352.46802 1192957.82671 995661.320494 533671.422077 1087057.28855 655957.038378 55509.954202 -1 -1 -1 -1 -1 -1 -1 -1 -1 -1 -1 -1 -1 -1 -1 -1 -1 -1 -1 -1 -1 -1 -1 -1 -1 -1 -1 -1 -1 -1 -1 -1 -1 -1 -1 -1 -1 -1 -1 -1
1227179.28128 1210579.72291 362509.096698 853232.911433 1754694.90684 1456301.38228 1480215.0905 1356244.76845 1262499.01062 1357825.98108 1241820.1197 1110535.46599 833212.041525 0.0 1676043.75054 1664649.95765 1138875.27418 1248668.8058 1251516.47515 960926.959068 1064505.86849 0.0 707452.106006 1003488.33549 130434.215992 0.0 593015.972299 769098.602477 603714.280919 329439.499713 780200.801681 611751.130195 904246.771661 993861.432853 1444749.75687 942263.23639 942734.375002 1031469.05731 659564.187773 -1 -1 -1 -1 -1 -1 -1 -1 -1 -1 -1 -1 -1 -1 -1 -1 -1 -1 -1 -1 -1 -1 -1 -1 -1 -1 -1 -1 -1 -1 -1 -1 -1 -1 -1 -1 -1 -1 -1 -1 -1
1819310.80863 883610.308861 1098258.14823 972684.82811 1492467.00766 1430350.01146 1462844.97133 1322431.38652 1374809.4175 1397235.00071 1197225.16234 1013210.17987 0.0 974946.315576 1869424.15316 1212713.12924 948061.960891 0.0 641252.106368 0.0 1143671.77107 903224.226197 396427.330879 959788.517104 85295.7308287 0.0 566754.080848 399145.721683 453097.147023 676233.185912 966717.535076 1197027.88582 1029371.97409 1436769.49006 1284528.30645 1303318.86108 924703.811421 640218.573118 847176.325842 -1 -1 -1 -1 -1 -1 -1 -1 -1 -1 -1 -1 -1 -1 -1 -1 -1 -1 -1 -1 -1 -1 -1 -1 -1 -1 -1 -1 -1 -1 -1 -1 -1 -1 -1 -1 -1 -1 -1 -1 -1
1513322.27828 1049795.39077 1585389.65682 882106.731841 1643184.16665 1547714.06457 1489992.93853 1261883.56471 1328797.23553 1423470.44078 1355325.33292 675129.303385 944050.396562 1328820.3583 1051722.02613 1590090.7054 958660.214801 0.0 894151.842011 1097522.2813 1020942.22027 1012898.88278 845768.010424 591449.628473 377495.680759 172522.225296 302362.045445 639201.166964 638205.245887 733951.28406 1081170.74494 1240200.55957 1226046.64766 1425437.42342 1159401.31408 1381556.13991 408971.929608 450038.482439 554430.74052 95238.7150311 -1 -1 -1 -1 -1 -1 -1 -1 -1 -1 -1 -1 -1 -1 -1 -1 -1 -1 -1 -1 -1 -1 -1 -1 -1 -1 -1 -1 -1 -1 -1 -1 -1 -1 -1 -1 -1 -1 -1 -1
1426435.39672 1505462.20248 1552325.54649 1559007.47553 1455879.22842 1236437.35781 1411433.65754 1422272.76198 1293748.74634 1371109.89137 1398356.94355 992835.817786 1836721.49347 999344.908061 303323.326902 1576685.62812 983079.76921 482987.920497 940486.698066 1093542.88674 951165.221496 931638.287455 784419.145714 379871.240817 0.0 391792.855613 387004.19809 1028044.25482 0.0 717677.34772 813487.140167 1258167.34088 1322958.00966 1168864.63623 1108492.77145 1367399.9493 419834.291542 839666.638254 1218018.23236 140525.292107 -1 -1 -1 -1 -1 -1 -1 -1 -1 -1 -1 -1 -1 -1 -1 -1 -1 -1 -1 -1 -1 -1 -1 -1 -1 -1 -1 -1 -1 -1 -1 -1 -1 -1 -1 -1 -1 -1 -1 -1
923445.045492 958989.511655 1432777.9609 1456011.68543 1172749.59943 1284332.25829 1323625.23692 1304804.34284 1168682.39411 1337928.48556 1337546.13196 1319241.43503 1532724.88331 1083563.88866 449398.760158 1933886.36755 1741040.62374 950827.233243 984465.433283 1074844.83481 1156094.32275 1091743.18741 1004048.26083 0.0 421763.653405 1053448.58206 393334.076298 847837.878716 0.0 768324.279402 1153088.16149 1213670.79927 1220301.72864 1288636.20393 1250579.81715 1519062.64042 325355.311165 701649.655911 853907.321914 232999.178355 414156.844345 -1 -1 -1 -1 -1 -1 -1 -1 -1 -1 -1 -1 -1 -1 -1 -1 -1 -1 -1 -1 -1 -1 -1 -1 -1 -1 -1 -1 -1 -1 -1 -1 -1 -1 -1 -1 -1 -1 -1
758992.580552 964504.055869 1451454.25686 1631815.30112 1351476.54397 1582329.12409 1333997.62386 1260956.93785 1284428.94211 1360500.81327 1405633.70238 1006789.60586 1402342.19659 1195154.64869 792164.061961 1698963.08367 1835275.55587 893968.059527 919286.190866 0.0 950986.91481 870674.185317 754828.882572 890396.498717 903291.244021 1713565.5558 1083141.1688 641176.194609 163446.237948 544619.502949 1112500.9038 1138073.2461 1230020.90006 1373860.83896 1053654.14304 496376.790336 286911.720776 692325.769231 919846.323743 1106776.90794 834427.955833 53076.5917048 -1 -1 -1 -1 -1 -1 -1 -1 -1 -1 -1 -1 -1 -1 -1 -1 -1 -1 -1 -1 -1 -1 -1 -1 -1 -1 -1 -1 -1 -1 -1 -1 -1 -1 -1 -1 -1 -1
1380057.60218 974673.115791 240574.171943 160061.278082 1194293.59555 1512805.87482 912966.977058 1183658.252 1220171.38788 1422536.48136 1244698.30557 1150768.66495 1462861.89002 1347239.06987 1106200.56526 1021667.66286 1276458.39875 820358.724406 825915.02862 30115.4431459 119074.590792 905695.018985 866982.711475 703362.936078 1184482.89636 1098236.30171 960685.331248 887400.554791 451684.110295 424739.442006 1182832.57993 1292563.55569 1330276.48166 1235884.06131 1142628.05422 368312.346933 151589.844376 380925.263218 751401.797709 1271712.6059 995965.323308 58820.7835728 -1 -1 -1 -1 6545.97350289 -1 -1 -1 -1 -1 -1 -1 -1 -1 -1 -1 -1 -1 -1 -1 -1 -1 -1 -1 -1 -1 -1 -1 -1 -1 -1 -1 -1 -1 -1 -1 -1 -1
1463084.35032 678054.645295 457024.04681 606172.962367 169257.973271 333871.698129 1349808.85564 1410510.1707 1757178.54275 1524698.1759 1205918.71629 1227108.15725 1372206.05427 1496669.71881 1119547.73008 1248923.51528 1267657.50677 967555.816428 1064953.33352 117243.571529 433744.836551 836125.181995 929401.388074 1416293.07425 1307276.80023 1302903.88845 349841.739509 898731.161092 780642.00531 0.0 790168.217084 600825.325655 554492.578552 525371.950884 309578.091 162204.265683 107430.423269 140457.846552 248684.457192 1023525.26342 777188.531169 -1 -1 -1 -1 -1 110763.896833 -1 -1 -1 -1 -1 -1 -1 -1 -1 -1 -1 -1 -1 -1 -1 -1 -1 -1 -1 -1 -1 -1 -1 -1 -1 -1 -1 -1 -1 -1 -1 -1 -1
1748410.04419 277770.765642 308578.323336 327297.439347 424598.739161 785244.539596 1135300.63407 1208697.13894 1887410.64323 1528539.27204 1377736.77996 1261175.79642 1116651.80338 814061.312886 748809.650171 684145.46889 1399790.93068 1193380.43129 1039238.332 785867.039884 820777.550361 1171309.66675 1534222.12829 1497917.64311 1445076.77875 865550.43451 270135.649415 687288.284247 0.0 332450.862671 510008.836299 1108520.46353 859015.61281 922800.124117 164036.378787 174100.691465 161510.980346 0.0 111540.827896 752414.918535 400926.248702 -1 -1 -1 -1 -1 -1 19629.6874856 0.0 0.0 -1 -1 -1 -1 -1 -1 -1 27214.8411728 191459.302307 0.0 -1 -1 -1 -1 -1 -1 -1 -1 -1 -1 -1 -1 -1 -1 -1 -1 -1 -1 -1 -1
1512310.46755 1250168.98031 108828.521001 90631.2165893 116450.475596 0.0 1447803.63426 1239047.11213 1358352.60853 1676400.2381 1327566.39972 1302784.66245 1374806.22491 892980.195938 830557.000716 581014.854153 467226.344174 1314455.74196 1317532.26023 1107381.05238 1127962.29422 1072275.07683 1616876.80402 1450731.24111 1307589.47634 399673.030802 633108.37969 628898.120978 454552.616662 235592.238822 603779.165143 629528.072547 946962.979651 908000.880102 168916.374216 118571.431066 33146.8682448 52383.5177738 8299.03421049 633641.580609 32969.3820107 27645.5698714 -1 -1 -1 -1 -1 -1 -1 -1 198855.470509 -1 -1 -1 -1 -1 -1 75921.7232503 469571.143174 72940.9562887 -1 -1 -1 -1 -1 -1 -1 -1 -1 -1 -1 -1 -1 -1 -1 -1 -1 -1 -1 -1
1887800.07773 1635271.68462 1188416.75494 0.0 0.0 179203.988903 1775650.12449 1574625.7196 0.0 1487460.65577 1610698.72094 1405491.45933 1332362.11165 1288028.29896 1091807.67285 933693.405136 737752.850764 815842.181195 1055516.1836 621438.766817 503385.328283 622372.705455 1074070.19886 1488489.32357 1224599.20997 220615.662377 452674.831034 640441.975724 437512.003715 81206.4689903 445096.050846 751171.312358 628851.514514 736146.534848 604766.827371 565505.582471 136430.984279 161126.770236 154724.164346 200916.73244 175358.466125 561.070939475 -1 -1 -1 -1 -1 -1 -1 -1 -1 -1 -1 -1 -1 -1 32678.5997587 192601.533283 238678.938573 273608.932118 0.0 -1 -1 -1 -1 -1 -1 -1 -1 -1 -1 -1 -1 -1 -1 -1 -1 -1 -1 -1
1798795.31795 1822567.69574 1919161.69339 1264582.43584 0.0 121405.951527 1375875.07971 1731126.06367 1242648.70693 1514726.19941 1392911.18547 1258822.23443 1002291.64069 1012704.21959 555208.513898 792106.628853 915326.653028 498404.653141 747335.306884 1247434.62433 1312304.2446 1018593.59829 1257370.08985 800267.230675 168260.066696 289085.494021 649758.681607 883837.065879 251019.011346 0.0 455357.110896 690118.036642 422066.599675 673368.072475 584211.595887 333139.853698 194211.687702 173516.27637 99394.9069353 237547.140971 1047756.08952 30158.5502446 -1 -1 -1 -1 -1 -1 -1 -1 -1 -1 -1 -1 -1 23592.2716324 587924.938146 455241.430431 427527.39958 607834.465182 149375.11806 -1 -1 -1 -1 -1 -1 -1 -1 -1 -1 -1 -1 -1 -1 -1 -1 -1 -1 -1
1783383.20733 1832489.05628 1824489.9865 1727657.38531 0.0 0.0 81511.91503 0.0 1838791.63827 1582082.91654 1281646.81167 197852.113638 1103167.31277 802864.98132 242099.684979 192848.217087 625582.882298 0.0 758012.364088 1275738.10718 1155161.15371 734940.138248 494139.971414 143919.046392 142656.922523 617058.087704 406115.343447 732631.169793 1008865.84378 0.0 43931.0640937 0.0 0.0 0.0 0.0 171316.728606 104074.498197 205484.319038 697640.683522 241747.041091 751198.520894 72228.4647275 -1 -1 -1 -1 -1 -1 -1 -1 -1 -1 -1 -1 -1 115999.745421 563837.037782 480147.797129 995492.341753 799970.123293 123866.173253 -1 -1 -1 -1 -1 -1 -1 -1 -1 -1 -1 -1 -1 -1 -1 -1 -1 -1 -1
1768624.93279 1674099.07853 1741747.15546 1571978.01525 0.0 0.0 135263.225731 612931.111434 1562796.95738 1204109.76657 622047.097285 700504.256126 0.0 0.0 0.0 536199.635377 896182.46441 519285.155081 460175.998 0.0 1331963.52609 1203816.89466 318291.355376 140601.310197 179294.537561 322818.210955 494239.348132 247130.306988 49972.1996505 806379.975569 698359.042795 606981.438337 169780.84842 242098.474528 17160.2039136 99475.3711854 317828.081977 370094.828378 499020.338007 622079.898818 1229603.90352 550945.788836 -1 -1 -1 -1 -1 -1 -1 -1 -1 -1 -1 -1 99933.5008611 377331.459108 467828.28888 388360.847032 830465.061397 720506.127887 167405.187581 -1 -1 -1 -1 -1 -1 -1 -1 -1 -1 -1 -1 -1 -1 -1 -1 -1 -1 -1
