critload/trunk/input/1999/nle_ag.asc
ncols 720
nrows 360
xllcorner -180
yllcorner -90
cellsize 0.5
[rows 74 to 110 of 360, columns 83 to 165 of 720]
-2.0 -2.0 -2.0 -2.0 -2.0 -2.0 -2.0 -2.0 -2.0 -2.0 -2.0 -2.0 0.0 0.0 0.0 -2.0 -2.0 -2.0 0.0 0.0 0.0 0.0 0.0 0.0 0.0 0.0 0.0 0.0 0.0 0.0 0.0 0.0 0.0 0.0 0.0 0.0 0.0 0.0 0.0 0.0 0.0 0.0 0.0 0.0 0.0 0.0 0.0 0.0 1158758.49572 864141.514455 945454.620651 863026.934211 0.0 1526784.46942 1218741.95584 1182786.79971 1181914.01057 1661418.54347 1322150.1566 1397795.99679 1437997.64368 1373836.37587 1392493.70683 1374353.04498 0.0 1438159.68171 1451438.77338 1169810.10643 1185903.75267 0.0 0.0 0.0 0.0 0.0 0.0 0.0 0.0 0.0 0.0 0.0 0.0 0.0 0.0
-2.0 -2.0 -2.0 -2.0 -2.0 -2.0 -2.0 -2.0 -2.0 -2.0 -2.0 -2.0 -2.0 0.0 0.0 -2.0 -2.0 -2.0 -2.0 0.0 0.0 0.0 0.0 0.0 0.0 0.0 0.0 0.0 0.0 0.0 0.0 0.0 0.0 0.0 0.0 0.0 0.0 0.0 0.0 0.0 0.0 0.0 0.0 0.0 0.0 0.0 0.0 1304004.10968 986847.723363 775766.350119 692956.120006 940862.723777 0.0 0.0 1147007.53138 1193254.1168 1234266.56568 1565809.70252 1356207.17358 1449586.01572 1502026.71896 1400802.42512 1377909.49613 1437502.49041 1444960.56671 1467657.25367 1437128.07028 1433825.53869 1188703.03254 1159201.86865 0.0 0.0 0.0 0.0 0.0 0.0 0.0 0.0 0.0 0.0 0.0 0.0 0.0
-2.0 -2.0 -2.0 -2.0 -2.0 -2.0 -2.0 -2.0 -2.0 -2.0 -2.0 -2.0 -2.0 -2.0 -2.0 -2.0 -2.0 -2.0 -2.0 -2.0 0.0 0.0 0.0 0.0 0.0 0.0 0.0 0.0 0.0 0.0 0.0 0.0 0.0 0.0 0.0 0.0 0.0 0.0 0.0 0.0 0.0 0.0 0.0 0.0 0.0 0.0 0.0 0.0 854123.645309 692895.664144 560493.185029 1414472.36635 1302919.39526 4084856.10687 0.0 1271898.32767 1489796.97761 1375235.80803 1863669.98865 1389172.14777 1495524.61278 1554329.79763 1531511.67896 1789923.8688 1519804.96659 1545003.85004 1551982.56741 1573436.41864 1148732.97852 1567085.1658 1281945.1214 1245149.14782 0.0 0.0 0.0 0.0 0.0 0.0 0.0 0.0 0.0 0.0 0.0
-2.0 -2.0 -2.0 -2.0 -2.0 -2.0 -2.0 -2.0 -2.0 -2.0 -2.0 -2.0 -2.0 -2.0 -2.0 -2.0 -2.0 -2.0 -2.0 -2.0 -2.0 0.0 0.0 0.0 0.0 0.0 0.0 0.0 0.0 0.0 0.0 0.0 0.0 0.0 0.0 0.0 0.0 0.0 0.0 0.0 0.0 0.0 0.0 0.0 0.0 0.0 0.0 0.0 0.0 993586.459474 854456.520733 862086.117927 1279011.39266 0.0 0.0 1181269.95575 1235082.78467 1426327.76072 1366629.01694 1487761.30252 1498092.62478 1552630.33951 1543980.40848 1511881.97206 1422638.18334 1539244.64364 1547184.32506 1536694.06393 1586494.70108 1618803.95759 1576471.24476 1554951.42966 1321206.87355 1567367.00954 0.0 0.0 0.0 1135488.47406 0.0 946641.650743 0.0 1647788.291 1540494.53912
-2.0 -2.0 -2.0 -2.0 -2.0 -2.0 -2.0 -2.0 -2.0 -2.0 -2.0 -2.0 -2.0 -2.0 -2.0 -2.0 -2.0 -2.0 -2.0 -2.0 0.0 0.0 0.0 0.0 0.0 0.0 0.0 0.0 0.0 0.0 0.0 0.0 0.0 0.0 0.0 0.0 0.0 0.0 0.0 0.0 0.0 0.0 0.0 0.0 0.0 0.0 0.0 0.0 845627.168063 0.0 1481144.64881 1035662.12876 1262605.46133 0.0 0.0 1243091.31364 1196805.04348 1413613.87249 1426969.14255 1482429.15918 1504418.23047 1484124.34633 1494978.79696 1449691.92589 1579856.67072 1589554.87197 1540749.67689 1680944.03854 1598688.42319 1611998.28163 1619259.77008 1648086.3311 1568902.85502 1268166.54336 1571250.52746 0.0 0.0 0.0 7531993.48089 0.0 398252.78241 2845994.39151 1681750.05745
-2.0 -2.0 -2.0 -2.0 -2.0 -2.0 -2.0 -2.0 -2.0 -2.0 -2.0 -2.0 -2.0 -2.0 -2.0 -2.0 -2.0 -2.0 -2.0 -2.0 -2.0 0.0 0.0 0.0 0.0 0.0 0.0 0.0 0.0 0.0 0.0 0.0 0.0 0.0 0.0 0.0 0.0 0.0 0.0 0.0 0.0 0.0 0.0 0.0 0.0 0.0 0.0 0.0 0.0 0.0 1670841.25404 1750023.12466 1569295.66356 1352469.46212 1345362.92374 1377911.35084 1306492.45278 1555612.89147 1547190.89104 1475762.95427 1532837.46187 1661733.48298 1594869.0519 1625639.10801 2634157.73836 1526473.15257 1669817.4153 1722384.09782 1764346.3806 1738393.18445 1688867.91264 1681827.85394 1591369.34909 1640850.2077 1614442.24019 1559810.28265 1556493.22378 0.0 2899970.27825 6737659.56585 619252.855454 1181430.97667 1611823.3598
-2.0 -2.0 -2.0 -2.0 -2.0 -2.0 -2.0 -2.0 -2.0 -2.0 -2.0 -2.0 -2.0 -2.0 -2.0 -2.0 -2.0 -2.0 -2.0 -2.0 -2.0 -2.0 107506.84902 0.0 0.0 0.0 0.0 0.0 0.0 1162885.85657 1137009.47822 0.0 3552422.29466 1321709.30747 0.0 0.0 0.0 0.0 0.0 0.0 0.0 0.0 0.0 0.0 0.0 0.0 0.0 0.0 0.0 0.0 1584318.89084 1463665.03449 0.0 1257607.51399 1652753.19457 1558857.20205 1507865.07134 1455864.86889 1457665.60366 1427215.07294 1703023.58267 1716076.27267 1704331.54811 1655723.80072 1562979.4271 1648751.23416 1598409.74073 0.0 1263555.9171 0.0 1880159.46612 1740529.69794 1664647.566 1710469.52571 1693698.62809 1637843.49976 1621539.30289 1714955.59087 1654936.55379 1621150.07166 1756846.83036 1718545.65025 1649133.35425
-2.0 -2.0 -2.0 -2.0 -2.0 -2.0 -2.0 -2.0 -2.0 -2.0 -2.0 -2.0 -2.0 -2.0 -2.0 -2.0 -2.0 -2.0 -2.0 -2.0 -2.0 -2.0 -2.0 -2.0 0.0 0.0 0.0 0.0 0.0 560481.894776 130566.089124 477427.188249 1113221.37031 656816.39716 452298.586032 523773.072469 677906.111166 0.0 0.0 0.0 0.0 0.0 0.0 0.0 0.0 0.0 0.0 0.0 0.0 0.0 1055309.25542 0.0 0.0 1503676.75904 1519499.39035 1514426.82605 1355958.34105 2380383.84478 1691014.54621 1691194.32477 1430748.32233 1573338.2467 1651260.14137 1542576.13615 1566860.11359 1711516.81079 1650705.93474 1619298.01273 1574485.62033 1216859.42328 2025426.87139 1971304.64412 2004324.51699 1719250.66301 1742837.02545 1671177.64238 1634658.03341 1654204.2944 1685187.04911 1607885.3107 1624020.02227 1684349.99785 1847274.82156
-2.0 -2.0 -2.0 -2.0 -2.0 -2.0 -2.0 -2.0 -2.0 -2.0 -2.0 -2.0 -2.0 -2.0 -2.0 -2.0 -2.0 -2.0 -2.0 -2.0 -2.0 -2.0 -2.0 -2.0 -2.0 -2.0 0.0 0.0 0.0 0.0 197033.008894 998640.618014 0.0 0.0 0.0 0.0 0.0 0.0 0.0 0.0 0.0 0.0 0.0 0.0 0.0 0.0 0.0 0.0 0.0 0.0 0.0 8782706.5431 9764954.34242 9965322.90473 9296488.45052 9886422.84339 8383527.99292 9615285.65165 8952425.08782 8927726.43511 8937284.6646 8965470.36171 9160891.8518 8695296.41756 9047126.83719 8150692.34727 10123061.4729 8804644.38122 8899421.06438 0.0 0.0 0.0 0.0 0.0 0.0 0.0 0.0 0.0 0.0 0.0 0.0 0.0 0.0
-2.0 -2.0 -2.0 -2.0 -2.0 -2.0 -2.0 -2.0 -2.0 -2.0 -2.0 -2.0 -2.0 -2.0 -2.0 -2.0 -2.0 -2.0 -2.0 -2.0 -2.0 -2.0 -2.0 -2.0 -2.0 -2.0 -2.0 0.0 0.0 0.0 0.0 1627806.43384 3027339.90743 0.0 0.0 0.0 0.0 3043959.53335 2433154.01255 0.0 0.0 2213469.55266 0.0 0.0 233099.952809 0.0 0.0 0.0 0.0 0.0 0.0 0.0 9901730.35146 10590872.2523 10108155.4581 9997795.00587 8864781.35143 8164502.89561 7954301.66024 8576650.76247 6596952.60463 7463585.96992 3929802.77486 8181526.48349 8972072.52345 9758919.41049 10527791.8085 10500421.3386 10803160.9336 109282.550024 138948.602747 0.0 0.0 0.0 104828.074028 0.0 95648.4081338 105106.005979 0.0 0.0 0.0 0.0 230177.150446
-2.0 -2.0 -2.0 -2.0 -2.0 -2.0 -2.0 -2.0 -2.0 -2.0 -2.0 -2.0 -2.0 -2.0 -2.0 -2.0 -2.0 -2.0 -2.0 -2.0 -2.0 -2.0 -2.0 -2.0 -2.0 -2.0 -2.0 0.0 0.0 0.0 0.0 0.0 1213110.43268 0.0 0.0 2062265.85871 2711125.33897 224746.706979 1690246.06949 3958887.87098 3416468.04877 2291834.02929 2325176.32954 0.0 0.0 0.0 0.0 0.0 5287434.98409 0.0 0.0 0.0 10020101.6072 9966721.34265 9860092.92302 9993228.84672 9281605.326 5297613.81803 5674732.65 6967084.35953 4443418.52452 2300127.49803 432606.500553 2879791.93962 3138266.0294 7195132.78895 9164660.45035 8807095.7042 8576247.23564 0.0 0.0 327867.26258 256917.781392 0.0 107074.126291 0.0 0.0 0.0 0.0 0.0 0.0 0.0 215520.286929
-2.0 -2.0 -2.0 -2.0 -2.0 -2.0 -2.0 -2.0 -2.0 -2.0 -2.0 -2.0 -2.0 -2.0 -2.0 -2.0 -2.0 -2.0 -2.0 -2.0 -2.0 -2.0 -2.0 -2.0 -2.0 -2.0 -2.0 -2.0 0.0 0.0 0.0 2648314.04014 2331164.31708 0.0 0.0 0.0 415930.260716 969349.094376 2299696.81196 961142.486073 4148619.30686 2306086.13136 3294401.57585 0.0 0.0 0.0 0.0 0.0 7432929.32436 0.0 0.0 0.0 8232906.0367 5604537.22527 6531725.0669 5968176.96273 5500090.96112 6782567.44507 6649845.60749 7179967.28855 4057526.19784 0.0 13424156.615 13558191.8779 7154448.39991 8599423.2205 7490935.49202 6997611.51769 4402981.31557 0.0 0.0 0.0 0.0 101201.334958 234848.10632 0.0 0.0 0.0 0.0 0.0 0.0 0.0 201013.704297
-2.0 -2.0 -2.0 -2.0 -2.0 -2.0 -2.0 -2.0 -2.0 -2.0 -2.0 -2.0 -2.0 -2.0 -2.0 -2.0 -2.0 -2.0 -2.0 -2.0 -2.0 -2.0 -2.0 -2.0 -2.0 -2.0 -2.0 -2.0 0.0 0.0 0.0 0.0 0.0 0.0 0.0 3193151.04317 383165.031376 949449.083396 1036031.74897 4094099.9996 2253043.91918 0.0 2841181.33007 0.0 0.0 0.0 0.0 0.0 0.0 0.0 0.0 0.0 0.0 6815726.60673 0.0 0.0 0.0 5635542.03589 0.0 4844687.7361 5000535.19683 5634091.0025 519050.164204 512453.479926 480946.1576 4577760.89383 4337860.98271 6193769.28344 6589102.10329 0.0 504593.837717 116774.99337 58034.6148508 103697.094566 0.0 313810.102075 0.0 0.0 0.0 0.0 0.0 397609.43809 286671.112545
-2.0 -2.0 -2.0 -2.0 -2.0 -2.0 -2.0 -2.0 -2.0 -2.0 -2.0 -2.0 -2.0 -2.0 -2.0 -2.0 -2.0 -2.0 -2.0 -2.0 -2.0 -2.0 -2.0 -2.0 -2.0 -2.0 -2.0 -2.0 0.0 0.0 0.0 0.0 0.0 0.0 899432.734318 3902979.08693 593239.877789 1325362.79764 2650049.44102 2202610.93542 0.0 0.0 2311316.34088 0.0 0.0 0.0 0.0 0.0 0.0 0.0 0.0 0.0 0.0 8702506.44704 8550260.03975 8864710.75922 8302368.30123 7493046.70654 7942759.35889 7244556.58483 5446550.17579 4965132.68896 5315376.10387 5344983.98044 4995548.48484 5146065.92826 5005436.25384 7590295.5158 8673739.80085 0.0 99176.3555381 92292.1019504 0.0 0.0 0.0 0.0 0.0 0.0 76836.5992591 0.0 0.0 0.0 0.0
-2.0 -2.0 -2.0 -2.0 -2.0 -2.0 -2.0 -2.0 -2.0 -2.0 -2.0 -2.0 -2.0 -2.0 -2.0 -2.0 -2.0 -2.0 -2.0 -2.0 -2.0 -2.0 -2.0 -2.0 -2.0 -2.0 -2.0 -2.0 -2.0 0.0 0.0 4541508.33007 0.0 0.0 0.0 0.0 115330.453237 1075050.73102 4286356.0891 2872617.19366 0.0 0.0 0.0 0.0 0.0 0.0 0.0 0.0 0.0 0.0 0.0 0.0 8454685.34752 7376270.42751 6662245.41639 0.0 9137488.70913 8845872.63954 7312360.21959 6964752.19861 5247534.19131 5835762.73238 6420322.12227 5044115.95059 5144099.54611 9035024.72243 8269658.30552 0.0 0.0 2592069.25096 0.0 0.0 0.0 0.0 0.0 0.0 4969420.39161 5194176.18138 5116641.7014 0.0 4958163.08383 3651562.74441 4484387.7896
-2.0 -2.0 -2.0 -2.0 -2.0 -2.0 -2.0 -2.0 -2.0 -2.0 -2.0 -2.0 -2.0 -2.0 -2.0 -2.0 -2.0 -2.0 -2.0 -2.0 -2.0 -2.0 -2.0 -2.0 -2.0 -2.0 -2.0 -2.0 -2.0 0.0 5351972.05742 2644267.98377 0.0 0.0 0.0 0.0 4627659.91872 0.0 0.0 3277071.9881 0.0 0.0 0.0 0.0 0.0 0.0 0.0 0.0 0.0 0.0 0.0 9669678.25183 8900803.31504 0.0 0.0 0.0 0.0 0.0 6738440.22967 7096098.90214 5284604.94344 6841874.50428 5694163.74089 5306927.30509 5175923.13106 7518368.51925 7666171.12484 0.0 5454622.65947 4042442.71995 4720927.4589 4021131.40291 3792627.62668 7543180.85319 1736190.0112 864.402210059 4632810.34114 5309088.621 5253512.99188 0.0 0.0 3601528.60189 9395739.28241
-2.0 -2.0 -2.0 -2.0 -2.0 -2.0 -2.0 -2.0 -2.0 -2.0 -2.0 -2.0 -2.0 -2.0 -2.0 -2.0 -2.0 -2.0 -2.0 -2.0 -2.0 -2.0 -2.0 -2.0 -2.0 -2.0 -2.0 -2.0 0.0 0.0 4996602.01102 0.0 0.0 0.0 0.0 0.0 0.0 0.0 0.0 0.0 0.0 2959033.21615 0.0 0.0 0.0 0.0 0.0 0.0 0.0 0.0 0.0 0.0 0.0 0.0 0.0 0.0 0.0 0.0 6623260.05379 457598.22758 865068.542824 0.0 0.0 6766755.71785 5704954.13491 0.0 0.0 7749456.39834 6490661.95133 3266676.03154 3673278.61135 4273186.48041 3884903.84332 844416.559839 202920.608149 4073568.72085 5423508.63406 5814224.72948 5866055.77999 5518402.37145 0.0 5517708.50049 4513235.74952
-2.0 -2.0 -2.0 -2.0 -2.0 -2.0 -2.0 -2.0 -2.0 -2.0 -2.0 -2.0 -2.0 -2.0 -2.0 -2.0 -2.0 -2.0 -2.0 -2.0 -2.0 -2.0 -2.0 -2.0 -2.0 -2.0 -2.0 -2.0 0.0 0.0 5118825.55302 0.0 0.0 0.0 3044596.88471 0.0 0.0 0.0 0.0 0.0 0.0 0.0 2778955.94809 0.0 0.0 0.0 0.0 0.0 0.0 0.0 0.0 0.0 0.0 0.0 0.0 0.0 0.0 0.0 0.0 599491.168176 763630.049187 899704.907183 0.0 6468230.06046 5002916.46074 4841947.34116 3453655.52947 6154244.88409 6594361.67288 0.0 2840509.71872 3326889.4647 3235963.31769 2459732.05125 2978219.78354 3518828.56332 3577865.57819 5245065.67933 5608899.05497 5873949.89621 5802795.60687 5752019.43644 0.0
-2.0 -2.0 -2.0 -2.0 -2.0 -2.0 -2.0 -2.0 -2.0 -2.0 -2.0 -2.0 -2.0 -2.0 -2.0 -2.0 -2.0 -2.0 -2.0 -2.0 -2.0 -2.0 -2.0 -2.0 -2.0 -2.0 -2.0 -2.0 0.0 0.0 0.0 0.0 0.0 0.0 0.0 0.0 0.0 0.0 0.0 0.0 0.0 0.0 451211.258909 340655.331124 460717.333712 0.0 0.0 0.0 0.0 0.0 0.0 0.0 0.0 208613.394256 0.0 0.0 0.0 0.0 0.0 1040648.25079 427119.760253 523347.591239 8940975.56223 4557364.22909 4244716.36419 3450798.61355 3268935.51561 7532190.31354 8580944.23166 7079164.70993 2684275.79133 2823321.68836 6995453.94913 670552.998826 1095276.21941 3428433.81115 3503260.13493 3688186.13853 4253438.29878 5954840.67517 4500189.93941 4588743.27733 0.0
-2.0 -2.0 -2.0 -2.0 -2.0 -2.0 -2.0 -2.0 -2.0 -2.0 -2.0 -2.0 -2.0 -2.0 -2.0 -2.0 -2.0 -2.0 -2.0 -2.0 -2.0 -2.0 -2.0 -2.0 -2.0 -2.0 -2.0 -2.0 0.0 0.0 0.0 0.0 0.0 0.0 0.0 0.0 0.0 0.0 0.0 0.0 0.0 0.0 0.0 0.0 0.0 0.0 0.0 0.0 0.0 0.0 0.0 0.0 632145.325361 0.0 0.0 0.0 0.0 0.0 0.0 3508071.96063 634151.739116 1052392.10972 6457435.81223 4170250.22814 4527114.4423 5056443.90459 4326263.81877 4258813.92117 8951480.58938 2601873.76718 2807079.28459 988019.631601 4578655.55946 4733411.16759 4681577.20591 4692618.04571 4664566.09813 4372470.00039 4712693.0319 5008140.14767 5472267.58196 5351916.00386 4938838.21978
-2.0 -2.0 -2.0 -2.0 -2.0 -2.0 -2.0 -2.0 -2.0 -2.0 -2.0 -2.0 -2.0 -2.0 -2.0 -2.0 -2.0 -2.0 -2.0 -2.0 -2.0 -2.0 -2.0 -2.0 -2.0 -2.0 -2.0 0.0 0.0 0.0 0.0 0.0 0.0 0.0 0.0 0.0 0.0 0.0 0.0 0.0 0.0 337086.246808 0.0 0.0 0.0 0.0 0.0 1155174.07629 666343.520735 570838.538179 0.0 0.0 0.0 0.0 0.0 0.0 0.0 0.0 0.0 1052827.49712 840076.48548 788729.174084 257240.822679 256222.720603 8479231.37658 8009801.8961 8734145.5043 11133327.5177 11471746.8157 3659722.0882 3903227.86552 4413484.75381 4439384.53754 8896175.41211 8826020.31778 10339118.0601 4082604.1668 4737323.19116 5240142.93955 4178292.0238 4571296.8976 4871510.06994 4401397.42128
-2.0 -2.0 -2.0 -2.0 -2.0 -2.0 -2.0 -2.0 -2.0 -2.0 -2.0 -2.0 -2.0 -2.0 -2.0 -2.0 -2.0 -2.0 -2.0 -2.0 -2.0 -2.0 -2.0 -2.0 -2.0 -2.0 -2.0 -2.0 0.0 0.0 0.0 0.0 0.0 0.0 0.0 0.0 0.0 0.0 0.0 0.0 0.0 0.0 0.0 0.0 0.0 0.0 0.0 0.0 0.0 0.0 0.0 0.0 0.0 0.0 0.0 0.0 1211896.22002 966418.672568 897217.781029 592083.119123 652203.008056 364446.492536 864767.752785 704993.983952 3024583.09385 8934194.27116 11085387.2379 11669608.0454 11595856.8954 3725429.1425 4319086.21535 5159729.18132 9652433.98878 9066785.86319 9090937.4542 8993834.41276 9191135.81437 10415289.2609 10140794.3318 12260527.4301 4353851.67209 4779631.35368 4405008.23961
-2.0 -2.0 -2.0 -2.0 -2.0 -2.0 -2.0 -2.0 -2.0 -2.0 -2.0 -2.0 -2.0 -2.0 -2.0 -2.0 -2.0 -2.0 -2.0 -2.0 -2.0 -2.0 -2.0 -2.0 -2.0 -2.0 -2.0 -2.0 0.0 0.0 0.0 0.0 0.0 0.0 0.0 0.0 0.0 0.0 0.0 0.0 0.0 0.0 0.0 0.0 0.0 0.0 0.0 0.0 0.0 0.0 0.0 0.0 0.0 0.0 0.0 1118265.05078 1145729.52933 245959.632315 268141.683421 32376.1036762 289055.283632 459379.760228 830334.887886 909519.218101 787849.804978 3745810.21704 10079952.0921 11976570.6586 11614834.6261 4042118.57486 3760889.41432 3996422.69136 9835704.54875 9161045.58343 9179289.98143 9500964.62154 10144594.5773 4543166.89179 4348264.31535 5216434.18729 5026221.24284 5071011.99155 4765476.22231
-2.0 -2.0 -2.0 -2.0 -2.0 -2.0 -2.0 -2.0 -2.0 -2.0 -2.0 -2.0 -2.0 -2.0 -2.0 -2.0 -2.0 -2.0 -2.0 -2.0 -2.0 -2.0 -2.0 -2.0 -2.0 -2.0 -2.0 -2.0 0.0 0.0 0.0 0.0 0.0 0.0 0.0 0.0 0.0 0.0 0.0 0.0 0.0 0.0 0.0 0.0 0.0 0.0 0.0 0.0 0.0 0.0 0.0 0.0 2227570.49616 17997527.705 0.0 1432143.84249 1170984.82506 163321.282631 31204.528714 296672.739727 301367.925431 609038.298177 0.0 0.0 0.0 1375241.64663 9590943.98447 11828283.9941 12084761.0579 4288212.06073 4470942.17318 4459750.94875 4298843.10541 4837636.72533 4487322.53949 11438637.9441 4861877.39686 5432947.38267 5586847.01551 5821588.81715 6455810.17352 6869172.81207 6433320.35715
-2.0 -2.0 -2.0 -2.0 -2.0 -2.0 -2.0 -2.0 -2.0 -2.0 -2.0 -2.0 -2.0 -2.0 -2.0 -2.0 -2.0 -2.0 -2.0 -2.0 -2.0 -2.0 -2.0 -2.0 -2.0 -2.0 -2.0 -2.0 0.0 0.0 0.0 0.0 0.0 0.0 0.0 0.0 0.0 0.0 0.0 0.0 0.0 0.0 0.0 0.0 0.0 0.0 0.0 0.0 0.0 0.0 0.0 0.0 0.0 0.0 0.0 0.0 0.0 0.0 0.0 155999.649796 505997.973349 9309297.96409 0.0 0.0 0.0 0.0 6875710.8654 11333820.169 11174156.2227 10324243.357 10862727.0637 11663043.6594 13460116.6203 5148839.04441 4775645.94062 4599310.45762 5440874.79487 6133587.294 6425117.35447 7075802.21344 6629955.04696 7100193.38046 6602117.47294
-2.0 -2.0 -2.0 -2.0 -2.0 -2.0 -2.0 -2.0 -2.0 -2.0 -2.0 -2.0 -2.0 -2.0 -2.0 -2.0 -2.0 -2.0 -2.0 -2.0 -2.0 -2.0 -2.0 -2.0 -2.0 -2.0 -2.0 -2.0 0.0 0.0 0.0 0.0 4838403.72356 0.0 0.0 0.0 0.0 0.0 0.0 0.0 0.0 0.0 0.0 0.0 0.0 0.0 0.0 0.0 0.0 0.0 0.0 0.0 0.0 0.0 0.0 0.0 0.0 0.0 0.0 812741.514363 0.0 0.0 0.0 0.0 0.0 0.0 6843538.82454 10920919.453 11566553.4629 11411740.7178 10354817.9722 11477402.8271 11286908.4915 5387451.86738 4487386.28116 4743117.15014 4986698.37823 5177423.97577 5700489.78377 5726757.00301 5654268.19151 5862425.64454 6267142.33577
-2.0 -2.0 -2.0 -2.0 -2.0 -2.0 -2.0 -2.0 -2.0 -2.0 -2.0 -2.0 -2.0 -2.0 -2.0 -2.0 -2.0 -2.0 -2.0 -2.0 -2.0 -2.0 -2.0 -2.0 -2.0 -2.0 -2.0 -2.0 -2.0 0.0 0.0 0.0 5123594.26973 357897.852512 0.0 0.0 0.0 0.0 0.0 0.0 0.0 0.0 0.0 0.0 0.0 0.0 0.0 0.0 0.0 0.0 0.0 0.0 0.0 0.0 0.0 0.0 0.0 0.0 0.0 0.0 8228079.23805 0.0 0.0 0.0 0.0 0.0 5176861.10739 8011658.33978 11400767.2548 11119839.8257 11563668.683 12558952.1396 12597282.8933 6444823.34029 6375069.4169 6739694.56275 6555537.02157 6750264.7772 6750945.22524 6822568.5407 6745542.27701 7087955.45569 6439541.97973
-2.0 -2.0 -2.0 -2.0 -2.0 -2.0 -2.0 -2.0 -2.0 -2.0 -2.0 -2.0 -2.0 -2.0 -2.0 -2.0 -2.0 -2.0 -2.0 -2.0 -2.0 -2.0 -2.0 -2.0 -2.0 -2.0 -2.0 -2.0 -2.0 0.0 0.0 0.0 312656.6261 164187.291412 383978.766536 0.0 0.0 0.0 0.0 0.0 0.0 0.0 0.0 0.0 0.0 0.0 0.0 0.0 0.0 0.0 0.0 0.0 0.0 0.0 0.0 0.0 0.0 0.0 0.0 601800.281291 0.0 0.0 0.0 0.0 0.0 0.0 10522368.664 8996004.46857 10238784.5145 8078135.49047 10693278.02 11415712.4603 11386980.4964 7322603.17828 7310515.20541 6498360.88633 6744246.2155 6708090.33137 6624642.44359 6415245.06329 6491588.82794 5515843.66317 6492060.58738
-2.0 -2.0 -2.0 -2.0 -2.0 -2.0 -2.0 -2.0 -2.0 -2.0 -2.0 -2.0 -2.0 -2.0 -2.0 -2.0 -2.0 -2.0 -2.0 -2.0 -2.0 -2.0 -2.0 -2.0 -2.0 -2.0 -2.0 -2.0 -2.0 0.0 0.0 0.0 0.0 306653.140312 3490538.19815 0.0 0.0 0.0 0.0 0.0 0.0 0.0 0.0 0.0 0.0 0.0 0.0 0.0 0.0 0.0 0.0 0.0 0.0 0.0 0.0 0.0 0.0 0.0 0.0 0.0 2564471.48215 0.0 0.0 0.0 0.0 0.0 0.0 6898275.11587 316860.968639 6577778.04214 11743067.6073 9222457.92388 11040164.2618 6298678.25538 6210504.07169 5936530.06149 6450888.05043 5938877.45957 6676101.14959 6772372.20462 6068374.97479 5191371.06516 7385176.88576
-2.0 -2.0 -2.0 -2.0 -2.0 -2.0 -2.0 -2.0 -2.0 -2.0 -2.0 -2.0 -2.0 -2.0 -2.0 -2.0 -2.0 -2.0 -2.0 -2.0 -2.0 -2.0 -2.0 -2.0 -2.0 -2.0 -2.0 -2.0 -2.0 -2.0 0.0 3402211.58929 3208839.14035 291794.795291 230152.244722 0.0 0.0 0.0 0.0 0.0 0.0 0.0 0.0 0.0 0.0 0.0 0.0 0.0 0.0 0.0 0.0 0.0 0.0 0.0 0.0 0.0 0.0 0.0 0.0 1227005.57165 0.0 0.0 0.0 0.0 0.0 0.0 0.0 1159197.59299 765054.604911 1460574.22193 1466573.28357 13521247.3601 14150365.1912 6279539.92154 6872381.89622 6852259.11846 6412882.66964 6685350.94913 6915114.24139 6571504.2606 5902837.13497 7103711.29534 7655446.56955
-2.0 -2.0 -2.0 -2.0 -2.0 -2.0 -2.0 -2.0 -2.0 -2.0 -2.0 -2.0 -2.0 -2.0 -2.0 -2.0 -2.0 -2.0 -2.0 -2.0 -2.0 -2.0 -2.0 -2.0 -2.0 -2.0 -2.0 -2.0 -2.0 -2.0 -2.0 0.0 611832.250259 3071246.7997 93843.0933847 0.0 0.0 0.0 0.0 0.0 0.0 0.0 0.0 0.0 0.0 0.0 0.0 0.0 0.0 0.0 0.0 0.0 0.0 0.0 0.0 0.0 0.0 0.0 0.0 0.0 0.0 0.0 0.0 0.0 0.0 0.0 0.0 585041.187476 662532.707364 1967856.22183 1574971.06641 3102703.25844 8928560.87667 7144512.2216 7734530.98809 8454643.5529 7443403.73262 6922518.90111 6838370.83315 7637744.73964 7129808.15216 7239103.73601 5851051.90581
-2.0 -2.0 -2.0 -2.0 -2.0 -2.0 -2.0 -2.0 -2.0 -2.0 -2.0 -2.0 -2.0 -2.0 -2.0 -2.0 -2.0 -2.0 -2.0 -2.0 -2.0 -2.0 -2.0 -2.0 -2.0 -2.0 -2.0 -2.0 -2.0 -2.0 -2.0 -2.0 0.0 0.0 0.0 4305471.06161 4385057.27266 0.0 0.0 0.0 0.0 0.0 0.0 0.0 0.0 0.0 0.0 0.0 0.0 0.0 0.0 0.0 0.0 0.0 0.0 0.0 0.0 0.0 0.0 1695572.96696 0.0 0.0 0.0 0.0 0.0 1832555.71292 0.0 0.0 324217.165651 686935.961774 9381659.14491 10873310.1417 8487236.95368 6417653.01116 5551254.6067 6260302.34095 5733223.03003 4533721.40116 5751759.87644 20288662.7466 7156061.18311 8002367.86999 7513433.68764
-2.0 -2.0 -2.0 -2.0 -2.0 -2.0 -2.0 -2.0 -2.0 -2.0 -2.0 -2.0 -2.0 -2.0 -2.0 -2.0 -2.0 -2.0 -2.0 -2.0 -2.0 -2.0 -2.0 -2.0 -2.0 -2.0 -2.0 -2.0 -2.0 -2.0 -2.0 -2.0 0.0 2954407.47149 0.0 0.0 2417894.20609 3792648.05609 0.0 0.0 0.0 0.0 0.0 0.0 0.0 0.0 0.0 0.0 0.0 0.0 0.0 9085.29353968 0.0 0.0 0.0 0.0 2818.79083333 5450.02855516 19505.0942665 261338.281842 249322.667035 257805.396653 251160.593792 0.0 0.0 402011.701823 0.0 6488690.79613 6920817.87585 7451888.20897 7195157.89481 3753284.17476 3588342.60589 7891736.84539 7199393.62401 7171135.26541 5882719.00099 7174580.82896 7366386.18323 7104685.47697 9439158.1973 7913297.51057 9871547.31432
-2.0 -2.0 -2.0 -2.0 -2.0 -2.0 -2.0 -2.0 -2.0 -2.0 -2.0 -2.0 -2.0 -2.0 -2.0 -2.0 -2.0 -2.0 -2.0 -2.0 -2.0 -2.0 -2.0 -2.0 -2.0 -2.0 -2.0 -2.0 -2.0 -2.0 -2.0 -2.0 -2.0 0.0 0.0 0.0 0.0 0.0 3429144.52987 0.0 0.0 0.0 0.0 0.0 0.0 0.0 0.0 0.0 0.0 7263.86624532 0.0 0.0 0.0 0.0 0.0 0.0 3107.25219647 5271.62629474 0.0 255336.130471 311841.990593 240474.900443 95868.7121297 0.0 216584.208397 3490627.88917 0.0 4096293.55663 4338806.88401 5517221.70946 4207343.11425 3490766.25962 8965338.34066 5506526.25878 9121100.09545 8345088.91678 6245519.86164 7115800.76668 7805526.04414 7774148.67375 7530344.70685 9348318.25352 9481275.89429
-2.0 -2.0 -2.0 -2.0 -2.0 -2.0 -2.0 -2.0 -2.0 -2.0 -2.0 -2.0 -2.0 -2.0 -2.0 -2.0 -2.0 -2.0 -2.0 -2.0 -2.0 -2.0 -2.0 -2.0 -2.0 -2.0 -2.0 -2.0 -2.0 -2.0 -2.0 -2.0 -2.0 -2.0 0.0 4929502.95585 0.0 0.0 3368373.00775 0.0 0.0 0.0 0.0 0.0 0.0 0.0 0.0 0.0 8210.55896351 6586.32778452 0.0 0.0 0.0 0.0 84719.1875504 0.0 0.0 5642.70801381 5645.33888103 62028.1155723 18389.8941047 18709.9868616 91233.8164413 0.0 2685642.39606 0.0 0.0 2761307.12243 148661.861119 34044.9914029 220506.767252 1863648.8212 7354182.40293 3643257.70327 7345886.79862 7198787.15071 6837378.62427 7325608.80509 7466730.44239 7735596.79114 8629119.65969 8417467.95171 7409479.79652
-2.0 -2.0 -2.0 -2.0 -2.0 -2.0 -2.0 -2.0 -2.0 -2.0 -2.0 -2.0 -2.0 -2.0 -2.0 -2.0 -2.0 -2.0 -2.0 -2.0 -2.0 -2.0 -2.0 -2.0 -2.0 -2.0 -2.0 -2.0 -2.0 -2.0 -2.0 -2.0 -2.0 -2.0 -2.0 2950739.46066 0.0 0.0 1636643.51197 0.0 0.0 0.0 0.0 0.0 0.0 0.0 0.0 0.0 7674.85450284 8664.58373852 6528.0071 4916.07567042 0.0 0.0 0.0 0.0 0.0 0.0 5934.28430375 17818.5353076 594949.189342 2995956.78206 329160.476259 201369.926468 2922938.57394 4127481.46011 2663520.321 50625.5773235 66856.8582234 226510.587196 224931.463793 1289495.33596 7625706.41914 7585963.25877 9033128.85009 8744520.57953 8383620.1693 7943829.97633 7345388.37533 7673619.27865 7749369.35873 8379657.95014 5966903.43735
-2.0 -2.0 -2.0 -2.0 -2.0 -2.0 -2.0 -2.0 -2.0 -2.0 -2.0 -2.0 -2.0 -2.0 -2.0 -2.0 -2.0 -2.0 -2.0 -2.0 -2.0 -2.0 -2.0 -2.0 -2.0 -2.0 -2.0 -2.0 -2.0 -2.0 -2.0 -2.0 -2.0 -2.0 -2.0 0.0 3429806.45018 0.0 0.0 0.0 0.0 0.0 0.0 0.0 0.0 0.0 0.0 0.0 7259.58008007 7879.2879889 6187.15766502 1703989.27108 2178022.21951 0.0 0.0 0.0 3522.67412016 0.0 5887.91853638 17698.6494731 373058.373179 273068.102194 129615.471395 370338.504642 666913.911292 463729.89229 462564.454953 44528.2347501 91714.4512661 766695.903612 2659918.00437 5885902.35194 7138729.65332 9309854.76923 7945149.97149 7963870.88258 7458994.89647 7263547.49449 7173535.56778 7372315.99921 6808432.09745 5682548.38301 7767553.5612
