critload/trunk/input/1999/nle_nat.asc
ncols 720
nrows 360
xllcorner -180
yllcorner -90
cellsize 0.5
NODATA_value -1
[rows 140 to 174 of 360, columns 320 to 399 of 720]
-1 -1 -1 -1 -1 -1 -1 0.0 0.0 0.0 0.0 0.0 0.0 0.0 0.0 0.0 0.0 0.0 0.0 0.0 0.0 0.0 0.0 0.0 0.0 0.0 0.0 0.0 0.0 0.0 0.0 0.0 0.0 0.0 0.0 0.0 0.0 0.0 0.0 0.0 0.0 0.0 0.0 0.0 0.0 70893.0427604 0.0 219295.862748 0.0 0.0 0.0 0.0 0.0 0.0 0.0 0.0 284993.707644 0.0 0.0 0.0 0.0 0.0 0.0 0.0 0.0 0.0 0.0 0.0 0.0 0.0 0.0 0.0 0.0 0.0 0.0 0.0 0.0 0.0 0.0 0.0
-1 -1 -1 -1 -1 -1 -1 0.0 0.0 0.0 0.0 0.0 0.0 0.0 0.0 0.0 0.0 0.0 0.0 0.0 0.0 0.0 0.0 0.0 0.0 0.0 0.0 0.0 0.0 0.0 0.0 0.0 0.0 0.0 0.0 0.0 0.0 0.0 0.0 0.0 0.0 0.0 0.0 0.0 0.0 0.0 0.0 0.0 0.0 0.0 0.0 0.0 0.0 0.0 0.0 212619.997055 315212.147742 358934.239432 0.0 0.0 0.0 0.0 0.0 0.0 0.0 0.0 0.0 0.0 0.0 0.0 0.0 0.0 0.0 0.0 0.0 0.0 0.0 0.0 0.0 0.0
-1 -1 -1 -1 -1 -1 -1 0.0 0.0 0.0 0.0 0.0 0.0 0.0 0.0 0.0 31853.3594653 0.0 173906.384363 0.0 0.0 0.0 0.0 0.0 0.0 0.0 0.0 0.0 0.0 0.0 0.0 0.0 0.0 0.0 0.0 0.0 0.0 0.0 0.0 0.0 0.0 0.0 0.0 0.0 0.0 0.0 0.0 0.0 0.0 0.0 0.0 0.0 0.0 0.0 0.0 244107.7328 381180.124237 425076.309715 427431.017915 0.0 0.0 0.0 0.0 0.0 0.0 0.0 0.0 0.0 0.0 0.0 0.0 0.0 0.0 0.0 0.0 0.0 0.0 0.0 0.0 0.0
-1 -1 -1 -1 -1 -1 -1 0.0 0.0 0.0 0.0 0.0 127430.482835 0.0 9888.74624638 0.0 64722.3299919 173421.849124 0.0 0.0 0.0 0.0 0.0 0.0 0.0 0.0 0.0 0.0 0.0 0.0 0.0 0.0 0.0 0.0 0.0 0.0 0.0 0.0 0.0 0.0 0.0 0.0 0.0 0.0 0.0 0.0 0.0 0.0 0.0 0.0 0.0 0.0 0.0 0.0 0.0 333777.029055 406293.861653 436421.481115 305294.139378 0.0 0.0 0.0 0.0 0.0 0.0 0.0 0.0 0.0 0.0 0.0 0.0 0.0 0.0 0.0 0.0 0.0 0.0 0.0 0.0 0.0
-1 -1 -1 -1 -1 -1 -1 29218.137147 0.0 0.0 0.0 0.0 0.0 79317.1841809 176937.927015 0.0 12476.2794366 0.0 0.0 0.0 0.0 0.0 44115.7015397 56543.3795701 0.0 0.0 0.0 0.0 0.0 0.0 0.0 0.0 0.0 0.0 0.0 0.0 0.0 0.0 0.0 0.0 0.0 0.0 0.0 0.0 0.0 0.0 0.0 0.0 0.0 0.0 0.0 0.0 0.0 0.0 0.0 348420.821748 434861.661982 467866.318191 424804.417523 0.0 0.0 0.0 0.0 0.0 0.0 0.0 0.0 0.0 0.0 0.0 0.0 0.0 0.0 0.0 0.0 0.0 0.0 0.0 0.0 0.0
-1 -1 -1 -1 -1 -1 -1 0.0 0.0 0.0 0.0 0.0 0.0 0.0 0.0 0.0 0.0 0.0 0.0 0.0 0.0 0.0 0.0 0.0 0.0 0.0 0.0 0.0 0.0 0.0 0.0 0.0 0.0 0.0 0.0 0.0 0.0 0.0 0.0 0.0 0.0 0.0 0.0 0.0 0.0 0.0 0.0 0.0 0.0 0.0 0.0 0.0 0.0 0.0 0.0 368397.801437 430197.757436 364364.083052 390844.977503 0.0 0.0 0.0 0.0 0.0 0.0 0.0 0.0 0.0 0.0 0.0 0.0 0.0 0.0 0.0 0.0 0.0 0.0 0.0 0.0 0.0
-1 -1 -1 -1 -1 -1 -1 0.0 0.0 0.0 0.0 0.0 0.0 0.0 0.0 0.0 0.0 0.0 0.0 0.0 0.0 0.0 0.0 0.0 0.0 0.0 0.0 0.0 0.0 0.0 0.0 0.0 0.0 0.0 0.0 0.0 0.0 0.0 0.0 0.0 0.0 0.0 0.0 0.0 0.0 0.0 0.0 0.0 0.0 0.0 0.0 0.0 0.0 0.0 0.0 0.0 178934.224768 0.0 0.0 0.0 0.0 0.0 0.0 0.0 0.0 85299.9958181 0.0 0.0 0.0 0.0 0.0 0.0 0.0 0.0 0.0 0.0 0.0 0.0 0.0 0.0
-1 -1 -1 -1 -1 -1 -1 0.0 0.0 0.0 0.0 0.0 0.0 0.0 0.0 0.0 0.0 0.0 0.0 0.0 0.0 0.0 0.0 0.0 0.0 0.0242827124189 0.0228717985135 0.0 0.0 0.0 0.0 0.0 0.0 0.0 0.0 0.0 0.0 0.0 0.0 96877.481311 0.0 0.0 0.0 0.0 0.0 67246.3471574 0.0 0.0 0.0 0.0 0.0 0.0 0.0 0.0 0.0 0.0 0.0 0.0 0.0 29848.9396027 0.0 0.0 0.0 0.0 144847.85235 71326.6513959 142559.627134 113940.107941 84171.1945064 0.0 0.0 0.0 0.0 0.0 18528.8038844 0.0 0.0 0.0 113638.840668 0.0
-1 -1 -1 -1 -1 -1 0.0 0.0 0.0 0.0 0.0 6983.68241842 178018.162143 0.0 0.0 0.0 0.0 21701.6371272 0.0 0.0 0.0 0.0 0.0 0.0 0.0 0.0 0.0 0.0 0.0 0.0 0.0 0.0 0.0 0.0 0.0 0.0 0.0 0.0 0.0 0.0 0.0 0.0 0.0 0.0 0.0 0.0 0.0 0.0 0.0 11522.2616437 40514.805467 0.0 0.0 0.0 0.0 0.0 0.0 0.0 0.0 0.0 0.0 0.0 0.0 161892.182856 56283.0491729 0.0 143320.226307 199862.006522 167925.476975 0.0 32905.4148507 317713.954288 149931.955358 9655.64423171 65424.1122692 184390.819062 0.0 0.0 0.0 0.0
-1 -1 -1 -1 -1 0.0 0.0 0.0 0.0 0.0 0.0 0.0 339398.652633 334739.307812 40979.7953411 0.0 0.0 0.0 0.0 0.0 0.0 0.0 0.0 0.0 0.0 0.0 0.0 0.0 0.0 0.0 0.0 0.0 0.0 0.0 0.0 0.0 0.0 0.0 0.0 0.0 0.0 0.0 0.0 0.0 0.0 0.0 42149.724644 0.0 0.0 0.0 65420.4551633 0.0 0.0 0.0 0.0 0.0 0.0 14993.5995594 0.0 0.0 0.0 0.0 0.0 159866.320363 103059.003843 129758.32602 0.0 0.0 0.0 0.0 0.0 0.0 0.0 0.0 0.0 0.0 0.0 0.0 0.0 0.0
-1 -1 -1 -1 -1 0.0 0.0 0.0 0.0 0.0 0.0 0.0 538175.864158 177167.925345 204971.861506 0.0 0.0 0.0 0.0 0.0 0.0 0.0 0.0 0.0 0.0 0.0 0.0 0.0 0.0 0.0 0.0 0.0 0.0 0.0 0.0 0.0 0.0 0.0 115802.749047 10409.9861512 19014.7586032 0.0 0.0 0.0 0.0 0.0 25069.4836125 11685.0400671 0.0 0.0 43164.4754064 0.0 0.0 0.0 0.0 0.0 0.0 0.0 0.0 0.0 0.0 0.0 0.0 0.0 0.0 0.0 0.0 0.0 0.0 0.0 0.0 0.0 0.0 0.0 0.0 0.0 0.0 0.0 0.0 0.0
-1 -1 -1 -1 -1 -1 0.0 0.0 447291.110317 0.0 0.0 0.0 0.0 358956.914825 0.0 0.0 0.0 0.0 0.0 0.0 0.0 0.0 0.0 0.0 0.0 0.0 0.0 0.0 0.0 0.0 0.0 0.0 0.0 0.0 0.0 0.0 8509.25803567 0.0 0.0 0.0 0.0 0.0 0.0 0.0 52005.079232 30581.8085991 0.0 2024.88730862 1485.11730853 40918.2523628 0.0 16824.3280863 23694.2836906 0.0 0.0 0.0 0.0 0.0 0.0 0.0 0.0 0.0 0.0 0.0 0.0 0.0 0.0 0.0 0.0 0.0 0.0 0.0 0.0 0.0 0.0 0.0 0.0 0.0 0.0 0.0
-1 -1 -1 -1 -1 -1 155875.472195 112493.966524 350353.799285 210116.528343 289737.262111 0.0 0.0 313141.724137 82491.475419 62102.8183066 74587.6343986 361002.851331 0.0 0.0 0.0 0.0 0.0 0.0 0.0 0.0 0.0 0.0 0.0 0.0 0.0 0.0 0.0 0.0 0.0 0.0 0.0 0.0 0.0 0.0 0.0 0.0 0.0 0.0 0.0 0.0 0.0 0.0 0.0 0.0 0.0 0.0 0.0 0.0 0.0 0.0 0.0 45612.708488 0.0 0.0 0.0 0.0 0.0 0.0 0.0 0.0 0.0 0.0 0.0 0.0 0.0 0.0 0.0 0.0 0.0 0.0 0.0 0.0 0.0 0.0
-1 -1 -1 -1 -1 -1 90036.8587913 275944.052723 391752.919027 287853.367845 306166.644963 0.0 770972.449053 639189.890476 0.0 626815.586566 449423.37129 567064.1923 489844.506185 136900.164924 442620.785498 318950.264565 151850.678291 636408.995597 687650.672566 0.0 0.0 0.0 0.0 0.0 0.0 0.0 0.0 0.0 0.0 0.0 0.0 0.0 0.0 0.0 0.0 0.0 0.0 0.0 0.0 0.0 0.0 0.0 0.0 209755.496132 104472.879281 122827.20746 0.0 0.0 0.0 0.0 0.0 0.0 0.0 0.0 0.0 0.0 0.0 0.0 0.0 0.0 0.0 0.0 0.0 0.0 0.0 0.0 0.0 0.0 0.0 0.0 0.0 0.0 0.0 0.0
-1 -1 -1 -1 -1 -1 477694.767417 901632.739316 804509.848315 1042024.48556 1079993.38609 1015555.23662 987594.12171 1407136.81085 1350468.60332 690322.4555 699728.799341 781305.868635 595510.5748 265360.2726 685349.032469 722783.930598 725210.608145 525817.758278 581422.812856 652669.63956 49049.5398784 0.0 0.0 0.0 0.0 0.0 0.0 0.0 0.0 0.0 0.0 0.0 0.0 0.0 0.0 0.0 0.0 0.0 0.0 0.0 0.0 0.0 0.0 0.0 0.228166923149 0.0 0.0 0.0 0.0 0.0 0.0 0.0 0.0 0.0 0.0 0.0 0.0 0.0 0.0 0.0 0.0 0.0 0.0 0.0 0.0 0.0 0.0 0.0 0.0 0.0 0.0 0.0 0.0 0.0
-1 -1 -1 -1 -1 -1 89610.0922729 833626.197248 759109.22987 659937.46405 868138.466708 709363.405979 774173.224738 715984.414807 973474.530627 1024172.87274 904136.964319 807998.514676 751452.496529 750690.38494 679512.37015 628604.620878 731538.893191 391840.687455 329419.04344 400228.680375 338163.534847 368446.425812 0.0 0.0 0.0 0.0 0.0 0.0 0.0 0.0 0.0 0.0 0.0 0.0 0.0 0.0 0.0 0.0 0.0 0.0 0.0 0.0 0.0 0.0231296535639 0.0 0.0 0.0 0.0 0.0 0.0 0.0 0.0 0.0 0.0 0.0 0.0 0.0 0.0 0.0 0.0 0.0 0.0 0.0 0.0 0.0 0.0 0.0 0.0 0.0 0.0 0.0 0.0 0.0 0.0
-1 -1 -1 -1 -1 -1 -1 156564.88123 283641.997499 509290.536642 724573.273092 1099118.40992 1002499.47035 999541.773597 1051830.54902 841231.573175 945853.343734 840077.603416 727686.031837 624248.517916 608165.500183 426183.459664 606164.630085 413732.082474 513838.09005 527746.590239 604115.032416 449281.304806 100326.903957 0.0 0.0 0.0 0.0 0.0 0.0 0.0 0.0 0.0 0.0 0.0 0.0 0.0 0.0 368783.139078 0.0 0.0 0.0 0.0 0.0 161069.490332 20394.5538869 0.0 26379.577365 0.0 0.0 0.0 0.0 0.0 0.0 0.0 0.0 245031.368235 226697.309248 0.0 0.0 208278.974487 0.0 0.0 0.0 0.0 0.0 0.0 0.0 0.0 0.0 0.0 0.0 0.0 0.0 0.0
-1 -1 -1 -1 -1 -1 0.0 127842.069299 149485.834065 230152.535875 825995.033485 883332.387334 1109781.60631 1051941.56739 1053756.02419 478060.401333 794990.412036 887376.88864 610739.826395 530174.59803 616050.629458 263518.543406 491578.17982 452357.988194 541118.189762 606114.983382 371168.899714 100554.347802 0.0 0.0 0.0 0.0 0.0 0.0 0.0 0.0 0.0 1312199.07228 0.0 0.0 0.0 0.0 0.0 1108832.52992 432681.636599 419927.387035 408897.097805 0.0 437.699573048 21187.5765395 52711.368556 98184.3435436 181009.852435 32136.6467059 0.0 0.0607328375419 0.0 14901.3448418 217529.94538 0.0 0.0 0.0 124116.446081 0.0 0.0 0.0 0.0 0.0 0.0 0.0 0.0 0.0 0.0 0.0 0.0 0.0 0.0 0.0 0.0 0.0
-1 -1 -1 -1 -1 -1 -1 -1 -1 4593.73054643 429326.701772 989441.229799 1176230.72382 1012733.42379 1028189.34651 919973.329804 877065.744986 980765.325193 908422.80541 774576.033388 701600.887018 538352.767987 600716.372512 821532.830685 954366.435892 883374.663498 787742.522919 668032.30546 426602.573247 356138.117326 0.0 0.0 0.0 0.0 16510.7428912 0.0 0.0 241273.05985 227799.922858 167550.527484 339717.647908 174344.968773 1089578.68922 1473661.69899 1068327.65684 668693.207971 641673.167213 156620.207435 136807.176348 99287.5673959 0.0 111915.201513 323427.996865 271260.862559 195883.269815 0.038895130228 106780.97148 0.0 221054.830078 0.0 955.333718782 22147.7528374 0.0 0.0 0.0 0.0 10082.0938792 0.0 0.0 0.0 0.0 0.0 0.0 0.0 0.0 0.0 61034.7614269 0.0 0.0 0.0
-1 -1 -1 -1 -1 -1 -1 -1 -1 -1 35465.8729389 703630.421896 534724.189443 906574.520773 1032007.6931 1030563.3942 933102.680014 879742.246931 735628.562784 889139.852704 927110.267379 584091.404317 818452.960179 1068689.70097 838026.412615 955739.826189 634523.295179 307892.174578 464544.744695 614161.94377 969576.560979 50443.6326308 356110.023657 0.0 421805.780552 827238.868189 1113697.14989 153720.344519 590947.981412 610286.852858 296011.584167 621421.723078 1380320.66654 1591368.7254 1112748.66158 982757.133397 698840.233498 486235.201996 633323.370424 0.0 28211.1702266 210683.217246 186039.932497 342961.540319 96081.071022 220377.342741 85493.6384078 25293.9634986 336313.879974 164879.105417 43520.3821789 0.0 0.0 83053.1629404 283682.168051 94724.4518185 373932.500483 0.0 0.0 0.0 0.0 0.0 44922.8272372 0.0 121740.467758 0.0 0.0 0.0 196867.102697 0.0
-1 -1 -1 -1 -1 -1 -1 -1 -1 -1 -1 -1 230401.787269 856270.32914 1158348.26155 1381100.49953 1129669.06906 1086292.75385 803610.44937 980128.243237 1129797.53177 1233920.3882 1643492.33324 1364214.90105 789802.930354 986921.829628 888369.043121 458343.83851 401583.39826 88195.1097496 376684.104287 93648.1278245 0.0 0.0 9230.3565012 608811.747584 1332581.77748 611696.614161 610192.957752 738242.486139 391683.173489 532603.975941 839793.349321 1248840.7029 1667265.94237 1808857.36542 1359068.78025 371550.85989 487527.040408 302276.553108 451620.860338 415468.88653 243380.550402 235575.04548 400025.14309 468513.571182 110241.578359 51638.2304508 294031.745816 35034.974653 340601.87604 410427.880314 220413.033773 163846.357008 91993.3537 162601.395731 649758.792529 0.0 0.0 87416.8802139 0.0 0.0 34716.1783937 29641.8500123 295998.014272 0.0 136638.84252 0.0 0.0 131701.354207
-1 -1 -1 -1 -1 -1 -1 -1 -1 -1 -1 -1 -1 250532.335001 775603.709798 1332705.09719 1090544.83379 1011435.51029 1050735.56637 864853.677912 784827.62201 929739.495447 1215937.1072 965336.556893 1150883.42592 1031979.85582 1067176.93645 585824.756945 567872.542919 652120.681987 679693.365609 0.0 1235872.33752 166087.140278 0.0 625602.782253 619894.459302 545696.318656 697476.312784 668529.15341 544688.461644 1029643.73532 949070.882415 1275210.11397 1680756.02349 1603770.58898 852611.474566 590670.449834 705038.541934 339389.771695 107327.933474 123875.138542 69575.5666677 129893.314773 416414.25667 488323.431749 152925.188489 499595.958249 530260.203348 114601.874376 0.0 344612.917737 0.0 55169.8652842 0.0 159322.833689 547266.862985 0.0 1054299.6823 116466.642863 107074.148937 0.0 16754.1917302 6004.77266414 0.0 392573.451486 0.0 0.0 0.0 0.0
-1 -1 -1 -1 -1 -1 -1 -1 -1 -1 -1 -1 -1 275109.679382 675503.212266 989303.315937 960321.779925 910055.471116 813026.952879 503700.751747 603516.499654 627073.842565 1127291.39708 820778.34827 716054.815114 1008842.94521 1022842.21282 1005089.27985 765031.729839 888613.640048 768162.92185 716901.968647 864354.561838 825001.318002 510374.141746 627859.106001 235334.607832 588260.260763 676521.14518 551219.177178 884239.380466 1324815.60762 888120.214467 1485749.98457 1265313.86193 654300.750855 563897.109973 546805.22948 341902.471428 343557.352585 397292.359674 163886.45067 173452.044057 441490.181591 612679.609432 309361.806362 558330.231951 411022.496731 215985.424179 0.0 53470.4326039 0.0 308245.24575 695474.046242 133398.902044 1057178.25008 1752325.46857 969150.926001 0.0 761331.523965 0.0 0.0 23104.9829065 0.0 0.0 0.0 0.0 0.0 936482.909407 1226906.59429
-1 -1 -1 -1 -1 -1 -1 -1 -1 -1 -1 -1 -1 179735.456758 1015169.06253 757661.165344 852521.874466 1049088.77872 602676.3355 748855.954178 859077.03582 661584.174693 766533.278633 652484.968144 722841.751982 715006.368213 656731.062787 495445.610726 623754.751059 639729.440162 913225.334408 483738.419236 646480.467162 563039.647886 590973.481761 998436.525232 690474.180291 962378.918636 627199.342994 557495.632963 791551.701513 1493102.05694 701769.738313 1373213.84142 1489951.92763 850649.113841 330021.565097 742508.048732 243955.381353 118459.645407 422172.860071 476174.383383 455658.332529 442267.996678 443354.60744 256504.800866 189396.783567 47405.1470231 78999.7525908 0.0555470001468 31196.4906442 323116.968957 720458.832825 1191776.32566 404078.698879 161901.187503 2040569.87458 1810929.94166 1916189.23635 1858262.87561 1367548.75687 129644.981586 235667.084092 0.0 106438.850513 45854.269448 333413.025153 602052.350536 1727762.48415 1764851.9267
-1 -1 -1 -1 -1 -1 -1 -1 -1 -1 -1 -1 -1 -1 536894.023552 735279.963127 468548.119281 531591.351041 868280.490574 773723.828978 1015248.93847 659338.238423 461689.660184 831966.394713 552506.912557 730325.880509 529596.843538 642225.867717 485359.454846 245540.500964 586699.728289 432464.377853 363734.412372 265904.346942 300678.440615 393875.547453 578683.004098 623941.719748 661365.057273 578046.276893 618300.577742 1025267.27431 682864.553545 1290204.79622 1410853.41787 462726.128384 40450.7661511 41756.8312019 40359.1182205 87999.8222529 61544.9914317 312475.126012 296795.137191 366540.994434 104690.098695 0.0 0.0965665145409 0.0 0.0986280805707 12311.6718427 487211.908259 1113258.40424 1204347.29997 1279241.04138 1544472.02295 1642690.40253 1447312.51907 1592608.75449 1628519.13255 1584058.4886 1938076.60089 682095.660063 1005593.37922 480420.395231 980143.039716 0.0 1265537.71163 287243.713022 0.0 1854643.75212
-1 -1 -1 -1 -1 -1 -1 -1 -1 -1 -1 -1 -1 -1 -1 106990.393109 443960.853408 801668.445274 1031082.66071 1004593.42682 1294288.8904 730544.932485 780510.248689 868345.077002 614932.238522 646961.155832 531883.706044 378060.145749 534029.157221 369098.302012 434769.559701 355818.510462 302560.59839 217030.434555 316577.832457 140581.178967 230063.821888 461740.14708 770559.254437 685426.160328 542794.425891 697491.824418 443780.241191 96437.2432293 559690.924611 120454.557154 122920.030883 256015.568682 344400.89195 130403.779798 220092.900221 379843.843654 106628.52993 66183.3982573 310675.441701 107113.947415 10926.3070371 0.22764657439 0.108991444412 394955.332665 814070.478738 1583354.02679 1678213.80094 1864257.16762 1662528.63307 1583129.96994 1523569.13243 1213046.5717 1495871.27491 1700298.49571 2043438.074 1860053.07198 1356553.19607 1433807.15126 1977452.1982 1534337.01316 934820.677164 1481418.26045 987596.601006 1609955.31169
-1 -1 -1 -1 -1 -1 -1 -1 -1 -1 -1 -1 -1 -1 -1 -1 9243.64139712 403714.748432 954895.636595 943629.696618 1260245.88779 1073078.61482 814615.287874 719778.449182 707651.324211 609793.953856 517984.156959 377138.027515 337248.841081 275476.930181 223037.429505 157607.773235 207378.738475 467316.711976 607954.456542 559882.375396 90254.5733158 238906.912238 516135.546608 534363.501988 273326.515419 198588.947329 146212.844909 360338.923693 94572.596653 0.0 142450.797844 195037.200672 533790.038356 375604.349874 747432.795287 554841.538371 80010.4969365 54091.472047 48997.8351441 79693.4846493 122302.114102 103052.31334 366301.012051 1287550.3629 1632811.89879 1510068.11109 927852.333271 1236198.32352 1595997.84751 1904935.25703 1655400.15828 1605553.20316 1503547.06986 1733448.14561 1695840.46711 1840417.4995 1269970.86524 1230276.69904 1374536.85916 1593728.48797 1554292.67045 1696106.95166 1619862.42769 1579998.05772
-1 -1 -1 -1 -1 -1 -1 -1 -1 -1 -1 -1 -1 -1 -1 -1 -1 -1 12959.7758241 746796.718641 1307493.59702 1110334.73944 1432470.71715 1350876.8962 1259012.50322 1044194.21465 468512.203504 390947.877152 300588.642901 401056.768907 337006.266024 427550.562221 334106.603602 489812.704498 626875.697325 585650.707822 313953.274203 379391.634661 188817.52339 197935.460221 403875.097478 46932.2377289 8051.6553728 99342.0513546 13149.9133022 0.0165117323134 99802.6538186 0.0 113688.190167 65308.8212884 722290.96687 305692.626013 80919.9660276 12297.0174305 0.0 0.0 41392.5359592 722759.954309 1173762.19786 1241896.58369 986725.47747 1347214.48682 1276885.40198 1662756.37711 1659665.44301 1613466.13796 1675694.38207 1661198.16129 1428657.14946 1635713.20147 1515074.90371 1519516.10431 1573337.77072 1501634.83317 1517539.27648 1649587.12041 1632277.40222 1629487.99711 1574214.99837 1643393.3
-1 -1 -1 -1 -1 -1 -1 -1 -1 -1 -1 -1 -1 -1 -1 -1 -1 -1 -1 29144.3372434 848819.96858 1577630.01689 1041895.73091 1210197.99498 1536679.1985 1339406.40981 637478.800236 468988.179754 958617.832892 368000.508658 299677.087901 415740.695599 528913.176983 581796.132013 775914.977972 672954.57026 426007.84079 175080.278344 0.0 0.0 0.0 23917.7517262 -1 -1 -1 -1 -1 -1 -1 589.79795208 325258.104563 357679.770395 40615.8015407 68949.8954746 0.0 0.119029844198 723326.894261 1012998.92011 1167347.07478 1571779.41493 647597.955258 1191692.5904 1457972.52814 1784823.13575 1429101.1527 1656379.8544 1605892.66968 1797276.5943 1401011.35098 1277454.22291 1425524.5466 1272827.87903 2150012.62771 1512138.50224 1676399.65245 1636144.75993 1475607.39171 1579009.23461 1365004.07265 1389806.97643
-1 -1 -1 -1 -1 -1 -1 -1 -1 -1 -1 -1 -1 -1 -1 -1 -1 -1 -1 -1 21820.6014706 924575.165798 1325230.52381 1325408.84998 1491334.07208 1158878.57687 918806.072803 808600.894646 693760.642256 422470.762364 296419.532426 192305.968976 100471.554318 323176.498868 697823.694528 720594.520033 435983.9426 17006.5413603 2992.43067548 0.0 -1 -1 -1 -1 -1 -1 -1 -1 -1 -1 157795.204035 328940.881694 65557.2592875 0.0946505657775 22417.5607086 53394.8037266 683730.228689 1474509.75217 1533823.35108 1288678.89913 950445.613119 905875.61562 1205239.31367 1277841.90724 1128365.81061 1111458.42668 1098909.9806 1201005.57244 1047491.62134 952896.643914 2182539.70393 2038728.43022 2014436.44819 2064743.80049 1525622.63295 1485470.49246 1481869.46228 1500609.69429 1585847.86614 1551151.40447
-1 -1 -1 -1 -1 -1 -1 -1 -1 -1 -1 -1 -1 -1 -1 -1 -1 -1 -1 -1 -1 0.0 364626.736092 941289.10651 1139596.30773 193296.260021 402192.161311 217848.709865 -1 -1 -1 -1 -1 -1 -1 31136.0025764 0.0 -1 -1 -1 -1 -1 -1 -1 -1 -1 -1 -1 -1 -1 15987.0927821 528226.341172 199636.356521 248119.458551 588790.386109 165716.189419 193390.825003 1547206.79253 1461068.62585 1028754.94656 1323182.73218 1330350.48371 1089134.61374 1139543.12444 987219.959102 1074592.01212 1092635.32335 1097845.36647 830298.490198 1003773.519 1078318.23156 2091137.23716 2161424.89892 2329590.4759 1542479.50847 1635741.15485 1745555.55374 684536.896291 1155715.66176 1180762.24025
-1 -1 -1 -1 -1 -1 -1 -1 -1 -1 -1 -1 -1 -1 -1 -1 -1 -1 -1 -1 -1 -1 -1 -1 48901.5160937 40848.0684847 -1 -1 -1 -1 -1 -1 -1 -1 -1 -1 -1 -1 -1 -1 -1 -1 -1 -1 -1 -1 -1 -1 -1 -1 -1 103431.89416 338418.970628 249001.106285 0.0 0.0 -1 176051.411534 1271199.51652 962322.796569 1167663.45748 1199722.58288 292376.183485 676607.509318 1091932.26425 1125026.2891 1154796.72744 1213063.98681 1002915.92872 891502.349585 993896.794577 880169.201627 2425458.17067 1694183.47927 1646200.39596 1122387.1242 1023075.03504 1148440.96374 1147946.94204 1187170.30986
-1 -1 -1 -1 -1 -1 -1 -1 -1 -1 -1 -1 -1 -1 -1 -1 -1 -1 -1 -1 -1 -1 -1 -1 -1 -1 -1 -1 -1 -1 -1 -1 -1 -1 -1 -1 -1 -1 -1 -1 -1 -1 -1 -1 -1 -1 -1 -1 -1 -1 -1 -1 -1 -1 -1 -1 -1 571082.430642 -1 212080.690349 837979.050982 1125352.05246 967651.940678 822112.566011 1014015.69272 1094962.01423 1152047.58275 1148857.74592 1160821.25049 1203661.0034 1105971.56891 1141419.70218 984183.310674 1777219.49887 1804203.51847 1062478.48028 997987.409581 1081299.77893 941801.64632 1195000.47518
-1 -1 -1 -1 -1 -1 -1 -1 -1 -1 -1 -1 -1 -1 -1 -1 -1 -1 -1 -1 -1 -1 -1 -1 -1 -1 -1 -1 -1 -1 -1 -1 -1 -1 -1 -1 -1 -1 -1 -1 -1 -1 -1 -1 -1 -1 -1 -1 -1 -1 -1 -1 -1 -1 -1 -1 112985.918829 593472.702976 -1 117786.975539 1280318.18494 1500046.37637 1501328.67453 1370103.87436 1375697.54172 1532633.96927 1576533.24273 1513494.63114 1213677.40356 1138511.83902 1055192.07892 1045511.93539 1133660.50688 1753784.10663 1825706.66796 1832719.2707 1336780.58102 1293663.47606 1224561.09974 1117032.90369
-1 -1 -1 -1 -1 -1 -1 -1 -1 -1 -1 -1 -1 -1 -1 -1 -1 -1 -1 -1 -1 -1 -1 -1 -1 -1 -1 -1 -1 -1 -1 -1 -1 -1 -1 -1 -1 -1 -1 -1 -1 -1 -1 -1 -1 -1 -1 -1 -1 -1 -1 -1 -1 -1 -1 -1 -1 -1 -1 186815.63452 1401539.06902 1501101.46038 1335019.39855 1452505.66869 1473723.47551 1464636.93682 1470353.95665 1494843.01887 1519675.69466 1520265.07358 1069310.75657 1062979.50026 1156816.51128 1812189.01874 1447918.67044 1723923.93987 1615283.03499 524445.692808 1205005.51803 1485588.86603
