critload/trunk/input/1999/nle_ag.asc
ncols 720
nrows 360
xllcorner -180
yllcorner -90
cellsize 0.5
NODATA_value -1
[rows 66 to 98 of 360, columns 150 to 224 of 720]
0.0 0.0 0.0 0.0 0.0 0.0 0.0 0.0 0.0 4109.04593464 0.0 1565.53183776 1420.72746939 0.0 0.0 0.0 0.0 432.715143313 0.0 0.0 0.0 0.0 0.0 0.0 0.0 0.0 0.0 0.0 0.0 0.0 0.0 0.0 0.0 0.0 -1.0 -1.0 -1.0 -1.0 -1.0 -1.0 -1.0 -1.0 -1.0 -1.0 -1.0 -1.0 -1.0 -1.0 -1.0 -1.0 0.0 0.0 -1.0 -1.0 -1.0 -1.0 -1.0 0.0 0.0 0.0 0.0 0.0 0.0 0.0 0.0 0.0 0.0 0.0 0.0 0.0 0.0 0.0 0.0 0.0 0.0
0.0 0.0 0.0 0.0 0.0 0.0 0.0 0.0 0.0 0.0 0.0 0.0 0.0 0.0 0.0 0.0 0.0 0.0 0.0 0.0 0.0 0.0 0.0 0.0 0.0 0.0 0.0 0.0 0.0 0.0 0.0 0.0 0.0 0.0 0.0 -1.0 -1.0 -1.0 -1.0 -1.0 -1.0 -1.0 -1.0 -1.0 -1.0 -1.0 -1.0 -1.0 -1.0 -1.0 0.0 0.0 0.0 -1.0 -1.0 -1.0 0.0 0.0 0.0 0.0 0.0 0.0 0.0 0.0 0.0 0.0 0.0 0.0 0.0 0.0 0.0 0.0 0.0 0.0 0.0
0.0 0.0 0.0 674.211811577 0.0 0.0 0.0 0.0 0.0 0.0 0.0 0.0 0.0 0.0 0.0 0.0 0.0 0.0 0.0 0.0 0.0 0.0 0.0 0.0 0.0 0.0 0.0 0.0 0.0 0.0 0.0 0.0 0.0 0.0 0.0 0.0 0.0 0.0 0.0 -1.0 -1.0 -1.0 -1.0 -1.0 -1.0 -1.0 -1.0 -1.0 -1.0 -1.0 0.0 0.0 -1.0 -1.0 -1.0 0.0 0.0 0.0 0.0 0.0 0.0 0.0 0.0 0.0 0.0 0.0 0.0 0.0 0.0 0.0 0.0 0.0 0.0 0.0 0.0
1429.98889996 0.0 0.0 0.0 0.0 0.0 0.0 0.0 0.0 0.0 0.0 0.0 0.0 0.0 0.0 0.0 0.0 0.0 0.0 0.0 0.0 0.0 0.0 0.0 0.0 0.0 0.0 0.0 0.0 0.0 0.0 0.0 0.0 0.0 0.0 0.0 0.0 0.0 0.0 0.0 0.0 0.0 0.0 0.0 0.0 0.0 -1.0 -1.0 -1.0 -1.0 -1.0 -1.0 -1.0 0.0 0.0 0.0 0.0 0.0 0.0 0.0 0.0 0.0 0.0 0.0 0.0 0.0 0.0 0.0 0.0 0.0 0.0 0.0 0.0 0.0 0.0
6629.86185646 0.0 1568.50397467 922.708090383 0.0 0.0 0.0 0.0 0.0 0.0 0.0 0.0 0.0 0.0 0.0 0.0 0.0 0.0 0.0 0.0 0.0 0.0 0.0 0.0 0.0 0.0 0.0 0.0 0.0 0.0 0.0 0.0 0.0 0.0 0.0 0.0 0.0 0.0 0.0 0.0 0.0 0.0 0.0 0.0 0.0 0.0 -1.0 -1.0 -1.0 -1.0 0.0 0.0 0.0 0.0 0.0 0.0 0.0 0.0 0.0 0.0 0.0 0.0 0.0 0.0 0.0 0.0 0.0 0.0 0.0 0.0 0.0 0.0 0.0 0.0 0.0
0.0 27836.2767151 0.0 0.0 14726.7374585 608.998864296 11809.9869095 15653.4118005 65940.4316153 90056.3614112 63549.6609233 136227.591262 25327.6585364 244.291179208 0.0 0.0 0.0 0.0 0.0 0.0 0.0 0.0 0.0 0.0 0.0 0.0 0.0 0.0 26290.7733329 0.0 0.0 0.0 0.0 0.0 0.0 0.0 0.0 0.0 0.0 0.0 0.0 0.0 0.0 0.0 0.0 0.0 -1.0 0.0 -1.0 -1.0 0.0 0.0 0.0 0.0 0.0 0.0 0.0 0.0 0.0 0.0 0.0 0.0 0.0 0.0 0.0 0.0 0.0 0.0 0.0 0.0 0.0 0.0 0.0 0.0 0.0
85183.416805 170626.913813 61499.3543902 11258.2244064 58758.9931299 28141.3892664 81768.3152183 300761.728174 193828.482718 75783.6022672 39046.5674521 15725.7929679 4191.84965882 6193.02993693 1961.26236885 0.0 0.0 14587.0721873 4106.93999333 0.0 8.17447919715 344.842198772 0.0 0.0 0.0 542.132322116 0.0 0.0 1931.45274887 656.098214795 0.0 0.0 0.0 0.0 0.0 0.0 0.0 0.0 0.0 0.0 0.0 0.0 0.0 0.0 0.0 0.0 -1.0 -1.0 -1.0 -1.0 -1.0 0.0 0.0 0.0 0.0 0.0 0.0 0.0 0.0 0.0 0.0 0.0 0.0 0.0 0.0 0.0 0.0 0.0 0.0 0.0 0.0 0.0 0.0 0.0 0.0
596922.968807 776752.346989 1129405.94204 284058.922573 0.0 0.0 0.0 0.0 2874.6111786 65.4971830622 26934.659717 22342.6158104 0.0 0.0 450.639335095 147.167870445 0.0 0.0 0.0 0.0 0.0 0.0 0.0 0.0 0.0 0.0 0.0 0.0 0.0 0.0 0.0 0.0 0.0 0.0 0.0 0.0 0.0 0.0 0.0 0.0 0.0 0.0 0.0 0.0 0.0 0.0 0.0 0.0 0.0 0.0 -1.0 0.0 0.0 0.0 0.0 0.0 0.0 0.0 0.0 0.0 0.0 0.0 0.0 0.0 0.0 0.0 0.0 0.0 0.0 0.0 0.0 0.0 0.0 0.0 0.0
851342.486951 496992.602202 676026.097819 482447.058559 262873.098769 170253.577631 0.0 3355.8545234 29178.3563131 29905.5038006 20886.3296606 0.0 21310.9859813 0.0 0.0 0.0 0.0 0.0 0.0 19273.1781849 15603.9778189 12615.3273701 0.0 0.0 0.0 0.0 0.0 0.0 0.0 0.0 0.0 1430.26054905 0.0 0.0 0.0 0.0 0.0 0.0 0.0 0.0 0.0 0.0 0.0 0.0 0.0 0.0 0.0 0.0 0.0 -1.0 -1.0 -1.0 0.0 0.0 0.0 0.0 0.0 0.0 0.0 0.0 0.0 0.0 0.0 0.0 0.0 0.0 0.0 0.0 0.0 0.0 0.0 0.0 0.0 0.0 0.0
5208186.69447 3105691.50488 863937.479808 589225.765374 312579.997545 253525.793215 208319.816634 392350.934649 196343.465032 30412.3024447 10162.601378 8743.75853077 6678.34970815 1665.3435287 0.0 0.0 0.0 0.0 13883.8533789 5318.64427479 0.0 0.0 0.0 0.0 0.0 0.0 0.0 0.0 3775.32063506 10651.8260244 0.0 0.0 0.0 0.0 0.0 0.0 0.0 0.0 0.0 0.0 0.0 0.0 0.0 0.0 0.0 0.0 4845.60784741 0.0 -1.0 0.0 -1.0 0.0 0.0 0.0 0.0 0.0 0.0 0.0 0.0 0.0 0.0 0.0 0.0 0.0 0.0 0.0 0.0 0.0 0.0 0.0 0.0 0.0 0.0 0.0 0.0
862466.562601 499759.80392 1167409.74239 878568.974681 946606.330646 1069711.3736 707536.307465 180817.709728 44701.7955092 247922.166682 206168.18592 13645.2191612 85971.7898658 47072.1307854 44082.7967915 88624.9231649 25551.7782935 0.0 0.0 0.0 0.0 0.0 0.0 0.0 0.0 0.0 0.0 0.0 4666.94747515 0.0 0.0 0.0 0.0 0.0 0.0 0.0 0.0 0.0 0.0 0.0 0.0 0.0 0.0 0.0 0.0 0.0 0.0 0.0 0.0 -1.0 0.0 0.0 0.0 0.0 0.0 0.0 0.0 0.0 0.0 0.0 0.0 0.0 0.0 0.0 0.0 0.0 0.0 0.0 0.0 0.0 0.0 0.0 0.0 1684.41352191 0.0
1381959.97351 838703.568145 1259054.94732 1029797.66945 806106.255814 1019759.13573 1108219.83277 686556.103127 553856.932369 852583.982908 725979.507414 514902.704943 449158.874603 713500.35278 1118862.7533 819722.404162 101834.35806 51428.4320353 0.0 0.0 0.0 0.0 37406.613569 68.8254207574 0.0 2370.58999035 0.0 0.0 0.0 1466.76700602 0.0 0.0 0.0 0.0 0.0 0.0 0.0 0.0 0.0 0.0 0.0 0.0 0.0 0.0 0.0 0.0 0.0 0.0 0.0 0.0 0.0 0.0 0.0 0.0 0.0 0.0 0.0 0.0 0.0 0.0 0.0 0.0 0.0 0.0 0.0 0.0 0.0 0.0 0.0 0.0 0.0 0.0 0.0 837.667098823 0.0
1707362.98415 1549713.59391 1534310.71961 924815.23237 609545.622732 3241639.7499 433967.72239 1170067.56714 857641.154354 426579.756885 300416.699739 1288107.68234 708829.055752 759012.082985 1218739.35374 1438368.07659 72641.6390899 105255.215114 9618.95917879 37605.4482598 0.0 0.0 1979.21502105 7091.08668151 0.0 0.0 0.0 5304.05714047 2381.70977616 0.0 0.0 0.0 0.0 0.0 0.0 0.0 0.0 0.0 0.0 0.0 0.0 0.0 0.0 0.0 0.0 0.0 0.0 0.0 0.0 0.0 0.0 0.0 0.0 0.0 0.0 382.636162169 0.0 0.0 0.0 0.0 0.0 0.0 0.0 0.0 0.0 0.0 0.0 0.0 0.0 0.0 0.0 0.0 0.0 0.0 0.0
1888289.40049 1832696.36063 1484848.03217 927515.708876 792239.662265 655135.619218 720807.663823 619086.718973 1348709.90858 1336158.41612 1181325.36329 1385110.37035 1453659.13787 612743.772276 925579.301751 1953181.28745 1305391.50731 1044302.2923 231169.747791 0.0 13279.9126277 0.0 24689.4780752 11420.9557279 179.462412378 0.0 0.0 0.0 0.0 2337.60186919 0.0 0.0 1290.86498196 380.360949316 0.0 0.0 0.0 0.0 0.0 0.0 0.0 0.0 0.0 0.0 0.0 0.0 0.0 0.0 0.0 0.0 0.0 0.0 0.0 0.0 0.0 0.0 0.0 0.0 0.0 0.0 0.0 0.0 0.0 0.0 0.0 10341.541266 0.0 2686.84437372 0.0 0.0 0.0 3256.91973615 0.0 0.0 0.0
395881.725942 565305.633288 483067.241879 1736683.08635 137421.421997 724043.345651 4451806.03323 1511493.22211 1535066.2503 1541488.49182 1596990.19168 1331373.31733 1631763.21794 2038586.93609 2106166.22617 1872824.58194 2015591.14053 624806.108517 318187.963712 10817.9573382 7385.87227908 38447.195714 0.0 81652.6101039 99781.470594 7718.16496285 9491.56212434 5777.27416687 0.0 0.0 0.0 4134.41648077 0.0 9334.51401852 0.0 0.0 0.0 0.0 0.0 0.0 0.0 0.0 0.0 0.0 0.0 0.0 0.0 0.0 0.0 0.0 0.0 0.0 0.0 0.0 10449.8731559 17709.4158649 27300.9585902 0.0 0.0 0.0 0.0 0.0 0.0 10723.319726 0.0 0.0 9428.18341612 7308.52425587 11133.1104658 778.07186319 0.0 2929.33483553 0.0 0.0 0.0
555755.76349 219332.99248 322276.042058 1235045.53478 1689481.28729 1604631.66566 418607.14404 1552587.22599 1642702.48385 1308120.24068 1445199.33695 1478660.79419 1670360.28474 1686234.75679 2129878.99869 1332629.50828 1091017.33452 631741.624399 202651.037445 42623.3226635 0.0 142473.086889 52735.3326117 0.0 0.0 0.0 14540.4573468 2223.43047905 0.0 0.0 0.0 0.0 29671.4396645 25764.3940534 0.0 0.0 0.0 0.0 11589.3095549 0.0 0.0 0.0 0.0 0.0 47838.6430725 49386.8756341 8577.9014901 50160.5227341 30268.1684358 0.0 10349.8781159 6800.92708732 0.0 10404.2244728 0.0 0.0 8260.84594894 0.0 0.0 0.0 0.0 0.0 0.0 0.0 0.0 0.0 0.0 5744.54964998 0.0 0.0 6086.81403155 37394.5495334 93034.6359697 55561.9517178 13102.1569439
2556280.79641 2377708.345 988093.872419 939240.749086 737410.398666 1201926.37861 0.0 121446.665035 532555.045037 1854426.22671 959762.326923 0.0 22789.3849593 48963.2537495 942.471482459 0.0 632990.385731 152051.012507 248577.311011 3834.281639 319892.162463 410715.762139 673215.540403 132783.975746 111985.919593 123753.225008 16383.1589493 6207.66182186 16476.1397133 0.0 25852.1458709 40637.8919581 92717.9452691 33074.7004175 0.0 15348.9430105 0.0 15594.6099864 0.0 0.0 0.0 0.0 22698.2224478 0.0 0.0 0.0 0.0 25248.2038128 158900.520065 129887.830031 22537.0916108 836833.568984 86401.49423 187771.564402 48119.4179605 0.0 0.0 0.0 0.0 0.0 2301.89094732 0.0 0.0 0.0 300887.8104 837719.174451 546282.262928 383025.61696 0.0 0.0 102774.480674 48707.0491817 5123.95322989 2025959.02047 2034468.02264
2638609.72082 2981024.03526 1039149.01907 2109519.871 1954499.09127 1182035.95815 1139265.70657 218501.69899 1132456.73455 751894.130423 1645519.94739 1996542.63378 1895559.97654 440117.755679 699709.428106 1662972.02922 326460.245358 766463.568722 593530.983561 51560.0958627 4027.36141368 0.0 24699.648433 0.0 137992.587269 153117.103333 0.0 0.0 0.0 0.0 179129.789711 202089.772901 0.0 0.0 0.0 0.0 0.0 0.0 12081.0273104 36017.7269231 80490.1955316 4495.23358477 1990.57538296 0.0 0.0 1035.53519504 0.0 92316.0042868 3826.77920261 105342.194642 4526.00857925 352624.706626 250636.691539 288736.447606 282241.975791 87062.050927 2420.23874785 0.0 0.0 4203.4006457 0.0 0.0 0.0 0.0 0.0 121682.955359 345672.623642 370499.75232 177670.347405 0.0 32804.2849787 278408.719804 137329.173881 160167.447583 66488.7084791
2368028.29089 3006079.43606 1470178.29965 1484211.91659 1726432.41267 1630077.98523 555329.759398 690171.946423 761287.588323 3463289.68794 284643.357598 2637298.41721 2338225.12537 1160214.93496 2041997.40294 1948772.56291 1331463.45972 1733181.31625 1400204.14884 1319064.32772 1530599.1853 364870.091063 507.177517227 0.0 98228.6120227 706134.363939 0.0 0.0 0.0 0.0 0.0 0.0 0.0 0.0 0.0 0.0 0.0 0.0 0.0 1875.10556811 51776.7814475 4646.14082037 4718.1601326 5017.32909554 0.0 0.0 0.0 0.0 12158.6957814 96484.143492 844098.059816 408855.62797 36651.84586 30286.7409215 2577.26472586 2558.70960708 0.0 0.0 2611.3739066 0.0 2588.60395739 9491.6042173 0.0 12493.3596222 20548.5032959 13847.3292379 27448.463082 0.0 0.0 111346.876203 436431.514626 610283.953757 158826.075107 0.0 0.0
1991428.97724 1459682.79522 1090770.21603 1353406.09227 2010911.4524 1745835.02698 1983414.81214 1190881.21489 767843.351256 2621949.50449 2779981.40876 1863025.50554 2299055.91653 1351825.81354 1768398.43464 929657.35048 629456.387074 981295.077165 288127.445074 1461408.03203 1708065.98634 0.0 281348.47237 321085.121234 0.0 440728.416262 0.0 0.0 0.0 0.0 0.0 0.0 0.0 0.0 0.0 0.0 0.0 0.0 0.0 0.0 0.0 10057.4655157 0.0 0.0 0.0 0.0 0.0 0.0 0.0 10068.1924745 122727.000257 679064.262548 43277.3905594 0.0 0.0 0.0 28919.3184289 0.0 12980.2275866 0.0 9448.30001491 13834.6645314 64463.5589886 47769.1604335 41239.0054703 13273.6318627 0.0 0.0 130833.32019 454016.505322 243120.133475 236442.354098 110516.900545 1260520.37397 501361.847577
902552.087964 2208461.82292 1639166.89612 2367920.79235 461902.241189 2215298.97578 1956275.69224 1555495.13573 2183590.45739 737329.460847 2519417.86613 1549840.37087 2346742.92075 758402.369833 2559921.27542 2993151.23542 2345636.02129 2336332.87244 2836570.26412 2681185.48512 1803318.12794 1878690.45315 1038028.17778 250039.903697 0.0 70403.9828521 0.0 277773.425275 0.0 0.0 56414.7973954 0.0 0.0 0.0 299255.593367 0.0 0.0 0.0 0.0 0.0 639.292149504 195900.445418 0.0 2445.40962651 0.0 0.0 4924.92198745 422605.713853 514118.757766 25466.1401897 0.0 23552.8697538 9220.05595828 0.0 0.0 0.0 0.0 17669.4325146 126808.900962 182190.922155 39621.2726445 14132.0465063 124365.791634 56253.4950923 680148.763578 1316492.67382 1538318.52687 1791715.28834 1284453.24232 285951.002723 201039.852943 0.0 0.0 1250035.2096 1317996.31011
1306540.4447 1651406.37819 1216312.2829 2366839.40207 2714259.03628 1759066.9745 1434273.31337 1059014.88727 1030793.81776 1515710.73887 2983665.10303 2879600.17568 2495325.83564 2330596.4862 2503466.10964 2691405.55907 1660073.68299 1927594.40343 1566088.48661 2199639.7918 2057953.30709 2706948.80037 538350.19409 335279.207005 895910.524301 0.0 32484.6356647 111819.74152 0.0 252879.79303 373852.496872 301605.989252 412335.888588 184173.501124 100644.935246 0.0 0.0 0.0 0.0 19553.1474811 141692.839854 655288.221506 300267.61951 152732.672344 267410.11013 173152.062749 218524.538762 402567.240768 349877.879677 148456.673333 134211.395701 401610.056019 50740.8814888 0.0 11000.2561766 25401.5111272 0.0 27200.0673984 148619.845156 85564.9060597 249510.746076 133779.242555 520934.961166 1911988.43188 2202061.85366 2401597.19986 1189714.87973 1000837.85283 1085564.29 1485386.41732 0.0 49050.7874705 0.0 169192.178708 1374313.74572
1459082.91211 896748.466481 693255.099541 1624463.38081 2322669.53914 2854458.54268 1816864.62726 1983701.85726 6348754.46793 6003667.55412 3282883.62538 4279109.1408 2552720.69673 3834212.7851 3047529.72314 5137242.32661 4291238.48611 989020.361452 2565895.0051 2507263.1794 2838526.12431 4729106.58801 2808086.37516 3023489.02548 1549541.05265 539993.892916 1640190.62734 192617.277125 16632.894575 0.0 878627.576794 1278424.76467 0.0 255802.502519 295559.587247 633134.741254 0.0 0.0 0.0 0.0 149639.08851 0.0 0.0 0.0 0.0 0.0 0.0 226.418283828 116032.49181 128533.399793 164154.642547 221984.146479 0.0 0.0 1301.30678799 942866.810698 1339567.17272 610321.275587 686223.737534 1034171.6577 592495.596596 8341562.61733 2062317.54837 1470199.51997 2809956.25727 1613869.41382 930604.160699 409003.712255 486386.877758 36283.2262861 12696.073748 0.0 0.0 89314.746271 24604.2420472
646397.492758 591751.346121 569312.688841 744645.040314 1706733.18164 1756262.15949 1946553.89603 2183531.55014 3413315.6243 4188704.88297 1318466.18326 46431.3519771 2625840.04787 2450714.89214 3414282.62109 4975409.65937 4624005.08991 2566040.58557 2221787.63654 2776989.64772 3489149.8312 5389233.61947 5480871.59136 5185569.68959 3638878.46944 2212557.5474 2239218.48836 1179490.86675 908501.563753 1017554.24163 1264926.11953 1255746.95575 256765.996703 944823.394807 850542.230228 0.0 0.0 0.0 0.0 658281.636956 1083794.05916 275518.803865 531567.331631 0.0 0.0 0.0 0.0 581226.765927 0.0 90822.7305331 272465.602193 440477.627891 87386.3839084 29773.2226327 80682.3969291 41095.8848028 399558.611216 1911988.36478 2261422.27651 1561398.08137 2637077.26141 2460971.4665 2237363.96196 2803762.39262 1686545.61881 797154.579233 1561511.17912 0.0 24140.2126855 0.0 0.0 106476.024416 0.0 0.0 19362.6155005
1366458.3813 851707.3594 2412057.84628 2119647.21301 1409863.35877 1585915.11646 3025629.293 1121005.50977 2501402.66033 5830875.60005 4472525.74694 2130960.39279 1410146.15887 3303279.0067 4176828.40885 4297943.93677 3517700.42075 1756730.14336 2973090.88097 2269240.57596 2791552.16716 4126757.19266 3938363.52016 3083238.14919 3930208.89946 2110366.93341 2547778.36678 2549626.4198 2153978.85095 3096574.34641 1986194.50234 1329056.60197 1114458.66475 3435787.59642 607503.674797 0.0 0.0 0.0 1286049.35822 913482.337965 7539.69858531 77039.53925 233774.175313 0.0 0.0 0.0 0.0 852346.461337 901282.642577 122750.771187 1604583.32858 1394518.84192 988642.127118 359183.064768 274821.430396 750410.47752 434485.497688 1311144.0964 2165192.27002 1381076.0548 577360.046327 1194610.9593 961988.69746 402268.248692 160940.794377 187066.202441 13965.8774481 0.0 0.0 0.0 136225.882675 238480.295785 439417.443837 0.0 0.0
1038949.91313 1187718.87718 459243.247028 1916289.52998 2339195.38875 2152255.60096 1610748.16428 2931816.69358 3773573.16254 5601759.18973 2823356.55794 2309873.56537 1263589.52858 1119713.55572 1259852.822 3506909.73317 3820993.82612 1683897.15163 155537.261412 1563827.28406 2665506.74245 2866982.55083 3486867.00344 2829857.41952 2974698.88028 2228143.28836 884096.427391 2931369.68665 1951016.22404 1089737.69308 2199886.70259 2416469.6096 3344988.58915 2649502.49196 3084104.92987 0.0 0.0 662294.818108 244682.346718 964011.731445 74751.6605351 614504.619409 938141.207027 0.0 0.0 0.0 510768.109328 2634977.14603 2366021.135 2342885.15091 2369980.52355 2026122.89799 2537778.64063 2318905.48722 2649144.74093 2174129.98585 2014374.56853 919876.85128 0.0 72589.5655206 0.0 18982.0676254 0.0 212121.333564 25231.2441011 82384.3183673 0.0 0.0 192756.475641 953451.158223 210179.303775 141344.573712 0.0 0.0 0.0
599427.358701 742708.198462 521698.800386 1088835.86078 1206820.63828 611464.71302 1628510.25498 1767012.97307 2004944.56285 2402778.63216 3012662.63162 3060979.44024 1056833.1735 929158.868219 1841744.30234 1495111.03755 4367542.57654 3202956.99507 1778037.18287 1284394.14583 2559941.94806 2587285.108 2794585.97777 3820364.41582 3889211.07507 927714.098174 1088838.87255 814206.398578 1955496.63292 1620869.52634 1994169.27833 2418264.59147 4417040.57961 2249661.42904 1169760.21713 0.0 0.0 1899593.15922 849063.33111 1403431.41963 2705999.61546 1247293.9718 0.0 1415632.17937 930189.645514 0.0 1299308.95848 3137715.0501 3166392.25888 2893565.62988 2072964.97142 810047.965369 598731.364161 324368.510939 0.0 561377.707804 0.0 0.0 825532.849093 206454.161777 0.0 0.0 0.0 177791.360777 13020.5237651 0.0 0.0 9382.91730549 429864.939613 5100788.61688 64772.9478098 1568.13650575 -1.0 -1.0 -1.0
294827.279453 626109.331114 1317859.38315 1930325.57018 1041107.31312 2205046.7403 3018590.43858 2572775.04186 2478994.76537 1896193.23246 2686788.9131 2902428.99205 3625476.57173 4995157.18437 3714647.3667 3879753.92909 4878596.80158 3752423.0862 2719593.25889 2137976.37965 1385976.06128 1553456.07523 1353641.01239 3444958.36529 3303719.1691 2173145.29433 1042614.05806 819107.427484 630738.713131 1631021.33536 2193081.67658 3805533.3999 4466001.2321 4315163.46067 0.0 0.0 0.0 1519170.36597 3862351.15636 3685543.5566 2716038.8386 1941693.03865 2402306.66624 3412060.91665 1603809.38767 173226.276224 2186362.70425 3244978.85527 3151291.95401 2832614.31969 1684537.70053 906953.400401 2050348.1013 2825934.39249 1450576.34944 1577524.71949 2000556.19489 1847032.80905 445908.266003 868436.468249 450064.909925 128670.27214 926141.935864 822510.148651 0.0 27017.5669163 262361.979636 260671.094514 1376879.45169 220161.050329 -1.0 -1.0 -1.0 -1.0 -1.0
1280171.53316 1282958.04933 1102472.1719 2659260.87794 4109462.10815 3916286.63465 2853830.50322 2710818.76397 2434871.61209 778873.207262 4633196.72188 3201708.48957 2575894.08311 1087395.20307 3335981.2516 3997714.15306 4710686.55443 4780748.6771 1482373.13323 520789.69009 1887360.50533 2235222.65501 2085656.28148 2207197.55888 2584637.49316 4391716.96256 1966221.16101 5180386.23478 5811941.34097 3541500.25857 3876632.87512 5323525.86886 5222195.41955 5549828.29164 0.0 0.0 0.0 0.0 4134843.9026 3290835.95439 3423778.90546 3844167.87133 3550211.40399 2564911.73695 2514763.96004 2158445.18597 3430948.19556 2348650.90704 2655946.54793 1865762.16576 1038941.42875 990848.46151 1894691.26576 3105828.50939 2583769.50475 2160055.54585 2426476.38029 1065885.59763 613968.899768 1319342.77732 1721013.29967 1549305.17959 1449726.46679 444976.191275 355850.6177 274115.630768 1102411.49729 895498.61995 186459.545216 -1.0 -1.0 -1.0 -1.0 -1.0 -1.0
1897869.34769 2414130.60734 1314499.59809 5578995.42043 6334120.40298 2018693.2371 2047203.24422 1624924.73063 1177945.71397 1049569.26355 1325355.71391 950112.325447 2262109.08206 2919417.03607 3267234.37026 3123932.4531 3169251.65171 4391095.40148 2210051.7292 2535473.07724 2526506.60431 3037167.21493 3233257.54117 2632724.6466 1948410.16674 3376164.69461 4054683.36208 3080310.8632 9561089.14108 1423704.79111 2571311.52435 2721630.89013 3269350.27728 2278099.4046 0.0 0.0 0.0 3342049.83551 3655804.82792 3099559.57636 2799542.64672 3549585.6155 3850055.20602 1731133.29668 1209162.54856 1197701.44555 358717.617667 0.0 0.0 0.0 0.0 4003590.4973 870050.568249 1068617.30423 1009612.12359 1030204.78575 823712.144515 2343117.93718 965477.320011 518634.381513 309972.492925 162657.794684 4384490.53063 302554.735476 903162.204121 1342352.42299 1258398.27553 479871.576609 118797.46098 0.0 -1.0 -1.0 -1.0 -1.0 -1.0
2487130.95061 4022688.92555 7747505.11392 6227585.74568 3723782.21774 2077322.57827 2121088.68604 2406565.69966 1465576.50052 1884197.40845 2946763.30269 2006382.95474 3519873.1057 3292836.36634 3035050.1295 3333055.48322 3385251.10879 3852702.91127 3743988.30699 3217903.09042 2589352.25238 3963382.30572 4056143.19245 3829714.94299 3092182.89915 3036717.77037 4257909.35981 4313630.79666 5163016.95938 2097907.07292 3003033.01294 2880606.67296 3175667.1556 1845227.92555 424771.51984 0.0 2719768.33254 4602059.49046 4586560.183 3638339.79199 4047500.36375 4000091.31265 4490213.69104 0.0 0.0 0.0 0.0 457193.541745 1179816.95875 12884784.3539 399601.2918 155232.830403 83711.5681725 117158.627251 85431.3902508 121769.850522 261587.258456 293743.279861 611077.820015 188639.017524 367373.771755 1245565.07512 3057313.33154 1129433.08184 1958827.05554 2266356.51578 1357800.3293 828591.9851 872236.956649 250076.863313 19108.8499395 -1.0 -1.0 -1.0 -1.0
1345854.87198 4360614.34249 3838837.29266 5372315.74489 6628039.29942 6613986.82373 5531797.6782 5538108.21302 4741054.72387 5071923.24151 2922630.69272 3052666.05465 3852242.83274 4066275.50578 4685857.45215 4547392.73938 4699177.57344 4782770.2789 4641495.54513 3356438.84553 2417622.97162 2661503.94104 2807014.24936 2468538.87484 2807867.48022 2595293.82671 3076027.69865 4944889.96773 1973636.28529 2644739.84934 2596647.9784 3111036.26122 2865412.24876 3227806.58455 3403850.20912 5406086.87325 4594182.47667 4546070.51807 3950085.38476 4505953.76877 2382238.72021 1568758.7658 1834254.81143 2228543.56499 2439125.28423 2492441.40428 1225022.24451 1632842.0077 1297304.74124 7576866.70059 1293460.99587 1741993.84092 265447.433459 98910.58035 33476.822252 58506.4549188 319963.453627 421490.901108 1935473.30285 194658.839522 764862.683806 1278152.21556 2667879.25364 876382.783889 626318.456228 454177.456557 517043.523347 30292.9927062 198693.672739 2034.96279976 -1.0 -1.0 -1.0 -1.0 -1.0
2928353.40507 2690371.94909 2700616.34221 3455313.72107 4042459.73336 6314928.82992 2793376.73426 2065802.64883 4451287.36849 2109708.16241 4265415.54684 4616413.87015 4618710.9438 5212063.36306 4490214.57283 3961248.47979 4631479.96245 3894949.6367 4098124.17145 3554659.21057 2641417.65681 2379904.75219 2617489.23195 2432227.26656 2735739.79688 2887405.10762 3438489.62282 4684985.0924 2806958.93181 2072538.73998 3061423.30058 3286921.22259 2473188.04756 2002631.7883 2073091.03801 2971068.17773 3812902.94091 4529496.35878 4479629.28978 4778673.18071 2930200.99229 2579843.16788 2376875.81434 2727824.14369 2767242.89081 2130741.88754 2403445.02842 1721595.45335 11179222.0722 9392410.14918 10887355.8268 936872.532713 2294928.76475 173714.304115 93189.2540423 119451.507017 547798.275365 373122.533926 728523.216396 855270.167901 3258425.33826 139505.514277 4261.20340651 11904.493153 4100587.68771 307809.373847 -1.0 -1.0 -1.0 -1.0 -1.0 -1.0 -1.0 -1.0 -1.0
