critload/trunk/input/1999/nle_nat.asc
ncols 720
nrows 360
xllcorner -180
yllcorner -90
cellsize 0.5
NODATA_value -1
[rows 70 to 104 of 360, columns 80 to 159 of 720]
-1 -1 -1 -1 -1 -1 -1 -1 -1 -1 -1 -1 -1 17418.494076 76143.908991 136457.90951 -1 9440.04545101 141013.159904 233054.831099 121390.870269 195027.145099 359963.882228 125552.879899 124024.214009 119254.298319 114563.276928 99160.9337991 100092.544917 99654.6253058 87949.7107153 102501.100806 117421.491304 115334.183475 129075.142808 123337.596217 136018.849965 136148.731912 140623.257452 118644.726502 351719.009697 0.0 0.0 0.0 0.0 88707.486751 0.0 346193.500719 128145.171716 139613.694482 0.0 156279.742241 141512.500752 0.0 48573.7307677 0.0 76553.1123685 0.0 0.0 0.0 0.0 0.0 0.0 0.0 0.0 0.0 0.0 0.0 0.0 0.0 0.0 210706.121845 170757.259163 50103.9092275 171879.418124 152131.874094 142305.749501 169669.667411 163284.574111 152115.350814
-1 -1 -1 -1 -1 -1 -1 -1 -1 -1 -1 -1 -1 14969.6605223 69493.8831434 43575.4121766 31515.4118507 -1 14570.7968131 208046.589529 116292.891338 131493.277128 372282.930549 128879.62104 117103.805436 119437.454379 112849.840168 103616.527293 82669.9646863 107107.819262 113964.922078 308202.45424 112938.620571 352040.112494 323053.302176 345390.580463 124555.521687 137624.690001 140737.589424 141076.195682 146282.148176 127448.037235 0.0 129760.531422 0.0 0.0 0.0 0.0 0.0 198084.200779 78581.9451771 17506.0373993 0.0 11442.8471988 25113.8341586 13402.8113657 77262.4601298 72516.289591 23991.08196 32286.767217 68408.925766 0.0 0.0 0.0 0.0 140847.418533 0.0 150604.349447 0.0 166228.643027 0.0 54001.8222012 0.0 0.0 52865.9504513 44826.3144327 134337.96526 119962.614101 109142.521938 115849.515202
-1 -1 -1 -1 -1 -1 -1 -1 -1 -1 -1 -1 -1 17274.4645734 253774.311565 269524.045895 110003.526253 -1 27659.5007696 233865.723858 110772.981827 112485.880386 87691.4139666 138674.67691 129939.327697 126761.36016 120575.721271 106530.2854 114488.686128 113504.679064 347041.149383 115937.548501 118326.166803 357447.271311 282495.98548 150372.267189 151179.799109 151116.144318 137759.223591 150923.804505 220858.744893 152236.940138 155165.34705 139618.434662 125993.899644 341553.744157 130269.456953 295247.78597 275697.584333 138614.994288 81653.5557157 43671.1099487 3860.03397301 0.0 0.0 0.0 0.0 0.0 0.0 83741.201854 86690.0109954 23239.8627264 0.0 196403.284706 0.0 0.0 135384.838394 0.0 2813.8408262 0.0 0.0 0.0 0.0 68969.7412834 50951.7441912 49886.5980584 51765.5720101 149806.734767 74350.4301525 72455.1587888
-1 -1 -1 -1 -1 -1 -1 -1 -1 -1 -1 -1 -1 -1 48768.0452082 343691.355796 106955.248629 -1 -1 93236.4629326 185581.187931 200993.469205 309183.611285 126238.481796 133930.692783 135025.151389 124885.898247 129171.225272 116765.633 111499.153244 119432.884846 117126.198323 111962.684197 360552.72184 343598.795164 134243.118552 151972.271448 151025.556392 148962.326697 138596.470135 141066.719276 151964.609436 224589.754102 155876.391693 146206.631312 145000.728916 362648.235178 36589.3289256 65609.2486922 257326.429321 34305.2002821 3892.99754752 0.0192142196715 13123.0071228 0.0 0.0 0.0 0.0 0.0 84109.4921671 0.0 0.0 0.0 93460.1503868 88591.312881 6558.61090784 0.0 0.0 71979.6473578 63701.8271775 115271.522241 64864.0287563 0.0 182408.873258 0.0 0.0 49202.9243162 49088.3834682 0.0 0.0
-1 -1 -1 -1 -1 -1 -1 -1 -1 -1 -1 -1 -1 -1 -1 71166.7246497 190656.789461 9595.83796177 -1 -1 -1 116081.790894 304768.239661 314526.797286 143483.830113 140558.946793 143200.692639 147198.257297 147784.7483 136683.342915 137998.637506 129675.421217 116398.085996 113063.699172 368139.048952 378177.240205 159676.087704 161330.586996 150964.085036 159853.639315 85447.1244628 165167.799236 160489.155767 162590.711354 166089.465558 239078.602995 178014.459623 156109.435709 153309.29824 0.0 208385.536716 51591.417552 0.0 16624.9071394 0.0 0.0 0.0 0.0 0.0 0.0 0.0 0.0 0.0 98724.694732 0.0 0.0 0.0 0.0 0.0 99441.3738228 68780.68512 0.0 147997.486513 152685.041903 87367.4448884 0.0 0.0 212623.909657 0.0 0.0
-1 -1 -1 -1 -1 -1 -1 -1 -1 -1 -1 -1 -1 -1 -1 -1 26632.3913816 107697.405438 -1 -1 -1 -1 52686.438789 193879.166345 326397.698532 115764.103982 133013.590754 77107.1008187 148107.036873 138140.57476 138654.873759 129091.150998 0.0 19362.8475859 86001.8968325 251040.579847 354760.087286 371394.725873 162183.836911 156108.604855 150752.559245 169924.496119 163755.262542 158162.30121 74569.2311924 214000.964651 248478.663543 180277.99515 174726.233579 152051.7987 61313.1655365 10113.0545632 4202.01767261 0.0 0.0 0.0 0.0 0.0 0.0 0.0 0.0 0.0 0.0 81803.9198609 0.0 0.0 0.00598303400987 0.0 0.0 0.0 0.0 0.0 0.0 174450.837955 199049.592529 0.0 0.0 0.0 54445.0830588 18773.0684204
-1 -1 -1 -1 -1 -1 -1 -1 -1 -1 -1 -1 -1 -1 -1 -1 -1 -1 -1 -1 -1 -1 -1 83790.1155504 270638.257063 130770.702974 151780.405851 76701.1152974 75622.9298424 236372.164218 164042.553176 144416.904091 145856.714984 138605.418254 177894.9783 324559.087614 413591.728802 336984.37994 401081.090509 418908.638207 192832.926272 194326.146492 189395.385515 185515.019858 182727.950398 182207.543179 249005.163011 259344.53045 276540.398206 181237.828441 246898.991556 0.0 17721.9153305 0.0 0.0 0.0 0.0 0.0 0.0 0.0 0.0 0.0 0.0 85244.9485639 0.0 0.0 0.0 0.0 0.0 0.0 0.0 135348.073239 95045.6507009 0.0 0.0 121798.15165 0.0 0.0 0.0 122783.727824
-1 -1 -1 -1 -1 -1 -1 -1 -1 -1 -1 -1 -1 -1 -1 -1 -1 -1 -1 -1 -1 -1 -1 -1 114330.688807 361418.557577 136004.196088 130563.520971 201758.865134 78506.5857797 161712.475858 150402.418377 231579.343856 252028.849662 197472.560246 193275.566175 164465.584034 108965.419705 379657.393653 421971.887283 184516.093354 460911.489619 188864.609004 191562.038063 138998.705334 133956.451104 124571.096696 261438.713359 274700.361827 276939.455937 163589.560479 21439.28016 32244.0432026 0.0 57236.5482715 0.0 0.0 0.0 0.0 0.0 69895.0076508 0.0 70337.4412737 79898.1738266 105540.819452 80134.1900719 0.0 0.0 0.0 0.0 0.0 0.0 0.0 0.0 0.0 92012.4623354 0.0 112507.64165 0.0 180802.108972
-1 -1 -1 -1 -1 -1 -1 -1 -1 -1 -1 -1 -1 -1 -1 -1 -1 -1 -1 -1 -1 -1 -1 178891.331989 283373.823511 195802.006012 156483.122276 290282.088796 343182.729628 166406.133285 147719.151383 91698.174036 127569.511576 141446.689575 209629.527086 205968.398538 227391.23213 226280.367314 172061.063204 171270.496506 415531.253433 312550.169106 477920.435814 226925.091593 205237.176611 209645.028276 108694.670902 128143.246332 208073.561624 284428.415209 228590.831367 68222.8941534 0.0 14626.1256114 0.0 0.0 0.0 0.0 0.0 0.0 0.0 0.0 70940.7673717 69039.3252885 90662.5379269 67182.5754523 0.0 37757.3920209 0.0 0.0 21736.2555427 0.0 0.0 0.0 160632.533792 0.0 0.0 0.0 291990.502174 221219.986454
-1 -1 -1 -1 -1 -1 -1 -1 -1 -1 -1 -1 -1 -1 -1 -1 -1 -1 -1 -1 -1 -1 -1 -1 247015.896789 406230.859958 452362.087959 425120.754479 409698.151533 268914.860338 285265.764205 435866.843334 188106.007297 106190.032335 225149.595067 227611.748268 243484.533383 452289.656875 425677.50689 380421.495692 472465.569589 265107.187894 431736.285416 228956.990329 477587.119547 212127.926805 211094.920753 211168.373776 208198.345508 287595.336661 237353.229851 122321.559761 0.0 0.0 0.0 22080.9713251 0.0 0.0 62943.3990271 0.0 69057.9417782 76527.8511449 0.0 0.0 81353.5546543 104913.228485 107468.539202 61312.9676356 0.0 49646.8630101 0.0 16246.3858841 0.0 0.0 0.0 0.0 0.0 0.0 0.0 0.0
-1 -1 -1 -1 -1 -1 -1 -1 -1 -1 -1 -1 -1 -1 -1 -1 -1 -1 -1 -1 -1 -1 -1 -1 -1 53841.214548 284202.807777 448686.189191 176558.014502 366859.725729 63662.7669252 267120.758968 466515.255699 503117.293007 267639.149837 541786.251342 527198.754072 483869.067232 223663.66716 240428.601054 401400.102295 200271.838676 224477.180711 245809.598668 244321.941359 245603.715748 232231.657334 230332.712585 431523.028912 224618.165405 219374.434842 135532.705644 6211.73714289 0.0 40437.370971 30283.5533022 0.0 0.0 0.0 0.0 0.0 0.0 0.0 0.0 0.0 0.0 103976.321344 0.0 117486.520411 131754.222284 0.0 0.0 0.0 0.0 0.0 0.0 0.0 0.0 0.0 0.0
-1 -1 -1 -1 -1 -1 -1 -1 -1 -1 -1 -1 -1 -1 -1 -1 -1 -1 -1 -1 -1 -1 -1 -1 -1 -1 -1 126122.019298 324423.380492 464010.108437 443043.208643 272535.031412 49368.9524601 102062.012096 84091.8164138 352248.429092 442861.038585 235617.73377 232628.510429 213433.498719 156932.988786 467427.678355 479998.093896 440336.021609 511468.955126 540443.912848 219268.47415 192319.450558 342077.829442 458576.189455 210591.430837 216330.157917 206864.633496 0.0 0.0 66378.5633164 0.0 0.0 75996.9713866 66785.7748742 73325.9541564 110839.932417 0.0 0.0 0.0 0.0 0.0 0.0 145815.956528 221899.68181 0.0 0.0 0.0 171505.988486 0.0 0.0 0.0 0.0 0.0 0.0
-1 -1 -1 -1 -1 -1 -1 -1 -1 -1 -1 -1 -1 -1 -1 -1 -1 -1 -1 -1 -1 -1 -1 -1 -1 -1 -1 -1 -1 51717.3990272 400064.486099 523337.824864 421187.928386 23777.916618 19427.9937989 419483.918641 572380.235405 301200.477397 266392.993106 251901.924164 195336.040412 116802.327051 149012.333431 203539.847524 393290.958477 495037.209954 228910.307114 431491.880921 220617.011836 430217.096922 406136.228303 241850.768882 271420.888682 268529.533129 0.0 80733.0148545 88458.5336813 27303.5107663 0.0 8480.598354 27709.3583547 0.0 0.0 0.0 0.0 0.0 59216.4035346 0.0 0.0 0.0 0.0 0.0 0.0 0.0 0.0 0.0 446400.436766 235019.956353 357912.216214 366117.388317
-1 -1 -1 -1 -1 -1 -1 -1 -1 -1 -1 -1 -1 -1 -1 -1 -1 -1 -1 -1 -1 -1 -1 -1 -1 -1 -1 -1 -1 -1 159136.368579 276350.075405 98082.7183787 96063.0170874 59654.6405836 266048.019664 577059.386106 304058.399305 259791.311772 386741.371914 6298.28137273 0.0 0.0 0.0 275011.305448 347727.515373 400410.587806 370111.903599 199253.494927 83721.0024504 264938.090015 0.0 177382.822209 264771.684273 25633.2590375 83034.6300856 60233.9607838 16361.6663523 0.0 0.0 13990.2935069 0.0 21727.4173986 0.0 23599.9836753 0.0 53061.2506908 0.0 109247.462428 0.0 0.0 22037.4891567 148411.479509 139179.742888 0.0 0.0 0.0 361131.758903 0.0 270879.01975
-1 -1 -1 -1 -1 -1 -1 -1 -1 -1 -1 -1 -1 -1 -1 -1 -1 -1 -1 -1 -1 -1 -1 -1 -1 -1 -1 -1 -1 -1 41937.607948 459126.368111 561960.375387 537874.245931 492244.365063 115170.176996 514014.850113 527936.578318 511818.103061 105968.380412 0.0 0.0 0.0 0.0 81580.8812099 89373.5669887 145164.811909 183448.065996 242264.105943 277196.653787 0.0 0.0 378747.757598 0.0 254404.697322 65690.9481106 0.0 0.0 0.0 0.0 0.0 0.0 0.0 74489.330273 5493.46187312 0.0 0.0 0.0 0.0 0.0 0.0 39235.6866954 0.0 0.0 105680.122895 128701.483128 364522.330627 250415.039392 0.0 0.0
-1 -1 -1 -1 -1 -1 -1 -1 -1 -1 -1 -1 -1 -1 -1 -1 -1 -1 -1 -1 -1 -1 -1 -1 -1 -1 -1 -1 -1 -1 -1 219445.26973 558037.72104 448910.160309 470470.595252 149211.061707 569377.389238 516224.106517 227900.399286 0.0 0.0 0.0 0.0 0.0 74073.5804448 82387.2293866 105699.168168 385959.614804 334593.236744 212444.936304 77463.3337537 0.0 399167.826769 0.0 424865.315646 0.0 0.0 42496.0205705 0.0 18623.752005 5156.55763423 60960.0376791 73058.9054076 62118.4801389 37121.8445746 0.0 0.0 0.0 0.0 0.0 0.0 0.0 0.0 0.0 0.0 0.0 148171.104448 221995.318761 0.0 0.0
-1 -1 -1 -1 -1 -1 -1 -1 -1 -1 -1 -1 -1 -1 -1 -1 -1 -1 -1 -1 -1 -1 -1 -1 -1 -1 -1 -1 -1 -1 -1 20333.6382334 444177.594471 507487.447708 293714.600579 508861.096648 540004.818487 591551.983778 115727.327684 0.0 0.0 0.0 6668.94602764 75828.8533659 0.0 115475.868515 205285.756161 363008.15923 428593.384848 250812.734166 0.0 106542.500603 0.0 0.0 0.0 0.0 100946.394223 158446.696441 224439.915521 175869.231733 82894.4692856 148121.921586 0.0 0.0 17583.1901301 0.0 0.0 0.0 0.0 0.0 0.0 0.0 0.0 60595.5589555 346237.034583 68574.7439639 127700.075769 0.0 93355.2208941 0.0
-1 -1 -1 -1 -1 -1 -1 -1 -1 -1 -1 -1 -1 -1 -1 -1 -1 -1 -1 -1 -1 -1 -1 -1 -1 -1 -1 -1 -1 -1 -1 0.0 402947.980467 542211.769221 431431.386964 562532.544573 604204.839922 563422.544268 150289.212659 0.0 0.0 0.0 0.0 195564.192344 219820.123224 135570.295122 319901.625132 309260.53074 373255.81178 0.0 0.0 155002.991982 0.0 174721.854671 121027.359712 173012.252312 79767.8764496 27637.7806423 120289.019326 330851.519368 50923.582241 0.0 9689.54026475 0.0 0.0 0.0 0.0 0.0 0.0 0.0 0.0 0.0 0.0 96954.6136617 107982.50441 0.0 0.0 0.0 0.0 0.0
-1 -1 -1 -1 -1 -1 -1 -1 -1 -1 -1 -1 -1 -1 -1 -1 -1 -1 -1 -1 -1 -1 -1 -1 -1 -1 -1 -1 -1 -1 -1 -1 547323.859451 533736.211522 177919.777876 497707.533956 701096.224365 517373.022175 114931.445503 17016.2075562 0.0 0.0 74393.4665161 170557.378763 119489.358457 275378.439147 280998.596339 455597.414454 314409.048102 0.0 0.0 7933.70087291 0.0 95638.2649269 118653.548767 88544.7779812 44647.6143957 40635.4527598 236350.640342 274630.340534 51200.5779001 0.0379970574021 0.0 0.0 0.0 0.0 0.0 0.0 0.0 0.0 0.0512452342801 0.0 0.0 0.0 0.0 0.0504065883268 0.0 0.0 0.0 30439.8354422
-1 -1 -1 -1 -1 -1 -1 -1 -1 -1 -1 -1 -1 -1 -1 -1 -1 -1 -1 -1 -1 -1 -1 -1 -1 -1 -1 -1 -1 -1 -1 -1 539849.178298 223481.22364 19112.4342498 420255.457682 625156.99938 398971.045074 166441.106065 132177.334236 168814.337154 0.0 122418.164322 117757.508148 7643.3017408 449495.186061 430019.687812 519271.40785 374348.120743 0.0 0.0 131120.238115 0.0 0.0 44066.9214099 0.0 233922.275185 516655.493394 414940.33504 255813.991791 367122.7631 152163.25096 0.0 0.0 0.0 0.0 0.0 0.0 0.0 0.0 0.0 0.0 0.0325369008947 0.0 0.0 0.0 0.0 0.0 0.0 0.0
-1 -1 -1 -1 -1 -1 -1 -1 -1 -1 -1 -1 -1 -1 -1 -1 -1 -1 -1 -1 -1 -1 -1 -1 -1 -1 -1 -1 -1 -1 -1 15147.8519528 584698.399202 173775.425442 270314.332038 607230.55744 559905.960362 174423.03029 195553.713091 141346.039966 155919.070171 124637.610659 0.0 55973.8575459 107380.410129 145750.337548 330750.007344 423425.667969 0.0 0.0 76198.9531129 272924.882169 193851.663915 123310.669447 144599.921762 153225.876457 421429.120152 451406.7336 518837.145303 252390.279346 247508.60627 192504.037571 0.0 0.0 239282.450902 160355.882903 31595.887097 0.0 0.0 0.0 0.0 0.0 0.0 5782.41446477 0.0 0.0 15306.6812473 0.0 1043.25852336 7870.51126363
-1 -1 -1 -1 -1 -1 -1 -1 -1 -1 -1 -1 -1 -1 -1 -1 -1 -1 -1 -1 -1 -1 -1 -1 -1 -1 -1 -1 -1 -1 -1 93493.1439218 599875.683644 162989.360863 437900.342028 605823.707949 543549.451528 119053.528254 75192.6255764 156198.523712 0.0 0.0 168041.783931 145522.446011 116045.286135 21992.8192824 141174.833418 229268.402075 116786.965032 325620.177337 232782.948544 298281.934729 302962.009202 289645.952824 146132.486268 219073.067052 0.0 0.0 514631.56683 79272.9404866 251477.758506 127654.648696 0.0 0.0 0.0 271482.881746 0.0 0.0 0.0 0.0 0.0 163223.733452 316608.637337 0.0 0.0 0.0 0.0 133020.050855 58909.6724546 35096.6367651
-1 -1 -1 -1 -1 -1 -1 -1 -1 -1 -1 -1 -1 -1 -1 -1 -1 -1 -1 -1 -1 -1 -1 -1 -1 -1 -1 -1 -1 -1 -1 139310.058761 478009.959158 522807.05617 471523.153614 554845.897476 586850.429694 0.0 0.0 0.0 0.0 94732.8447981 0.0 0.0 0.0 79344.1098699 20276.7919875 106995.893353 223902.401793 280515.675421 251494.201244 240659.687864 528106.063946 250007.10172 257287.86669 0.0 59758.3636797 97392.2675325 152194.285813 262765.672949 247769.838984 204367.772629 0.0 0.0 0.0 0.0 0.0 0.0 0.0 0.0 0.0 37584.5765841 127256.415272 49939.2576615 0.0 0.0 0.0 0.0 187339.649996 8484.08547162
-1 -1 -1 -1 -1 -1 -1 -1 -1 -1 -1 -1 -1 -1 -1 -1 -1 -1 -1 -1 -1 -1 -1 -1 -1 -1 -1 -1 -1 -1 -1 301230.870716 499335.53264 226632.600235 638074.513651 557377.922487 341439.096189 0.0 0.0 0.0 0.0 0.0 0.0 0.0 0.0 0.0 0.0 0.0 202498.084157 250220.604606 275730.527966 268375.676785 323747.12602 310885.572249 0.0 120827.3126 0.0 243024.063 356636.913348 244668.185313 262802.18401 187563.180833 0.0 0.0 12381.0400674 0.0 0.0 0.0 0.0 0.0 0.0 0.0 0.0631743007628 0.0 0.0 0.0 0.0 0.0 0.0 0.0
-1 -1 -1 -1 -1 -1 -1 -1 -1 -1 -1 -1 -1 -1 -1 -1 -1 -1 -1 -1 -1 -1 -1 -1 -1 -1 -1 -1 -1 -1 8107.62021115 422553.119335 614023.02311 324103.122189 330664.565365 528308.128451 283065.075196 0.0 0.0 0.0 0.0 0.0 136389.575682 0.0 59585.9770327 0.0 61692.861023 188929.291012 0.0 145059.974446 102306.814456 137288.066813 146868.154921 0.0 0.0 164829.412848 0.0 0.0 165355.700352 78738.2896644 97961.9023381 257698.724767 207827.875538 0.0 0.0 0.0 0.0 75937.9368602 56815.5959238 0.0 0.0 0.0 0.0 0.0578138172624 0.0 0.0 0.0 0.0 89095.506134 0.0
-1 -1 -1 -1 -1 -1 -1 -1 -1 -1 -1 -1 -1 -1 -1 -1 -1 -1 -1 -1 -1 -1 -1 -1 -1 -1 -1 -1 -1 -1 -1 351652.30025 494078.719827 306384.563878 254054.192179 297647.166653 0.0 0.0 149127.938789 143241.315942 144200.095348 100421.224321 154555.491955 142211.571617 0.0 0.0 0.0 0.0 0.0 0.0 0.0 0.0 202442.190326 0.0 0.0 154149.061997 250086.651609 235139.194325 207799.021333 134047.523118 115008.277191 119022.639213 150677.650929 39261.9395935 0.0 39683.5363683 0.0 0.0 0.0 13921.5874203 0.0 0.0 0.0 0.0 0.0166386253789 0.0 0.0 0.0 0.0 0.0
-1 -1 -1 -1 -1 -1 -1 -1 -1 -1 -1 -1 -1 -1 -1 -1 -1 -1 -1 -1 -1 -1 -1 -1 -1 -1 -1 -1 -1 -1 -1 140138.033845 494558.40395 617863.251417 271874.600423 242321.023355 250817.484911 242247.682874 243281.941989 0.0 269622.924212 262097.010217 146747.170106 75308.415029 143353.016401 186025.814901 0.0 96772.8298351 209524.9486 243739.167849 0.0 0.0 187398.647268 0.0 0.0 0.0 139627.948043 219468.858741 0.0 157245.805079 70169.5219243 57121.9117632 0.0 36999.9811943 39574.9351362 68226.2238584 91178.9002142 79672.934259 0.0 0.0 0.0 0.0 0.0 0.0 0.0 0.0 0.0 0.0 0.0 0.0
-1 -1 -1 -1 -1 -1 -1 -1 -1 -1 -1 -1 -1 -1 -1 -1 -1 -1 -1 -1 -1 -1 -1 -1 -1 -1 -1 -1 -1 -1 -1 122276.395452 263905.296835 624483.716052 622773.827965 329188.43452 343190.171693 239487.207676 194621.617315 179382.384336 254008.38168 173508.940438 188511.916679 162051.392873 122790.417403 130013.532373 0.0 103937.519385 262663.543388 200957.358845 0.0 74047.9879347 0.0 0.0 0.0 0.0 260512.007493 243713.295792 56020.4653138 184074.362159 63578.0950329 0.0 91836.2471174 78295.384779 0.0 119210.191855 390205.249674 397058.362485 260224.382836 0.0 0.0 0.0595536331874 0.0 0.0 0.0 0.0 0.0 20745.4984397 19618.2822898 0.0
-1 -1 -1 -1 -1 -1 -1 -1 -1 -1 -1 -1 -1 -1 -1 -1 -1 -1 -1 -1 -1 -1 -1 -1 -1 -1 -1 -1 -1 -1 -1 125780.173581 515808.682038 646577.151008 390563.855933 594433.794334 356232.689505 322439.564189 248196.083294 286444.003517 23842.3700831 120587.648426 170756.719571 171713.588235 0.0 148517.614892 175711.045844 176483.787219 203919.256836 209951.052454 0.0 120984.039951 0.0 94565.1842298 0.0 0.0 212207.597865 532759.400322 310631.890181 282791.975432 241544.990758 0.0 18063.3586473 203474.826345 181677.095882 456409.571927 351743.417521 473833.273276 430693.881454 210923.627 0.0 0.0 0.0 142881.045015 166560.693524 165662.459928 77480.4648196 0.0 0.0 238739.309762
-1 -1 -1 -1 -1 -1 -1 -1 -1 -1 -1 -1 -1 -1 -1 -1 -1 -1 -1 -1 -1 -1 -1 -1 -1 -1 -1 -1 -1 -1 -1 237887.499722 679293.920399 654341.333813 731791.935239 279298.034562 327164.910306 391368.148112 328922.785035 0.0 169190.053675 157030.092717 0.0 106016.357031 95627.024344 144714.255181 207991.688285 0.0 214223.655775 46003.0680437 0.0 62724.4210714 0.0 0.0 174865.937806 178781.307065 0.0 592504.631109 287207.00749 0.0 0.0 0.0 0.0 0.0 129250.779276 567989.186153 335327.78658 413014.102551 385373.39989 133736.794406 88237.7870277 0.0 171905.433824 0.0 155512.366447 213609.639838 99044.978007 0.0 82358.8186488 148527.330389
-1 -1 -1 -1 -1 -1 -1 -1 -1 -1 -1 -1 -1 -1 -1 -1 -1 -1 -1 -1 -1 -1 -1 -1 -1 -1 -1 -1 -1 -1 -1 -1 476880.40893 750193.993004 394417.914668 218218.256443 408514.329369 431983.466165 398904.221998 275832.512656 76916.81474 130214.621228 0.0 61755.085812 0.0 0.0 166344.677527 127645.744693 0.0 0.0 98417.0567935 135027.867175 192052.615744 121709.09742 230092.526796 193371.675208 205038.294285 480625.326517 222229.763962 239745.486945 69564.0322943 137891.477562 0.0 0.0 259598.076742 308487.194426 304970.069649 292658.932898 373592.40757 111637.848574 0.0276159639027 0.0 0.0 0.0 0.0 0.0 51321.6597137 196415.45538 271605.373513 0.0
-1 -1 -1 -1 -1 -1 -1 -1 -1 -1 -1 -1 -1 -1 -1 -1 -1 -1 -1 -1 -1 -1 -1 -1 -1 -1 -1 -1 -1 -1 -1 -1 344174.690389 667505.588336 711133.13898 414783.148173 127446.863321 475775.886579 402054.924511 312442.787381 236958.745721 0.0 0.0 0.0 153694.623315 107623.389456 234524.195896 196248.781574 0.0 0.0 89727.7520376 222363.695249 0.0 209581.150885 0.0 151954.703523 148596.106332 248589.114626 0.0 0.0 0.0 0.0 54371.1787057 137921.696898 541267.30135 322095.413153 365798.823355 321184.676423 385078.21383 229806.624461 0.0 0.0 161565.362475 0.0 0.0 257091.062922 264569.154875 282935.208892 262785.336841 328118.082426
-1 -1 -1 -1 -1 -1 -1 -1 -1 -1 -1 -1 -1 -1 -1 -1 -1 -1 -1 -1 -1 -1 -1 -1 -1 -1 -1 -1 -1 -1 -1 -1 106897.707145 550891.253414 538210.920915 551585.421006 141432.996832 40170.3106273 707809.51192 444958.265147 319713.325423 276610.985643 272609.838932 0.0 207840.215684 256846.817043 244233.641259 205148.927435 88673.9538936 25180.2886779 0.0 0.0 86300.356035 0.0 0.0 144762.650458 225497.380061 0.0 0.0 0.0 37302.1197744 0.0 163082.027506 104782.270804 75998.5597836 278147.191332 257833.593319 254260.6713 222067.848199 228760.670241 144737.353655 0.0 0.0 0.0 0.0 155625.239431 135825.69599 0.0 0.0 0.0
-1 -1 -1 -1 -1 -1 -1 -1 -1 -1 -1 -1 -1 -1 -1 -1 -1 -1 -1 -1 -1 -1 -1 -1 -1 -1 -1 -1 -1 -1 -1 -1 -1 64944.1531454 343623.435611 341520.427082 130964.520482 50836.3497807 474699.716167 450724.952195 380391.933932 312567.971151 281158.534015 243919.470856 0.0 286992.637641 194574.622966 243570.694114 0.0 0.0 0.0 0.0 0.0 133432.765063 112595.955089 163122.807962 232786.685972 0.0 0.0 0.0 0.0 26161.9085143 35456.8336907 202033.122275 272278.925513 287332.816624 266342.448394 253058.532245 0.0 202754.308838 129504.247497 0.0 30080.7717461 0.0 213974.588604 227455.052578 16754.9216995 142599.826744 242364.717169 239659.164254
-1 -1 -1 -1 -1 -1 -1 -1 -1 -1 -1 -1 -1 -1 -1 -1 -1 -1 -1 -1 -1 -1 -1 -1 -1 -1 -1 -1 -1 -1 -1 -1 -1 -1 58130.9938652 54881.64819 388778.457232 73971.9097241 0.0 602611.774859 437705.666839 393098.84351 325709.992723 328385.28017 286847.867224 0.0 0.0 131523.154726 0.0 0.0 0.0 0.0 0.0 107486.271848 139040.975442 137267.965508 82616.9966273 0.0 0.0 0.0 156803.470085 158326.482988 0.0 496078.047046 255641.781176 333688.19135 256483.204143 197703.908487 0.0 248221.565071 0.0 0.0 55017.0026648 0.0 0.0 0.0 62429.7625612 245181.537748 393208.752097 335234.711836
