critload/trunk/input/1999/nle_ag.asc
ncols 720
nrows 360
xllcorner -180
yllcorner -90
cellsize 0.5
[rows 74 to 110 of 360, columns 581 to 663 of 720]
0.0 0.0 0.0 0.0 0.0 0.0 0.0 0.0 0.0 0.0 0.0 0.0 0.0 0.0 0.0 0.0 0.0 0.0 0.0 0.0 0.0 0.0 0.0 0.0 0.0 0.0 0.0 0.0 0.0 0.0 0.0 0.0 0.0 0.0 0.0 0.0 0.0 0.0 0.0 0.0 0.0 0.0 0.0 0.0 0.0 0.0 0.0 0.0 0.0 0.0 0.0 0.0 0.0 0.0 0.0 0.0 0.0 0.0 0.0 0.0 0.0 0.0 0.0 0.0 0.0 0.0 -2.0 -2.0 -2.0 -2.0 -2.0 -2.0 -2.0 -2.0 -2.0 -2.0 -2.0 -2.0 -2.0 -2.0 -2.0 -2.0 -2.0
0.0 0.0 0.0 0.0 0.0 0.0 0.0 0.0 0.0 0.0 0.0 0.0 0.0 0.0 0.0 0.0 0.0 0.0 0.0 0.0 0.0 0.0 0.0 0.0 0.0 0.0 0.0 0.0 0.0 0.0 0.0 0.0 0.0 0.0 0.0 0.0 0.0 0.0 0.0 0.0 0.0 0.0 0.0 0.0 0.0 0.0 0.0 0.0 0.0 0.0 0.0 0.0 0.0 0.0 0.0 0.0 0.0 0.0 0.0 0.0 0.0 0.0 0.0 0.0 0.0 0.0 -2.0 -2.0 -2.0 -2.0 -2.0 -2.0 -2.0 -2.0 -2.0 -2.0 -2.0 -2.0 -2.0 -2.0 -2.0 -2.0 -2.0
0.0 0.0 0.0 0.0 0.0 0.0 0.0 0.0 0.0 0.0 0.0 0.0 0.0 0.0 0.0 0.0 0.0 0.0 0.0 0.0 0.0 0.0 0.0 0.0 0.0 0.0 0.0 0.0 0.0 0.0 0.0 0.0 0.0 0.0 0.0 0.0 0.0 0.0 0.0 0.0 0.0 0.0 0.0 0.0 0.0 0.0 0.0 0.0 0.0 0.0 0.0 0.0 0.0 0.0 0.0 0.0 0.0 0.0 0.0 0.0 0.0 0.0 0.0 0.0 0.0 0.0 -2.0 -2.0 -2.0 -2.0 -2.0 -2.0 -2.0 -2.0 -2.0 -2.0 -2.0 -2.0 -2.0 -2.0 -2.0 -2.0 -2.0
0.0 0.0 0.0 0.0 0.0 0.0 0.0 0.0 0.0 0.0 0.0 0.0 0.0 0.0 0.0 0.0 0.0 0.0 0.0 0.0 0.0 0.0 0.0 0.0 0.0 0.0 189614.64259 0.0 0.0 284342.741365 0.0 0.0 10866498.8916 0.0 0.0 0.0 0.0 0.0 0.0 0.0 0.0 0.0 0.0 0.0 0.0 0.0 0.0 0.0 0.0 0.0 0.0 0.0 0.0 0.0 0.0 0.0 0.0 0.0 0.0 0.0 0.0 -2.0 -2.0 0.0 0.0 0.0 0.0 -2.0 -2.0 -2.0 -2.0 -2.0 -2.0 -2.0 -2.0 -2.0 -2.0 -2.0 -2.0 -2.0 -2.0 -2.0 -2.0
0.0 0.0 0.0 0.0 0.0 0.0 0.0 0.0 907039.46601 0.0 0.0 0.0 0.0 0.0 0.0 0.0 0.0 0.0 2128023.75172 0.0 0.0 0.0 0.0 0.0 0.0 0.0 0.0 12118243.7048 0.0 0.0 8915473.91713 451043.093904 0.0 0.0 0.0 0.0 0.0 0.0 0.0 0.0 0.0 0.0 0.0 0.0 0.0 0.0 0.0 0.0 0.0 0.0 0.0 0.0 0.0 0.0 0.0 0.0 0.0 0.0 0.0 0.0 0.0 -2.0 -2.0 0.0 0.0 0.0 0.0 -2.0 -2.0 -2.0 -2.0 -2.0 -2.0 -2.0 -2.0 -2.0 -2.0 -2.0 -2.0 -2.0 -2.0 -2.0 -2.0
0.0 0.0 0.0 0.0 0.0 0.0 0.0 162614.299804 204004.976572 0.0 0.0 190005.584648 0.0 0.0 0.0 0.0 0.0 0.0 1424942.39329 2743302.61053 3988313.58223 2345977.07994 0.0 0.0 0.0 0.0 19957147.5248 4768936.37651 5290720.2148 1820969.98028 0.0 25220488.6054 0.0 659327.737686 0.0 0.0 0.0 0.0 0.0 0.0 0.0 0.0 0.0 0.0 0.0 0.0 0.0 0.0 0.0 0.0 0.0 0.0 0.0 0.0 0.0 0.0 0.0 0.0 0.0 0.0 0.0 -2.0 -2.0 0.0 0.0 0.0 0.0 -2.0 -2.0 -2.0 -2.0 -2.0 -2.0 -2.0 -2.0 -2.0 -2.0 -2.0 -2.0 -2.0 -2.0 -2.0 -2.0
0.0 0.0 0.0 0.0 0.0 194620.130886 198708.787068 190917.75178 198.42464666 0.0 0.0 198111.550495 5924638.38508 1024861.39248 955906.921974 0.0 5254992.13364 4825861.9509 2029292.37542 287475.50804 512511.389158 4316186.1251 0.0 0.0 0.0 0.0 7581532.67214 4647018.20324 4271358.67663 0.0 441785.447853 0.0 1291829.03511 4082252.33192 0.0 0.0 0.0 0.0 0.0 0.0 0.0 0.0 0.0 0.0 0.0 0.0 0.0 0.0 0.0 0.0 0.0 0.0 0.0 0.0 0.0 0.0 0.0 0.0 0.0 0.0 -2.0 -2.0 -2.0 0.0 0.0 0.0 0.0 0.0 -2.0 -2.0 -2.0 -2.0 -2.0 -2.0 -2.0 -2.0 -2.0 -2.0 -2.0 -2.0 -2.0 -2.0 -2.0
0.0 192331.799631 190134.176439 156117.954478 199244.193978 177923.060801 144070.676652 159587.615146 58449.0038799 0.0 189160.917649 0.0 22011057.0396 1674031.82817 3286275.40606 4788616.17448 5998458.8151 5504209.90028 3285584.20019 5069417.09237 1409161.55871 721146.065474 0.0 0.0 0.0 0.0 0.0 3615142.76608 167683.308809 1841207.5076 17740052.8624 401421.256657 0.0 0.0 0.0 0.0 0.0 0.0 0.0 0.0 0.0 0.0 0.0 0.0 0.0 0.0 0.0 0.0 0.0 0.0 0.0 0.0 0.0 0.0 0.0 0.0 0.0 0.0 0.0 0.0 -2.0 -2.0 -2.0 0.0 0.0 0.0 0.0 0.0 -2.0 -2.0 -2.0 -2.0 -2.0 -2.0 -2.0 -2.0 -2.0 -2.0 -2.0 -2.0 -2.0 -2.0 -2.0
189834.698624 205863.939655 206994.203223 217664.738193 217510.743145 214208.896423 0.0 0.0 0.0 0.0 0.0 5949103.39015 2621712.35267 0.0 365786.434723 3189345.55061 4605073.35528 5210640.05593 5706379.39286 893442.596929 235988.398268 736243.710033 0.0 0.0 0.0 0.0 1396196.34303 0.0 7112483.30433 0.0 0.0 1348176.75472 13081034.2419 0.0 0.0 0.0 0.0 0.0 0.0 0.0 0.0 0.0 0.0 0.0 0.0 0.0 0.0 0.0 0.0 1811618.68931 0.0 0.0 0.0 0.0 0.0 0.0 0.0 0.0 0.0 0.0 -2.0 -2.0 0.0 0.0 0.0 -2.0 -2.0 0.0 0.0 -2.0 -2.0 -2.0 -2.0 -2.0 -2.0 -2.0 -2.0 -2.0 -2.0 -2.0 -2.0 -2.0 -2.0
196254.082477 210126.750509 187981.435821 209572.711635 0.0 0.0 28785.7249261 84489.03968 67180.8414058 88056.0966233 2869920.24655 1460979.55045 2508888.43253 4534235.62663 538145.746913 5701128.39501 6054833.92669 2221260.40683 4975326.58121 1326979.34259 0.0 12703178.1196 11115550.6734 0.0 10416066.4485 13890315.6849 0.0 1274201.20439 2058847.59157 16306128.8881 16695380.3726 13992695.8501 0.0 0.0 0.0 0.0 0.0 0.0 0.0 0.0 0.0 0.0 0.0 0.0 0.0 0.0 0.0 2758645.30076 0.0 1441560.90668 0.0 0.0 0.0 0.0 0.0 0.0 0.0 0.0 0.0 0.0 -2.0 -2.0 -2.0 0.0 0.0 -2.0 -2.0 -2.0 -2.0 -2.0 -2.0 -2.0 -2.0 -2.0 -2.0 -2.0 -2.0 -2.0 -2.0 -2.0 -2.0 -2.0 -2.0
0.0 0.0 0.0 0.0 0.0 9754.70340828 68678.2801152 9804.30034298 0.0 0.0 0.0 0.0 0.0 24681708.3334 0.0 0.0 95290.567802 2925168.3105 305730.18078 368264.246783 553357.791058 0.0 0.0 0.0 13798263.5901 0.0 8906303.41505 0.0 12070375.401 9255793.90878 870232.348544 1137780.7382 0.0 11886649.566 0.0 0.0 0.0 0.0 0.0 0.0 4872250.07995 778114.607779 882286.990366 915322.192787 0.0 0.0 0.0 10831107.5905 0.0 0.0 0.0 0.0 0.0 0.0 0.0 0.0 0.0 0.0 -2.0 -2.0 -2.0 -2.0 0.0 0.0 0.0 -2.0 -2.0 -2.0 -2.0 -2.0 -2.0 -2.0 -2.0 -2.0 -2.0 -2.0 -2.0 -2.0 -2.0 -2.0 -2.0 -2.0 -2.0
0.0 0.0 0.0 0.0 0.0 0.0 0.0 0.0 0.0 0.0 0.0 0.0 0.0 0.0 0.0 0.0 0.0 297412.888789 356484.929741 473076.171706 0.0 0.0 0.0 955843.643291 0.0 6807374.18331 3270005.50743 0.0 24673402.8802 0.0 16455072.8773 965753.623575 18982017.4386 6170672.70401 1418550.40191 0.0 0.0 0.0 0.0 3426978.98267 678351.358512 0.0 0.0 4200146.32413 0.0 0.0 0.0 0.0 0.0 0.0 0.0 0.0 0.0 0.0 0.0 0.0 0.0 -2.0 -2.0 -2.0 -2.0 -2.0 0.0 0.0 0.0 -2.0 -2.0 -2.0 -2.0 -2.0 -2.0 -2.0 -2.0 -2.0 -2.0 -2.0 -2.0 -2.0 -2.0 -2.0 -2.0 -2.0 -2.0
0.0 0.0 0.0 0.0 0.0 0.0 0.0 0.0 0.0 0.0 0.0 0.0 0.0 0.0 0.0 0.0 0.0 358080.125263 232926.333617 479400.407925 0.0 725877.219811 2014786.865 4761350.31541 7216177.33489 4471759.2725 1279009.48674 0.0 24404238.1147 0.0 0.0 12397853.4267 0.0 6219218.41143 1593700.53888 0.0 0.0 0.0 0.0 0.0 15830380.3186 0.0 0.0 0.0 1873666.71208 0.0 0.0 0.0 0.0 0.0 0.0 0.0 0.0 0.0 0.0 0.0 -2.0 -2.0 -2.0 -2.0 -2.0 -2.0 0.0 0.0 0.0 0.0 -2.0 -2.0 -2.0 -2.0 -2.0 -2.0 -2.0 -2.0 -2.0 -2.0 -2.0 -2.0 -2.0 -2.0 -2.0 -2.0 0.0
0.0 0.0 0.0 0.0 0.0 0.0 0.0 0.0 0.0 0.0 0.0 0.0 3750659.65543 2096027.63979 5629207.1912 6031887.99899 6448645.50837 3238569.9603 3725639.7673 488741.850706 285796.564574 274109.925818 6841647.57439 14342139.7625 13165947.0381 9568003.62363 18628923.8987 5822289.83398 18109644.1294 21003884.9065 0.0 14085914.0939 6916043.28294 18511479.2557 20991323.9412 0.0 0.0 0.0 0.0 0.0 0.0 0.0 0.0 0.0 0.0 0.0 0.0 0.0 0.0 0.0 0.0 0.0 0.0 0.0 0.0 0.0 -2.0 -2.0 -2.0 -2.0 -2.0 -2.0 0.0 0.0 -2.0 0.0 0.0 -2.0 -2.0 -2.0 -2.0 -2.0 -2.0 -2.0 -2.0 -2.0 -2.0 -2.0 -2.0 0.0 -2.0 -2.0 -2.0
0.0 0.0 0.0 0.0 0.0 0.0 0.0 0.0 0.0 0.0 0.0 6236425.63215 4889108.81727 2507187.48685 5183839.88021 4508299.35931 4739334.12148 1191867.07096 363030.367724 860945.031703 0.0 0.0 10193759.7908 17678202.5749 12851529.6727 0.0 3015918.71919 20899795.309 0.0 0.0 15946002.4063 0.0 9908239.80681 25460916.234 0.0 0.0 0.0 0.0 0.0 0.0 0.0 0.0 0.0 0.0 0.0 0.0 480349.07378 0.0 0.0 0.0 0.0 0.0 0.0 0.0 0.0 -2.0 -2.0 -2.0 -2.0 -2.0 -2.0 -2.0 0.0 -2.0 -2.0 -2.0 -2.0 -2.0 -2.0 -2.0 -2.0 -2.0 -2.0 -2.0 -2.0 -2.0 -2.0 0.0 0.0 0.0 -2.0 -2.0 -2.0
0.0 0.0 0.0 0.0 0.0 0.0 0.0 0.0 0.0 1655789.92926 6704129.49174 6319642.20911 6494391.1021 1585485.60159 1023675.62884 1010784.18107 237326.879559 626333.455609 696982.284727 0.0 0.0 7300797.90882 11521889.9815 10182826.0284 6554024.82831 0.0 3677121.39589 17205804.9834 9064062.44918 21249404.8654 21111878.37 21783066.1751 21521140.51 1551814.91997 0.0 0.0 0.0 0.0 0.0 0.0 0.0 0.0 6642112.48248 0.0 3175162.49014 329950.636301 0.0 0.0 0.0 0.0 0.0 0.0 0.0 0.0 -2.0 -2.0 -2.0 -2.0 -2.0 -2.0 0.0 139245.932458 0.0 0.0 -2.0 -2.0 -2.0 -2.0 -2.0 -2.0 -2.0 -2.0 -2.0 -2.0 0.0 0.0 0.0 -2.0 -2.0 -2.0 -2.0 -2.0 -2.0
0.0 0.0 0.0 0.0 0.0 0.0 0.0 0.0 0.0 4789281.92804 0.0 6954268.52891 2662305.75032 2697468.16442 6045010.17962 6136276.86764 4035185.5357 0.0 1563485.13096 0.0 0.0 9854820.55133 6262226.69313 7675807.82625 8857829.11644 14168768.0048 18320614.6315 17258841.9973 18168049.9447 18036713.4123 10446244.8046 19732181.1685 19598694.2899 0.0 0.0 0.0 0.0 0.0 0.0 0.0 0.0 0.0 0.0 776866.859803 0.0 0.0 0.0 0.0 0.0 0.0 0.0 0.0 -2.0 -2.0 -2.0 -2.0 -2.0 -2.0 -2.0 -2.0 -2.0 -2.0 0.0 0.0 0.0 0.0 -2.0 -2.0 -2.0 -2.0 -2.0 -2.0 0.0 0.0 150650.47324 -2.0 -2.0 -2.0 -2.0 -2.0 -2.0 -2.0 -2.0
0.0 0.0 0.0 0.0 0.0 0.0 0.0 0.0 0.0 0.0 0.0 2371919.36978 2752135.85304 2399854.32307 4494458.21229 805125.81683 592855.665622 246301.799772 0.0 6689284.56572 6682171.42569 9186713.65408 10937742.5629 10366798.9554 6115795.15005 6603391.73143 14329880.7961 19710197.8778 17843159.0031 18625769.1905 19370219.1323 18550383.8522 18439499.8252 0.0 0.0 0.0 0.0 0.0 0.0 0.0 0.0 0.0 1951727.97605 539928.995042 0.0 0.0 0.0 0.0 0.0 0.0 0.0 -2.0 -2.0 -2.0 -2.0 -2.0 -2.0 -2.0 -2.0 -2.0 -2.0 -2.0 0.0 0.0 0.0 0.0 0.0 585689.413292 0.0 0.0 -2.0 0.0 0.0 -2.0 -2.0 -2.0 -2.0 -2.0 -2.0 -2.0 -2.0 -2.0 -2.0
0.0 0.0 0.0 0.0 0.0 0.0 0.0 0.0 6694524.06612 2778199.52679 0.0 248403.245549 24295019.7671 478858.345827 0.0 2179038.93535 1536529.0601 6592479.87018 4710197.43603 7155547.2668 8704858.63389 17851060.9295 18006312.619 18313377.283 18697533.8441 16019679.4599 17699705.6028 19064251.3483 18936540.0335 17102441.7225 18253692.3603 8368790.08441 4270733.44348 17224526.9633 867080.001235 2405790.5986 0.0 0.0 0.0 0.0 0.0 0.0 0.0 0.0 0.0 0.0 0.0 0.0 0.0 0.0 -2.0 -2.0 -2.0 -2.0 -2.0 -2.0 -2.0 -2.0 -2.0 -2.0 -2.0 0.0 0.0 0.0 0.0 0.0 0.0 0.0 0.0 2769935.02377 -2.0 31953.6315926 -2.0 -2.0 -2.0 -2.0 -2.0 -2.0 -2.0 -2.0 -2.0 -2.0 -2.0
0.0 35103.672496 0.0 0.0 0.0 0.0 0.0 4312751.64935 3855992.81981 5146545.45049 4220052.52453 257844.563599 0.0 506521.38084 439452.368454 5484333.38497 5576929.67946 12668916.6945 12885411.2426 13361950.0487 14840673.6353 14702695.6618 16074914.0629 16142701.5725 16125103.4245 0.0 11947963.685 19608702.9475 19012049.6662 19038219.8263 15839973.5953 11661754.3512 10507946.5391 19315840.5513 17604445.9286 8235817.02249 0.0 0.0 0.0 0.0 0.0 0.0 0.0 1025076.70871 0.0 0.0 0.0 0.0 0.0 -2.0 -2.0 -2.0 -2.0 -2.0 -2.0 -2.0 -2.0 -2.0 -2.0 0.0 0.0 0.0 0.0 0.0 0.0 0.0 0.0 0.0 0.0 0.0 1008757.72825 -2.0 -2.0 -2.0 -2.0 -2.0 -2.0 -2.0 -2.0 -2.0 -2.0 -2.0 -2.0
70806.9627598 71580.8175853 50843.9926047 0.0 0.0 0.0 1595851.00798 4358700.37889 5165818.07776 5213696.1727 6091915.38651 6946391.62069 6432239.82861 522304.729118 577026.149173 4627287.30442 6952454.48851 10194800.4557 11022293.9986 11687527.4865 13848745.5113 12792135.0134 15680968.8436 22230788.8524 5085093.49389 18303275.0401 3501148.65875 24486005.596 20062326.9423 1311972.88368 13586679.2989 0.0 15237629.9388 0.0 0.0 0.0 0.0 0.0 0.0 0.0 0.0 614257.189355 -2.0 71122.103256 0.0 0.0 0.0 -2.0 -2.0 -2.0 -2.0 -2.0 -2.0 -2.0 -2.0 -2.0 -2.0 -2.0 0.0 0.0 0.0 0.0 14451888.2049 0.0 0.0 0.0 0.0 -2.0 -2.0 -2.0 -2.0 -2.0 -2.0 -2.0 -2.0 -2.0 -2.0 -2.0 -2.0 -2.0 -2.0 -2.0 -2.0
72622.2132048 77149.3938476 95433.4937277 553069.110165 1005626.03457 1272983.73352 4325779.56868 5182087.25829 5530506.42595 8870842.89668 7197521.22774 4977966.71696 590476.431806 0.0 0.0 5051911.40566 6513330.67787 4893951.38189 6990770.66555 6117690.38828 4063695.93158 34056437.977 0.0 15674206.3449 0.0 0.0 19419275.1245 18291692.0992 17329500.7086 29225820.3873 0.0 0.0 0.0 0.0 0.0 0.0 0.0 0.0 0.0 0.0 0.0 -2.0 -2.0 -2.0 -2.0 -2.0 -2.0 -2.0 -2.0 -2.0 -2.0 -2.0 -2.0 -2.0 -2.0 -2.0 -2.0 0.0 0.0 0.0 3463855.59069 798477.303767 -2.0 0.0 0.0 0.0 -2.0 -2.0 -2.0 -2.0 -2.0 -2.0 -2.0 -2.0 -2.0 -2.0 -2.0 -2.0 -2.0 -2.0 -2.0 -2.0 -2.0
72295.1449576 1314850.37954 3910732.53113 5428013.92513 6240449.06513 4538016.9784 4482878.08111 4466864.04258 0.0 5314136.77478 876160.116746 0.0 0.0 0.0 0.0 0.0 5067807.05672 2892042.15982 0.0 0.0 7595236.92273 7882789.0399 8225792.37131 0.0 12977452.0029 8686782.55527 19766532.2983 8074171.81692 4517224.43848 8787345.01298 0.0 0.0 0.0 0.0 0.0 0.0 0.0 0.0 0.0 -2.0 -2.0 -2.0 -2.0 -2.0 -2.0 -2.0 -2.0 -2.0 -2.0 -2.0 -2.0 -2.0 -2.0 -2.0 -2.0 -2.0 -2.0 -2.0 0.0 0.0 0.0 0.0 -2.0 -2.0 -2.0 -2.0 -2.0 -2.0 -2.0 -2.0 -2.0 -2.0 -2.0 -2.0 -2.0 -2.0 -2.0 -2.0 -2.0 -2.0 -2.0 -2.0 -2.0
1504159.64063 4971636.8325 3616024.71821 1688550.15829 1471474.59028 5449629.13692 5313881.55005 0.0 887570.889012 0.0 0.0 0.0 0.0 0.0 0.0 0.0 0.0 32542603.3634 13655460.8278 895596.775365 547039.025629 3238403.77075 6241967.40654 7474800.29663 8979024.65325 15615574.1425 12371626.0498 9987537.62672 0.0 0.0 0.0 0.0 0.0 0.0 0.0 0.0 0.0 0.0 0.0 -2.0 -2.0 -2.0 -2.0 -2.0 -2.0 -2.0 -2.0 -2.0 -2.0 -2.0 -2.0 -2.0 -2.0 -2.0 -2.0 -2.0 -2.0 -2.0 -2.0 0.0 0.0 0.0 -2.0 -2.0 -2.0 -2.0 -2.0 -2.0 -2.0 -2.0 -2.0 -2.0 -2.0 -2.0 -2.0 -2.0 -2.0 -2.0 -2.0 -2.0 -2.0 -2.0 -2.0
5796321.12118 5910439.9165 6755737.94267 1953328.13122 6411430.82508 5567273.91473 7013792.96135 0.0 1424297.48265 0.0 0.0 2341997.73021 0.0 0.0 591395.668521 0.0 0.0 27274540.184 32499582.1863 28918729.5644 1950435.79507 620584.446235 385173.899456 5790100.00833 16165070.8581 3075628.43334 2540522.09649 28257430.0409 3763490.42178 7639256.82259 0.0 0.0 0.0 0.0 0.0 0.0 0.0 0.0 0.0 -2.0 -2.0 -2.0 -2.0 -2.0 -2.0 -2.0 -2.0 -2.0 -2.0 -2.0 -2.0 -2.0 -2.0 -2.0 -2.0 -2.0 -2.0 -2.0 0.0 0.0 0.0 9547437.08062 323032.3338 -2.0 -2.0 -2.0 -2.0 -2.0 -2.0 -2.0 -2.0 -2.0 -2.0 -2.0 -2.0 -2.0 -2.0 -2.0 -2.0 -2.0 -2.0 -2.0 -2.0
5752797.33672 7415128.99556 1787870.98854 1732803.34187 3491019.53994 4673243.91455 0.0 0.0 0.0 0.0 0.0 0.0 20626214.9941 837323.612419 1432309.48488 1317395.9684 0.0 1327095.67333 16758176.381 3645036.34477 67353.9852809 -2.0 481293.908864 6630421.4747 5822482.32261 0.0 18147452.8656 1005207.44174 4982113.75659 0.0 0.0 0.0 0.0 0.0 0.0 0.0 0.0 -2.0 -2.0 -2.0 -2.0 -2.0 -2.0 -2.0 -2.0 -2.0 -2.0 -2.0 -2.0 -2.0 -2.0 -2.0 -2.0 -2.0 -2.0 -2.0 -2.0 -2.0 0.0 0.0 0.0 0.0 0.0 -2.0 -2.0 -2.0 -2.0 -2.0 -2.0 -2.0 -2.0 -2.0 -2.0 -2.0 -2.0 -2.0 -2.0 -2.0 -2.0 -2.0 -2.0 -2.0 -2.0
7462576.99669 5797790.10066 2720570.4956 0.0 3807876.05864 8520932.18609 0.0 0.0 0.0 0.0 5614731.22876 18126124.6306 10323160.0377 14017111.5734 9370324.17253 18923906.3564 23305729.4475 17624570.3067 478571.603916 -2.0 -2.0 426291.045674 7325274.63891 6349726.02062 5702268.30392 9924561.34725 2731795.11108 0.0 5011323.63044 7599931.94 9803547.91398 0.0 0.0 0.0 2587514.35195 -2.0 -2.0 -2.0 -2.0 -2.0 -2.0 -2.0 -2.0 -2.0 -2.0 -2.0 -2.0 -2.0 -2.0 -2.0 -2.0 -2.0 -2.0 -2.0 -2.0 -2.0 -2.0 -2.0 1702883.99666 0.0 0.0 0.0 0.0 -2.0 -2.0 -2.0 -2.0 -2.0 -2.0 -2.0 -2.0 -2.0 -2.0 -2.0 -2.0 -2.0 -2.0 -2.0 -2.0 -2.0 -2.0 -2.0 -2.0
3640878.51769 3378442.69126 0.0 0.0 7134459.87172 0.0 8033847.52373 0.0 0.0 8022426.40215 18618561.9018 9228050.4798 9302554.77901 12174159.7344 3100399.43765 7623276.19947 7252251.66568 925579.681385 -2.0 -2.0 -2.0 216753.310336 477229.315458 3265225.74834 -2.0 -2.0 -2.0 -2.0 -2.0 2663606.78295 9124773.4212 0.0 0.0 0.0 1174577.64218 -2.0 -2.0 -2.0 -2.0 -2.0 -2.0 -2.0 -2.0 -2.0 -2.0 -2.0 -2.0 -2.0 -2.0 -2.0 -2.0 -2.0 -2.0 -2.0 -2.0 -2.0 -2.0 -2.0 0.0 0.0 0.0 0.0 0.0 -2.0 -2.0 -2.0 -2.0 -2.0 -2.0 -2.0 -2.0 -2.0 -2.0 -2.0 -2.0 -2.0 -2.0 -2.0 -2.0 -2.0 -2.0 -2.0 -2.0
5803959.80145 3730039.32633 1569891.1582 19367994.4705 14905547.3281 0.0 1296816.35156 702872.137745 12096001.2565 18817886.0369 9100960.0425 8861457.87125 9223212.18227 15295969.7182 0.0 -2.0 -2.0 -2.0 -2.0 -2.0 -2.0 2431086.15051 330804.454459 -2.0 -2.0 -2.0 -2.0 -2.0 -2.0 7787553.56533 9954033.74223 0.0 0.0 0.0 0.0 0.0 -2.0 -2.0 -2.0 -2.0 -2.0 -2.0 -2.0 -2.0 -2.0 -2.0 -2.0 -2.0 -2.0 -2.0 -2.0 -2.0 -2.0 -2.0 -2.0 -2.0 -2.0 -2.0 14702780.7899 0.0 0.0 19081043.3428 0.0 -2.0 -2.0 -2.0 -2.0 -2.0 -2.0 -2.0 -2.0 -2.0 -2.0 -2.0 -2.0 -2.0 -2.0 -2.0 -2.0 -2.0 -2.0 -2.0 -2.0
6641737.65729 10064101.5527 0.0 0.0 9217361.79117 0.0 0.0 18869563.9207 18042707.4699 9998433.6595 9512896.84194 10013085.1075 9952740.67142 1412481.10354 0.0 0.0 23954.4133937 -2.0 -2.0 -2.0 -2.0 -2.0 -2.0 -2.0 -2.0 -2.0 -2.0 -2.0 1645566.25613 9873832.85443 11124331.7103 11627847.6414 0.0 0.0 0.0 0.0 3225553.53218 -2.0 -2.0 -2.0 -2.0 -2.0 -2.0 -2.0 -2.0 -2.0 -2.0 -2.0 -2.0 -2.0 -2.0 -2.0 -2.0 -2.0 -2.0 0.0 0.0 4271391.14985 0.0 0.0 0.0 6379438.56208 -2.0 -2.0 -2.0 -2.0 -2.0 -2.0 -2.0 -2.0 -2.0 -2.0 -2.0 -2.0 -2.0 -2.0 -2.0 -2.0 -2.0 -2.0 -2.0 -2.0 -2.0
4816956.92949 17547932.2034 4379623.43225 0.0 12613682.9557 11592633.0312 16038783.1109 0.0 9595991.27863 9622381.50004 10529385.2686 9522123.37138 6548584.44848 8448500.06372 8563157.11762 6649998.5274 0.0 -2.0 -2.0 199993.446377 11753996.5621 162965.526208 -2.0 0.0 -2.0 -2.0 -2.0 -2.0 0.0 2190138.3754 1832553.07722 2654683.99756 26755306.7344 3111089.22719 0.0 0.0 0.0 0.0 -2.0 -2.0 0.0 -2.0 -2.0 -2.0 -2.0 -2.0 -2.0 -2.0 -2.0 -2.0 -2.0 -2.0 -2.0 -2.0 -2.0 0.0 8596996.12204 23982199.1339 0.0 0.0 0.0 -2.0 -2.0 -2.0 -2.0 -2.0 -2.0 -2.0 -2.0 -2.0 -2.0 -2.0 -2.0 -2.0 -2.0 -2.0 -2.0 -2.0 -2.0 -2.0 -2.0 -2.0 -2.0
4242186.86271 1060577.34929 7461080.21445 7836699.64054 2216435.5417 0.0 2718191.89852 5646443.55591 19148675.0167 18974620.0244 10322625.1433 5526324.47133 6353335.34439 6762550.11793 6867618.07855 6892246.31028 7240685.43365 0.0 187891.272493 17213280.7274 1702419.45622 55225.4086168 0.0 0.0 88392.5926672 -2.0 -2.0 -2.0 -2.0 -2.0 -2.0 -2.0 13370202.0565 34387324.1291 0.0 0.0 0.0 0.0 -2.0 -2.0 -2.0 -2.0 -2.0 -2.0 -2.0 -2.0 -2.0 -2.0 -2.0 -2.0 -2.0 -2.0 0.0 0.0 0.0 12378771.6315 0.0 0.0 0.0 0.0 0.0 -2.0 -2.0 -2.0 -2.0 -2.0 -2.0 -2.0 -2.0 -2.0 -2.0 -2.0 -2.0 -2.0 -2.0 -2.0 -2.0 -2.0 -2.0 -2.0 -2.0 -2.0 -2.0
0.0 3266968.11306 15293632.4633 0.0 18180845.6477 14069553.5452 1706614.2953 21939901.7334 19572790.874 19697720.9786 4445597.72918 4421802.07076 14546375.2937 15884294.4659 13761631.35 8000294.17774 8231737.59927 7491597.36545 7985983.60556 8018660.14916 0.0 0.0 352442.208035 290009.185674 -2.0 -2.0 -2.0 -2.0 -2.0 -2.0 -2.0 9485912.50208 37010522.7523 37598902.7604 0.0 0.0 0.0 0.0 -2.0 -2.0 -2.0 -2.0 -2.0 -2.0 -2.0 -2.0 -2.0 -2.0 -2.0 -2.0 -2.0 -2.0 18312509.5551 16731559.2193 0.0 0.0 0.0 0.0 0.0 0.0 0.0 -2.0 -2.0 -2.0 -2.0 -2.0 -2.0 -2.0 -2.0 -2.0 -2.0 -2.0 -2.0 -2.0 -2.0 -2.0 -2.0 -2.0 -2.0 -2.0 -2.0 -2.0 -2.0
14534258.6504 12010398.4147 13918491.1414 0.0 9403379.45013 9246046.91574 1310430.34679 14220006.0482 20065848.6826 21670106.3776 4553872.6559 10355253.8145 22463668.6166 1233428.84799 0.0 0.0 0.0 19511090.7745 19092303.9539 14469591.3098 223113.923696 -2.0 -2.0 -2.0 -2.0 -2.0 -2.0 -2.0 -2.0 -2.0 -2.0 851398.089482 31875789.4653 36770397.1821 0.0 0.0 0.0 0.0 0.0 -2.0 -2.0 -2.0 -2.0 -2.0 -2.0 0.0 -2.0 -2.0 -2.0 -2.0 -2.0 0.0 0.0 0.0 0.0 0.0 0.0 0.0 16894211.2704 17545748.8766 3017373.73672 -2.0 -2.0 -2.0 -2.0 -2.0 -2.0 -2.0 -2.0 -2.0 -2.0 -2.0 -2.0 -2.0 -2.0 -2.0 -2.0 -2.0 -2.0 -2.0 -2.0 -2.0 -2.0
3053801.28423 16002300.881 15789258.5674 13232705.3881 7845933.06876 0.0 0.0 14413786.4576 4957267.57273 5018924.36678 6959708.31223 6183212.59626 12843090.1797 27860109.6716 1828797.55187 0.0 775476.475315 0.0 807056.633811 91602.3370137 -2.0 -2.0 -2.0 -2.0 -2.0 -2.0 -2.0 -2.0 -2.0 -2.0 -2.0 -2.0 30984088.4582 0.0 0.0 0.0 0.0 0.0 0.0 -2.0 -2.0 -2.0 -2.0 -2.0 0.0 0.0 0.0 0.0 0.0 0.0 0.0 0.0 0.0 0.0 0.0 0.0 0.0 0.0 3970702.94479 15011930.3185 5455127.07434 -2.0 -2.0 -2.0 -2.0 -2.0 -2.0 -2.0 -2.0 -2.0 -2.0 -2.0 -2.0 -2.0 -2.0 -2.0 -2.0 -2.0 -2.0 -2.0 -2.0 -2.0 -2.0
15475249.9742 14663533.1614 15448135.6354 433879.557505 15609631.6038 17123789.1997 12740795.0541 10380405.2142 6167932.45716 11835779.5884 11798673.9939 6029940.78801 15373346.2547 24702508.5533 860050.006279 25083162.912 21318320.6 20381888.0865 49981.7212766 -2.0 -2.0 -2.0 -2.0 -2.0 -2.0 -2.0 -2.0 -2.0 -2.0 -2.0 -2.0 8759408.75817 0.0 0.0 0.0 0.0 0.0 12588236.0225 -2.0 -2.0 -2.0 -2.0 -2.0 0.0 0.0 0.0 0.0 0.0 0.0 0.0 0.0 0.0 16251549.0804 26885879.7526 0.0 0.0 0.0 0.0 5520629.3072 7077015.17134 -2.0 -2.0 -2.0 -2.0 -2.0 -2.0 -2.0 -2.0 -2.0 -2.0 -2.0 -2.0 -2.0 -2.0 -2.0 -2.0 -2.0 -2.0 -2.0 -2.0 -2.0 -2.0 -2.0
12750198.7555 0.0 1462699.92779 12847265.9382 17440609.3263 19131376.49 11192268.0314 11321735.2918 11886201.0402 8528995.01932 8853100.95121 8479873.81507 6301424.94326 10271506.1311 25647400.3251 12195424.7558 21816216.5013 5937430.87404 367660.28107 -2.0 -2.0 -2.0 -2.0 -2.0 -2.0 -2.0 -2.0 -2.0 -2.0 -2.0 -2.0 3983621.86537 0.0 0.0 7548209.33342 5432386.12129 0.0 1706634.15122 -2.0 -2.0 -2.0 0.0 0.0 0.0 0.0 0.0 0.0 0.0 9448126.47519 12745300.2144 0.0 0.0 0.0 14159186.7912 14745184.8338 7861663.38455 0.0 1521056.41216 1106294.73971 -2.0 -2.0 -2.0 -2.0 -2.0 -2.0 -2.0 -2.0 -2.0 -2.0 -2.0 -2.0 -2.0 -2.0 -2.0 -2.0 -2.0 -2.0 -2.0 -2.0 -2.0 -2.0 -2.0 -2.0
