critload/trunk/input/1999/nle_nat.asc
ncols 720
nrows 360
xllcorner -180
yllcorner -90
cellsize 0.5
[rows 144 to 179 of 360, columns 410 to 491 of 720]
0.0 0.0 0.0 0.0 71528.490807 0.0 0.0 0.0 0.0 0.0 0.0 0.0 0.0 0.0 0.0 0.0 0.0 0.0 0.0 0.0 0.0 0.0 0.0 0.0 0.0 51035.939867 0.0 0.0 -1 -1 -1 -1 -1 0.0 0.0 0.0258040821571 0.0 0.0 0.0 539489.650052 0.0 0.0 0.0 0.0 0.0 0.0 0.0 0.0 0.0 0.0 0.0 0.0 0.0 0.0 0.0 0.0 0.0 0.0 0.0 0.0 0.0 0.0 0.0 -1 -1 -1 -1 -1 -1 -1 -1 -1 -1 -1 -1 -1 -1 -1 -1 -1 -1 -1
0.0 0.0 0.0 0.0 0.0 0.0 0.0 0.0 0.0 0.0 0.0 0.0 0.0 0.0 0.0 0.0 0.0 0.0 0.0 0.0 0.0 0.0 0.0 0.0 0.0 0.0 0.0 0.0 -1 -1 -1 -1 -1 -1 0.0 0.0 0.0438987501955 0.0 0.0 0.0 0.0 0.0 0.0 0.0 0.0 0.0 0.0 0.0 0.0 0.0 0.0 0.0 0.0 0.0 0.0 0.0 0.0 0.0 0.0 0.0 0.0 -1 -1 -1 -1 -1 -1 -1 -1 -1 -1 -1 -1 -1 -1 -1 -1 -1 -1 -1 -1 -1
0.0 0.0 0.0 0.0 0.0 0.0 0.0 0.0 0.0 0.0 0.0 0.0 0.0 0.0 0.0 0.0 0.0 0.0 0.0 288599.738505 398105.210816 0.0 0.0 0.0 0.0 0.0 0.0 0.0 0.0 -1 -1 -1 -1 0.0 0.0 0.0 0.0 1105541.74649 0.0 0.0 0.0 0.0 0.0 0.0 0.0 0.0 0.0 0.0 0.0 0.0 0.0 0.0 0.0 0.0 0.0 0.0 0.0 0.0 -1 -1 -1 -1 -1 -1 -1 -1 -1 -1 -1 -1 -1 -1 -1 -1 -1 -1 -1 -1 -1 -1 -1 -1
0.0 0.0 0.0 13395.5107307 269595.078138 0.0 0.0 0.0 0.0 292442.568539 0.0 0.0 0.0 0.0 0.0 0.0 0.0 0.0 0.0 0.0 0.0 0.0 0.0 0.0 0.0 0.0 0.0 0.0 0.0 -1 0.0 -1 -1 -1 -1 0.0 0.0 0.0 0.0 0.0 0.0 0.0 0.0 0.0 0.0 0.0 0.0 0.0 0.0 0.0 0.0 0.0 0.0 0.0 0.0 0.0 -1 -1 -1 -1 -1 -1 -1 -1 -1 -1 -1 -1 -1 -1 -1 -1 -1 -1 -1 -1 -1 -1 -1 -1 -1 -1
0.0 490194.271281 0.0 0.0 0.0 0.0 105639.030646 0.0 0.0 0.0 0.0 0.0 0.0 0.0 0.0 0.0 0.0 0.0 0.0 0.0 0.0 0.0 0.0 0.0 0.0 0.0 0.0 0.0 0.0 0.0 0.0 -1 -1 -1 -1 0.0 0.0 0.0 0.0 0.0 0.0 0.0 0.0 0.0 0.0 0.0 0.0 0.0 0.0 0.0 0.0 0.0 0.0 0.0 0.0 -1 -1 -1 -1 -1 -1 -1 -1 -1 -1 -1 -1 -1 -1 -1 -1 -1 -1 -1 -1 -1 -1 -1 -1 -1 -1 -1
0.0 552170.373891 587338.211158 166419.113874 100755.649567 0.0 0.0 0.0 0.0 0.0 0.0 0.0 0.0 0.0 0.0 0.0 0.0 0.0 0.0 0.0 0.0 0.0 0.0 0.0 0.0 0.0 0.0 0.0 0.0 0.0 0.0 -1 -1 -1 -1 0.0 0.0 0.0 0.0656626483583 0.0 0.0 648910.505264 493814.836533 0.0 0.0 0.0 0.0 0.0 0.0 0.0 0.0 0.0 0.0 0.0 -1 -1 -1 -1 -1 -1 -1 -1 -1 -1 -1 -1 -1 -1 -1 -1 -1 -1 -1 -1 -1 -1 -1 -1 -1 -1 -1 -1
210467.432464 0.0 258881.512278 286249.65977 384202.980193 295293.323169 304675.997165 0.0 0.0 0.0 0.0 0.0 0.0 0.0 0.0 0.0 0.0 0.0 0.0 0.0 0.0 0.0 0.00537037951275 0.0 0.0 0.0 0.0 0.0 0.0 0.0 0.0 0.0 0.0 -1 -1 0.0 0.0 696953.690004 0.0 0.0 0.0 0.0 0.0 0.0 0.0 0.0 0.0 0.0 0.0 0.0 0.0 -1 -1 -1 -1 -1 -1 -1 -1 -1 -1 -1 -1 -1 -1 -1 -1 -1 -1 -1 -1 -1 -1 -1 -1 -1 -1 -1 -1 -1 -1 -1
0.0 0.0 0.0 0.0 0.0 0.0 0.0 0.0 0.0 0.0 0.0 0.0 0.0 0.0 0.0 0.0 0.0 0.0 0.0 0.0 0.0 0.0 0.0 0.0 0.0 0.0 0.0 0.0 0.0 15505.5079046 0.0 0.0 0.0 0.0 -1 0.0 0.0 0.0 0.0309342581772 0.0 0.0 0.0 0.0 0.019064619914 355956.428634 0.0 0.0 0.0 -1 -1 -1 -1 -1 -1 -1 -1 -1 -1 -1 -1 -1 -1 -1 -1 -1 -1 -1 -1 -1 -1 -1 -1 -1 -1 -1 -1 -1 -1 -1 -1 -1 -1
0.0 0.0 0.0 0.0 0.0 0.0 0.0 0.0 0.0 0.0 0.0 0.0 0.0 0.0 0.0 0.0 0.0 0.0 0.0 0.0 0.0 268490.02385 349247.994868 0.0 0.0 0.0 0.0 0.0 0.0 595151.245948 0.0 0.0 0.0 0.0 0.0 0.0 0.0 0.0 497079.201547 0.0 0.0 0.0 0.0 0.0 0.0 0.0 -1 -1 -1 -1 -1 -1 -1 -1 -1 -1 -1 -1 -1 -1 -1 -1 -1 -1 -1 -1 -1 -1 -1 -1 -1 -1 -1 -1 -1 -1 -1 -1 -1 -1 -1 -1
0.0 0.0 0.0 0.0 0.0 0.0 0.0 0.0 0.0 0.0 0.0 0.0 0.0 0.0 0.0 0.0 0.0 0.0 0.0 0.0 397440.206348 0.0 0.0 0.0 0.0 0.0 212275.186492 0.0 608145.129839 1230975.145 0.0 0.0 0.0 0.0 0.0 0.0 0.0 0.0 0.0 0.0 0.0 0.0 0.0 0.0 -1 -1 -1 -1 -1 -1 -1 -1 -1 -1 -1 -1 -1 -1 -1 -1 -1 -1 -1 -1 -1 -1 -1 -1 -1 -1 -1 -1 -1 -1 -1 -1 -1 -1 -1 -1 -1 -1
0.0 0.0 0.0 0.0 0.0 0.0 0.0 0.0 0.0 0.0 0.0 0.0 0.0 0.0 0.0 0.0 0.0 0.0 0.0 0.0 0.0 0.0 0.0 563503.075398 0.0648630774608 1669486.81744 0.0 0.0 0.0 0.0 0.0 0.0 0.0 0.0 0.0 0.0 0.0 0.0 0.0 0.0 0.0 -1 -1 -1 -1 -1 -1 -1 -1 -1 -1 -1 -1 -1 -1 -1 0.0 0.0 0.0 -1 -1 -1 -1 -1 -1 -1 -1 -1 -1 -1 -1 -1 -1 -1 -1 -1 -1 -1 -1 -1 -1 -1
0.0 0.0 0.0 0.0 0.0 0.0 0.0 0.0 0.0 0.0 0.0 0.0 0.0 0.0 0.0 0.0 0.0 0.0 0.0 0.0 0.0 0.0 0.0 1747757.49446 0.0 0.0701518145545 1616387.14609 1674607.17765 0.0 0.0 466811.713092 148236.3776 434357.118516 363259.197 0.0 0.0 0.0 -1 -1 -1 -1 -1 -1 -1 -1 -1 -1 -1 -1 -1 -1 -1 -1 -1 0.0 -1 0.0 0.0 0.0 -1 -1 -1 -1 -1 -1 -1 -1 -1 -1 -1 -1 -1 -1 -1 -1 -1 -1 -1 -1 -1 -1 -1
0.0 0.0 0.0 0.0 0.0 0.0 0.0 0.0 0.0 0.0 0.0 0.0 0.0 0.0 0.0 0.0 0.0 0.0 0.0 0.0 0.0 1229574.40962 2075819.68348 0.0 0.0 0.0 1287299.18627 1149821.66411 1226278.34663 0.0 0.0 571997.837766 0.0 0.0 0.0 0.0 0.0 -1 -1 -1 -1 -1 -1 -1 -1 -1 -1 -1 -1 -1 0.0 0.0 0.0 -1 -1 -1 -1 -1 -1 -1 -1 -1 -1 -1 -1 -1 -1 -1 -1 -1 -1 -1 -1 -1 -1 -1 -1 -1 -1 -1 -1 -1
0.0 0.0 0.0 0.0 0.0 0.0 0.0 0.0 0.0 0.0 0.0 0.0 0.0 0.0 0.0 0.0 0.0 0.0 0.0 0.0 1263097.84496 2274084.81968 1951711.53584 0.0 0.0 2400355.73256 2027440.39763 1272774.34659 982125.384422 756178.076861 564216.180534 574337.19431 526716.212886 0.0 161865.240817 0.0 0.0 0.0 -1 -1 -1 -1 -1 -1 0.0 0.0 0.0 0.0 0.0 0.0 0.0 0.0 0.0 -1 -1 -1 -1 -1 -1 -1 -1 -1 -1 -1 -1 -1 -1 -1 -1 -1 -1 -1 -1 -1 -1 -1 -1 -1 -1 -1 -1 -1
0.0 0.0 0.0 0.0 0.0 0.0 0.0 0.0 0.0 0.0 0.0 0.0 0.0 0.0 0.0 0.0 0.0 0.0 0.0 1795508.67669 0.0 0.0 0.0910194241459 0.0 0.0 0.0 1260548.64076 1365749.06714 1156003.75239 1100173.07902 328010.004378 0.0 403172.063166 156406.20919 448687.554534 537978.811461 0.0 0.0 0.0 -1 0.0 0.0 0.0 0.0 0.0 0.0 0.0 0.0 0.0 0.0 0.0 0.0 0.0 -1 -1 -1 -1 -1 -1 -1 -1 -1 -1 -1 -1 -1 -1 -1 -1 -1 -1 -1 -1 -1 -1 -1 -1 -1 -1 -1 -1 -1
0.0 0.0 0.0 0.0 0.0 0.0 0.0 0.0 0.0 0.0 0.0 0.0 0.0 0.0 0.0 0.0 0.0 0.0 0.0 2183646.85546 0.0 0.0 0.0 0.0 0.0960045256898 0.111557970746 1840864.63865 0.0 0.0 0.0888259313823 0.0 1174659.98899 685823.65345 375361.968234 416796.050796 1169769.71022 0.0 0.0 0.0 0.0 0.0 0.0 0.0 0.0 0.0 0.0 0.0 0.0 0.0 0.0 0.0 0.0 0.0 -1 -1 -1 -1 -1 -1 -1 -1 -1 -1 -1 -1 -1 -1 -1 -1 -1 -1 -1 -1 -1 -1 -1 -1 -1 -1 -1 -1 -1
0.0 0.0 0.0 0.0 0.0 0.0 0.0 0.0 0.0 0.0 0.0 0.0 0.0 0.0 0.0 0.0 0.0 0.0 0.0 0.0 0.0 0.0 0.0 0.0 0.0 0.119312891559 0.0505871342447 2381256.36149 0.266841183702 1008809.65675 0.0 0.0 0.0 722080.446276 559668.812416 603732.733576 0.0 0.0147847168085 0.0 0.0 436549.920215 0.0 0.0 0.0 0.0 0.0 0.0 0.0 0.0 0.0 0.0 0.0 -1 -1 -1 -1 -1 -1 -1 -1 -1 -1 -1 -1 -1 -1 -1 -1 -1 -1 -1 -1 -1 -1 -1 -1 -1 -1 -1 -1 -1 -1
0.0 0.0 0.0 0.0 0.0 0.0 0.0 0.0 0.0 0.0 495780.824945 769278.157665 0.0200943650104 0.0 0.0 0.0 0.0 0.0 0.10748877061 0.0 0.0 0.0919255925661 0.0 0.0 0.0 0.0 0.0 0.0 693440.855872 0.0 0.0 0.0 0.0735649501751 0.0 36716.4191072 0.0 0.0 251333.76672 0.0 0.0 0.0 0.0 0.0 0.0 0.0 0.0 0.0 0.0 0.0 0.0 0.0 0.0 -1 -1 -1 -1 -1 -1 -1 -1 -1 -1 -1 -1 -1 -1 -1 -1 -1 -1 -1 -1 -1 -1 -1 -1 -1 -1 -1 -1 -1 -1
0.0 0.0 0.0 0.0 0.0 0.0 0.0 0.0 380736.389656 0.0 0.0 442780.863615 215650.989106 0.0 0.0 0.0 0.0 0.0 0.0657201116738 0.0968878946993 0.0 0.0 0.0 0.0 0.0 0.0 0.0631323044688 0.0526947036605 0.0 0.0 0.070044529556 0.0 0.0 0.0 0.0 0.0 0.0 0.0 0.0 0.0 0.0 0.0 0.0 0.0 0.0 0.0 0.0 0.0 0.0 0.0 0.0 -1 -1 -1 -1 -1 -1 -1 -1 -1 -1 -1 -1 -1 -1 -1 -1 -1 -1 -1 -1 -1 -1 -1 -1 -1 -1 -1 -1 -1 -1 -1
0.0 0.0 0.0 0.0 0.0 0.0 0.0 0.0 0.0 0.0 1178787.11449 61667.6310829 0.0 0.00670208318843 0.0 0.0 0.0420516417039 0.0 0.0 0.0677325960368 1783938.56949 1943942.96164 0.0 0.0972843389309 0.0 0.0 0.0 0.0 0.0914730378663 0.0 0.0 0.0 0.0 0.0 0.0 0.0 0.0 0.0 0.0 0.0 0.0 0.0 0.0 0.0 0.0 0.0 0.0 0.0 0.0 0.0 0.0 -1 -1 -1 -1 -1 -1 -1 -1 -1 -1 -1 -1 -1 -1 -1 -1 -1 -1 -1 -1 -1 -1 -1 -1 -1 -1 -1 -1 -1 -1 -1
1303495.26524 0.0 0.0 0.0 0.0 0.0 0.0 0.0 0.0 0.0 0.0 756885.554787 0.0 0.0 0.0 0.0 0.0 0.0 0.0 454255.584269 1718672.98632 0.0 1502407.81541 1717805.67444 0.0 0.093429750469 0.0 0.0 0.0 0.0 0.0950239194612 0.0 0.0 0.0 0.0 0.0 0.0 0.0 0.0 0.0 0.0 0.0 0.0 0.0 0.0 0.0 0.0 0.0 0.0 0.0 -1 -1 -1 -1 -1 -1 -1 -1 -1 -1 -1 -1 -1 -1 -1 -1 -1 -1 -1 -1 -1 -1 -1 -1 -1 -1 -1 -1 -1 -1 -1 -1
1407575.79276 1228757.9879 0.0 0.0 0.0 0.0 0.0 0.0 0.0 0.0 0.0 543551.081061 1917692.49896 0.0 0.0 0.0 0.0 0.0 0.0 0.0298576191703 995263.670518 1760899.47781 1682954.59868 1706328.35767 2058974.30349 0.109810161755 0.0 0.0 0.316508701898 0.0 0.0887200824992 1807842.75784 0.0 858615.125864 0.0 0.0 0.0 0.0 0.0 0.0 0.0 0.0 0.0 0.0 0.0 0.0 0.0 0.0 0.0 0.0 -1 -1 -1 -1 -1 -1 -1 -1 -1 -1 -1 -1 -1 -1 -1 -1 -1 -1 -1 -1 -1 -1 -1 -1 -1 -1 -1 -1 -1 -1 -1 -1
1307342.98311 1386226.27987 1222312.53046 0.0 0.0 0.0 0.0 0.0 0.0 0.0 0.0 0.0 459418.919963 0.0 0.0 0.0 0.0 0.0 0.0 0.0 1769830.87005 0.0 0.0 0.0 0.0 0.029417575612 0.0 0.0 1099725.86672 1091303.19113 964444.504206 0.0 0.0 0.0 0.0 0.0 0.0 0.0 0.0 0.0 0.0 0.0 0.0 0.0 0.0 0.0 0.0 0.0 0.0 -1 -1 -1 -1 -1 -1 -1 -1 -1 -1 -1 -1 -1 -1 -1 -1 -1 -1 -1 -1 -1 -1 -1 -1 -1 -1 -1 -1 -1 -1 -1 -1 -1
1615590.26838 1487644.70312 1418246.37602 0.0 0.0 0.0 0.0 0.0 0.0 0.0 0.0 0.0 0.0 0.0 0.0 0.0 0.0 0.0 0.0 443054.066565 0.0791766013361 1783076.66342 1046166.62421 1326321.26662 994792.893319 0.0 0.0 1409074.26319 0.0 1560211.3729 690603.553618 502826.096692 192164.185087 0.0 0.0 0.0 0.0 0.0 0.0 0.0 0.0 0.0 0.0 0.0 0.0 0.0 0.0 0.0 0.0 -1 -1 -1 -1 -1 -1 -1 -1 -1 -1 -1 -1 -1 -1 -1 -1 -1 -1 -1 -1 -1 -1 -1 -1 -1 -1 -1 -1 -1 -1 -1 -1 -1
1662594.17936 1504526.8718 1468470.53542 1405932.01724 1493432.54199 0.0 0.0 0.0 0.0 0.0 0.0 0.0 0.0 0.0 0.0 0.0 0.0 0.0 0.0 0.0 0.0 0.0 0.0 1477182.5156 0.0 0.0 527376.351769 0.0 0.0 0.0 0.0 0.0 0.0 0.0 0.0 0.0 0.0 0.0 0.0 0.0 0.0 0.0 0.0 0.0 0.0 0.0 0.0 0.0 -1 -1 -1 -1 -1 -1 -1 -1 -1 -1 -1 -1 -1 -1 -1 -1 -1 -1 -1 -1 -1 -1 -1 -1 -1 -1 -1 -1 -1 -1 -1 -1 -1 -1
1718251.0465 1580472.90047 1604100.53262 2051813.65723 0.0 0.0 0.0 0.0 0.0 0.0 0.0 0.0 0.0 1214823.32773 0.0 0.0 0.0 0.0 0.0 0.0 0.0 0.0 0.0 1114974.68126 1274921.82336 1522635.46351 0.0782875758871 1139758.0755 954966.199175 0.0 0.0 0.0 0.0 0.0 0.0 0.0 0.0 0.0 0.0 0.0 0.0 0.0 0.0 0.0 0.0 0.0 0.0 0.0 -1 -1 -1 -1 -1 -1 -1 -1 -1 -1 -1 -1 -1 -1 -1 -1 -1 -1 -1 -1 -1 -1 -1 -1 -1 -1 -1 -1 -1 -1 -1 -1 -1 -1
1216277.61735 1158760.51384 1198602.41806 1182501.40928 1627530.98658 1574832.79541 0.0444294211596 1616594.12912 0.0383658938216 1285081.91548 0.0 0.0 1296227.62962 0.0 0.0 0.0 0.0 0.0 0.0 0.0 0.0 0.0 0.0 0.0 0.0 0.0 787929.942723 1036359.39547 0.0 0.0 0.0 0.0 0.0 0.0 0.0 0.0 0.0 0.0 0.0 0.0 0.0 0.0 0.0 0.0 0.0 0.0 0.0 -1 -1 -1 -1 -1 -1 -1 -1 -1 -1 -1 -1 -1 -1 -1 -1 -1 -1 -1 -1 -1 -1 -1 -1 -1 -1 -1 -1 -1 -1 -1 -1 -1 -1 -1
1172151.15199 1312628.34777 1230844.96078 1235931.03529 1235176.16787 1201708.52811 0.0 1596313.78735 1586796.22553 1545739.95862 0.0 1644573.45745 1619768.41912 0.0 0.0 0.0 0.116121240157 0.0 0.0 0.0 0.0 0.0 0.0 0.0 0.0 0.0 1401291.97792 1271560.74519 0.0 168647.083946 0.0 0.0 0.0 0.0 0.0 0.0 0.0 0.0 0.0 0.0 0.0 0.0 0.0 0.0 0.0 0.0 -1 -1 -1 -1 -1 -1 -1 -1 -1 -1 -1 -1 -1 -1 -1 -1 -1 -1 -1 -1 -1 -1 -1 -1 -1 -1 -1 -1 -1 -1 -1 -1 -1 -1 -1 -1
1198619.84125 1319728.81186 1343746.19402 1320371.99245 0.0208942051608 0.0 1132304.91341 1099940.61298 0.0 1541129.10483 1246614.70418 1566184.22441 0.0 2312885.11168 0.0 2108830.43905 0.0 0.0 0.0 341484.031204 0.0 0.0 0.0 0.0 0.0 0.0 0.0 899264.508341 0.0 166202.411499 0.0 0.0 0.0 0.0 0.0 0.0 0.0 0.0 0.0 0.0 0.0 0.0 0.0 0.0 0.0 -1 -1 -1 -1 -1 -1 -1 -1 -1 -1 -1 -1 -1 -1 -1 -1 -1 -1 -1 -1 -1 -1 -1 -1 -1 -1 -1 -1 -1 -1 -1 -1 -1 -1 -1 -1 -1
1119548.37275 1135967.71748 1196336.53413 1231130.89042 1308585.4834 1275245.08742 1329976.31822 1287738.07977 1223433.16763 1309033.82927 1162651.94618 0.0689691860743 0.0 0.0 0.0 0.0 0.0 0.0 0.0 0.0 0.0 0.0 0.0 0.0 0.0 1137032.66111 0.0 286758.320038 406280.665267 625452.298419 0.0 0.0 0.0 0.0 0.0 0.0 0.0 0.0 0.0 0.0 0.0 0.0 0.0 227460.617403 -1 -1 -1 -1 -1 -1 -1 -1 -1 -1 -1 -1 -1 -1 -1 -1 -1 -1 -1 -1 -1 -1 -1 -1 -1 -1 -1 -1 -1 -1 -1 -1 -1 -1 -1 -1 -1 -1
1113281.22203 1123945.54479 1153330.36811 1165920.59518 1218205.61502 1233981.84842 1222617.78697 1231634.49279 987205.024511 1122991.85466 0.0 0.0377409107443 0.10649527174 984252.529692 0.0 0.0 0.0 0.0 0.0 1399532.37116 255201.557864 87691.2036647 0.0 0.0 0.0 467607.360485 0.0 0.0 0.0 135543.270941 0.0 0.0 0.0 0.0 0.0 0.0 0.0 0.0 0.0 0.0 0.0 0.0 0.0 16073.247718 -1 -1 -1 -1 -1 -1 -1 -1 -1 -1 -1 -1 -1 -1 -1 -1 -1 -1 -1 -1 -1 -1 -1 -1 -1 -1 -1 -1 -1 -1 -1 -1 -1 -1 -1 -1 -1 -1
1158263.91158 1130595.1759 1514079.05152 1512140.50722 1492978.74356 1510889.02987 1151448.3141 1104726.06021 1265427.8116 1257364.3405 0.0340184072303 0.0 0.0 0.0 0.0 0.0 0.0 0.0 1240049.31824 1469123.47719 1252461.86498 487147.028971 0.0 0.0 0.0 0.0 0.0 0.0 0.0 0.0 0.0 0.0 0.0 0.0 0.0 0.0 0.0 0.0 0.0 0.0 0.0 0.0 0.0 -1 -1 -1 -1 -1 -1 -1 -1 -1 -1 -1 -1 -1 -1 -1 -1 -1 -1 -1 -1 -1 -1 -1 -1 -1 -1 -1 -1 -1 -1 -1 -1 -1 -1 -1 -1 -1 -1 -1
1470950.27863 1461966.67634 1485796.84557 1464159.22566 1480154.94224 1416585.05954 1294656.05662 1191442.47409 1160104.22266 1125446.11109 0.0340748318538 0.0 0.0 859763.111521 0.0 0.0 0.0 0.00133880986959 976934.099877 1166722.61624 1734312.00067 0.0 0.0 1365143.95811 0.0 0.0 0.0 0.0 0.0 0.0 0.0 0.0 0.0 0.0 0.0 0.0 0.0 0.0 0.0 0.0 0.0 -1 -1 -1 -1 -1 -1 -1 -1 -1 -1 -1 -1 -1 -1 -1 -1 -1 -1 -1 -1 -1 -1 -1 -1 -1 -1 -1 -1 -1 -1 -1 -1 -1 -1 -1 -1 -1 -1 -1 -1 -1
1714012.08261 1465332.84564 1450543.60684 1411202.48882 1337609.02771 1089253.20955 962114.045556 95921.4708062 0.0 0.0 0.0 0.0 484624.391317 1187894.33645 0.0625280208937 0.0 0.0 0.0 1370167.70644 1085368.48227 1374071.53351 1653843.24538 0.0 0.0 0.0 0.0 0.0 0.0 0.0 0.0 0.0 0.0 0.0 0.0 0.0 0.0 0.0 0.0 0.0 0.0 -1 -1 -1 -1 -1 -1 -1 -1 -1 -1 -1 -1 -1 -1 -1 -1 -1 -1 -1 -1 -1 -1 -1 -1 -1 -1 -1 -1 -1 -1 -1 -1 -1 -1 -1 -1 -1 -1 -1 -1 -1 -1
1670518.0345 1401645.69741 1369227.74407 1287990.40668 1232713.96835 1250896.49805 691078.066715 0.0 0.0 0.0 0.0105931229264 1168218.39326 1273871.30551 11467.9277668 1130942.48921 0.0430339462319 0.0 0.0 0.0238167038041 0.0 0.0 1492998.32581 0.0 0.0 0.0 0.0 0.0 0.0 0.0 0.0 0.0 0.0 0.0 0.0 0.0 0.0 0.0 0.0 -1 -1 -1 -1 -1 -1 -1 -1 -1 -1 -1 -1 -1 -1 -1 -1 -1 -1 -1 -1 -1 -1 -1 -1 -1 -1 -1 -1 -1 -1 -1 -1 -1 -1 -1 -1 -1 -1 -1 -1 -1 -1 -1 -1
1708955.0327 1404489.32478 1394589.67382 1307564.85684 1277666.57075 650184.021216 0.0 0.0 0.041242538834 0.0 1766363.60233 0.0 0.0162567703409 0.0 0.0 0.0 0.0 0.0 0.0512887777525 0.0 177435.13517 1343910.25679 0.0 0.0 0.0 326662.666591 0.0 0.0 0.0 0.0 0.0 0.0 0.0 0.0 0.0 0.0 0.0 -1 -1 -1 -1 -1 -1 -1 -1 -1 -1 -1 -1 -1 -1 -1 -1 -1 -1 -1 -1 -1 -1 -1 -1 -1 -1 -1 -1 -1 -1 -1 -1 -1 -1 -1 -1 -1 -1 -1 -1 -1 -1 -1 -1 -1
