critload/trunk/input/1999/nle_nat.asc
ncols 720
nrows 360
xllcorner -180
yllcorner -90
cellsize 0.5
[rows 72 to 107 of 360, columns 574 to 655 of 720]
170337.547364 0.0 0.0 0.0 72589.9080598 55547.1166429 164275.168587 163337.38363 164759.203772 120872.087405 121599.760201 121572.702943 122063.017592 121446.717621 119447.308462 123408.996927 172491.508911 172431.952758 176341.92052 176246.133601 179527.803728 179678.52796 182752.301361 182648.74515 181408.883839 183748.5048 190910.765016 190934.446136 195006.831658 195264.548356 204377.187319 0.0 216425.249571 215711.105976 229793.787092 229844.026064 234288.624288 236368.908387 243195.432872 244729.828149 246058.266097 246294.007773 185821.627578 187727.697432 184894.68391 238342.518439 231868.464036 232275.983541 226862.564586 226413.150496 222608.333823 77782.7173835 221746.884077 220747.951224 220899.841486 289367.252029 223248.752209 77464.1199977 76440.0038644 52815.3206437 168275.775097 62302.6023101 58395.1285764 59319.4834069 76425.2590627 75599.8061409 60275.127324 11778.5945522 -1 -1 -1 76771.7305208 3473.7951995 -1 -1 -1 -1 -1 -1 -1 -1 -1
0.0 0.0 0.0 81199.4026383 120978.905981 121658.582321 121060.560726 0.0 121987.326249 120586.723448 120391.75153 122236.287518 123119.562033 103620.482365 124731.340492 171956.634144 174648.474281 174388.990083 178360.631357 178304.680916 181898.895683 181610.547999 0.0 0.0 173035.744597 188920.829423 192980.43743 0.0 0.0 182056.615665 192902.669456 192137.069642 202752.218594 102955.755601 105775.054089 59035.6540407 235679.077884 236056.496107 191476.728555 191266.44802 226244.186964 193543.301858 173141.629299 74479.0269049 75106.0021251 77196.5483591 73664.1941813 53134.9414806 229597.219508 229585.298808 224969.192081 224399.938749 223567.732298 223721.391173 224114.45518 223809.742495 225361.898231 226376.872607 78670.5854897 78506.2612784 77222.3564455 227385.686522 164797.526439 163758.803354 77038.7722687 72532.0638618 67395.9092261 136953.105896 76093.4461859 36373.0545188 115386.513113 133963.874893 56828.8816819 -1 -1 -1 -1 -1 -1 -1 -1 -1
0.0 0.0 119308.582832 128132.714512 174710.763394 127397.66135 126750.37283 174751.611728 177907.650229 107898.105484 180740.716882 180654.30609 184182.307785 112276.757661 186814.705799 186877.876781 191126.552943 180891.091475 196753.74908 0.0 186360.753923 0.0 0.0 205476.873208 188784.260206 0.0 0.0 187363.431716 201417.851091 201650.993373 211162.603662 211965.075768 226094.676907 225796.291193 244665.388386 244892.787262 258907.540283 86340.6581342 243230.558445 255584.248963 198662.030993 219450.373721 210119.829899 212894.172184 192071.128908 201356.887301 203057.228581 86666.0058638 87148.4889092 262284.186468 254102.786669 253735.269373 251089.108426 250568.336768 250096.350725 249301.688377 251325.325121 87712.1254198 86672.329351 87567.2885111 77602.1311075 259642.280905 260520.873205 260734.973453 87801.9262472 80875.5848917 193432.802014 235227.304976 58294.2346007 45307.1673043 146804.601631 146606.738728 84385.8143751 -1 -1 -1 -1 -1 -1 -1 -1 -1
0.0 180680.461447 178322.013399 175648.773323 174371.424731 177098.308696 176770.694288 177249.481977 179489.055026 109267.67664 182582.387955 107346.372954 181447.8729 184357.83134 188992.917396 188637.451772 185075.716283 175753.133479 184033.888521 183254.956527 190283.882883 203654.608266 207760.899989 207664.309928 191117.028577 194693.393017 195349.998267 0.0 203507.273227 203386.518581 213623.515843 213494.316442 227474.602661 227441.318477 245223.436393 148345.422554 261231.483947 258337.409848 0.0 263737.048797 90046.0436514 190553.470773 208639.840565 228100.974981 224076.607217 222956.394296 214225.915841 93308.3239515 86122.7756329 87946.6476062 256842.345618 255736.379723 254056.455509 254228.879228 253003.23254 252092.28641 254428.454765 255839.708193 86848.6397416 81464.5853124 263178.690501 263014.755614 264134.707773 263397.752834 260215.845704 72703.4013532 202573.911376 81806.1460963 130962.71256 104995.933072 147205.115927 147892.141348 42672.5597137 -1 -1 -1 -1 -1 -1 -1 -1 -1
188719.854755 118061.77136 190994.718991 195546.792355 188174.215366 187998.304844 188673.77918 188462.199499 194152.62736 194486.010762 202585.130115 121980.530578 182927.284174 207355.904392 208214.971697 208465.631871 195937.876845 198303.578303 204432.962799 190513.158255 130365.557238 128845.584001 228339.204009 0.0 228256.665356 232864.252445 225334.088422 210975.577143 223340.388257 223467.791769 234809.357688 234746.976197 254938.788641 254411.861173 286057.71279 289084.265203 315216.738619 314760.623702 0.0 277144.930622 0.0 276127.061968 286620.193965 217382.168292 213021.913886 121753.083298 114828.096108 243269.90203 228598.308508 228203.02482 217980.994366 218237.600268 98455.7549151 211352.141372 286570.837633 286219.222666 206144.006885 98832.4632912 93572.9050475 88830.6671089 205786.122807 291678.533682 297926.313071 294645.962886 91655.0366499 85360.1491707 42890.3723585 184546.567311 20114.978951 68452.1307248 160859.966541 160614.799581 70394.0015292 -1 -1 -1 -1 -1 -1 -1 -1 -1
102609.853874 128380.600825 160864.778618 197221.043917 189795.659816 189759.521731 190297.289151 190510.756733 187686.897167 196763.450187 188051.456307 156764.934883 206698.772133 210278.11999 211035.166776 171797.006529 141558.322429 183808.386573 162165.921439 126958.011262 221698.917825 228458.361166 230865.162919 0.0 238686.013201 134992.177082 222806.540659 222749.409725 226309.272247 226221.453803 237653.878395 237759.651989 258101.671546 62396.8510011 292183.497272 288606.278227 70957.7565549 321023.806263 349281.678024 989081.188301 384754.13709 296780.170011 207054.993693 211920.226275 217321.085442 283401.132637 111911.581761 247736.671171 231937.201229 312264.903514 219881.952916 99439.267493 95580.8239567 295156.995905 289334.596056 92890.3994269 210534.457506 287431.195724 95152.1153541 91918.0062869 100163.595585 282160.187864 287910.803443 271455.932059 249474.3945 285098.90343 203615.475675 85018.5917726 -1 -1 107566.768689 160778.197312 141798.982322 20049.3374056 -1 -1 -1 -1 -1 -1 -1 -1
198598.192623 199680.799535 204268.90461 204063.026873 201189.589355 201555.644622 190364.608797 187345.629643 0.0 200419.934638 223532.066413 219274.622428 226939.881156 227289.443653 223014.858394 0.0 0.0 76206.3743618 191095.798926 139592.002978 172364.495549 161744.321069 167009.861853 171795.247661 164213.326555 0.0 247369.078132 247363.99964 257044.455947 256578.584044 271178.97151 270652.276661 300869.578211 301040.351603 0.0 345004.389569 399728.185739 0.19919624575 0.0 287605.408742 483064.22416 443350.443874 418712.326163 354769.006776 343190.170808 344539.964061 327511.86012 304905.124856 274710.942099 274013.875484 258088.695955 257098.627662 114706.231196 249962.681137 331087.981797 329661.520761 232925.650581 318920.443898 235637.997392 250327.380556 239137.348287 241219.804881 314730.673266 322934.022333 314130.528036 313416.346792 259985.419489 7876.06432762 -1 -1 137854.434443 172395.978319 218551.787928 79131.7965869 -1 -1 -1 -1 -1 -1 -1 -1
56141.7887447 207176.950745 206156.900122 113227.696212 0.0 203035.955883 192212.712632 0.0 214869.244952 214993.043231 220790.019053 228082.798978 148770.395326 275110.334699 0.0 0.0 3948.85514473 0.0 0.0 0.0 269712.753826 258655.227417 263578.457247 191983.414815 126103.274964 0.0 0.0 0.0 0.0 259615.655158 274030.258688 273663.227032 303442.614602 0.521575915663 0.131599365392 0.0 0.0483616562693 410754.101967 0.0 427254.699046 0.0 432720.738641 427271.683947 437151.526502 443105.746501 438680.209424 302836.397205 329018.88151 296781.643181 277334.243195 361557.960324 360397.100451 248937.753741 253789.643404 332756.329279 332967.952427 236225.662418 232029.242874 246083.023872 211366.441364 211984.368814 250208.223771 253063.394023 255684.273949 316536.533447 316624.280207 278786.225713 16029.9977222 -1 -1 125128.566574 179429.046073 221049.834742 153833.76312 -1 -1 -1 -1 -1 -1 -1 -1
0.0 0.0 212019.909708 212292.803845 210323.50025 210585.526106 218465.631384 218415.545975 234759.357525 233852.690309 254768.681159 128076.726532 0.0 0.0 0.0 0.0 0.0 0.0 0.0 0.0 0.0313681291887 0.0 12336.8524335 0.0 0.0 0.0 0.0 0.0 0.0 294476.909881 318950.860019 315078.895787 362840.066519 0.171676005722 0.0 0.0 302942.556742 45917.7566003 609441.728043 0.0 0.0 667870.339172 560342.750032 560089.872846 548759.524642 551297.730137 358765.815262 359444.605422 351553.65895 149469.704726 427359.749642 432630.889237 405823.626078 405181.903381 297264.785025 298434.613023 283311.607017 121044.206281 220587.874416 196918.005052 264091.612336 266584.337346 337875.83077 337737.062023 319862.772141 319359.172245 274446.098541 -1 -1 -1 123655.899877 186416.721689 395736.3388 233637.281826 30895.52582 -1 -1 -1 -1 -1 -1 -1
0.0 245377.897992 200385.005131 0.0 198419.032044 211833.729181 218677.361743 218823.470496 0.0 0.0 0.0 0.0 0.0 0.0 0.0 0.0 0.0 0.0 0.0 0.0 0.0 0.0 0.0 0.0 0.0722994040919 0.0 0.0 0.0 0.0 297192.93509 316797.566741 315969.395396 356662.201349 0.0 0.0 44484.3714556 0.0 0.0 0.0 0.0 496793.25263 398520.633617 312707.910318 397011.507293 350599.839044 497872.999524 0.0 329557.256644 456335.357098 456340.536779 433849.543015 434686.036053 306719.971338 302275.148636 293557.443597 293885.393004 272654.353554 285959.829518 287065.963244 100975.343733 270625.944638 350484.512823 340009.087934 340715.664986 322762.424333 323860.165502 444479.570971 -1 -1 -1 209475.064707 245286.095895 224413.56355 166935.658695 175172.008116 -1 -1 -1 -1 -1 -1 -1
0.0 0.0 0.0 0.0 0.0 0.0 0.0 0.0 0.0 0.0 0.0 0.0 0.0 0.0 0.0 0.0 0.0 0.0 0.0 0.0 0.0 0.0 0.0 0.0 0.0 0.132942804565 0.0 0.0 0.0 326208.453428 358008.534056 364330.648511 400450.538292 0.0 508315.517317 598286.359625 608859.963118 500324.2009 0.0541719938621 0.0 259337.925864 178861.157922 661520.558856 498697.658267 577012.220635 576891.550993 458857.784658 474087.490666 561686.203477 558925.738568 378165.642205 372126.174775 302935.92014 315972.801396 323643.008275 347163.713154 0.0401409652361 378539.950827 101338.731058 296260.519403 363415.656709 362219.079243 345274.481675 345794.632984 320653.896042 320971.059572 280838.36742 -1 -1 97109.3716663 263410.839835 197536.703338 -1 -1 11272.886058 45385.6542824 -1 -1 -1 -1 -1 -1
0.0 0.0 0.0 0.0 0.0 0.0 0.0 0.0 0.0 0.0 0.0 0.0 0.0 0.0 0.0 0.0 0.0 0.0 0.0 0.0 0.0 0.0 0.0 0.0 0.0 0.0 0.0 314006.253824 0.86956409063 1017284.02538 358344.586508 0.0 0.0 304111.341538 0.0 0.102244012785 0.0 0.0 0.616840573847 678917.45666 638812.258517 465952.619342 668227.815754 667833.873001 580927.971155 575621.787313 537352.28604 594344.288332 562517.246831 43043.1075746 0.0 232573.066744 314650.763488 413885.517636 0.0 408289.698003 0.0 332216.466136 294659.417059 389615.900498 365725.057475 365598.338426 348855.360765 348724.222991 323654.023968 216091.194504 24879.6949686 -1 -1 -1 445230.909348 158332.106673 -1 -1 -1 -1 -1 -1 -1 -1 -1 -1
0.0 0.0 0.0 0.0 0.0 0.0 0.0 0.0 0.0 0.0 0.0 0.0 0.0 0.0 0.0 0.0 0.0 0.0 0.0 0.0 0.0 0.0 0.0 0.0 0.0 0.0 0.0 0.0 378980.520328 354251.486578 436070.486757 0.0 457234.906075 620263.513134 322994.784795 0.0 0.0 0.0 0.0 750758.057377 0.505712372419 190696.720054 738205.561491 731122.56722 699419.492282 700335.20572 759421.446013 0.0 0.0 0.0 0.0 7822.74360902 222144.500492 373524.103131 694303.707432 284909.049101 345283.684806 354678.661248 316531.746727 412799.211477 373389.36397 373993.529749 351212.058232 351235.607692 282354.52903 -1 -1 -1 -1 16637.6653661 521289.860426 30991.0893026 -1 -1 -1 -1 -1 -1 -1 -1 -1 -1
0.0 0.0 0.0 0.0 0.0 0.0 0.0 0.0 0.0 0.0 0.0 0.0 0.0 0.0 0.0 0.0 0.0 0.0 0.0 0.0 0.0 0.0 0.0 0.0 0.0 0.0 0.0 374400.293117 359840.343065 346051.997582 0.0 389001.834807 495474.24375 0.0 0.0 0.0 0.0 0.0 0.0937785687123 0.0 0.271546313741 0.0 741342.113277 739564.280965 315906.75153 706022.688838 0.0 0.0609747171172 0.0 517529.027741 0.0 291183.118283 258958.213211 401873.278682 255895.728569 561926.348898 475381.922431 475458.283242 417825.620425 416573.601642 377281.543925 377079.959807 354283.96532 177838.407385 -1 -1 -1 -1 -1 33605.0564442 280046.486888 353683.62061 -1 -1 -1 -1 -1 -1 -1 -1 -1 -1
0.0 0.0 0.0 0.0 0.0 0.0 0.0 0.0 0.0 0.0 0.0 0.0 0.0 0.0 0.0 0.0 0.0 0.0 0.0 0.0 0.0 0.0 0.0 0.0 0.0 0.0 0.0 360921.144643 0.0 0.0 0.0 0.0 0.0 0.0 265081.477009 0.0 108152.367634 0.0 0.0 577999.639752 0.0 0.0 803620.358813 799834.826353 819176.707675 263199.029591 403216.83668 950105.080147 441371.236734 503018.961511 293915.340987 0.0 409755.344703 604644.298614 89344.6757275 413978.290446 363207.629564 486007.900868 428360.932316 428078.03871 386285.143422 386998.466303 507564.997503 -1 -1 -1 -1 -1 -1 120756.412298 582823.173092 150982.199184 210505.071275 -1 -1 -1 -1 -1 -1 -1 -1 -1
0.0 0.0 0.0 0.0 0.0 0.0 0.0 0.0 0.0 0.0 0.0 0.0 0.0 0.0 0.0 0.0 0.0 0.0 0.0 0.0 0.0 0.0 0.0 0.0 0.0 0.0 0.0523858971531 0.0 0.0 0.0 0.0 0.0 0.0 0.0 0.0 0.0 0.0 0.0 0.0 0.0 0.0 0.0 811436.530185 814763.434096 309055.990343 286658.446326 449601.163924 392658.80783 754896.470233 770784.87794 771823.332508 514072.795418 441122.478993 257984.710492 408535.378792 423981.138924 489938.391866 488353.213133 431383.257993 431645.702068 389160.534169 646096.374166 76269.5516326 -1 -1 -1 -1 -1 -1 158538.625555 328989.747763 -1 45790.1219062 37732.0491622 -1 -1 -1 -1 -1 -1 -1 -1
0.0 0.0 0.0 0.0 0.0 0.0 0.0 0.0 0.0 0.0 0.0 0.0 0.0 0.0 0.0 0.0 0.0 0.0 0.0 0.0 0.0 0.0 0.0 0.0 0.0 0.046863964046 0.0 493610.395108 0.0 0.0 0.343164289161 0.0 203062.168514 0.0 0.0 311288.050125 0.0 0.615549638711 721748.392467 0.0 0.0 897263.139266 872604.078127 7079.54765789 753031.335532 271495.040153 691844.08102 1006070.05854 929460.013814 986559.919683 974144.294803 447036.779165 206441.458 0.0 394723.531499 879957.451627 489208.559551 806066.172964 752505.921717 432589.682854 614300.440746 119569.793554 -1 -1 -1 -1 -1 -1 -1 18459.0370781 -1 -1 -1 -1 -1 -1 -1 -1 -1 -1 -1 -1
0.0 0.0 0.0 0.0 0.0 0.0 0.0 0.0 0.0 0.0 0.0 0.0 0.0 0.0 0.0 0.0 0.0 0.0 0.0 0.0 0.0 0.0 0.0 0.0 0.0 0.0 497574.55074 498146.994004 0.0 0.0 0.255758827363 0.0 224497.87536 0.0 0.0 0.0 0.0 0.0 0.0 0.0 0.0 873959.955821 0.0 870836.464678 758417.608705 758246.267997 694673.897025 972486.696087 995692.241308 0.0 0.0 0.0 0.0 454237.101466 564913.26068 564580.422028 815215.275814 815114.020539 756928.318718 504847.329522 60409.7753602 -1 -1 -1 -1 -1 -1 20137.3987606 0.0 566179.696214 382273.328374 -1 -1 -1 -1 -1 -1 -1 -1 -1 -1 196370.950699
0.0 0.0 0.0 0.0 0.0 0.0 0.0 0.0 0.0 0.0 0.0 0.0 0.0 0.0 0.0 0.0 0.0 0.0 0.0 0.0 0.0 0.13072585244 0.0 0.0 510300.9223 0.0 572182.301609 488169.918381 0.0 0.0 0.0 0.0 0.0 0.0 0.0 0.620790693085 0.0 0.0 0.0 0.701136646666 811663.260769 0.0 757961.081805 836702.696989 784928.76358 761655.241181 691054.840274 683312.345718 710704.97664 543258.613626 0.0 0.0 607824.580304 630550.400159 858364.023171 858009.557123 806367.902655 801362.867465 489024.038099 -1 -1 -1 -1 -1 -1 -1 -1 -1 -1 401398.024341 737439.869211 422178.968573 19575.3355117 -1 -1 -1 -1 -1 -1 13144.3985456 150106.432755 13801.8186947
0.0 0.0 0.0 0.0 0.0 0.0 0.0 0.0 0.0 0.0 0.0 0.0 0.0 0.0 0.0 0.0 0.0 0.0 0.0 0.0 0.0 0.0 0.0698823547823 0.0608364840051 85747.3494277 511555.664058 0.047402680868 0.0 0.0 0.0 0.243550050739 0.0 0.0 0.0 0.0 0.0 0.0 0.0 0.0 0.0 842826.874014 1045970.14619 844803.887762 823832.590331 439104.528126 782411.026346 701001.347133 1022564.52331 1036498.28076 0.0 0.0 658385.398227 815398.284728 939174.815215 864710.123588 865037.283928 810462.285709 361015.956596 -1 -1 -1 -1 -1 -1 -1 -1 -1 -1 -1 553178.237214 752600.780929 729925.532661 595421.59257 237722.76725 0.0484074159496 14352.1530012 109700.604049 -1 116114.721998 6170.12047245 -1 -1
0.0 0.0 0.0 0.0 0.0 0.0 0.0 0.0 0.0 0.0 0.0 0.0 0.0 0.0 0.0 0.0 0.0 0.0 0.0 0.0 0.0 514310.849878 0.0 0.0 0.301296598855 0.0 0.0 0.0 0.0 0.0 0.0 0.0 0.0 0.0 0.743756916248 0.710249900096 0.0 0.0 0.0 0.135835236261 0.0 0.0 0.0 294485.965141 1044271.64274 715854.740125 981633.700615 976523.88928 992137.578887 463163.916207 644996.713169 721224.23255 895062.430207 895269.776344 842321.384689 841289.536582 539762.050088 -1 -1 -1 -1 -1 -1 -1 -1 -1 -1 -1 185297.60531 791568.307231 593580.372351 799571.417853 429777.458697 557302.59846 526097.295576 523561.471102 0.0 -1 2941.10527202 -1 -1 -1
0.0 0.0 0.0 0.0 0.0 0.0 0.0 0.0 0.0 0.0 0.0 0.0 0.0 0.0 0.0 0.0 0.0 0.0 0.0 0.0 0.0561406971506 0.0 0.0 0.0 0.0 0.0 0.0 0.0 0.0 0.0 0.0 0.0 0.0 0.0 0.650173549334 0.885053726211 0.0 0.0 1054252.45242 984821.65611 0.0 1506263.4204 0.0 1131928.60603 699070.729815 1050359.38199 987660.057839 987505.883114 1004298.45647 382718.690473 104544.177397 963105.091647 897425.64562 899827.539957 660354.030147 236295.419449 -1 -1 -1 -1 -1 -1 -1 -1 -1 -1 103819.651692 343174.439889 406752.867394 530216.386488 795631.961553 607415.366136 573161.936306 567869.560177 540657.028638 524841.539499 258111.909133 0.0 -1 -1 -1 -1
0.0 0.0 0.0 0.0 0.0 0.0 0.0 0.0 0.0 0.0 0.0 0.0 0.0 0.0 0.0 0.0 0.0 0.0 0.0 0.0 0.0593387012732 0.0631190183241 0.137741036644 0.0 0.0 0.0 0.0 0.0 0.0 0.0 0.0 0.0 0.0 0.0 1.12131094778 0.991934184122 0.0 0.0 428720.746745 0.772935154127 841354.989312 840414.917981 798324.044915 792482.256672 1017793.59543 1014167.02344 182794.161906 154167.532 88363.7765801 -1 0.0018778597113 293663.079296 464080.38059 220190.189339 -1 -1 -1 -1 -1 -1 -1 -1 -1 -1 -1 110443.227103 487336.341207 621946.018248 804560.19935 0.0 636892.237426 847842.922228 579549.246534 215734.695754 -1 -1 -1 -1 -1 -1 -1 -1
0.0 0.0 0.0 0.0 0.0 0.0 0.0 0.0 0.0 0.0 0.0 0.0 0.0 0.0 0.0 0.0 0.0 0.0 0.0 0.0 627553.915816 548743.008047 0.258439710217 0.301316680134 0.0 0.0 0.0 0.0 0.0 240035.054817 0.0 388632.215104 1141108.86364 1471709.13103 1534458.34581 0.0 1.38661042952 1282783.80731 1239329.86781 900221.574236 856065.855976 1200245.68563 807051.101065 1140756.33911 1121488.32275 1115633.95213 678081.011016 101646.115804 -1 -1 -1 -1 -1 -1 -1 -1 -1 -1 -1 -1 -1 -1 -1 -1 36948.1563093 185346.866508 489822.508484 0.177571968012 0.0 -1 166522.898409 407162.813619 453759.243562 -1 -1 -1 -1 -1 -1 -1 -1 -1
0.0 0.0 0.0 0.0 0.0 0.0 0.0 0.0 0.0 0.0 0.0 0.0 0.0 0.0 0.0 0.0 0.0 0.0909684972187 708670.098384 775260.498354 767735.490419 767243.84716 767161.736804 0.0 0.0 334675.113276 835761.211465 0.0 0.0 0.0 0.0 818960.260356 0.0 0.0 0.0 0.0 0.0 1277895.54858 1213804.99303 1226709.08736 1154505.85465 820205.768405 837145.561292 836230.659792 765458.173753 645626.804041 -1 -1 -1 -1 -1 -1 -1 -1 -1 -1 -1 -1 -1 -1 -1 -1 -1 -1 -1 20586.6373971 615095.229498 338829.588569 39014.2342364 -1 -1 -1 -1 -1 -1 -1 -1 -1 -1 -1 -1 -1
0.0 0.0 0.0 0.0 0.0 0.0536132280347 0.0581950407685 0.0888261048224 0.0 0.0 0.0 0.0 0.0 0.0 0.0 0.0 727163.462235 807897.262123 778319.298833 783343.713145 775575.368233 771210.297363 775160.672748 774844.166163 0.0 1222725.11837 0.0 161083.333013 0.0 0.0 0.0 0.0 0.0 0.0 0.0 1360102.60456 1296202.77066 1299587.77286 1233810.60411 1350513.63016 1260127.18875 1258845.04082 831429.386381 840355.019366 1114987.52796 553909.318356 -1 -1 -1 -1 -1 -1 -1 -1 -1 -1 -1 -1 -1 -1 -1 -1 -1 -1 -1 -1 206524.296539 247635.56032 313089.372817 -1 -1 -1 -1 -1 -1 -1 -1 -1 -1 -1 -1 -1
0.0 0.0 0.0 0.0 0.123442905655 0.0 0.0 0.276948956023 0.0 0.0 0.117736339384 0.0 0.0 0.329009096111 724351.012653 0.0 924789.207049 934479.874018 0.0 972031.684942 944876.785616 0.0 911157.111724 913190.3954 0.0 0.0 0.0 0.0 0.0 0.0 0.105865569971 0.0 0.0 0.185757126014 1.4043138915 0.0 0.0 1466541.33733 1358351.98738 1009227.44322 933777.971942 933670.176179 1191941.10507 1207505.03094 789002.101024 183526.441787 -1 -1 -1 -1 -1 -1 -1 -1 -1 -1 -1 -1 -1 -1 -1 -1 -1 -1 -1 89186.7421249 786115.669201 820000.356577 0.0 0.00768034099267 -1 -1 -1 -1 -1 -1 -1 -1 -1 -1 -1 -1
0.0 0.0 0.0 0.0 0.0 0.0 0.0 0.0 0.0593604913899 0.0 0.0 0.0 0.0 694869.5491 775955.522503 876574.006135 886470.168965 834067.066141 844976.175302 0.0 0.0 0.0 0.21679547823 918678.766127 345689.80957 1560978.23937 0.0 0.0 -1 0.0221850251117 0.0 0.0 1366414.09892 0.0 0.0 0.0 1473818.64016 1476364.26621 1370066.2872 1372826.4983 1288208.43445 1304454.29428 996245.796183 462306.986249 -1 -1 -1 -1 -1 -1 -1 -1 -1 -1 -1 -1 -1 -1 -1 -1 -1 -1 -1 -1 -1 88517.0472837 967952.959646 1292164.91511 785288.742757 410710.048636 -1 -1 -1 -1 -1 -1 -1 -1 -1 -1 -1 -1
0.0 0.0 0.0 0.0 0.0 0.0 0.0 0.0 0.0 0.0 0.0 0.0 0.0 894501.684283 1000872.45307 998891.06819 1080457.66368 754558.324843 0.0 0.0 0.0 0.0 0.0 0.0 0.0 0.0 -1 -1 0.0105931236789 0.0 0.369975921958 0.0 0.0 0.0 198410.320233 0.0 0.401405454628 0.0 1413802.78876 1418608.93588 1362451.90503 0.0 -1 -1 -1 -1 -1 -1 -1 -1 -1 -1 -1 -1 -1 -1 -1 -1 -1 -1 -1 -1 -1 -1 -1 0.0 1345170.24478 1392471.4158 867962.846488 834994.17904 -1 -1 -1 -1 -1 -1 -1 -1 -1 -1 -1 -1
0.0 0.0 0.0 0.0 0.0 0.0 0.0 0.0 0.0 662076.708166 251036.803121 0.0 907218.179162 809438.310332 1000577.09585 1001222.83784 0.0 0.0 0.0 0.0 0.0 0.0 0.0428342678238 0.0 0.0 -1 -1 -1 0.011581979266 0.0 0.0 -1 -1 -1 -1 -1 0.0 0.437617775383 1427540.9436 1294283.80455 1248175.43496 0.0 -1 -1 -1 -1 -1 -1 -1 -1 -1 -1 -1 -1 -1 -1 -1 -1 -1 -1 -1 -1 -1 -1 -1 287623.918344 1379491.41006 1399884.9475 869123.53226 640815.262913 -1 -1 -1 -1 -1 -1 -1 -1 -1 -1 -1 -1
0.0 0.0 0.0 0.0 0.0 0.0 0.0 0.0 0.0 0.0 0.0 0.0 1051528.42723 0.0 0.163997499076 0.706777712814 0.861627509787 0.0 0.0 0.0 0.0 122088.546376 -1 -1 -1 -1 -1 -1 0.0 0.0 -1 -1 -1 -1 -1 -1 0.0 0.0 1560676.70865 1569280.04765 1479780.97459 1455191.11361 618431.626369 -1 -1 -1 -1 -1 -1 -1 -1 -1 -1 -1 -1 -1 -1 -1 -1 -1 -1 -1 -1 -1 -1 0.0 1507360.57503 1124923.07395 0.0 69153.6659107 -1 -1 -1 -1 -1 -1 -1 -1 -1 -1 -1 -1
0.0 0.0 0.0 0.0 0.0 0.0 0.0 0.0 919735.098404 901181.299031 952535.503691 0.0 1055968.10098 1054408.36471 0.0 0.724335640018 0.0 0.0 0.0 0.0 0.0 438245.070044 58364.8385935 0.00299050630996 -1 -1 -1 -1 -1 -1 -1 -1 -1 -1 -1 0.0 0.0 0.548148812614 0.0 1587684.10245 1494367.59223 1492174.1921 1316649.36593 0.0 -1 -1 -1 -1 -1 -1 -1 -1 -1 -1 -1 -1 -1 -1 -1 -1 -1 -1 253543.524332 31074.7303097 0.0 944617.291949 1477098.20734 994712.379773 0.0 -1 -1 -1 -1 -1 -1 -1 -1 -1 -1 -1 -1 -1
0.113408268671 0.0 0.0 0.0 0.0 0.0 0.0 0.0 0.864175440031 0.0 1073976.08859 0.0 0.0 0.0 1269991.66152 0.0 0.0 0.0 0.0 0.0 0.0 0.0 0.0 186468.867638 -1 -1 0.0 0.331789123836 0.0 -1 0.0 -1 -1 -1 -1 0.0 0.0 0.0 0.104323836919 0.620581316123 0.0 1665546.02478 1428609.1561 1223423.13371 103299.970239 -1 -1 31812.0667761 -1 -1 -1 -1 -1 -1 -1 -1 -1 -1 -1 -1 -1 -1 147063.465598 0.0 1.15433019712 1067146.83673 984132.859063 1276339.39072 -1 -1 -1 -1 -1 -1 -1 -1 -1 -1 -1 -1 -1 -1
0.0 0.0 0.0 0.0 0.0 0.0 0.0 0.0 0.0 0.0 0.0 0.0 1255314.86327 395692.605443 0.0 0.0 0.0 0.0 0.0 0.0 0.0 0.0 0.0 0.0 276213.483369 0.0 0.0 0.0 0.0 1075017.87914 1011433.34028 0.0 -1 -1 -1 -1 -1 -1 -1 0.305590006548 0.0 1704153.83377 1433247.72773 1432531.47171 794034.970794 -1 -1 -1 -1 -1 -1 -1 -1 -1 -1 -1 -1 -1 -1 501728.310645 312478.958947 48834.9633097 0.0 1312560.54 1433270.25754 1075116.96421 976955.248475 984394.673216 -1 -1 -1 -1 -1 -1 -1 -1 -1 -1 -1 -1 -1 -1
0.0 0.0 0.0 0.0 0.0 0.0 0.0 1171199.48802 0.0 0.0 1325296.59581 0.846634633748 0.504579677174 0.0 0.0 0.0 0.0 0.0 0.0 0.0 0.0 0.0 0.0 0.0 0.0 0.0 0.0 1475596.73177 846257.389015 0.0 0.0 -1 -1 -1 -1 -1 -1 -1 0.0 1.7142796989 0.0 1860334.71058 1542519.26885 1542809.87152 1122778.02497 -1 -1 -1 -1 -1 -1 -1 -1 -1 -1 -1 -1 -1 -1 0.0 0.0 1103333.50063 1047791.94947 1456441.22149 1045840.20114 996950.203537 974394.100399 489530.964754 -1 -1 -1 -1 -1 -1 -1 -1 -1 -1 -1 -1 -1 -1
0.0 0.0 0.0 1058645.4347 0.0 1226318.60479 0.0 0.0 0.0 0.0 1267829.94272 0.488453255367 0.0 0.0 0.0 0.0 0.0 0.0 0.278569195393 0.0 0.0 1879367.79247 0.0 0.0 0.0 0.0 0.0 0.0 -1 -1 -1 -1 -1 -1 -1 -1 -1 -1 0.0 0.0 0.0 1878534.59964 1508243.63256 1549932.79401 1008700.24398 36778.5336722 -1 -1 -1 -1 -1 -1 132085.246083 -1 -1 -1 -1 -1 769049.702657 1084057.55971 1123220.99754 1082518.40752 1078596.34382 1067571.01601 896766.440541 0.0 0.0 0.0715867324509 -1 -1 -1 -1 -1 -1 -1 -1 -1 -1 -1 -1 -1 -1
