critload/trunk/input/1999/nle_ag.asc
ncols 720
nrows 360
xllcorner -180
yllcorner -90
cellsize 0.5
NODATA_value -1
[rows 231 to 263 of 360, columns 600 to 674 of 720]
0.0 0.0 0.0 0.0 0.0 0.0 0.0 0.0 0.0 0.0 0.0 0.0 0.0 0.0 0.0 0.0 0.0 0.0 0.0 0.0 0.0 0.0 0.0 0.0 0.0 0.0 0.0 0.0 0.0 0.0 0.0 0.0 0.0 0.0 0.0 0.0 0.0 0.0 0.0 0.0 0.0 0.0 0.0 0.0 0.0 0.0 0.0 0.0 0.0 0.0 0.0 0.0 0.0 16.2438540696 0.0 0.0 4183.57732679 3660.49424735 5827.95448529 55591.444973 43047.2578033 2466.474878 31872.0283341 39372.6363309 14757.5038191 67766.9058336 1419.07646535 -1.0 -1.0 -1.0 -1.0 -1.0 -1.0 -1.0 -1.0
0.0 0.0 0.0 0.0 0.0 0.0 0.0 0.0 0.0 0.0 0.0 0.0 0.0 0.0 0.0 0.0 0.0 0.0 0.0 0.0 100359.889272 0.0 0.0 0.0 0.0 0.0 0.0 0.0 0.0 0.0 0.0 0.0 0.0 0.0 0.0 0.0 0.0 0.0 0.0 0.0 0.0 0.0 0.0 0.0 0.0 0.0 0.0 0.0 0.0 0.0 0.0 0.0 0.0 0.0 0.0 5100.56863131 46718.1853626 106415.501603 9729.88696348 38399.8114268 21809.3153731 1973.53302327 80656.3015506 102150.647663 47556.7850672 41445.480042 25218.8562772 -1.0 -1.0 -1.0 -1.0 -1.0 -1.0 -1.0 -1.0
0.0 0.0 0.0 0.0 0.0 101131.768275 0.0 0.0 0.0 0.0 0.0 0.0 0.0 0.0 8886.10742461 0.0 0.0 0.0 0.0 0.0 0.0 0.0 0.0 0.0 0.0 0.0 0.0 0.0 0.0 0.0 0.0 0.0 0.0 0.0 0.0 0.0 0.0 0.0 0.0 0.0 0.0 0.0 0.0 0.0 0.0 0.0 0.0 0.0 0.0 0.0 0.0 0.0 0.0 0.0 0.0 3247.70399015 70167.6598967 165624.956922 125534.581632 162548.405944 69535.992705 168452.143906 149948.764619 209596.606214 73598.0477436 37806.0971439 67144.1937881 -1.0 -1.0 -1.0 -1.0 -1.0 -1.0 -1.0 -1.0
0.0 0.0 0.0 0.0 0.0 0.0 0.0 0.0 0.0 0.0 0.0 0.0 0.0 0.0 0.0 0.0 0.0 0.0 0.0 0.0 0.0 0.0 0.0 0.0 0.0 0.0 0.0 0.0 0.0 0.0 0.0 0.0 0.0 0.0 0.0 0.0 0.0 0.0 0.0 0.0 0.0 0.0 0.0 0.0 0.0 0.0 0.0 0.0 0.0 0.0 0.0 0.0 0.0 0.0 0.0 0.0 10185.7530581 54633.3026206 84553.4049988 59057.6584641 80766.0970529 6372.57789231 155749.489095 161595.001237 63517.3306412 43951.6390555 57026.3784287 -1.0 -1.0 -1.0 -1.0 -1.0 -1.0 -1.0 -1.0
0.0 0.0 0.0 0.0 0.0 0.0 0.0 0.0 0.0 0.0 0.0 0.0 0.0 0.0 0.0 0.0 0.0 0.0 0.0 0.0 0.0 0.0 0.0 0.0 0.0 39467.2480223 0.0 0.0 0.0 0.0 0.0 0.0 0.0 0.0 0.0 0.0 0.0 0.0 0.0 0.0 0.0 0.0 0.0 0.0 0.0 0.0 0.0 0.0 0.0 0.0 0.0 532.486938359 0.0 4133.29590077 0.0 4143.80227189 25879.6012501 30775.8555458 26082.5955255 143094.451664 93345.5098878 8595.58599539 161133.064912 277690.208815 214707.029867 66195.2936709 197333.964384 -1.0 -1.0 -1.0 -1.0 -1.0 -1.0 -1.0 -1.0
0.0 0.0 0.0 0.0 0.0 0.0 0.0 0.0 0.0 134094.87407 140570.633223 0.0 0.0 0.0 0.0 98934.8431612 0.0 0.0 8308.9514408 0.0 0.0 0.0 0.0 0.0 0.0 0.0 0.0 0.0 0.0 0.0 0.0 0.0 0.0 0.0 0.0 0.0 0.0 0.0 0.0 0.0 0.0 0.0 0.0 0.0 0.0 0.0 0.0 0.0 0.0 0.0 0.0 708.063140548 0.0 0.0 18069.846233 4480.80270605 113993.759091 244091.482437 139788.923522 228958.562096 176924.878214 116891.306923 300292.145707 332173.57462 235030.005469 138684.357059 74520.2638712 87722.8043506 -1.0 -1.0 -1.0 -1.0 -1.0 -1.0 -1.0
0.0 0.0 0.0 0.0 0.0 0.0 0.0 0.0 0.0 0.0 0.0 0.0 0.0 0.0 0.0 22257.32129 71343.9804092 0.0 0.0 0.0 0.0 0.0 0.0 0.0 0.0 0.0 0.0 0.0 0.0 0.0 0.0 0.0 0.0 0.0 0.0 0.0 0.0 0.0 0.0 0.0 0.0 0.0 0.0 0.0 0.0 0.0 0.0 0.0 0.0 0.0 0.0 0.0 0.0 0.0 5365.72311074 16877.6041123 141759.095236 222164.887376 321180.144933 484209.673018 612170.306751 504360.416651 199345.910655 115379.276901 10937.4533782 43602.0310348 187649.462948 137456.950635 -1.0 -1.0 -1.0 -1.0 -1.0 -1.0 -1.0
0.0 0.0 0.0 0.0 0.0 22510.027852 0.0 0.0 0.0 0.0 0.0 0.0 0.0 0.0 0.0 0.0 0.0 0.0 0.0 0.0 0.0 0.0 0.0 0.0 0.0 0.0 0.0 0.0 0.0 0.0 0.0 0.0 0.0 0.0 0.0 0.0 0.0 0.0 0.0 0.0 0.0 0.0 0.0 0.0 0.0 0.0 0.0 0.0 0.0 18901.5933739 0.0 0.0 0.0 1288.66500615 29303.3286557 19431.5398813 161276.528694 148279.430704 344668.376587 328833.818362 105383.03908 115227.950454 188758.33383 381345.41763 37815.4329396 41612.0212401 236784.613922 -1.0 -1.0 -1.0 -1.0 -1.0 -1.0 -1.0 -1.0
0.0 0.0 0.0 0.0 0.0 55888.6210581 0.0 0.0 0.0 0.0 0.0 0.0 0.0 0.0 0.0 0.0 0.0 0.0 0.0 0.0 0.0 0.0 0.0 0.0 0.0 0.0 0.0 0.0 0.0 0.0 0.0 0.0 0.0 0.0 0.0 0.0 0.0 0.0 0.0 0.0 0.0 0.0 0.0 0.0 0.0 0.0 0.0 0.0 0.0 0.0 0.0 453.123876414 0.0 25151.450803 26937.4996514 79043.0997532 181890.287594 398312.014128 361526.767546 270861.005013 218188.778905 427469.107246 837924.269723 846606.211939 12566.2917449 57627.7252005 100630.033872 -1.0 -1.0 -1.0 -1.0 -1.0 -1.0 -1.0 -1.0
0.0 0.0 0.0 0.0 0.0 0.0 0.0 0.0 0.0 0.0 0.0 0.0 0.0 0.0 0.0 0.0 0.0 0.0 0.0 0.0 0.0 0.0 0.0 0.0 0.0 0.0 0.0 0.0 0.0 0.0 0.0 0.0 0.0 0.0 0.0 0.0 0.0 0.0 0.0 0.0 0.0 0.0 0.0 0.0 0.0 0.0 0.0 0.0 0.0 0.0 0.0 32231.5612323 16923.8357917 10792.4182222 56888.3957428 210110.48906 390208.68054 231366.086818 257717.248704 365364.921994 108872.162473 360330.105902 357332.517729 449157.964969 53747.9821536 41218.1439305 108953.510117 -1.0 -1.0 -1.0 -1.0 -1.0 -1.0 -1.0 -1.0
0.0 0.0 0.0 0.0 0.0 0.0 0.0 0.0 0.0 0.0 0.0 0.0 0.0 0.0 0.0 0.0 0.0 0.0 0.0 0.0 0.0 0.0 0.0 0.0 0.0 0.0 0.0 0.0 0.0 0.0 0.0 0.0 0.0 0.0 0.0 0.0 0.0 0.0 0.0 0.0 0.0 0.0 0.0 0.0 0.0 0.0 0.0 0.0 0.0 0.0 0.0 19.5864076431 0.0 28105.5814702 88131.5959433 138744.5375 406873.155607 213601.878531 36385.919043 112441.002682 233082.786888 314032.461901 273490.775381 592226.269019 30415.1827773 72040.6673916 0.0 -1.0 -1.0 -1.0 -1.0 -1.0 -1.0 -1.0 -1.0
0.0 0.0 0.0 0.0 0.0 0.0 0.0 0.0 0.0 0.0 0.0 0.0 0.0 0.0 0.0 0.0 0.0 0.0 0.0 0.0 0.0 0.0 26906.7148373 0.0 0.0 0.0 0.0 0.0 0.0 0.0 0.0 0.0 0.0 0.0 0.0 0.0 0.0 32510.0009042 0.0 0.0 0.0 0.0 0.0 0.0 0.0 933.349171367 21081.8289347 674.468366093 9083.43681614 0.0 11.6891545648 0.0 3791.81008033 61048.7086624 183718.978003 167256.670127 231636.86462 88725.3470483 171420.624502 162343.804232 254006.522405 751090.307386 464474.833006 459618.605074 15613.5241712 97452.2584755 0.0 -1.0 -1.0 -1.0 -1.0 -1.0 -1.0 -1.0 -1.0
0.0 0.0 0.0 0.0 0.0 0.0 0.0 0.0 0.0 0.0 0.0 0.0 0.0 0.0 0.0 38707.0283845 36244.6319264 0.0 0.0 0.0 464.200434668 0.0 1876.41526869 0.0 47412.7893388 54921.9170514 236775.095206 1591.45511967 0.0 0.0 66588.6751766 68567.237861 0.0 0.0 0.0 0.0 0.0 4239.30680696 0.0 0.0 0.0 0.0 0.0 0.0 0.0 0.0 0.0 565.900665907 0.0 0.0 766.245589028 12333.6779655 20889.0827044 218359.094091 258217.443301 401311.481577 519399.488324 391400.079836 310121.359847 397394.16967 202985.617126 287100.67124 110254.89288 38312.5113833 68144.5332445 162693.55839 -1.0 -1.0 -1.0 -1.0 -1.0 -1.0 -1.0 -1.0 -1.0
0.0 0.0 0.0 0.0 0.0 0.0 0.0 0.0 0.0 0.0 0.0 0.0 0.0 0.0 0.0 0.0 0.0 -1.0 -1.0 -1.0 -1.0 -1.0 -1.0 -1.0 1954.91625663 2329.88252373 11152.7589211 460929.124428 786010.213059 139948.454202 0.0 0.0 90308.8803067 0.0 0.0 0.0 41061.1553287 9028.87633569 0.0 0.0 0.0 0.0 0.0 15506.034561 0.0 20.152760224 0.0 153.182343642 158.134897945 26.2652390882 20996.325531 19871.7117463 21602.2835301 177744.835834 369927.383328 528564.064673 526965.662662 482742.010222 696114.650276 474217.459928 65838.880601 411199.371202 92257.6591061 78241.669123 39941.7867352 -1.0 -1.0 -1.0 -1.0 -1.0 -1.0 -1.0 -1.0 -1.0 -1.0
0.0 0.0 33707.2668011 200079.510726 0.0 0.0 611.480405897 91.4265358705 0.0 0.0 0.0 -1.0 -1.0 -1.0 -1.0 -1.0 -1.0 -1.0 -1.0 -1.0 -1.0 -1.0 -1.0 -1.0 -1.0 -1.0 -1.0 0.0 483531.910724 847801.820694 73827.6582679 54103.7284973 1526.07429769 3.71953092899 0.0 19827.6867552 423947.736477 179598.890561 820.827209644 0.0 53252.0807155 0.0 0.0 0.0 220.937955111 37.0994601553 0.0 306.028924788 142182.442131 42749.455186 1420.04145625 36384.3793249 232707.61967 199311.178627 260889.264044 272284.907583 674613.871759 1072252.4314 473267.087539 477091.808355 44454.2137197 3029.93617778 372200.636245 238820.558152 28206.8606892 -1.0 -1.0 -1.0 -1.0 -1.0 -1.0 -1.0 -1.0 -1.0 -1.0
40358.3253899 108428.276749 420460.671651 472152.358178 55557.6739819 339777.181255 31673.1240897 0.0 0.0 -1.0 -1.0 -1.0 -1.0 -1.0 -1.0 -1.0 -1.0 -1.0 -1.0 -1.0 -1.0 -1.0 -1.0 -1.0 -1.0 -1.0 -1.0 -1.0 148326.624834 299927.643518 691766.02979 710713.125439 327035.442452 269469.366415 530.037350193 14612.7405095 523697.581142 33221.3986411 28822.7761691 29049.0331089 0.0 0.0 2.61923770754 197.400796224 319.666585944 141.42868534 325.546128838 37017.9116082 149786.478738 126989.394929 126865.997463 272325.412255 496048.571947 681675.553744 708977.851446 476290.216321 691916.239347 1138761.77718 601065.531998 600369.596595 10311.5405194 7764.30698612 10822.4732805 12797.4567506 -1.0 -1.0 -1.0 -1.0 -1.0 -1.0 -1.0 -1.0 -1.0 -1.0 -1.0
151979.58465 650987.440285 361002.836703 392338.486279 439562.614802 400501.509829 16985.2203926 0.0 -1.0 -1.0 -1.0 -1.0 -1.0 -1.0 -1.0 -1.0 -1.0 -1.0 -1.0 -1.0 -1.0 -1.0 -1.0 -1.0 -1.0 -1.0 -1.0 -1.0 -1.0 111083.96075 371716.920352 361134.181477 474005.446614 2655.89161637 210045.924028 372307.437876 105513.506953 770206.241807 269772.771178 0.0 0.0 31.3821106525 12.4603922844 962.561644396 2377.83456588 86831.4209759 49625.184346 81407.4994464 127115.027357 228952.000021 364584.646828 756548.245132 189279.571317 207651.689521 272060.083199 825896.078214 895248.094949 1584163.97402 956556.249044 499466.049671 33769.9457864 289961.707686 124426.837465 -1.0 -1.0 -1.0 -1.0 -1.0 -1.0 -1.0 -1.0 -1.0 -1.0 -1.0 -1.0
-1.0 -1.0 -1.0 -1.0 -1.0 -1.0 -1.0 -1.0 -1.0 -1.0 -1.0 -1.0 -1.0 -1.0 -1.0 -1.0 -1.0 -1.0 -1.0 -1.0 -1.0 -1.0 -1.0 -1.0 -1.0 -1.0 -1.0 -1.0 -1.0 -1.0 199728.609575 433279.427333 250052.769122 -1.0 0.0 804992.164894 530030.248301 901151.282197 732456.702823 89834.0922483 29861.5687644 71942.6669354 295701.573661 369463.15696 476292.727308 121203.119138 164745.915915 163174.093284 46137.193273 192005.856352 300863.625001 804967.714538 839038.479843 1014020.3621 999921.42404 1000871.03406 1442974.7014 830328.787675 546293.669132 580297.179344 18080.2112272 167970.467136 12463.5616433 -1.0 -1.0 -1.0 -1.0 -1.0 -1.0 -1.0 -1.0 -1.0 -1.0 -1.0 -1.0
-1.0 -1.0 -1.0 -1.0 -1.0 -1.0 -1.0 -1.0 -1.0 -1.0 -1.0 -1.0 -1.0 -1.0 -1.0 -1.0 -1.0 -1.0 -1.0 -1.0 -1.0 -1.0 -1.0 -1.0 -1.0 -1.0 -1.0 -1.0 -1.0 -1.0 23318.0952119 306726.518341 -1.0 -1.0 222337.787764 601938.524722 101054.88843 580695.276138 702523.672747 520963.965946 606972.391123 587401.481751 9493.56515621 0.0 347439.448884 498402.091891 651722.872415 240180.236297 171039.786492 228612.655763 600430.628179 629011.33243 769223.557401 776786.95263 1251963.17837 1218328.59862 1371961.2186 980547.245519 672851.606189 624291.769355 88213.8340537 53374.654188 -1.0 -1.0 -1.0 -1.0 -1.0 -1.0 -1.0 -1.0 -1.0 -1.0 -1.0 -1.0 -1.0
-1.0 -1.0 -1.0 -1.0 -1.0 -1.0 -1.0 -1.0 -1.0 -1.0 -1.0 -1.0 -1.0 -1.0 -1.0 -1.0 -1.0 -1.0 -1.0 -1.0 -1.0 -1.0 -1.0 -1.0 -1.0 -1.0 -1.0 -1.0 -1.0 -1.0 -1.0 -1.0 -1.0 65867.2912618 157051.25173 186916.645977 111032.33812 928673.872525 470822.755031 283791.721069 569270.244692 566262.698731 447708.683067 344690.879648 624215.962491 797304.565555 1050498.86564 761476.72095 385011.804432 514970.148848 776055.344361 692572.284906 772136.346476 692493.963757 1234936.31558 1283275.54883 509996.523149 268177.447107 728033.106361 521962.907164 12989.7249848 1163.86793299 -1.0 -1.0 -1.0 -1.0 -1.0 -1.0 -1.0 -1.0 -1.0 -1.0 -1.0 -1.0 -1.0
-1.0 -1.0 -1.0 -1.0 -1.0 -1.0 -1.0 -1.0 -1.0 -1.0 -1.0 -1.0 -1.0 -1.0 -1.0 -1.0 -1.0 -1.0 -1.0 -1.0 -1.0 -1.0 -1.0 -1.0 -1.0 -1.0 -1.0 -1.0 -1.0 -1.0 -1.0 -1.0 -1.0 25995.6063048 620949.951834 271550.335065 206414.453002 116959.501041 350607.179771 535532.502917 123778.726688 118294.321902 66364.0890319 65657.657507 61259.9477545 301806.617217 97090.2101199 475365.34865 565294.636483 810727.037709 853688.746052 1139883.34668 1097741.89281 905701.958296 1083395.50724 463236.305512 141192.774951 35261.4845138 90475.4304954 110889.17551 65260.0766127 -1.0 -1.0 -1.0 -1.0 -1.0 -1.0 -1.0 -1.0 -1.0 -1.0 -1.0 -1.0 -1.0 -1.0
-1.0 -1.0 -1.0 -1.0 -1.0 -1.0 -1.0 -1.0 -1.0 -1.0 -1.0 -1.0 -1.0 -1.0 -1.0 -1.0 -1.0 -1.0 -1.0 -1.0 -1.0 -1.0 -1.0 -1.0 -1.0 -1.0 -1.0 -1.0 -1.0 -1.0 -1.0 -1.0 -1.0 0.0 0.0 -1.0 -1.0 -1.0 -1.0 251209.66245 577604.73395 801006.821401 670844.597203 426302.799505 817647.180667 580802.606397 797576.184963 627805.423432 859223.389424 1073035.31969 922115.720562 1020422.36473 1537700.69323 386238.608779 275071.694276 187803.878891 138917.764188 378235.548471 216837.041646 21684.1722433 44364.6496463 -1.0 -1.0 -1.0 -1.0 -1.0 -1.0 -1.0 -1.0 -1.0 -1.0 -1.0 -1.0 -1.0 -1.0
-1.0 -1.0 -1.0 -1.0 -1.0 -1.0 -1.0 -1.0 -1.0 -1.0 -1.0 -1.0 -1.0 -1.0 -1.0 -1.0 -1.0 -1.0 -1.0 -1.0 -1.0 -1.0 -1.0 -1.0 -1.0 -1.0 -1.0 -1.0 -1.0 -1.0 -1.0 -1.0 -1.0 -1.0 -1.0 -1.0 -1.0 -1.0 -1.0 403120.955199 605079.76773 723076.94781 707978.386252 651301.672873 813373.245052 680209.046591 694215.380563 668437.874345 712916.568572 790915.495875 901404.007089 656258.284765 301989.757256 71200.7997092 73787.9932783 90220.1631504 9646.16252142 541573.63508 670889.404296 208136.434959 -1.0 -1.0 -1.0 -1.0 -1.0 -1.0 -1.0 -1.0 -1.0 -1.0 -1.0 -1.0 -1.0 -1.0 -1.0
-1.0 -1.0 -1.0 -1.0 -1.0 -1.0 -1.0 -1.0 -1.0 -1.0 -1.0 -1.0 -1.0 -1.0 -1.0 -1.0 -1.0 -1.0 -1.0 -1.0 -1.0 -1.0 -1.0 -1.0 -1.0 -1.0 -1.0 -1.0 -1.0 -1.0 -1.0 -1.0 -1.0 -1.0 -1.0 -1.0 -1.0 -1.0 -1.0 340763.651497 514532.591267 543545.461035 409129.684396 492811.023786 315276.981513 644953.821636 494534.417739 630410.964922 512264.497112 635795.668346 373451.60537 220084.324549 234060.392832 16102.7763822 26264.1120911 159241.719096 16686.1340745 70686.7032908 95194.7993676 0.0 -1.0 -1.0 -1.0 -1.0 -1.0 -1.0 -1.0 -1.0 -1.0 -1.0 -1.0 -1.0 -1.0 -1.0 -1.0
-1.0 -1.0 -1.0 -1.0 -1.0 -1.0 -1.0 -1.0 -1.0 -1.0 -1.0 -1.0 -1.0 -1.0 -1.0 -1.0 -1.0 -1.0 -1.0 -1.0 -1.0 -1.0 -1.0 -1.0 -1.0 -1.0 -1.0 -1.0 -1.0 -1.0 -1.0 -1.0 -1.0 -1.0 -1.0 -1.0 -1.0 -1.0 -1.0 -1.0 403671.899515 832984.788668 600612.998742 591233.290435 738171.512765 601451.75075 737964.309872 665648.16786 730195.019776 415260.518426 345926.593499 46946.0894849 6037.0443223 96595.3408897 306172.999501 256105.108653 59712.5309635 20138.7487344 0.0 0.0 -1.0 -1.0 -1.0 -1.0 -1.0 -1.0 -1.0 -1.0 -1.0 -1.0 -1.0 -1.0 -1.0 -1.0 -1.0
-1.0 -1.0 -1.0 -1.0 -1.0 -1.0 -1.0 -1.0 -1.0 -1.0 -1.0 -1.0 -1.0 -1.0 -1.0 -1.0 -1.0 -1.0 -1.0 -1.0 -1.0 -1.0 -1.0 -1.0 -1.0 -1.0 -1.0 -1.0 -1.0 -1.0 -1.0 -1.0 -1.0 -1.0 -1.0 -1.0 -1.0 -1.0 -1.0 -1.0 -1.0 124134.559889 84806.6800005 306375.714843 733244.687808 671642.666907 743124.213475 1136889.55362 581173.353287 183886.484285 462654.726929 916793.999692 310902.159873 274010.274133 314797.10134 0.0 -1.0 -1.0 -1.0 -1.0 -1.0 -1.0 -1.0 -1.0 -1.0 -1.0 -1.0 -1.0 -1.0 -1.0 -1.0 -1.0 -1.0 -1.0 -1.0
-1.0 -1.0 -1.0 -1.0 -1.0 -1.0 -1.0 -1.0 -1.0 -1.0 -1.0 -1.0 -1.0 -1.0 -1.0 -1.0 -1.0 -1.0 -1.0 -1.0 -1.0 -1.0 -1.0 -1.0 -1.0 -1.0 -1.0 -1.0 -1.0 -1.0 -1.0 -1.0 -1.0 -1.0 -1.0 -1.0 -1.0 -1.0 -1.0 -1.0 -1.0 -1.0 -1.0 -1.0 -1.0 123257.846846 63907.5241895 14944.0550056 -1.0 -1.0 37987.2378623 429946.859617 233902.055434 155360.815744 -1.0 -1.0 -1.0 -1.0 -1.0 -1.0 -1.0 -1.0 -1.0 -1.0 -1.0 -1.0 -1.0 -1.0 -1.0 -1.0 -1.0 -1.0 -1.0 -1.0 -1.0
-1.0 -1.0 -1.0 -1.0 -1.0 -1.0 -1.0 -1.0 -1.0 -1.0 -1.0 -1.0 -1.0 -1.0 -1.0 -1.0 -1.0 -1.0 -1.0 -1.0 -1.0 -1.0 -1.0 -1.0 -1.0 -1.0 -1.0 -1.0 -1.0 -1.0 -1.0 -1.0 -1.0 -1.0 -1.0 -1.0 -1.0 -1.0 -1.0 -1.0 -1.0 -1.0 -1.0 -1.0 -1.0 -1.0 -1.0 -1.0 -1.0 -1.0 -1.0 -1.0 0.0 -1.0 -1.0 -1.0 -1.0 -1.0 -1.0 -1.0 -1.0 -1.0 -1.0 -1.0 -1.0 -1.0 -1.0 -1.0 -1.0 -1.0 -1.0 -1.0 -1.0 -1.0 -1.0
-1.0 -1.0 -1.0 -1.0 -1.0 -1.0 -1.0 -1.0 -1.0 -1.0 -1.0 -1.0 -1.0 -1.0 -1.0 -1.0 -1.0 -1.0 -1.0 -1.0 -1.0 -1.0 -1.0 -1.0 -1.0 -1.0 -1.0 -1.0 -1.0 -1.0 -1.0 -1.0 -1.0 -1.0 -1.0 -1.0 -1.0 -1.0 -1.0 -1.0 -1.0 -1.0 -1.0 -1.0 -1.0 -1.0 -1.0 185374.36521 85907.8924876 -1.0 -1.0 -1.0 -1.0 -1.0 -1.0 27142.2181216 139787.90611 -1.0 -1.0 -1.0 -1.0 -1.0 -1.0 -1.0 -1.0 -1.0 -1.0 -1.0 -1.0 -1.0 -1.0 -1.0 -1.0 -1.0 -1.0
-1.0 -1.0 -1.0 -1.0 -1.0 -1.0 -1.0 -1.0 -1.0 -1.0 -1.0 -1.0 -1.0 -1.0 -1.0 -1.0 -1.0 -1.0 -1.0 -1.0 -1.0 -1.0 -1.0 -1.0 -1.0 -1.0 -1.0 -1.0 -1.0 -1.0 -1.0 -1.0 -1.0 -1.0 -1.0 -1.0 -1.0 -1.0 -1.0 -1.0 -1.0 -1.0 -1.0 -1.0 -1.0 -1.0 -1.0 21796.4095385 19150.988101 0.0 -1.0 -1.0 -1.0 -1.0 -1.0 7736.46255175 186889.90801 -1.0 -1.0 -1.0 -1.0 -1.0 -1.0 -1.0 -1.0 -1.0 -1.0 -1.0 -1.0 -1.0 -1.0 -1.0 -1.0 -1.0 -1.0
-1.0 -1.0 -1.0 -1.0 -1.0 -1.0 -1.0 -1.0 -1.0 -1.0 -1.0 -1.0 -1.0 -1.0 -1.0 -1.0 -1.0 -1.0 -1.0 -1.0 -1.0 -1.0 -1.0 -1.0 -1.0 -1.0 -1.0 -1.0 -1.0 -1.0 -1.0 -1.0 -1.0 -1.0 -1.0 -1.0 -1.0 -1.0 -1.0 -1.0 -1.0 -1.0 -1.0 -1.0 -1.0 -1.0 -1.0 -1.0 -1.0 80098.9579838 109112.889391 52105.3223413 -1.0 -1.0 47142.9636807 143398.297473 79761.3153645 -1.0 -1.0 -1.0 -1.0 -1.0 -1.0 -1.0 -1.0 -1.0 -1.0 -1.0 -1.0 -1.0 -1.0 -1.0 -1.0 -1.0 -1.0
-1.0 -1.0 -1.0 -1.0 -1.0 -1.0 -1.0 -1.0 -1.0 -1.0 -1.0 -1.0 -1.0 -1.0 -1.0 -1.0 -1.0 -1.0 -1.0 -1.0 -1.0 -1.0 -1.0 -1.0 -1.0 -1.0 -1.0 -1.0 -1.0 -1.0 -1.0 -1.0 -1.0 -1.0 -1.0 -1.0 -1.0 -1.0 -1.0 -1.0 -1.0 -1.0 -1.0 -1.0 -1.0 -1.0 -1.0 -1.0 -1.0 29655.4627927 78874.2899442 353972.843754 422900.434386 181505.542042 254293.2018 88189.2211423 417.5812392 -1.0 -1.0 -1.0 -1.0 -1.0 -1.0 -1.0 -1.0 -1.0 -1.0 -1.0 -1.0 -1.0 -1.0 -1.0 -1.0 -1.0 -1.0
-1.0 -1.0 -1.0 -1.0 -1.0 -1.0 -1.0 -1.0 -1.0 -1.0 -1.0 -1.0 -1.0 -1.0 -1.0 -1.0 -1.0 -1.0 -1.0 -1.0 -1.0 -1.0 -1.0 -1.0 -1.0 -1.0 -1.0 -1.0 -1.0 -1.0 -1.0 -1.0 -1.0 -1.0 -1.0 -1.0 -1.0 -1.0 -1.0 -1.0 -1.0 -1.0 -1.0 -1.0 -1.0 -1.0 -1.0 -1.0 -1.0 6035.38820015 85127.2397744 68486.7057821 95059.8915044 375904.575275 525125.310922 115218.841857 108147.950933 -1.0 -1.0 -1.0 -1.0 -1.0 -1.0 -1.0 -1.0 -1.0 -1.0 -1.0 -1.0 -1.0 -1.0 -1.0 -1.0 -1.0 -1.0
