critload/trunk/input/1999/nle_ag.asc
ncols 720
nrows 360
xllcorner -180
yllcorner -90
cellsize 0.5
NODATA_value -1
[rows 33 to 65 of 360, columns 375 to 449 of 720]
-1.0 -1.0 -1.0 -1.0 -1.0 -1.0 -1.0 -1.0 -1.0 -1.0 -1.0 -1.0 -1.0 -1.0 -1.0 -1.0 -1.0 -1.0 -1.0 -1.0 -1.0 -1.0 -1.0 -1.0 -1.0 -1.0 -1.0 -1.0 -1.0 -1.0 -1.0 -1.0 -1.0 -1.0 -1.0 -1.0 -1.0 -1.0 -1.0 -1.0 -1.0 -1.0 -1.0 -1.0 -1.0 -1.0 -1.0 -1.0 -1.0 -1.0 -1.0 -1.0 -1.0 -1.0 -1.0 -1.0 -1.0 -1.0 -1.0 -1.0 -1.0 -1.0 -1.0 -1.0 -1.0 -1.0 -1.0 -1.0 -1.0 -1.0 -1.0 -1.0 -1.0 -1.0 -1.0
-1.0 -1.0 -1.0 -1.0 -1.0 -1.0 -1.0 -1.0 -1.0 -1.0 -1.0 -1.0 -1.0 -1.0 -1.0 -1.0 -1.0 -1.0 -1.0 -1.0 -1.0 -1.0 -1.0 -1.0 -1.0 -1.0 -1.0 -1.0 -1.0 -1.0 -1.0 -1.0 -1.0 -1.0 -1.0 -1.0 -1.0 -1.0 -1.0 -1.0 -1.0 -1.0 -1.0 -1.0 -1.0 -1.0 -1.0 -1.0 -1.0 -1.0 -1.0 -1.0 -1.0 -1.0 -1.0 -1.0 -1.0 -1.0 -1.0 -1.0 -1.0 -1.0 -1.0 -1.0 -1.0 -1.0 -1.0 -1.0 -1.0 -1.0 -1.0 -1.0 -1.0 -1.0 -1.0
-1.0 -1.0 -1.0 -1.0 -1.0 -1.0 -1.0 -1.0 -1.0 -1.0 -1.0 -1.0 -1.0 -1.0 -1.0 -1.0 -1.0 -1.0 -1.0 -1.0 -1.0 -1.0 -1.0 -1.0 -1.0 -1.0 -1.0 -1.0 -1.0 -1.0 -1.0 -1.0 -1.0 -1.0 -1.0 -1.0 -1.0 -1.0 -1.0 -1.0 -1.0 -1.0 -1.0 -1.0 -1.0 -1.0 -1.0 -1.0 -1.0 -1.0 -1.0 -1.0 -1.0 -1.0 -1.0 -1.0 -1.0 -1.0 -1.0 -1.0 -1.0 -1.0 -1.0 -1.0 -1.0 -1.0 -1.0 -1.0 -1.0 -1.0 -1.0 -1.0 -1.0 -1.0 -1.0
-1.0 -1.0 -1.0 -1.0 -1.0 -1.0 -1.0 -1.0 -1.0 -1.0 -1.0 -1.0 -1.0 -1.0 -1.0 -1.0 -1.0 -1.0 -1.0 -1.0 -1.0 -1.0 -1.0 -1.0 -1.0 -1.0 -1.0 -1.0 -1.0 -1.0 -1.0 -1.0 -1.0 -1.0 -1.0 -1.0 -1.0 -1.0 -1.0 -1.0 -1.0 -1.0 -1.0 -1.0 -1.0 -1.0 -1.0 -1.0 -1.0 -1.0 -1.0 -1.0 -1.0 -1.0 -1.0 -1.0 -1.0 -1.0 -1.0 -1.0 -1.0 -1.0 -1.0 -1.0 -1.0 -1.0 -1.0 -1.0 -1.0 -1.0 -1.0 -1.0 -1.0 -1.0 -1.0
-1.0 -1.0 -1.0 -1.0 -1.0 -1.0 -1.0 -1.0 -1.0 -1.0 -1.0 -1.0 -1.0 -1.0 -1.0 -1.0 -1.0 -1.0 -1.0 -1.0 -1.0 -1.0 -1.0 -1.0 -1.0 -1.0 -1.0 -1.0 -1.0 -1.0 -1.0 -1.0 -1.0 0.0 -1.0 0.0 0.0 0.0 -1.0 0.0 0.0 0.0 -1.0 -1.0 -1.0 -1.0 -1.0 -1.0 -1.0 -1.0 -1.0 -1.0 -1.0 -1.0 -1.0 -1.0 -1.0 -1.0 -1.0 -1.0 -1.0 -1.0 -1.0 -1.0 -1.0 -1.0 -1.0 -1.0 -1.0 -1.0 -1.0 -1.0 -1.0 -1.0 -1.0
-1.0 -1.0 -1.0 -1.0 -1.0 -1.0 -1.0 -1.0 -1.0 -1.0 -1.0 -1.0 -1.0 -1.0 -1.0 -1.0 -1.0 -1.0 -1.0 -1.0 -1.0 -1.0 -1.0 -1.0 -1.0 -1.0 -1.0 -1.0 -1.0 0.0 0.0 0.0 0.0 0.0 0.0 0.0 0.0 0.0 0.0 0.0 0.0 0.0 0.0 0.0 0.0 0.0 0.0 -1.0 -1.0 -1.0 -1.0 -1.0 -1.0 -1.0 -1.0 -1.0 -1.0 -1.0 -1.0 -1.0 -1.0 -1.0 -1.0 -1.0 -1.0 -1.0 -1.0 -1.0 -1.0 -1.0 -1.0 -1.0 -1.0 -1.0 -1.0
-1.0 -1.0 -1.0 -1.0 -1.0 -1.0 -1.0 -1.0 -1.0 -1.0 -1.0 -1.0 -1.0 -1.0 -1.0 -1.0 -1.0 -1.0 -1.0 -1.0 -1.0 -1.0 0.0 0.0 0.0 0.0 0.0 0.0 0.0 0.0 0.0 0.0 0.0 0.0 0.0 0.0 0.0 0.0 0.0 0.0 0.0 0.0 0.0 0.0 0.0 0.0 0.0 0.0 -1.0 -1.0 -1.0 -1.0 -1.0 -1.0 -1.0 -1.0 -1.0 -1.0 -1.0 -1.0 -1.0 -1.0 -1.0 -1.0 -1.0 -1.0 -1.0 -1.0 -1.0 -1.0 -1.0 -1.0 -1.0 -1.0 -1.0
-1.0 -1.0 -1.0 -1.0 -1.0 -1.0 -1.0 -1.0 -1.0 -1.0 -1.0 -1.0 -1.0 -1.0 -1.0 -1.0 -1.0 -1.0 -1.0 -1.0 0.0 0.0 28591.4455631 0.0 0.0 0.0 0.0 0.0 0.0 0.0 0.0 0.0 0.0 0.0 0.0 0.0 0.0 0.0 0.0 0.0 0.0 0.0 0.0 0.0 0.0 0.0 0.0 0.0 0.0 103.331685799 0.0 0.0 -1.0 -1.0 -1.0 -1.0 -1.0 -1.0 -1.0 -1.0 -1.0 -1.0 -1.0 -1.0 -1.0 -1.0 -1.0 -1.0 -1.0 -1.0 -1.0 -1.0 -1.0 -1.0 -1.0
-1.0 -1.0 -1.0 -1.0 -1.0 -1.0 -1.0 -1.0 -1.0 -1.0 -1.0 -1.0 -1.0 -1.0 -1.0 -1.0 22378.7615976 27171.6077916 0.0 0.0 0.0 0.0 0.0 0.0 0.0 0.0 0.0 0.0 0.0 0.0 0.0 0.0 0.0 0.0 0.0 0.0 0.0 0.0 0.0 0.0 962.094934402 0.0 0.0 0.0 0.0 0.0 0.0 0.0 0.0 0.0 0.0 0.0 0.0 0.0 0.0 233.959383683 0.0 0.0 -1.0 -1.0 -1.0 -1.0 -1.0 -1.0 -1.0 -1.0 -1.0 -1.0 -1.0 -1.0 -1.0 -1.0 -1.0 -1.0 -1.0
-1.0 -1.0 -1.0 -1.0 -1.0 -1.0 -1.0 -1.0 -1.0 -1.0 -1.0 -1.0 -1.0 0.0 26121.5148472 12728.0924728 0.0 2594.54946898 22416.3454476 0.0 0.0 0.0 0.0 0.0 0.0 0.0 0.0 0.0 0.0 0.0 0.0 0.0 0.0 0.0 0.0 0.0 0.0 0.0 0.0 0.0 0.0 0.0 0.0 0.0 0.0 0.0 0.0 0.0 0.0 0.0 0.0 0.0 0.0 0.0 0.0 900.015922249 708.953998044 1388.5103858 1828.08139941 1874.8831964 0.0 0.0 -1.0 -1.0 -1.0 -1.0 -1.0 -1.0 -1.0 -1.0 -1.0 0.0 0.0 0.0 0.0
-1.0 -1.0 -1.0 -1.0 -1.0 -1.0 -1.0 -1.0 -1.0 -1.0 -1.0 0.0 0.0 0.0 0.0 0.0 5205.44800724 2618.90604837 0.0 0.0 0.0 0.0 0.0 0.0 0.0 0.0 0.0 0.0 0.0 0.0 0.0 0.0 0.0 0.0 0.0 0.0 0.0 0.0 0.0 0.0 0.0 0.0 0.0 0.0 0.0 0.0 0.0 66.9836527098 0.0 0.0 0.0 0.0 0.0 0.0 0.0 0.0 0.0 0.0 1439.8297785 1897.29726228 1947.77792579 1922.45140829 1192.81375515 0.0 0.0 -1.0 -1.0 -1.0 -1.0 -1.0 -1.0 -1.0 0.0 0.0 0.0
-1.0 -1.0 -1.0 -1.0 -1.0 -1.0 -1.0 -1.0 -1.0 -1.0 0.0 0.0 -1.0 -1.0 0.0 7101.09612797 0.0 0.0 0.0 0.0 0.0 0.0 0.0 0.0 0.0 0.0 0.0 0.0 0.0 0.0 0.0 0.0 0.0 0.0 0.0 0.0 0.0 0.0 0.0 0.0 0.0 0.0 0.0 0.0 0.0 0.0 0.0 0.0 0.0 0.0 0.0 116.49016324 0.0 0.0 0.0 0.0 0.0 0.0 0.0 0.0 2076.60272058 1953.86927568 1975.27692645 0.0 0.0 0.0 0.0 0.0 -1.0 -1.0 -1.0 -1.0 -1.0 0.0 0.0
-1.0 -1.0 -1.0 -1.0 -1.0 -1.0 -1.0 -1.0 -1.0 -1.0 -1.0 -1.0 -1.0 12318.8174025 14970.4291674 0.0 0.0 0.0 0.0 0.0 0.0 0.0 0.0 0.0 0.0 0.0 0.0 0.0 0.0 0.0 0.0 0.0 0.0 0.0 0.0 0.0 0.0 0.0 0.0 0.0 0.0 0.0 0.0 0.0 0.0 0.0 0.0 0.0 0.0 0.0 0.0 0.0 0.0 0.0 0.0 0.0 0.0 0.0 0.0 743.575481938 0.0 2047.26942432 0.0 0.0 0.0 0.0 0.0 0.0 -1.0 -1.0 -1.0 -1.0 0.0 266.472215165 143.224903046
-1.0 -1.0 -1.0 -1.0 -1.0 -1.0 -1.0 -1.0 -1.0 -1.0 -1.0 7900.41509971 16630.718619 0.0 0.0 0.0 0.0 0.0 0.0 0.0 0.0 0.0 0.0 0.0 0.0 0.0 0.0 0.0 0.0 0.0 0.0 0.0 0.0 0.0 0.0 0.0 0.0 0.0 0.0 0.0 0.0 0.0 0.0 0.0 0.0 0.0 0.0 0.0 0.0 0.0 0.0 0.0 0.0 0.0 0.0 0.0 0.0 0.0 0.0 0.0 0.0 0.0 0.0 0.0 0.0 0.0 0.0 0.0 -1.0 -1.0 0.0 -1.0 -1.0 -1.0 0.0
-1.0 -1.0 -1.0 -1.0 -1.0 -1.0 -1.0 -1.0 -1.0 0.0 27691.4489426 11706.7389002 0.0 0.0 0.0 0.0 0.0 0.0 0.0 0.0 0.0 0.0 0.0 0.0 0.0 0.0 0.0 0.0 0.0 0.0 0.0 0.0 0.0 0.0 0.0 35413.3342375 70000.0265847 0.0 0.0 0.0 0.0 0.0 0.0 0.0 0.0 0.0 228.417616758 71.2721594803 0.0 0.0 0.0 0.0 0.0 0.0 0.0 0.0 0.0 0.0 0.0 0.0 0.0 0.0 0.0 0.0 68.7644055973 0.0 -1.0 0.0 0.0 0.0 0.0 0.0 0.0 319.227328471 0.0
-1.0 -1.0 -1.0 -1.0 -1.0 -1.0 -1.0 -1.0 13332.4277559 21947.2058168 27829.265773 0.0 0.0 0.0 0.0 0.0 0.0 0.0 0.0 0.0 0.0 0.0 0.0 0.0 0.0 0.0 0.0 0.0 76523.180618 181373.142462 32121.094111 139891.107333 0.0 83525.5111551 121507.115717 0.0 0.0 0.0 0.0 0.0 0.0 6713.64116738 0.0 0.0 0.0 0.0 0.0 117.04996712 0.0 0.0 0.0 0.0 0.0 2230.08638427 1155.73060404 -1.0 -1.0 -1.0 -1.0 -1.0 -1.0 -1.0 -1.0 -1.0 0.0 0.0 0.0 0.0 0.0 0.0 0.0 0.0 0.0 0.0 0.0
-1.0 -1.0 -1.0 -1.0 -1.0 -1.0 -1.0 -1.0 19890.2381758 30621.1994251 48462.0183012 0.0 0.0 0.0 0.0 0.0 0.0 0.0 0.0 0.0 0.0 0.0 0.0 0.0 0.0 0.0 0.0 85851.7795235 41568.4925305 -1.0 -1.0 -1.0 -1.0 -1.0 25458.2890283 98506.0300306 78539.9061257 0.0 28377.071843 29431.2424594 0.0 0.0 0.0 6648.69048966 0.0 1751.91450881 70.9930433952 0.0 0.0 0.0 0.0 0.0 0.0 262.729872066 0.0 -1.0 0.0 -1.0 0.0 0.0 0.0 -1.0 -1.0 -1.0 169.585981626 870.297658232 0.0 0.0 0.0 0.0 0.0 0.0 0.0 0.0 0.0
-1.0 -1.0 -1.0 -1.0 -1.0 -1.0 0.0 345035.96736 114108.608156 0.0 0.0 0.0 0.0 0.0 0.0 0.0 0.0 0.0 0.0 0.0 0.0 0.0 0.0 0.0 0.0 0.0 176696.172694 195204.757167 -1.0 -1.0 -1.0 -1.0 -1.0 21357.4538888 40937.4383434 798191.859128 568534.022649 215501.871072 6699.67322943 0.0 0.0 0.0 17256.7814552 8880.20885276 0.0 1769.55110436 6941.18401235 0.0 0.0 0.0 0.0 0.0 0.0 0.0 15913.6359438 -1.0 -1.0 -1.0 299.363747585 0.0 0.0 418.135191498 0.0 1581.42596894 589.823510177 10956.5852712 13416.217618 0.0 0.0 0.0 0.0 0.0 0.0 0.0 0.0
-1.0 -1.0 -1.0 -1.0 -1.0 21675.0405711 35768.3560027 101674.607727 0.0 0.0 0.0 0.0 0.0 0.0 0.0 0.0 0.0 0.0 0.0 0.0 0.0 0.0 0.0 0.0 0.0 0.0 49692.3797704 43947.6878231 0.0 -1.0 -1.0 13184.5214834 335391.924111 260311.034308 95741.1744952 151429.720719 26649.6924402 115594.421816 30486.0754504 9580.60100812 136075.927538 25763.3970214 0.0 9729.93790581 0.0 0.0 0.0 1129.63429866 1148.42193423 1871.93247544 0.0 0.0 0.0 6515.98789214 4166.31574213 2384.09586186 2426.52722567 2184.7529661 -1.0 206.638433185 717.879042531 692.487730354 0.0 0.0 2059.4708337 1984.75401282 18556.0880601 5403.70692448 16489.4263015 0.0 0.0 0.0 0.0 0.0 0.0
-1.0 9680.07128798 82469.0518486 10688.5548118 282348.12973 97123.1677329 34542.3298914 439947.542006 0.0 0.0 0.0 26934.0785673 0.0 0.0 0.0 15974.1186771 0.0 0.0 0.0 0.0 0.0 0.0 0.0 19880.8867115 19835.224484 255084.545437 25520.7946203 -1.0 -1.0 -1.0 351498.752915 324509.346204 106130.679346 284713.958411 223093.541235 255111.625639 109381.511623 117004.070824 200024.579661 334513.910188 43850.9766771 20734.2760031 0.0 0.0 0.0 0.0 851.436320299 243.779516921 0.0 0.0 1882.82795703 1339.55694141 0.0 7093.00929454 3875.18916784 2747.09837784 0.0 2761.66909935 0.0 2127.40904853 1999.02866429 5990.89785175 0.0 0.0 0.0 0.0 1915.8541497 1842.83835641 21236.2845338 0.0 0.0 0.0 0.0 0.0 0.0
93416.4814123 0.0 31091.6308398 20673.7368483 0.0 52653.9504799 0.0 0.0 0.0 0.0 0.0 0.0 0.0 0.0 36772.6171693 0.0 0.0 0.0 0.0 42994.2775975 0.0 0.0 70677.1668933 90940.761183 0.0 -1.0 -1.0 35313.7431089 286103.424842 425967.496985 825240.522743 237792.17338 223810.849032 113472.530574 82889.3314 33288.8211735 20402.2233283 34071.866372 75544.0401088 159309.483485 176092.317546 33070.7025268 57811.126589 67068.087424 3928.48965087 94473.8734509 0.0 0.0 0.0 0.0 0.0 4279.72274492 4744.06442904 10085.21243 5805.14213046 5932.41139733 5561.50115604 2776.01929201 0.0 0.0 0.0 0.0 0.0 0.0 0.0 5983.07929607 1894.40406094 3964.56048803 9413.44037175 22900.6836613 8093.79876389 0.0 0.0 0.0 0.0
0.0 0.0 0.0 0.0 0.0 0.0 0.0 0.0 0.0 0.0 0.0 0.0 0.0 0.0 0.0 0.0 0.0 0.0 0.0 40945.0891962 88959.7849715 0.0 -1.0 -1.0 -1.0 -1.0 -1.0 368767.265775 587804.70551 702015.655078 912938.077447 349677.802116 234209.723085 22798.6985006 0.0 0.0 16670.7707324 26465.3812474 0.0 0.0 56006.3840858 26404.9971937 17198.1134701 432409.298164 205223.128549 67333.1618706 66461.6487665 38951.8808652 1231.55804797 2060.68322704 3150.59100416 5443.39238212 6724.44927951 14328.9182994 13942.2604229 8701.14704393 11120.8649541 5770.80729623 0.0 0.0 0.0 0.0 1779.16587478 0.0 2180.50752526 11301.4147589 6514.88321396 2167.20515701 2205.66863793 2111.42971367 22501.7633967 22498.4838809 15126.4247753 0.0 0.0
0.0 0.0 0.0 0.0 0.0 0.0 0.0 0.0 0.0 0.0 0.0 0.0 0.0 92731.4593507 40048.5626081 0.0 0.0 0.0 0.0 154108.803291 3932.2119192 -1.0 -1.0 -1.0 -1.0 -1.0 -1.0 559005.853289 453251.427433 539710.222283 156921.367065 0.0 26661.6360136 0.0 36510.4679562 0.0 54720.2397306 0.0 38385.7651756 99455.1761132 192618.861564 0.0 83083.7914102 35069.4681408 0.0 39367.5346956 241267.962079 3171.41679665 4352.39110055 6428.75241232 5134.55817974 4670.56236545 9302.18047912 10644.110011 2757.95592101 11806.6443875 6426.35321263 4411.97449149 3060.18065368 0.0 0.0 0.0 0.0 7935.90258351 3262.09431232 2582.3327954 0.0 0.0 2248.25909338 0.0 6333.69866101 2958.24660897 14740.1677876 12339.9719058 17130.9376631
0.0 0.0 0.0 0.0 0.0 0.0 0.0 55287.1084168 0.0 47979.3213783 0.0 91835.2339574 0.0 0.0 0.0 0.0 0.0 0.0 13865.5574073 123476.600317 -1.0 -1.0 -1.0 -1.0 -1.0 -1.0 -1.0 453.994918988 239915.826947 33227.661944 81337.4897083 132272.373018 344.770195405 121892.245647 0.0 244671.290092 41472.3136314 60828.9462513 25899.7518587 100841.028947 78523.2257328 78587.1744381 3422.60854193 30624.8781261 155766.507702 67250.4658309 52054.5125934 14991.3749398 18996.011314 9243.40453339 9808.38914606 10446.051897 13115.0061554 41220.6220557 7084.73185732 298.496907923 0.0 27364.0410203 17803.7739543 7213.29125385 3296.61366154 3276.12055569 10695.8877508 8251.83121829 0.0 6762.305547 3735.08205782 0.0 0.0 3319.389006 11254.2292857 3306.60372538 2891.2323112 2386.83926529 3249.24331783
0.0 0.0 0.0 0.0 0.0 0.0 123719.083415 117287.478662 0.0 0.0 0.0 51041.5640953 138089.76425 55032.791801 0.0 0.0 0.0 81330.9549512 27942.9305637 168734.277201 -1.0 -1.0 -1.0 -1.0 -1.0 -1.0 -1.0 39094.8939152 628385.616247 516247.149527 849462.048503 477636.866867 455808.153598 461417.666725 168395.8143 176962.291364 240916.753611 65885.3958228 4009.59643268 75287.5814074 5543.04475264 80379.8850148 214691.859203 21131.6637537 53490.9241808 6566.30624765 0.0 0.0 7099.61831587 11531.6507546 31344.6998734 13038.3635733 9937.56687552 9977.24049168 28485.7383878 45738.499256 4273.0200723 13623.4192283 25372.8663033 2466.54406543 2276.08999407 3140.50556846 15571.1586561 4871.79191542 7328.12696324 12574.6313807 5333.67672056 4963.27359558 7104.60614551 32453.7184136 14037.3236946 13414.4255282 8040.08020996 4807.8762152 14650.9296952
0.0 0.0 0.0 0.0 0.0 0.0 1601068.71977 3127383.54028 707489.644014 940517.986256 37948.329814 52211.7935916 0.0 52255.0596072 35841.6100573 0.0 118308.086448 48812.2296653 123088.72047 490584.403748 15704.430972 0.0 -1.0 -1.0 -1.0 -1.0 -1.0 101108.21677 1007500.25759 1221375.62386 2009674.53723 2040852.22972 1190465.88843 346780.058761 1241018.08254 998591.534891 807149.132617 411186.434048 1065885.4492 446411.221733 356112.14155 13101.381416 53729.2379994 62240.5618048 343510.297007 42875.86837 2071.35317409 0.0 0.0 0.0 34549.1997877 59559.3819762 25811.3723598 31209.265252 28641.4960529 19426.0557385 30193.5835529 38120.9853548 33996.7903294 21779.1989474 13587.3287213 13572.4793216 23198.330116 11486.9156333 27128.5853474 22450.4249321 8460.48227825 11175.1888208 20846.5893449 23875.7075424 11257.637843 46084.3106638 17256.7455826 7789.99918329 13049.7072321
0.0 0.0 0.0 0.0 0.0 633096.568505 201940.90652 4256929.15268 347850.933149 646634.002575 0.0 0.0 51716.571886 0.0 0.0 222551.499155 571921.877813 483454.206329 10068.2293412 424277.549176 217585.778508 176450.733246 20843.0143458 -1.0 341005.385947 105962.986856 -1.0 -1.0 48379.1665058 459843.563961 783517.457262 981064.350974 679437.821001 963338.42564 907652.35462 510061.208381 529746.219049 101197.329026 55754.2794736 -1.0 -1.0 -1.0 25591.6750577 52990.2414398 288768.501758 99891.8559736 55741.5489499 0.0 8260.47193107 24589.9973282 33300.550611 35452.8940261 26681.9184997 15164.8056988 7551.77924439 13228.4054334 8350.77475572 12719.2318045 23859.2046861 23058.1460961 49588.0955967 23890.6142987 34730.509163 30273.8493288 22550.5484436 38471.0863731 41230.7065732 26140.9377692 34069.2005447 19612.7777276 19307.2529175 28709.1306245 36983.7173979 43469.7328511 10456.2058943
0.0 0.0 0.0 0.0 416326.855497 737554.546529 2098079.60958 5297574.86087 242798.390125 84566.8863943 110490.304772 65032.9268929 147913.49635 0.0 73182.440984 93087.4239642 164805.898903 986697.862783 746511.883916 971380.343254 1050682.76082 311649.126028 310415.213581 -1.0 -1.0 -1.0 -1.0 -1.0 -1.0 -1.0 33349.9309154 156270.028915 63234.8132477 -1.0 0.0 0.0 820.088508779 22699.1468837 3947.41238677 -1.0 -1.0 26127.1538155 21007.6879453 93425.2581032 227392.658236 283232.356182 166865.795954 414851.390544 70911.016432 69765.0859092 23937.3524625 36029.7753028 33359.9304743 21908.8181729 26406.0950499 38326.9769916 34351.2460972 46513.0388611 34431.5391283 65500.5115248 42137.9581549 45303.2992336 42104.4775133 41441.5482252 101346.75552 463215.09848 52072.4725568 47687.1185327 46853.601635 39885.5928397 43278.4758598 29467.8786209 22031.4942473 14552.0745042 33541.9083789
0.0 113463.746262 114205.815826 0.0 955005.904603 5336599.14718 2409450.64175 3876569.23364 138656.112369 0.0 238970.893098 415750.767116 408565.34663 438750.355921 409766.528272 1518174.71371 547732.46992 559794.94493 510359.188576 259675.323185 161087.136503 55747.6006916 2738.08640019 -1.0 -1.0 -1.0 -1.0 -1.0 -1.0 -1.0 5009.40145521 32128.3837544 18442.6458677 134210.78604 602148.681374 36935.6840871 484910.32465 1224349.72357 142518.443812 144821.168967 118974.928474 67979.3581761 48591.8286734 90565.8237141 82028.8248447 99187.5759736 27984.3945589 57707.394788 70784.7958848 49863.9900128 48292.6303612 23956.2996126 37909.962344 21777.8292572 26829.6115542 38299.6049862 33623.4515591 2806.78386016 45484.6145834 502865.790145 109157.56196 61719.9627385 196529.425421 186352.77216 237637.665067 97551.8120014 69932.0277555 72177.7251058 64416.2427167 67348.3017575 47921.7454378 22004.2626765 16942.5171535 8174.70620368 4095.99131714
200744.386837 102628.820861 456175.921608 0.0 222936.679443 -1.0 -1.0 132999.823674 0.0 584792.268318 197099.635417 450177.825034 612669.424668 512219.464499 162576.80739 492966.40307 165508.048355 237332.57894 526032.082887 295431.555023 127865.81926 -1.0 -1.0 -1.0 -1.0 -1.0 -1.0 -1.0 -1.0 19736.8176625 96349.9301942 3328.00832481 27839.2764773 335621.444692 202180.869378 525092.980159 637097.290147 695453.345409 1387174.68747 94541.9922813 31114.1444441 48142.4657525 28826.2134589 36375.887463 96344.9814505 52311.988495 45489.8941219 107747.153206 33904.7866912 51073.6135798 54499.3192663 59998.6389594 58566.9451759 46659.5703116 49266.8520966 35598.4618585 23645.1917246 87826.7491902 554500.968098 110633.383384 50773.0816007 34950.0986609 123188.537032 91155.9210783 561761.923691 136406.728516 117348.664675 79476.7785774 86139.6825033 63761.7312898 55321.9003891 53383.2028956 26959.9715479 30118.1645014 19627.3444993
263386.016733 275477.107965 691170.46495 -1.0 -1.0 -1.0 -1.0 0.0 93116.8241137 233412.129159 1537311.57308 2251400.90972 1556535.92194 279745.029965 650205.486643 1696419.52744 930900.952725 328503.7685 42343.3501631 -1.0 -1.0 -1.0 -1.0 -1.0 -1.0 -1.0 -1.0 -1.0 0.0 24039.6944078 38290.2689705 3618.83970406 12684.9519483 156460.56637 45829.3530021 557898.768734 1023022.83973 576418.359708 1496340.20056 202445.699673 20005.6125256 463243.019599 38589.8843734 42467.6315025 49828.9809616 164865.926576 209686.564354 32221.0491914 55681.0200695 52180.4152786 18567.8997109 19258.9468568 112765.572259 72621.2705609 53135.0390871 38869.7976698 66639.8837983 82403.4000432 247125.512686 953311.96862 657350.18015 66768.9460751 0.0 121491.26718 81492.1163088 131845.351691 183211.981062 604060.028637 627146.358386 547583.848164 108122.942059 89778.1672297 86445.1749194 62725.4026591 37748.9094384
-1.0 -1.0 -1.0 -1.0 170868.673658 1543964.41881 0.0 -1.0 187102.702813 116288.441514 0.0 8232.09723824 0.0 481240.297628 138970.137156 97258.3564791 289342.579097 208509.36544 141582.319291 -1.0 -1.0 730203.623119 392261.096825 101603.912177 -1.0 -1.0 -1.0 -1.0 7916.59975975 30144.4197304 10704.4219833 -1.0 -1.0 0.0 43489.1405337 118462.291411 59275.8128282 2829.62167961 437499.519324 634744.447233 923551.506566 1214649.83157 655512.272941 145783.080158 344626.238042 228837.511786 155702.368746 157939.198355 72650.0119808 75004.7051965 85740.9387058 0.0 47998.9457221 79424.4318257 100741.728188 109869.627555 164770.200623 175808.116281 869359.917069 1032330.39935 861647.023891 522336.784399 293731.406169 285486.884647 659357.545457 1312075.57469 411301.774653 386634.492729 262852.940013 207234.768342 164410.350994 95248.8816291 545616.648804 22500.6114187 10444.3347166
-1.0 -1.0 1283074.99223 1706291.3733 4296689.90064 6134952.36121 278663.577331 101733.727504 63831.5351585 1191183.54704 301380.753094 0.0 0.0 125668.627689 0.0 0.0 98027.2372602 141473.665304 430964.662943 156496.207763 -1.0 752005.282514 507253.432644 -1.0 -1.0 -1.0 -1.0 5300.45400956 21088.228451 42219.0714793 134113.959983 57843.0219798 -1.0 24917.2086061 8463.30058482 4093.86180173 61541.1456492 3992.40760729 25716.759277 32646.2005486 379602.256029 1289206.38038 825140.324542 168789.935011 372486.464424 81321.4597799 71589.8798709 46646.8054412 43025.5819687 34958.4467638 5670.33062192 16801.2655696 64859.0316524 605055.196498 650040.824828 739262.18747 457664.302129 846589.880057 656705.850005 1144461.22846 1219527.16495 817330.229822 634470.311316 1037364.25435 1139412.96675 417817.020588 1179925.32465 477540.941892 512767.58302 371790.843268 342003.090437 189062.854905 254764.619306 80111.8839032 74598.938118
