critload/trunk/input/1999/nsro_nat.asc
ncols 720
nrows 360
xllcorner -180
yllcorner -90
cellsize 0.5
NODATA_value -1
[rows 72 to 107 of 360, columns 81 to 161 of 720]
-1 -1 -1 -1 -1 -1 -1 -1 -1 -1 -1 -1 598.680230025 6914.15034 2512.20291 797.802098681 -1 192.792208318 4589.83660856 3502.23745245 4417.3345785 2993.81429614 5298.15269347 11213.65245 8510.14822867 5333.33900246 3871.5787755 3730.0795077 5243.5900845 4310.69838375 3211.5557364 3034.524276 10341.1834785 10188.9558315 3961.1692197 4454.66345951 9050.91978814 10198.4327289 11796.3815214 15245.573597 10730.1604185 8046.59993299 4968.23851316 3533.89487205 3678.8146503 3726.51873041 2580.89043499 2103.8069326 0.0 0.0 0.0 0.0 0.0 0.0 0.0 0.0 0.0 0.000420077415135 0.0 0.0 0.0 0.0 1648.22247568 0.0 0.0 2087.77264074 0.0 1729.87108022 0.0 0.0 1199.27588733 0.0 936.476632627 667.761075292 1402.18765879 648.86254314 602.082039 613.92808125 464.165174179 0.0 915.763502062
-1 -1 -1 -1 -1 -1 -1 -1 -1 -1 -1 -1 -1 878.6299599 7535.03751487 2029.05827872 -1 -1 1543.89569985 2647.5108405 5478.47623834 3757.5745092 6610.18512285 9977.6368215 8566.374492 6499.78026945 4831.64530447 3451.16635639 4857.09762105 4599.99832365 3269.19378892 3828.214467 12624.5958015 13454.251551 3876.42962858 5288.1112269 7175.8904604 12033.9165031 13009.9633129 17989.3903313 19463.7506262 17720.8054947 11029.76805 9152.90444617 4590.14525707 2980.13802788 2616.71296185 2551.95497216 5671.72663312 0.00039610818555 0.00031837161159 0.0 0.0 0.0 0.0 0.0 0.0 0.0 0.0 0.0 0.0 0.0 1801.90208241 1874.56770779 2345.10272947 0.00018450635772 0.0 1503.5207592 1815.28320686 1603.56163357 1562.93928966 0.0 1719.59371338 0.0 0.0 522.514261369 782.241066285 0.0 0.0 594.1931325 582.600419584
-1 -1 -1 -1 -1 -1 -1 -1 -1 -1 -1 -1 -1 -1 2038.1181435 5870.48643626 237.869695387 -1 -1 -1 1081.61636447 7027.81421138 8591.28312825 6298.64244371 8887.71734775 5998.15327815 6044.8125 5062.60698064 4116.71023027 3191.65650045 4165.52071882 5290.820865 4846.147812 5562.44436825 17605.913253 4896.38782912 5222.406393 7589.4626808 14637.5821449 22220.4710852 11581.5458569 10334.8133369 12841.5181071 12847.1799852 17615.0366323 8868.51265927 5949.34558706 3303.7071012 0.0 5957.4043053 0.000399323362811 0.0 0.0 0.0 0.0 0.0 0.0 0.0 0.0 0.0 0.0 0.0 0.0 0.0 0.0 0.0 0.0 0.0 0.0 0.0 0.0 1986.48529481 1698.82668135 1183.60241191 1444.50591443 0.0 2851.13897756 0.0 619.937668642 0.0 953.760315611
-1 -1 -1 -1 -1 -1 -1 -1 -1 -1 -1 -1 -1 -1 -1 261.79664025 3186.72641689 -1 -1 -1 -1 499.607093535 2303.4792957 8635.1663475 4711.80686501 8519.60095425 12386.6291651 15716.2892513 4327.46689732 3472.06006159 3688.14348397 5349.541365 4745.51768512 3854.4971454 8605.83669773 10398.826332 12260.1701959 4037.1679776 9027.184674 10986.8171175 7211.898666 11855.3565088 8726.22139946 16475.2386362 21808.8667003 19854.1376409 10765.2270623 8766.21117206 4435.28467931 0.0 0.0 0.0 0.0 0.0 0.0 0.0 0.0 0.0 0.0 0.0 0.0 0.0 0.0 0.0 0.0 0.000157419485449 0.0 0.0 0.0 0.0 7.945423002e-05 0.0 2083.67968054 2317.74224149 2649.46198511 0.0 0.0 2404.52954678 1115.28340564 1176.05330622 1726.04050965
-1 -1 -1 -1 -1 -1 -1 -1 -1 -1 -1 -1 -1 -1 -1 -1 -1 -1 -1 -1 -1 -1 888.30200214 5978.78776725 4523.1498375 10790.3900237 14331.8705513 20827.0547908 15853.146595 10375.0493116 7920.02202278 5023.4877438 4343.08769235 9304.33593461 11100.0392532 6920.201526 13647.6645086 21029.0106923 24792.5028037 7847.72174475 5241.6548487 12862.9599955 12482.1330563 12704.2163925 12057.3856448 23881.3057622 21816.0850279 19416.9912279 8777.58912765 4280.26072556 0.0 0.0 0.0 0.0 0.0 0.0 0.0 0.0 0.0 0.0 0.0 0.0 0.000569435801092 0.0 0.0 0.0 0.0 0.0 0.0 0.0 0.0 8.88798399413e-05 0.0 0.0 1681.25422117 0.0 0.0 0.0 1513.51687946 1408.2812901 0.0
-1 -1 -1 -1 -1 -1 -1 -1 -1 -1 -1 -1 -1 -1 -1 -1 -1 -1 -1 -1 -1 -1 -1 1962.05926331 9351.80909437 5246.9581548 8854.48590053 12794.5145265 22677.1249974 11047.2724744 19238.2301746 18298.9524112 13999.6396433 10899.5126121 12911.2444503 8159.73457942 14146.807506 15858.7893472 26686.1719395 5556.27185216 4591.37363625 8969.63943904 9838.0836489 21589.9350561 18012.916458 13331.6474248 23027.640174 22047.7808205 18633.2609385 6923.07679253 6619.360125 0.0 0.0 0.000347217491119 0.0 0.0 0.0 0.0 0.0 0.000296993114085 0.0 0.0 0.0 0.0 0.0 0.0 0.0 0.0 0.0 0.0 0.0 0.0 0.000125589426795 0.000113103921757 8.12438130638e-05 0.0 7459.06716934 4751.53049962 2270.98205126 0.0 1105.0122237
-1 -1 -1 -1 -1 -1 -1 -1 -1 -1 -1 -1 -1 -1 -1 -1 -1 -1 -1 -1 -1 -1 2420.87864231 4484.8937628 3004.89344791 3425.69452995 8223.38252625 5030.25088335 7392.62966516 10698.8364274 15373.5721435 27485.4245169 17166.2700934 14278.7000742 12232.2084174 16818.4336379 16334.8549481 13847.8543426 15136.9539457 31396.94976 31886.3481829 17989.3726057 8147.12242095 7187.62214722 12495.6821109 15219.7553403 14995.349335 17263.9271632 24275.1956742 17171.4510971 0.00143965979063 0.0 0.00038029054464 0.0 0.0 2742.3856341 0.0 0.0 0.0 0.0 0.0 0.000307561815435 0.000722894591644 0.0 0.000490274315948 0.0 0.0 0.0 0.0 0.0 0.0 0.0 0.0 0.0 0.0 0.0 0.000887346535725 5842.98472275 5873.08828286 9154.8533235 0.0
-1 -1 -1 -1 -1 -1 -1 -1 -1 -1 -1 -1 -1 -1 -1 -1 -1 -1 -1 -1 -1 -1 -1 5427.07797645 9431.9601255 12182.8559775 13174.363062 9207.0346545 4725.516159 8528.15256825 8609.5184472 13679.716365 15106.811769 12352.6616641 6500.86304055 12397.4507513 35764.0632398 13399.1062417 10163.7382242 28826.827776 26359.794402 23037.523749 5591.83504556 5352.5509335 7257.96182929 13604.8300626 16551.392151 15672.4099567 23869.6758338 21351.28002 8733.8881575 0.0 0.0 0.0 0.0 0.0 0.0 0.0 0.0 0.0 0.0 0.0 0.0 0.0 0.0 0.0 0.0 0.0 0.0 0.00013849479342 0.0 0.0 0.0 0.0 0.0 0.0 0.0 0.0 0.0 5637.83872268 0.0
-1 -1 -1 -1 -1 -1 -1 -1 -1 -1 -1 -1 -1 -1 -1 -1 -1 -1 -1 -1 -1 -1 -1 -1 0.0 6680.6224425 23517.9383828 12323.4592857 9329.2124265 2244.29048745 6721.27205475 0.0 0.0 12838.3343704 0.0140215120571 0.0 42551.8702271 13994.4323862 10425.2734395 13263.2444467 12679.7797764 9043.97598225 8269.973085 9038.07031628 9256.15099159 8845.1589006 14243.1054862 28584.4906361 18164.4565802 17304.6097697 10826.234172 6886.51454363 0.0 0.000888402542737 2810.73331249 0.0 0.0 0.000473480161125 0.0 0.0 0.0 0.0 0.0 0.0 0.0 0.000259290674055 0.0 0.0 0.0 0.0 0.0 807.107338125 0.0 0.0 0.0 0.0 0.0 0.0 0.0 0.00025762183137 0.0
-1 -1 -1 -1 -1 -1 -1 -1 -1 -1 -1 -1 -1 -1 -1 -1 -1 -1 -1 -1 -1 -1 -1 -1 -1 -1 2989.72325812 19713.446685 5261.3418 11899.2249555 5862.7319325 0.00105344704312 0.0 0.0 0.0 0.0 0.0 0.0 0.0 17242.5672506 13475.8939284 31684.425255 36036.5373622 36427.1578189 23710.4238825 9603.48029366 13603.8511524 31957.259712 28979.375712 17554.2269204 16247.1627269 15368.234463 0.0 4040.37520942 3402.166425 0.0 0.0 0.0 0.0 0.0 0.00075235739139 0.0 0.0 0.0 0.0 0.0 0.0 0.0005122728912 0.0 0.0 0.0 0.0 0.0 0.0 0.0 0.0 0.0 0.0 0.0 0.0 0.00031242619512
-1 -1 -1 -1 -1 -1 -1 -1 -1 -1 -1 -1 -1 -1 -1 -1 -1 -1 -1 -1 -1 -1 -1 -1 -1 -1 -1 -1 461.161266615 8438.07327 12950.0765625 20640.5381062 0.00022934049129 0.00147796379797 32524.2191479 50215.48254 30389.474439 24349.154742 21874.9699327 18872.1899392 17444.9863125 32089.8794542 36022.0907254 34183.575693 35812.4988975 18419.4836353 35522.8928483 36555.3431415 32554.8587546 34058.037987 18011.150758 23988.240603 10983.2152331 0.0 0.0 0.0 0.0 0.0 0.0 0.0031825085373 0.0030695591157 0.0 0.0 0.0 0.0 0.0 0.0 0.0 0.0 0.0 0.0 0.0 0.0 0.0 0.0 3518.40306923 1143.78455494 2618.84924438 4736.79617775 4144.1878656 1679.68838363
-1 -1 -1 -1 -1 -1 -1 -1 -1 -1 -1 -1 -1 -1 -1 -1 -1 -1 -1 -1 -1 -1 -1 -1 -1 -1 -1 -1 -1 5646.18448159 13856.5366875 5535.08216561 5311.77542539 0.0 0.0 47003.9091649 29481.494364 25468.479729 41487.2844401 0.0 0.00995044060935 17732.5731079 16672.96386 0.0 25945.3053585 30446.441262 0.0 41232.4220625 34735.1183213 30005.7719861 0.0 22008.4983 18583.05555 11516.7910069 0.0 0.00925802253236 0.0 0.0 0.0 0.0 0.0 0.0 0.0 0.0036573030585 0.0 0.0 0.0 0.0 0.0 0.0 0.0 0.0 0.0 0.0 0.0 0.0 0.0 0.0 0.0 0.0 2642.33039899
-1 -1 -1 -1 -1 -1 -1 -1 -1 -1 -1 -1 -1 -1 -1 -1 -1 -1 -1 -1 -1 -1 -1 -1 -1 -1 -1 -1 -1 1155.263952 22224.1675339 48456.5731181 52195.9397636 16678.1061375 0.0 38216.2644416 52647.8273887 0.0 0.0 0.0 0.0 0.0 0.0 0.0 0.00264355700096 27295.5952444 37976.0568169 41661.87336 41002.369569 32125.1719117 0.0 20285.0929418 42934.7508649 19201.9327793 0.0 0.0101521065533 0.00540050824628 0.00952987305712 0.0 0.0 0.00584999760262 0.008733782097 0.003678060465 0.0 0.000548649511568 0.0 0.0 0.0 0.0 0.0 0.00461796208492 0.0 0.0 0.0 0.0 3588.93280912 0.0 0.0 0.0 3100.46594468 2645.28900394
-1 -1 -1 -1 -1 -1 -1 -1 -1 -1 -1 -1 -1 -1 -1 -1 -1 -1 -1 -1 -1 -1 -1 -1 -1 -1 -1 -1 -1 -1 4124.36736968 22915.762581 25810.76295 0.0 0.0 42409.5821719 45401.3301398 19857.1374949 0.0 0.0 0.0 0.0 0.0 0.0 0.00296408049735 28002.3744 36372.350175 40121.4783187 40793.608251 39538.4068567 0.0 21346.1208923 22339.4140834 23389.0743997 0.0 0.0 0.0 0.0 0.00935238227925 0.0 0.0 0.0 0.0 7207.90103737 0.0 0.0 0.0 0.0 0.0 0.00474320239012 0.0 0.0 0.0 0.0 0.0 0.0 0.0 0.0 0.0 0.0 4121.910204
-1 -1 -1 -1 -1 -1 -1 -1 -1 -1 -1 -1 -1 -1 -1 -1 -1 -1 -1 -1 -1 -1 -1 -1 -1 -1 -1 -1 -1 -1 323.019364387 14379.3636337 24096.9811552 20534.6161669 40641.9677933 59810.5390935 46387.0737915 0.00937086586635 0.0 0.0 0.00156421815874 0.00355427502004 0.0 0.0 0.0 14217.22746 31112.6536215 36265.5123701 41023.7144441 39335.2792238 19692.9929227 21233.1996938 15402.0212224 16523.214867 17068.8996244 0.0083844524376 16449.0282889 17925.1002158 16486.216416 0.0 13675.60125 0.0 0.0 0.00315486227178 0.0 0.0 0.0 0.0 0.0 0.0 0.0 0.0 0.0 0.0 0.0 0.0 0.0 0.0 0.0 0.0 0.0
-1 -1 -1 -1 -1 -1 -1 -1 -1 -1 -1 -1 -1 -1 -1 -1 -1 -1 -1 -1 -1 -1 -1 -1 -1 -1 -1 -1 -1 -1 0.0 16242.8453145 29200.470684 28554.409083 49964.9933497 46294.8276862 0.0 0.0 0.0 0.0 0.0 0.0 9821.12051475 21161.8715265 0.0 19138.3549875 29106.3699202 17802.0633945 44114.572635 24547.5147615 20781.7709977 20136.5333205 20327.0501231 14108.428254 18911.9540715 0.0 0.0 0.0 0.0 0.0 0.0 0.0 0.0 0.0 0.0 0.0 0.0 0.00344460408188 0.0039187533186 0.0 0.00386592578085 0.0 0.0 3137.15152762 0.0 0.0 0.0 0.0 0.0 4610.7955944 0.0
-1 -1 -1 -1 -1 -1 -1 -1 -1 -1 -1 -1 -1 -1 -1 -1 -1 -1 -1 -1 -1 -1 -1 -1 -1 -1 -1 -1 -1 -1 -1 31639.8179869 26394.3447727 0.0 36182.488986 41406.9713662 19698.9995025 14904.2815785 0.00145803715943 0.0 0.0 0.0 19344.3459997 19076.2326562 17697.0708502 23781.8382712 37110.171951 37153.0901625 19603.2697875 23170.4587249 22808.7987765 16884.9482876 16219.7234501 17302.783158 0.0206062339309 0.0 0.0 29368.8439485 0.0 0.0 0.006821882325 0.0 0.00441573549637 0.0 0.0 0.0 0.0 0.0 0.0 7104.11709892 0.0 0.0 0.0 0.0 5854.51305 0.0 0.0 0.0 0.00271450658486 0.0 0.0
-1 -1 -1 -1 -1 -1 -1 -1 -1 -1 -1 -1 -1 -1 -1 -1 -1 -1 -1 -1 -1 -1 -1 -1 -1 -1 -1 -1 -1 -1 -1 29848.8727687 0.0125574754759 0.0 35442.8687243 39602.4153765 15835.8593212 15863.283216 0.0 13426.2690705 0.0 0.0159480937061 16765.2458317 18948.6499703 22671.9840847 25215.0516532 43331.1964538 43011.6247275 23537.9757937 25440.2604217 22460.5327459 19046.7354015 14277.4240654 0.018633804246 0.0 30606.082059 40080.9640275 42009.49857 23729.6630872 44499.105744 0.0 0.0 0.0 0.0 0.0 0.0 0.0 0.0 0.00500667617812 0.0 0.0 0.0 0.0 0.0 0.0 0.0 0.0 0.0 0.0 0.0 0.0
-1 -1 -1 -1 -1 -1 -1 -1 -1 -1 -1 -1 -1 -1 -1 -1 -1 -1 -1 -1 -1 -1 -1 -1 -1 -1 -1 -1 -1 -1 2524.7527092 29335.8464033 0.00504007590937 23076.3880957 43299.3889582 35257.133361 13193.9818508 13734.77031 18262.41714 18408.0726184 16619.3341657 0.0 16647.5249647 0.0 17224.4354404 17034.236115 15007.6480275 38815.9693028 0.0 24214.8636308 19325.9042048 20723.6377508 16968.2542177 16392.1700374 25476.8804119 31100.984058 30626.7069937 13039.4327888 16019.9857155 22593.1081646 0.0 0.0 0.0 23866.4401275 18347.3332511 0.0 0.0 0.0 0.0 0.0 0.00704376369937 0.0 0.0 0.0 0.0 0.0 0.0 0.0 0.0 0.00133206810945 0.0
-1 -1 -1 -1 -1 -1 -1 -1 -1 -1 -1 -1 -1 -1 -1 -1 -1 -1 -1 -1 -1 -1 -1 -1 -1 -1 -1 -1 -1 -1 7006.10098069 32438.2406063 0.0 36902.11497 44615.9523746 29102.7602205 0.00355504577363 14065.1611905 13487.42934 0.0 0.0 15745.6590623 16091.3867254 12445.1062515 0.0068354740611 9704.84828625 16965.2326252 20283.9991358 39074.2473765 17855.9481543 20315.979288 20242.98822 18614.820915 16930.755 7563.10608 6644.59262775 14281.64127 11898.588507 14602.655172 24559.9949775 18673.9845694 0.0 0.000884920917 0.0 22099.2867938 0.0 0.0 0.0 0.00211727240111 0.0 0.0 20163.2930906 0.00310286283945 0.0 0.0 0.0 0.0 0.0 0.0 0.0 0.0
-1 -1 -1 -1 -1 -1 -1 -1 -1 -1 -1 -1 -1 -1 -1 -1 -1 -1 -1 -1 -1 -1 -1 -1 -1 -1 -1 -1 -1 -1 7389.23351962 30553.457157 26101.7574187 38392.0416472 39813.3632895 11497.7185406 0.0 7956.684468 8051.148246 0.0 9559.59900525 0.0 0.0 0.0 0.0 0.0 0.0 17871.8183227 21261.9241485 21842.2609485 22506.1978343 20272.4531775 15557.1756075 4545.84694252 0.0 0.0 12800.76867 18392.384808 16657.7325427 19820.4958091 19279.6818131 0.0 0.0 0.0 0.0 0.0 0.0 0.0 0.0 0.0 0.006897581223 0.0 0.0 0.0026562285585 0.0 0.0 0.0 0.0 0.00199510606224 0.0 0.00290432496336
-1 -1 -1 -1 -1 -1 -1 -1 -1 -1 -1 -1 -1 -1 -1 -1 -1 -1 -1 -1 -1 -1 -1 -1 -1 -1 -1 -1 -1 -1 17305.53858 36798.2581905 15372.8580559 21243.977685 18941.6173039 9799.9697775 0.0 0.0 0.0 7415.3946165 0.0 0.0 0.0 0.0 0.0 12019.22127 0.0 7430.15566425 12376.1617665 10189.722336 9131.04765037 7085.661948 3258.66584535 0.0 0.0 0.0 20121.776193 24414.6053846 14281.518465 20948.075334 17053.2078877 0.0 0.0 0.0 0.0 0.0 0.0 0.0 0.0 0.0 0.0 0.0 0.0 0.00135352158435 0.00291694402046 0.00234703650768 0.00231506433283 0.0 0.0 0.0020639695432 0.0
-1 -1 -1 -1 -1 -1 -1 -1 -1 -1 -1 -1 -1 -1 -1 -1 -1 -1 -1 -1 -1 -1 -1 -1 -1 -1 -1 -1 -1 350.1042825 36103.8380347 21952.9941 18521.2911937 17993.655555 15455.9048644 9513.1459215 0.0 0.0 0.0 0.0 0.0 12527.0258662 10567.7884987 0.0 0.0 10440.4872135 7683.66336675 5984.36126175 5531.58126113 0.0 0.0 0.0 0.0 0.0 16242.4666215 0.0 0.0 20055.001554 7595.871195 9270.11386125 17166.706407 0.0 0.0 0.0 0.0 0.0 0.0 0.0 0.0052638597195 0.0 0.00649639340786 0.0 0.0 0.0 0.0 0.0 0.0 0.0 0.0 0.0 0.00176774173056
-1 -1 -1 -1 -1 -1 -1 -1 -1 -1 -1 -1 -1 -1 -1 -1 -1 -1 -1 -1 -1 -1 -1 -1 -1 -1 -1 -1 -1 -1 32311.6535239 22362.345495 19527.74862 18024.7131304 15475.1788193 0.0 10610.5922486 12836.0445716 12691.476864 11365.1515462 8809.7689935 12131.4914708 10084.3566998 0.0 0.0 7846.748088 6079.87792875 8293.982508 4687.3099575 0.0 11996.8376872 13768.1331105 11180.490267 13825.837188 16644.5795531 18256.286235 16947.6797374 18561.733515 0.00216967303826 0.0 0.0 0.0 0.000550675462365 0.0 0.00137357410777 0.0 0.0 0.0 0.0 0.00948692866275 0.0 0.00210066136595 0.00153036994002 0.00158780506122 0.0 0.0 0.0 0.0 0.0 0.0 0.0
-1 -1 -1 -1 -1 -1 -1 -1 -1 -1 -1 -1 -1 -1 -1 -1 -1 -1 -1 -1 -1 -1 -1 -1 -1 -1 -1 -1 -1 -1 12101.1387356 26506.5610241 23465.9406712 19835.9007 14018.5194188 12191.9295094 5804.76317025 5338.5544485 0.0 10418.8316006 10030.7534119 13567.2387555 12372.5735407 10991.1413565 7389.731538 0.0 10729.437864 13479.2866845 13750.8760515 0.0 0.0 13312.3662 0.0 0.0 0.0 19830.813072 13198.674279 0.0 0.0 0.0 0.0 0.0 0.0 0.0 0.0 0.0 0.0 0.0 0.0 0.0073119173556 0.0 0.00617711820075 0.00248682911532 0.0 0.0 0.0 0.0 0.0 0.0 0.0 0.0
-1 -1 -1 -1 -1 -1 -1 -1 -1 -1 -1 -1 -1 -1 -1 -1 -1 -1 -1 -1 -1 -1 -1 -1 -1 -1 -1 -1 -1 -1 7808.04954412 25637.0776088 23927.3687812 22686.3207675 19751.728104 12988.2503107 10013.5464892 11975.5993305 13576.6997738 10870.051647 13287.574482 10349.1686719 8178.6969 8630.8466925 8361.15960825 11003.34528 11855.9453175 8655.497721 7904.05982475 0.0 11016.422826 0.0 0.0 0.0 0.0 0.063819193842 13130.202624 0.00254816773583 0.0 0.0 0.0 0.0 0.0 0.0 15107.4423506 15305.1839055 19150.859889 0.0 0.0 0.00451492793606 0.00889834734874 0.00148067957586 0.0 0.00167220510257 0.0 0.00224604066764 0.0 0.00460384688059 0.0 0.0 0.00206119932383
-1 -1 -1 -1 -1 -1 -1 -1 -1 -1 -1 -1 -1 -1 -1 -1 -1 -1 -1 -1 -1 -1 -1 -1 -1 -1 -1 -1 -1 -1 10888.150266 44651.8051294 23168.9933475 24172.9270987 35659.333836 17508.1974049 14455.7147021 12603.6346275 10829.3397795 12135.7052302 12787.128072 9273.996681 9608.1086535 0.0 9785.011098 10390.7999096 10290.269523 9281.665134 13593.848184 10424.7134392 9675.90545625 0.0 4865.7131325 0.0 0.0 14588.5201166 34514.531487 20350.4091469 18994.9533525 20982.6409118 0.0 0.0 0.0 0.0 17065.1713444 22234.7634075 12518.6286881 29087.5375763 0.027316379508 0.0 0.0 0.0 0.00442044838463 0.00294764503597 0.0 0.0 0.0 0.0 0.00230829898943 0.0 0.0
-1 -1 -1 -1 -1 -1 -1 -1 -1 -1 -1 -1 -1 -1 -1 -1 -1 -1 -1 -1 -1 -1 -1 -1 -1 -1 -1 -1 -1 -1 25084.9677769 40778.4864757 19408.7727322 38885.6348111 0.0 17944.3149502 18094.1061232 18374.3618895 0.0 11738.0538855 15341.048838 0.0 10572.7561695 13065.076035 10816.73073 13031.790555 0.0 11044.7703874 8872.85634 10864.1103979 9513.28377038 5114.053275 4387.5450006 13447.77462 12500.4972645 0.0 35624.4914295 19520.2038086 8105.30815162 6555.261069 11227.1566785 0.0 0.0 18925.7339276 18683.8222961 19057.8288394 23075.579025 37641.0085399 0.0 0.0 0.0 0.0033317949756 0.0 0.00192179359365 0.0 0.0 0.0 0.00229792841216 0.0 0.0 0.0
-1 -1 -1 -1 -1 -1 -1 -1 -1 -1 -1 -1 -1 -1 -1 -1 -1 -1 -1 -1 -1 -1 -1 -1 -1 -1 -1 -1 -1 -1 -1 39507.1261042 50876.4823545 24587.9796881 0.00278873085802 0.0 25083.72267 22666.188168 18520.0221285 13909.171824 14139.127044 0.0 10650.9951664 12442.914459 0.0 11901.1377105 9746.738271 0.0 10133.6466806 14704.203186 11135.8609927 11224.3891567 12131.8845664 8554.69395 11861.615892 19224.9651353 33795.17193 16747.1427105 19403.12475 13270.4228869 12724.8555656 0.0 0.0 23795.438526 23693.755122 26344.0335015 26079.4638274 33478.107297 0.0 0.00161078288162 0.0 0.0 0.0 0.0 0.0 0.0 0.002457202449 0.0 0.0 0.0 0.00236582552771
-1 -1 -1 -1 -1 -1 -1 -1 -1 -1 -1 -1 -1 -1 -1 -1 -1 -1 -1 -1 -1 -1 -1 -1 -1 -1 -1 -1 -1 -1 -1 25059.82941 47006.0847094 47761.9788397 0.000914503635487 0.0 0.0 23295.4130775 17667.8546295 17131.2548531 0.0 12704.0823356 0.0 12414.9375971 13707.6696668 10501.446447 11679.89355 10089.961695 11264.5270856 17482.678218 13591.000386 8736.894894 10578.038241 3300.23757319 13252.615266 17758.6230577 21923.3036171 12279.615855 19321.9555279 22443.3946136 14296.1484885 0.0 22756.6609016 35633.0876175 23417.9823694 30011.0553986 26291.3291366 22514.3606003 0.0 0.0 0.0 0.0 0.0 0.0 0.0026577926874 0.00171949843609 0.0 0.0 0.0 0.0022790533749 0.00279362643802
-1 -1 -1 -1 -1 -1 -1 -1 -1 -1 -1 -1 -1 -1 -1 -1 -1 -1 -1 -1 -1 -1 -1 -1 -1 -1 -1 -1 -1 -1 -1 7174.44563591 43395.9000799 42790.1924659 39999.1461398 0.0 0.0 41118.4547235 23316.4573132 23191.0586513 17078.1334763 13896.3265219 0.0 11235.063339 15727.843224 15455.9164567 13022.4334432 9301.419054 12415.3722 0.0 12708.904965 12529.5293175 0.0 0.0 17995.4897426 18725.3390899 14511.4587829 10927.4407185 12252.388137 11996.2919749 18410.1349091 19096.0879725 0.0 17816.6201666 24023.3135006 22436.233848 23919.37083 20254.8535594 23706.9043087 0.0 0.0 0.0 0.0 0.0 0.00253933856475 0.0 0.0 0.0 0.0 0.0 0.0
-1 -1 -1 -1 -1 -1 -1 -1 -1 -1 -1 -1 -1 -1 -1 -1 -1 -1 -1 -1 -1 -1 -1 -1 -1 -1 -1 -1 -1 -1 -1 -1 6370.45469895 0.0 0.0 0.000269139163177 0.000132997538205 28555.4524027 24999.8667187 26109.0079688 22002.9385702 14815.509603 16092.6877414 10266.6666247 7673.46819562 11320.59786 12172.108377 0.0 10024.5078315 11508.3952875 0.0 0.0 8425.189968 13988.338548 19907.582964 14291.5031404 16106.8878135 12466.0621661 0.0 0.0 14726.425095 0.00477471435 16471.5278906 20474.5536461 20223.06966 17184.2357344 22359.332025 25715.2381883 20398.4492494 0.0 0.0 0.0 0.0 0.0 0.0 0.0 0.0 0.0 0.00289327867583 0.001809133605 0.0
-1 -1 -1 -1 -1 -1 -1 -1 -1 -1 -1 -1 -1 -1 -1 -1 -1 -1 -1 -1 -1 -1 -1 -1 -1 -1 -1 -1 -1 -1 -1 -1 -1 5520.14949937 0.0 0.00395011392435 0.0 0.000529040392676 45121.149414 30957.8729565 28512.047382 19606.3164675 22493.78802 14737.2769507 15294.4299375 0.0 10904.9037195 10767.211323 0.0 0.0 0.0 8459.37701888 10422.5338327 15599.918628 12078.855594 16545.8178158 0.0 0.0 0.0 18353.7825581 10277.940393 13873.0439407 18433.4960194 25473.6053756 29732.321136 23254.2803475 9443.03885663 9429.30353812 22547.8575911 0.00164248795676 0.0 0.0 0.0 0.0 0.0 0.0 0.0 0.0 0.0 0.0 0.0
-1 -1 -1 -1 -1 -1 -1 -1 -1 -1 -1 -1 -1 -1 -1 -1 -1 -1 -1 -1 -1 -1 -1 -1 -1 -1 -1 -1 -1 -1 -1 -1 -1 -1 22980.8726963 32587.1578586 39719.0451529 0.000605644101562 0.0 38212.1659549 27960.4038195 25936.617357 24863.124165 29421.049086 20282.81112 13821.6390795 14047.385148 10887.5015865 15277.4784855 0.0 0.0 15412.109592 20479.3903159 17211.42459 0.0 14152.13559 0.0 0.0 0.0 0.0 0.0 0.0 14100.702243 17269.176645 20414.335959 22806.93234 16049.620257 0.0 23191.1189662 17125.7513464 0.0 0.0 0.0 0.0 0.0 0.0 0.0 0.00134616152809 0.0 0.00186048471472 0.0
-1 -1 -1 -1 -1 -1 -1 -1 -1 -1 -1 -1 -1 -1 -1 -1 -1 -1 -1 -1 -1 -1 -1 -1 -1 -1 -1 -1 -1 -1 -1 -1 -1 -1 994.349734012 0.0 43338.978159 25627.8026809 0.00041305053999 0.0 0.0 36300.2564812 32354.33355 0.0 34587.2229975 0.0 18458.748588 0.0 0.0 0.0 0.0 0.0 0.0 0.0 10421.145036 0.0 0.0 0.0 0.0 0.0 0.0 0.0 0.0 0.0 0.0 14779.7000925 16599.4206998 0.0 25659.4166659 0.0 0.0 0.0 0.0 0.0 0.0 0.0 0.0 0.00210556212052 0.0 0.0029378289978 0.0
-1 -1 -1 -1 -1 -1 -1 -1 -1 -1 -1 -1 -1 -1 -1 -1 -1 -1 -1 -1 -1 -1 -1 -1 -1 -1 -1 -1 -1 -1 -1 -1 -1 -1 -1 40840.1246756 44430.090438 47254.6249013 17949.2800462 0.0 0.0 31912.8241575 33242.7297881 0.0 26465.347125 0.0 22352.916222 18287.93052 0.0 0.0 0.0 0.0 0.0 0.0 24785.2617559 0.0 0.0 0.0 0.0 0.0 0.0 0.0 0.0 0.0 0.0 17853.368205 0.00122618947781 0.0 23888.5250805 0.0 0.0 0.0 0.0 0.0 0.00248092663425 0.0 0.00280230613875 0.0 0.0 0.0 0.0
