critload/trunk/input/1999/nsro_ag.asc
ncols 720
nrows 360
xllcorner -180
yllcorner -90
cellsize 0.5
NODATA_value -1
[rows 66 to 98 of 360, columns 75 to 149 of 720]
-1.0 -1.0 -1.0 -1.0 -1.0 -1.0 -1.0 -1.0 -1.0 -1.0 -1.0 -1.0 -1.0 -1.0 332.683663594 0.0 132.22145913 347.869458833 493.8814755 346.431599203 0.0 0.0 0.0 0.0 0.0 0.0 0.0 0.0 0.0 0.0 0.0 0.0 0.0 0.0 0.0 0.0 0.0 0.0 0.0 0.0 0.0 0.0 14491.5328141 19133.0727489 0.0 0.0 15505.5941267 6635.43899905 0.0 13264.7301304 57399.0241375 0.0 0.0 0.0 0.0 0.0 0.0 0.0 0.0 0.0 0.0 0.0 0.0 0.0 0.0 1966.86819919 4615.9073412 320.291841127 0.0 46.9995828509 0.0 0.0 755.536070867 304.516026738 0.0
-1.0 -1.0 -1.0 -1.0 -1.0 -1.0 -1.0 -1.0 -1.0 -1.0 -1.0 -1.0 -1.0 -1.0 -1.0 0.0 0.0 0.0 150.597175131 70.170792456 604.64850453 0.0 0.0 0.0 0.0 0.0 0.0 0.0 0.0 0.0 0.0 0.0 0.0 0.0 0.0 0.0 0.0 0.0 0.0 0.0 0.0 23397.1642564 27541.48131 191190.491958 133139.459739 130263.168528 90194.7838132 142424.402975 52624.0170266 82531.6811456 179399.224607 7914.19756574 0.0 2677.82715011 0.0 0.0 0.0 0.0 0.0 0.0 0.0 0.0 0.0 0.0 0.0 1944.94115664 2389.60084615 127.578008937 12.0110291333 522.590476288 1745.76223316 0.0 0.0 0.0 0.0
-1.0 -1.0 -1.0 -1.0 -1.0 -1.0 -1.0 -1.0 -1.0 -1.0 -1.0 -1.0 -1.0 -1.0 -1.0 -1.0 0.0 0.0 256.684151531 201.97582755 59.0005887713 207.274362188 2042.77372943 0.0 110.294846398 0.0 0.0 0.0 0.0 0.0 0.0 0.0 0.0 0.0 0.0 0.0 0.0 0.0 0.0 0.0 0.0 0.0 12245.9598833 32506.7650822 123880.193847 54265.5217148 38010.6080556 177349.289963 249334.4931 218512.216058 95176.2970062 27632.3368318 39792.1045431 6137.66188742 2119.6688023 2177.47760069 0.0 1211.63421896 0.0 0.0 0.0 0.0 0.0 0.0 0.0 0.0 0.0 93.8426284653 77.7308518744 597.477221622 0.0 0.0 96.1944354223 1102.40162352 0.0
-1.0 -1.0 -1.0 -1.0 -1.0 -1.0 -1.0 -1.0 -1.0 -1.0 -1.0 -1.0 -1.0 -1.0 -1.0 -1.0 -1.0 0.0 79.1275455077 220.676980031 654.379368016 0.0 441.250074975 0.0 0.0 11830.986387 10801.2152794 9459.4258941 0.0 0.0 0.0 0.0 0.0 0.0 0.0 0.0 0.0 0.0 7917.89029639 0.0 0.0 0.0 0.0 0.0 0.0 43863.1913132 130449.831188 141569.528695 225486.736191 39919.764506 84695.3806884 61758.2795665 39522.1343316 15837.640461 30119.0122357 29611.4325921 8881.48028074 22146.865308 5523.81136715 7997.25725831 9950.83088029 6137.7290442 2007.42181922 0.0 0.0 0.0 0.0 1743.02043845 0.0 816.638350374 116.781249234 100.818239458 86.7448863047 0.0 60.3824965162
-1.0 -1.0 -1.0 -1.0 -1.0 -1.0 -1.0 -1.0 -1.0 -1.0 -1.0 -1.0 -1.0 -1.0 -1.0 -1.0 -1.0 -1.0 0.0 0.0 0.0 -1.0 0.0 0.0 9902.457432 5870.35314557 0.0 38133.9888857 0.0 0.0 23816.3720412 0.0 424.854988704 0.0 0.0 0.0 0.0 0.0 0.0 0.0 0.0 0.0 0.0 0.0 0.0 0.0 10649.0886739 28891.1443055 0.0 4402.70491939 57064.0360461 6703.03482906 5056.40160134 9806.86912211 0.0 17847.1194301 35269.7971326 44933.3873421 151725.201036 59408.5521065 52918.2659855 55139.928907 14597.1644829 14429.4592938 8409.68236028 797.885854164 117.093265551 0.0 0.0 0.0 173.940191115 30.2701801908 0.0 0.0 12.0482988239
-1.0 -1.0 -1.0 -1.0 -1.0 -1.0 -1.0 -1.0 -1.0 -1.0 -1.0 -1.0 -1.0 -1.0 -1.0 -1.0 -1.0 -1.0 415.202009532 4873.09906043 0.0 0.0 -1.0 0.0 14039.6246729 13013.7197398 0.0 23503.3507616 0.0 0.0 0.0 0.0 0.0 0.0 0.0 0.0 21048.3442797 7443.81826577 0.0 20367.6898843 19083.5870761 0.0 0.0 0.0 0.0 0.0 0.0 0.0 0.0 0.0 0.0 14950.1700621 4687.42373796 35563.2397436 82605.660114 121990.504713 79651.2463022 60570.8946999 69404.1153657 112515.40059 94533.87715 121966.264337 115845.0594 141388.574208 102367.406737 73725.2134142 69129.4588163 31459.8633788 26495.6393082 4576.28594853 0.0 0.0 0.0 1898.98055375 0.0
-1.0 -1.0 -1.0 -1.0 -1.0 -1.0 -1.0 -1.0 -1.0 -1.0 -1.0 -1.0 -1.0 -1.0 -1.0 -1.0 -1.0 -1.0 7829.52867469 46191.0796642 10143.9990746 514.827307245 -1.0 0.0 2889.90295024 22989.1027503 21933.6459903 4864.87822247 0.0 0.0 0.0 0.0 0.0 0.0 0.0 0.0 6525.68888413 5096.84821632 0.0 64111.4113383 0.0 0.0 0.0 0.0 0.0 0.0 0.0 0.0 0.0 0.0 0.0 20090.6309318 54229.6447752 57973.533832 105116.461062 125089.110461 96887.6603798 86764.7277648 117868.339678 75821.9157574 73572.9368715 135540.366398 146492.789314 156297.580807 153445.775329 104117.90372 83127.0327877 32929.0109406 6084.90861221 19637.1213423 36848.5747634 34661.625503 13481.5500165 13478.7790592 5295.85510329
-1.0 -1.0 -1.0 -1.0 -1.0 -1.0 -1.0 -1.0 -1.0 -1.0 -1.0 -1.0 -1.0 -1.0 -1.0 -1.0 -1.0 -1.0 -1.0 2898.42191753 2862.64764396 1739.94141577 -1.0 -1.0 0.0 0.0 419.701460157 18021.2928599 6655.10312044 0.0 0.0 0.0 0.0 0.0 0.0 0.0 0.0 0.0 0.0 20691.916867 11805.6043686 0.0 0.0 0.0 0.0 0.0 0.0 0.0 0.0 46593.2860722 0.0 0.0 0.0 4222.15689663 65696.5781189 184350.575517 163816.789424 118874.851909 109840.444206 66975.559092 33599.6576019 68878.9974741 95229.3476505 139997.747055 114009.177785 120207.873471 127555.199565 107266.049391 61639.8422197 66247.9816268 78216.6248486 48720.9682512 70542.0214994 55386.4053191 70604.796197
-1.0 -1.0 -1.0 -1.0 -1.0 -1.0 -1.0 -1.0 -1.0 -1.0 -1.0 -1.0 -1.0 -1.0 -1.0 -1.0 -1.0 -1.0 -1.0 -1.0 0.0 1849.28151338 0.0 -1.0 -1.0 -1.0 0.0 2312.9900749 4123.62590069 0.0 0.0 0.0 0.0 0.0 0.0 0.0 0.0 0.0 0.0 10564.8372045 34414.6952834 0.0 0.0 0.0 0.0 0.0 0.0 0.0 0.0 0.0 0.0 0.0 0.0 4986.09819155 12039.187252 100267.967505 173500.639912 128181.32076 125360.979292 97005.2043153 67980.8711825 56562.6154838 145006.275236 102022.367964 123387.201444 100602.452145 94128.3745587 109220.909733 113096.648019 40760.6591353 50905.3915091 107715.436151 60729.9579171 68230.7458658 82925.7571121
-1.0 -1.0 -1.0 -1.0 -1.0 -1.0 -1.0 -1.0 -1.0 -1.0 -1.0 -1.0 -1.0 -1.0 -1.0 -1.0 -1.0 -1.0 -1.0 -1.0 -1.0 0.0 0.0 -1.0 -1.0 -1.0 -1.0 0.0 227.213960292 0.0 1953.08076287 0.0 0.0 0.0 8328.45830836 0.0 0.0 5012.8271235 0.0 0.0 8671.50400984 6152.92294608 0.0 0.0 0.0 0.0 0.0 0.0 0.0 0.0 0.0 0.0 0.0 0.0 31813.8506757 138359.845498 131317.920006 197137.157879 173295.528282 96906.7788446 46721.1139534 59271.4001005 90044.1626834 47767.1346938 24993.0267753 30352.6549262 82768.5362498 29748.1830305 60241.6056567 99265.9774356 78139.0073671 67630.7047222 89330.4964102 64712.9054897 52061.718955
-1.0 -1.0 -1.0 -1.0 -1.0 -1.0 -1.0 -1.0 -1.0 -1.0 -1.0 -1.0 -1.0 -1.0 -1.0 -1.0 -1.0 -1.0 -1.0 -1.0 -1.0 -1.0 -1.0 -1.0 -1.0 -1.0 -1.0 -1.0 21.8367407571 268.081601272 3545.40358887 0.0 0.0 0.0 0.0 0.0 1820.68216943 0.0 0.0 0.0 49872.6889751 0.0 2476.19218059 0.0 0.0 0.0 0.0 0.0 0.0 0.0 0.0 0.0 0.0 0.0 0.0 137325.228807 150356.902082 125704.110459 170847.149759 148671.245462 65970.148738 63312.3095103 35519.7937511 125095.634565 149574.581008 131421.208206 39934.6319854 63796.8416075 74207.6545802 63492.4357357 52078.1908969 63312.8143499 84550.3678338 95262.2945719 44896.2786216
-1.0 -1.0 -1.0 -1.0 -1.0 -1.0 -1.0 -1.0 -1.0 -1.0 -1.0 -1.0 -1.0 -1.0 -1.0 -1.0 -1.0 -1.0 -1.0 -1.0 -1.0 -1.0 -1.0 -1.0 -1.0 -1.0 -1.0 -1.0 -1.0 0.0 985.906266 5493.39355164 9395.51916582 7146.17233882 0.0 0.0 0.0 3538.89812187 0.0 6310.08729036 7945.19645228 14055.5251538 0.0 0.0 0.0 0.0 692.493175013 0.0 0.0 0.0 0.0 0.0 0.0 0.0 0.0 107287.132895 162538.605068 91872.604303 141676.932572 182120.39384 89158.8356084 106661.130958 81553.894375 121156.208109 126298.370521 178669.445065 63404.9388548 66953.5813744 226637.025951 60541.1458735 95385.765988 62883.5717609 39955.3612734 97307.2503564 39545.3354401
-1.0 -1.0 -1.0 -1.0 -1.0 -1.0 -1.0 -1.0 -1.0 -1.0 -1.0 -1.0 -1.0 -1.0 -1.0 -1.0 -1.0 -1.0 -1.0 -1.0 -1.0 -1.0 -1.0 -1.0 -1.0 -1.0 -1.0 -1.0 0.0 0.0 1092.86986621 761.771876827 2811.41028263 3946.50755222 4843.6092008 9324.17990225 2973.52267716 0.0 0.0 0.0 0.0 0.0 14250.7413769 9900.24898129 93220.6229228 36223.8354746 136757.187044 6392.88131345 0.0 0.0 0.0 0.0 0.0 0.0 0.0 27740.1645472 212814.266199 115668.638291 146554.167035 117538.897165 53892.38459 73024.6083002 175498.582574 180591.750515 219309.921497 185598.370313 130422.063944 64761.8318206 82781.1946805 113513.37205 120845.202316 77654.0749144 67115.283147 99118.0741844 142232.598878
-1.0 -1.0 -1.0 -1.0 -1.0 -1.0 -1.0 -1.0 -1.0 -1.0 -1.0 -1.0 -1.0 -1.0 -1.0 -1.0 -1.0 -1.0 -1.0 -1.0 -1.0 -1.0 -1.0 -1.0 -1.0 -1.0 -1.0 -1.0 -1.0 128.0814501 155.554863024 319.485651818 526.09974669 0.0 3123.53647164 4130.7981492 12867.6727937 2362.50622209 2908.55020039 0.0 0.0 0.0 8814.51673973 29830.4579185 38353.0980438 0.0 202046.939186 38829.4834578 0.0 0.0 0.0 0.0 0.0 0.0 0.0 0.0 157742.799965 136601.119163 84547.0566245 101199.078902 63568.4215736 61756.2801175 138565.406342 275829.21045 177119.023381 164574.700982 102682.073062 54624.4233792 72719.6633637 105922.875276 102028.452999 57859.5118129 79533.4344266 91537.5066983 82776.390551
-1.0 -1.0 -1.0 -1.0 -1.0 -1.0 -1.0 -1.0 -1.0 -1.0 -1.0 -1.0 -1.0 -1.0 -1.0 -1.0 -1.0 -1.0 -1.0 -1.0 -1.0 -1.0 -1.0 -1.0 -1.0 -1.0 -1.0 -1.0 -1.0 -1.0 0.0 885.1248315 508.00674267 11333.9704732 17504.6620886 15223.3535265 311.258382311 989.571277432 1231.92622355 3159.69919542 4028.87868523 2210.3348652 0.0 0.0 0.0 42470.1179663 61701.7620379 0.0 0.0 0.0 0.0 0.0 0.0 33287.4376073 0.0 0.0 115931.384483 127552.426819 95502.7232889 174210.835618 123790.445049 110800.635489 78752.6621451 291350.47989 438986.762204 297867.499936 298810.925041 124833.714383 90446.0560998 95709.2940396 84034.4129654 81194.1380634 70650.7248243 96375.5861315 78817.4119209
-1.0 -1.0 -1.0 -1.0 -1.0 -1.0 -1.0 -1.0 -1.0 -1.0 -1.0 -1.0 -1.0 -1.0 -1.0 -1.0 -1.0 -1.0 -1.0 -1.0 -1.0 -1.0 -1.0 -1.0 -1.0 -1.0 -1.0 -1.0 -1.0 -1.0 -1.0 -1.0 0.0 12956.8958351 1649.51236164 6966.0149616 15320.1582695 190874.004157 69423.2735535 330439.81194 302706.224588 159013.138643 4534.02494354 0.0 0.0 81884.6808943 18795.6967166 16440.7211275 32189.4519062 19947.5284138 0.0 47053.1825552 31160.3480243 4421.86121911 9218.88777284 0.0 125043.35457 247126.566602 154044.151191 136493.241651 91852.5774174 43054.288749 56667.2686176 186277.788923 130451.635449 107438.057126 171309.05646 173865.776675 69439.9470209 53077.2061128 91725.3263981 101635.1016 113573.970253 107821.474481 52505.2595329
-1.0 -1.0 -1.0 -1.0 -1.0 -1.0 -1.0 -1.0 -1.0 -1.0 -1.0 -1.0 -1.0 -1.0 -1.0 -1.0 -1.0 -1.0 -1.0 -1.0 -1.0 -1.0 -1.0 -1.0 -1.0 -1.0 -1.0 -1.0 -1.0 -1.0 -1.0 -1.0 -1.0 -1.0 0.0 0.0 0.0 62863.7677773 49974.5547404 190832.212787 482132.821816 0.0 8073.7400155 0.0 7341.68346737 41998.2901268 95885.00283 19086.631297 53183.9555056 74735.8885491 0.0 2012.54981974 135464.584219 2641.98958085 31374.0011941 4857.9053562 2663.36314484 17083.9618111 61979.8473317 118833.135126 147876.717245 143215.221669 264377.435088 121333.983626 119207.600234 91901.7656713 41817.5839452 56934.2531314 66326.8274287 56905.2635654 53558.6307165 50294.7621792 71258.3477058 80546.200492 96041.6548731
-1.0 -1.0 -1.0 -1.0 -1.0 -1.0 -1.0 -1.0 -1.0 -1.0 -1.0 -1.0 -1.0 -1.0 -1.0 -1.0 -1.0 -1.0 -1.0 -1.0 -1.0 -1.0 -1.0 -1.0 -1.0 -1.0 -1.0 -1.0 -1.0 -1.0 -1.0 -1.0 -1.0 -1.0 -1.0 0.0 24568.3792815 0.0 74925.5346237 151463.617969 336562.474843 0.0 4504.65423354 4281.29636583 45615.884541 478586.504013 247732.085606 36398.5975053 127664.884116 169941.774433 84128.367416 7923.95173739 39595.355026 8894.82098343 22160.2837111 17159.3825014 363317.754868 6284.5288515 0.0 95726.6022075 175223.973762 169058.468356 203943.187208 207955.660186 142822.332084 235509.111129 149475.090866 69585.7261829 43749.1024186 47455.1839534 47959.0019572 59564.475703 109406.693603 86477.3095197 122949.319504
-1.0 -1.0 -1.0 -1.0 -1.0 -1.0 -1.0 -1.0 -1.0 -1.0 -1.0 -1.0 -1.0 -1.0 -1.0 -1.0 -1.0 -1.0 -1.0 -1.0 -1.0 -1.0 -1.0 -1.0 -1.0 -1.0 -1.0 -1.0 -1.0 -1.0 -1.0 -1.0 -1.0 -1.0 -1.0 0.0 523.368770637 0.0 0.0 11728.1033726 269743.295284 312571.005736 12983.0016202 46461.3808621 338987.022314 413161.684879 358985.281491 501466.402231 403208.75058 518337.1575 1014800.53373 569642.128596 0.0 14323.0939632 8661.76730181 167452.051114 338856.357555 2872.60245499 0.0 3737.31889327 142874.379258 178206.557527 258623.996946 302336.648268 248213.925698 167659.017057 89822.006109 55053.5779363 41377.2144131 35267.8988673 42509.9393415 21115.4738631 26531.9726387 90555.9971606 125708.114993
-1.0 -1.0 -1.0 -1.0 -1.0 -1.0 -1.0 -1.0 -1.0 -1.0 -1.0 -1.0 -1.0 -1.0 -1.0 -1.0 -1.0 -1.0 -1.0 -1.0 -1.0 -1.0 -1.0 -1.0 -1.0 -1.0 -1.0 -1.0 -1.0 -1.0 -1.0 -1.0 -1.0 -1.0 -1.0 -1.0 2058.14549275 2608.49020117 23337.1505067 22476.3208619 499603.394478 83938.4313329 14926.2401432 191913.202862 309280.908226 284622.036183 124192.231134 250277.698617 235510.53212 277365.25369 472741.236972 510710.320301 0.0 0.0 0.0 90529.3411797 408460.043199 10155.5903046 42252.3532972 50104.3960658 190612.347309 291466.548355 383330.404694 284411.990238 296088.359925 342028.244665 198660.338581 52769.5085869 44358.1990457 38051.6372967 50706.7136381 33404.3233702 41066.4628105 89736.8134058 116903.79569
-1.0 -1.0 -1.0 -1.0 -1.0 -1.0 -1.0 -1.0 -1.0 -1.0 -1.0 -1.0 -1.0 -1.0 -1.0 -1.0 -1.0 -1.0 -1.0 -1.0 -1.0 -1.0 -1.0 -1.0 -1.0 -1.0 -1.0 -1.0 -1.0 -1.0 -1.0 -1.0 -1.0 -1.0 -1.0 -1.0 2979.38907498 22221.984597 157937.998587 399259.242543 159316.425639 9734.99047582 3769.24917935 425503.407903 199833.641584 152189.768532 104705.933541 319926.049651 239605.978736 269757.473078 751161.964773 774504.079614 93713.8874467 0.0 0.0 0.0 218344.06062 84032.9682885 204355.255156 143922.616115 100664.769886 360737.813188 140604.422765 101951.250072 153112.761563 237231.334251 82380.67065 77836.1131026 46428.6073714 28777.7857489 22752.1108788 13823.7034208 74223.2606396 55566.3315088 81171.7825296
-1.0 -1.0 -1.0 -1.0 -1.0 -1.0 -1.0 -1.0 -1.0 -1.0 -1.0 -1.0 -1.0 -1.0 -1.0 -1.0 -1.0 -1.0 -1.0 -1.0 -1.0 -1.0 -1.0 -1.0 -1.0 -1.0 -1.0 -1.0 -1.0 -1.0 -1.0 -1.0 -1.0 -1.0 -1.0 -1.0 0.0 26653.47397 63908.1541843 217188.763816 0.0 3779.37418443 19414.7153518 183952.916691 373213.318188 526579.790631 227056.65466 236023.534009 422759.006716 254505.507732 548991.554274 754484.071914 1578657.50026 98311.0236186 0.0 0.0 423652.788704 32263.4562459 27737.572921 186618.415859 38445.4475192 235159.864827 313800.096485 256897.211401 141705.939036 130000.134638 123612.309586 99907.2287232 53958.1456836 63548.1944824 99253.125684 85131.2549176 66450.7808664 71076.2596088 83679.0379384
-1.0 -1.0 -1.0 -1.0 -1.0 -1.0 -1.0 -1.0 -1.0 -1.0 -1.0 -1.0 -1.0 -1.0 -1.0 -1.0 -1.0 -1.0 -1.0 -1.0 -1.0 -1.0 -1.0 -1.0 -1.0 -1.0 -1.0 -1.0 -1.0 -1.0 -1.0 -1.0 -1.0 -1.0 -1.0 -1.0 -1.0 0.0 178470.733665 625999.637341 513012.888226 62708.7421824 250101.966793 451828.883864 265649.701747 148662.821827 300844.606244 341363.403587 468017.716326 190882.741218 129380.923131 62521.6046953 436453.28172 0.0 0.0 0.0 13731.2521474 41494.1679007 61039.6133695 59669.8744991 246894.886892 371485.552078 571830.840492 236724.67505 199731.219208 197537.671766 139268.347688 217710.40948 165898.819332 154338.771027 101100.570945 94876.3670449 107758.105498 91231.590825 73306.2909481
-1.0 -1.0 -1.0 -1.0 -1.0 -1.0 -1.0 -1.0 -1.0 -1.0 -1.0 -1.0 -1.0 -1.0 -1.0 -1.0 -1.0 -1.0 -1.0 -1.0 -1.0 -1.0 -1.0 -1.0 -1.0 -1.0 -1.0 -1.0 -1.0 -1.0 -1.0 -1.0 -1.0 -1.0 -1.0 -1.0 -1.0 95484.0495105 817368.047086 716512.173031 653198.59964 2553.09821294 239730.164913 248851.645297 181725.574275 233265.607956 51036.4921725 679733.860495 142822.307332 424723.819617 185953.26728 59741.9301368 84658.9144583 12968.1033516 7345.67626238 16114.8396328 15832.2029311 182009.190005 75731.9204663 386347.530826 454979.272643 212214.6249 0.0 100220.281217 6465.84747958 129678.506657 262631.988633 263141.638774 171720.096993 204640.292551 171882.70417 87796.9322003 102098.035342 108072.102989 73764.8955079
-1.0 -1.0 -1.0 -1.0 -1.0 -1.0 -1.0 -1.0 -1.0 -1.0 -1.0 -1.0 -1.0 -1.0 -1.0 -1.0 -1.0 -1.0 -1.0 -1.0 -1.0 -1.0 -1.0 -1.0 -1.0 -1.0 -1.0 -1.0 -1.0 -1.0 -1.0 -1.0 -1.0 -1.0 -1.0 -1.0 53246.8162176 3615.52957832 707483.181323 755790.716125 0.0 4496.87457078 250939.630674 37915.9193275 49363.1217684 53962.8477587 93273.61446 5390.90666235 78400.5834045 338917.693725 240946.707314 232639.49865 278367.05719 0.0 0.0 7580.33693211 6447.41387434 53456.2669534 72058.0854648 86886.6756367 74980.8235313 58995.4050516 12763.8108333 0.0 0.0 17235.2294763 212694.730672 322494.882733 144180.330464 70333.1370735 204645.285886 255948.465412 118153.410051 107735.101751 104888.432567
-1.0 -1.0 -1.0 -1.0 -1.0 -1.0 -1.0 -1.0 -1.0 -1.0 -1.0 -1.0 -1.0 -1.0 -1.0 -1.0 -1.0 -1.0 -1.0 -1.0 -1.0 -1.0 -1.0 -1.0 -1.0 -1.0 -1.0 -1.0 -1.0 -1.0 -1.0 -1.0 -1.0 -1.0 -1.0 -1.0 2510.19331213 0.0 691644.114347 298875.166553 0.0 8884.51415436 555427.597761 154974.967757 50967.758457 51644.9860699 51363.7517231 84406.9237031 75793.8087418 96556.0932135 334098.852539 433734.322852 131027.727326 32779.9618259 0.0 0.0 6447.73186454 17848.6181492 13617.6559675 81978.8517 67238.5695228 29677.4162824 74661.365181 0.0 0.0 18578.1480177 71928.8748628 93330.2429325 105799.354081 167440.819872 45583.8183497 182777.007176 35071.2677191 56690.0139204 90214.460255
-1.0 -1.0 -1.0 -1.0 -1.0 -1.0 -1.0 -1.0 -1.0 -1.0 -1.0 -1.0 -1.0 -1.0 -1.0 -1.0 -1.0 -1.0 -1.0 -1.0 -1.0 -1.0 -1.0 -1.0 -1.0 -1.0 -1.0 -1.0 -1.0 -1.0 -1.0 -1.0 -1.0 -1.0 -1.0 -1.0 3033.54527724 24070.8338993 188286.102079 118853.434025 0.0 4846.51289107 8935.35611705 11190.9336099 38724.3914388 30952.3835228 68159.4410038 128073.185566 43711.6580494 69876.1319178 409593.296633 650947.485591 544174.341249 209209.036706 45861.0594308 11245.8830426 37134.6673335 47791.156784 234240.223178 69009.5105758 121365.616919 513613.39816 336538.47543 39304.7427802 4515.31959922 15209.1984686 34330.0273825 114021.150862 195864.42332 65372.2120494 123617.914916 115116.735299 28456.5105047 28333.2757549 36385.0509406
-1.0 -1.0 -1.0 -1.0 -1.0 -1.0 -1.0 -1.0 -1.0 -1.0 -1.0 -1.0 -1.0 -1.0 -1.0 -1.0 -1.0 -1.0 -1.0 -1.0 -1.0 -1.0 -1.0 -1.0 -1.0 -1.0 -1.0 -1.0 -1.0 -1.0 -1.0 -1.0 -1.0 -1.0 -1.0 -1.0 39752.9284548 0.0 458208.789248 0.0 0.0 4639.26421817 22446.92072 66147.8734528 50848.2603864 13691.7409403 39424.8423049 78057.1505268 23804.0349086 21591.3182641 49433.0826456 433840.645083 133544.681437 188386.45393 194849.898554 267357.000618 165372.256904 70400.9789928 10713.3173609 116676.390246 351051.404328 178435.837396 153700.003339 48513.3570175 33567.0794161 27740.1635654 40572.17535 189289.206324 191557.610386 40432.8802342 66364.203709 21782.2362344 20509.669646 19613.7626732 13832.8089525
-1.0 -1.0 -1.0 -1.0 -1.0 -1.0 -1.0 -1.0 -1.0 -1.0 -1.0 -1.0 -1.0 -1.0 -1.0 -1.0 -1.0 -1.0 -1.0 -1.0 -1.0 -1.0 -1.0 -1.0 -1.0 -1.0 -1.0 -1.0 -1.0 -1.0 -1.0 -1.0 -1.0 -1.0 -1.0 0.0 30054.8889091 0.0 0.0 66942.5157197 3689.74759754 36415.9482651 16397.0291801 32054.3370276 58603.8036767 17681.813062 12058.6405288 79856.9234523 32811.0822425 28098.5547968 42638.0268195 50656.9436221 122069.671611 255880.173825 155198.912072 554036.13851 254775.131598 185978.053029 85416.9379994 325574.792319 417310.625775 196601.502475 71555.2406428 181505.027963 89709.993072 63089.3704518 19879.246491 236281.530452 36180.4813263 21224.9268323 29557.6627953 71891.95374 136309.824313 131624.345626 107399.875129
-1.0 -1.0 -1.0 -1.0 -1.0 -1.0 -1.0 -1.0 -1.0 -1.0 -1.0 -1.0 -1.0 -1.0 -1.0 -1.0 -1.0 -1.0 -1.0 -1.0 -1.0 -1.0 -1.0 -1.0 -1.0 -1.0 -1.0 -1.0 -1.0 -1.0 -1.0 -1.0 -1.0 -1.0 -1.0 -1.0 766.267258472 0.0 51247.9851811 264915.901746 4976.9969445 421378.887022 245537.980108 111039.880407 234064.512998 94029.719019 15338.2878664 48396.7453016 34860.1699021 24491.9927425 7908.62725449 24218.9347811 41897.8346468 28588.3292352 24146.9137566 120822.803211 518171.921651 604530.991201 260754.629898 394136.33058 615847.019479 447868.032808 149286.373957 32961.2833426 42497.6011258 9383.22306352 45412.9723125 18202.8681601 17425.0199893 24027.5901151 49776.8001401 60174.0877365 29442.4664501 85701.0130697 160368.126648
-1.0 -1.0 -1.0 -1.0 -1.0 -1.0 -1.0 -1.0 -1.0 -1.0 -1.0 -1.0 -1.0 -1.0 -1.0 -1.0 -1.0 -1.0 -1.0 -1.0 -1.0 -1.0 -1.0 -1.0 -1.0 -1.0 -1.0 -1.0 -1.0 -1.0 -1.0 -1.0 -1.0 -1.0 -1.0 -1.0 34443.3411542 0.0 0.0 483787.220801 358416.28815 242220.710499 59047.2996236 21019.824823 263168.389816 1492.91222647 4478.01372073 30612.61615 131992.89476 50107.0975567 16069.7059738 899.50665375 124570.298196 145190.140202 84933.8585665 9823.95009637 38733.9649339 103508.83296 29291.3115994 148580.444391 1008446.75943 1045706.60937 131756.666567 34085.3745415 13871.4283608 15186.5425539 28774.1030587 17814.4700625 14933.0063908 19393.694805 35967.7944368 45084.9561886 71358.0502524 33420.6776682 108370.025128
-1.0 -1.0 -1.0 -1.0 -1.0 -1.0 -1.0 -1.0 -1.0 -1.0 -1.0 -1.0 -1.0 -1.0 -1.0 -1.0 -1.0 -1.0 -1.0 -1.0 -1.0 -1.0 -1.0 -1.0 -1.0 -1.0 -1.0 -1.0 -1.0 -1.0 -1.0 -1.0 -1.0 -1.0 -1.0 -1.0 3674.65109326 0.0 0.0 145359.679254 71307.8383054 15279.6739577 484943.543138 478800.467365 175632.697362 3249.09490548 3805.76208126 4555.84308637 9350.9159616 87029.9137053 17677.3323717 38075.6981011 111244.34376 37654.4046154 48682.0097139 12504.6250537 9147.93620532 4708.24629412 5091.41561355 1535.22011053 226116.079289 293140.825489 82600.0731666 31196.0408659 95148.7796471 29707.4791023 32258.0167075 31623.6586752 19557.4341694 27494.2334492 44519.4751159 92021.9834682 9755.35168429 110393.166058 54874.1292456
-1.0 -1.0 -1.0 -1.0 -1.0 -1.0 -1.0 -1.0 -1.0 -1.0 -1.0 -1.0 -1.0 -1.0 -1.0 -1.0 -1.0 -1.0 -1.0 -1.0 -1.0 -1.0 -1.0 -1.0 -1.0 -1.0 -1.0 -1.0 -1.0 -1.0 -1.0 -1.0 -1.0 -1.0 -1.0 -1.0 362374.081226 0.0 0.0 0.0 289364.018086 58458.5124809 50968.0686127 173086.796518 61271.472833 1732.05185134 5327.18950464 3994.16695539 10240.6691165 6963.16970369 13489.845632 39887.7984223 33853.2536104 68874.1397079 231945.978447 16304.5675344 4112.2400655 4664.92748895 5981.44580325 41560.2350402 184271.62509 127508.311019 84207.8576092 7277.31439751 17087.3156381 57806.2903532 20031.6493679 37758.2437095 20632.1942806 86770.3205533 110773.978083 55480.3310634 34822.4823387 22294.0664628 174126.097385
