critload/trunk/input/1999/nsro_ag.asc
ncols 720
nrows 360
xllcorner -180
yllcorner -90
cellsize 0.5
NODATA_value -1
[rows 74 to 110 of 360, columns 581 to 663 of 720]
0.0 0.0 0.0 0.0 0.0 0.0 0.0 0.0 0.0 0.0 0.0 0.0 0.0 0.0 0.0 0.0 0.0 0.0 0.0 0.0 0.0 0.0 0.0 0.0 0.0 0.0 0.0 0.0 0.0 0.0 0.0 0.0 0.0 0.0 0.0 0.0 0.0 0.0 0.0 0.0 0.0 0.0 0.0 0.0 0.0 0.0 0.0 0.0 0.0 0.0 0.0 0.0 0.0 0.0 0.0 0.0 0.0 0.0 0.0 0.0 0.0 0.0 0.0 0.0 0.0 0.0 -1.0 -1.0 -1.0 -1.0 -1.0 -1.0 -1.0 -1.0 -1.0 -1.0 -1.0 -1.0 -1.0 -1.0 -1.0 -1.0 -1.0
0.0 0.0 0.0 0.0 0.0 0.0 0.0 0.0 0.0 0.0 0.0 0.0 0.0 0.0 0.0 0.0 0.0 0.0 0.0 0.0 0.0 0.0 0.0 0.0 0.0 0.0 0.0 0.0 0.0 0.0 0.0 0.0 0.0 0.0 0.0 0.0 0.0 0.0 0.0 0.0 0.0 0.0 0.0 0.0 0.0 0.0 0.0 0.0 0.0 0.0 0.0 0.0 0.0 0.0 0.0 0.0 0.0 0.0 0.0 0.0 0.0 0.0 0.0 0.0 0.0 0.0 -1.0 -1.0 -1.0 -1.0 -1.0 -1.0 -1.0 -1.0 -1.0 -1.0 -1.0 -1.0 -1.0 -1.0 -1.0 -1.0 -1.0
0.0 0.0 0.0 0.0 0.0 0.0 0.0 0.0 0.0 0.0 0.0 0.0 0.0 0.0 0.0 0.0 0.0 0.0 0.0 0.0 0.0 0.0 0.0 0.0 0.0 0.0 0.0 0.0 0.0 0.0 0.0 0.0 0.0 0.0 0.0 0.0 0.0 0.0 0.0 0.0 0.0 0.0 0.0 0.0 0.0 0.0 0.0 0.0 0.0 0.0 0.0 0.0 0.0 0.0 0.0 0.0 0.0 0.0 0.0 0.0 0.0 0.0 0.0 0.0 0.0 0.0 -1.0 -1.0 -1.0 -1.0 -1.0 -1.0 -1.0 -1.0 -1.0 -1.0 -1.0 -1.0 -1.0 -1.0 -1.0 -1.0 -1.0
0.0 0.0 0.0 0.0 0.0 0.0 0.0 0.0 0.0 0.0 0.0 0.0 0.0 0.0 0.0 0.0 0.0 0.0 0.0 0.0 0.0 0.0 0.0 0.0 0.0 0.0 61922.5146874 0.0 0.0 44983.4071983 0.0 0.0 1592213.7558 0.0 0.0 0.0 0.0 0.0 0.0 0.0 0.0 0.0 0.0 0.0 0.0 0.0 0.0 0.0 0.0 0.0 0.0 0.0 0.0 0.0 0.0 0.0 0.0 0.0 0.0 0.0 0.0 -1.0 -1.0 0.0 0.0 0.0 0.0 -1.0 -1.0 -1.0 -1.0 -1.0 -1.0 -1.0 -1.0 -1.0 -1.0 -1.0 -1.0 -1.0 -1.0 -1.0 -1.0
0.0 0.0 0.0 0.0 0.0 0.0 0.0 0.0 118027.279873 0.0 0.0 0.0 0.0 0.0 0.0 0.0 0.0 0.0 490623.677451 0.0 0.0 0.0 0.0 0.0 0.0 0.0 0.0 1586953.46196 0.0 0.0 1014792.87689 95711.751645 0.0 0.0 0.0 0.0 0.0 0.0 0.0 0.0 0.0 0.0 0.0 0.0 0.0 0.0 0.0 0.0 0.0 0.0 0.0 0.0 0.0 0.0 0.0 0.0 0.0 0.0 0.0 0.0 0.0 -1.0 -1.0 0.0 0.0 0.0 0.0 -1.0 -1.0 -1.0 -1.0 -1.0 -1.0 -1.0 -1.0 -1.0 -1.0 -1.0 -1.0 -1.0 -1.0 -1.0 -1.0
0.0 0.0 0.0 0.0 0.0 0.0 0.0 85532.2608553 51788.9776121 0.0 0.0 44365.6741576 0.0 0.0 0.0 0.0 0.0 0.0 133615.47042 318401.445164 512825.696441 437287.42444 0.0 0.0 0.0 0.0 2514185.11651 528696.078582 419423.21988 232798.017111 0.0 2442319.35135 0.0 88475.4129312 0.0 0.0 0.0 0.0 0.0 0.0 0.0 0.0 0.0 0.0 0.0 0.0 0.0 0.0 0.0 0.0 0.0 0.0 0.0 0.0 0.0 0.0 0.0 0.0 0.0 0.0 0.0 -1.0 -1.0 0.0 0.0 0.0 0.0 -1.0 -1.0 -1.0 -1.0 -1.0 -1.0 -1.0 -1.0 -1.0 -1.0 -1.0 -1.0 -1.0 -1.0 -1.0 -1.0
0.0 0.0 0.0 0.0 0.0 37720.7053839 25747.8370897 18607.1040849 15724.5402274 0.0 5632.84939612 12086.6028289 229029.650699 119020.497989 135909.168408 0.0 295236.136987 255802.536693 169651.156521 48228.005475 69875.5136761 496544.321624 0.0 0.0 0.0 0.0 1184756.89282 452365.566911 238032.165336 0.0 200412.230382 0.0 165950.359137 404068.384388 0.0 0.0 0.0 0.0 0.0 0.0 0.0 0.0 0.0 0.0 0.0 0.0 0.0 0.0 0.0 0.0 0.0 0.0 0.0 0.0 0.0 0.0 0.0 0.0 0.0 0.0 -1.0 -1.0 -1.0 0.0 0.0 0.0 0.0 0.0 -1.0 -1.0 -1.0 -1.0 -1.0 -1.0 -1.0 -1.0 -1.0 -1.0 -1.0 -1.0 -1.0 -1.0 -1.0
0.0 53513.570415 48938.9560695 43240.0818042 35500.7291898 32073.6807064 24303.7678181 18474.341109 11892.165694 6294.19759792 9100.68865856 8566.26614145 846942.665091 100531.212003 110697.727437 166092.450784 170804.775395 171467.817925 175126.812313 324500.803458 224057.689726 92601.5330077 0.0 0.0 0.0 0.0 0.0 327902.400453 32718.6444197 100990.534901 1016085.4844 795018.432324 0.0 0.0 0.0 0.0 0.0 0.0 0.0 0.0 0.0 0.0 0.0 0.0 0.0 0.0 0.0 0.0 0.0 0.0 0.0 0.0 0.0 0.0 0.0 0.0 0.0 0.0 0.0 0.0 -1.0 -1.0 -1.0 0.0 0.0 0.0 0.0 0.0 -1.0 -1.0 -1.0 -1.0 -1.0 -1.0 -1.0 -1.0 -1.0 -1.0 -1.0 -1.0 -1.0 -1.0 -1.0
39044.314799 43140.411268 39266.3871538 36411.6722604 28995.1471885 20795.8114185 18551.3974489 11177.3613492 9744.94340775 9218.37519525 9432.61373925 254552.154184 93108.8448292 0.0 14646.1196929 69913.185775 121420.467471 181453.989559 251370.416185 86479.4128185 59159.199879 118430.628317 0.0 0.0 0.0 0.0 211146.240416 0.0 905351.757122 0.0 0.0 76363.8190726 495967.183217 0.0 0.0 0.0 0.0 0.0 0.0 0.0 0.0 0.0 0.0 0.0 0.0 0.0 0.0 0.0 0.0 64832.4246026 0.0 0.0 0.0 0.0 0.0 0.0 0.0 0.0 0.0 0.0 -1.0 -1.0 0.0 0.0 0.0 -1.0 -1.0 0.0 0.0 -1.0 -1.0 -1.0 -1.0 -1.0 -1.0 -1.0 -1.0 -1.0 -1.0 -1.0 -1.0 -1.0 -1.0
30554.0471951 32611.772916 31015.1531372 27657.8715861 12539.8159789 6743.35145677 7843.60641843 7526.84771855 8280.67415726 9776.55874205 119921.336393 57856.0436028 86492.0757787 99717.893475 11608.1855818 106052.656922 124662.794775 44088.8368236 210520.828628 243205.113883 0.0 2582080.26182 2004138.86207 0.0 1422000.13658 1704097.47979 0.0 249389.363881 279777.694395 482041.893088 729783.631173 559225.01701 0.0 0.0 0.0 0.0 0.0 0.0 0.0 0.0 0.0 0.0 0.0 0.0 0.0 0.0 0.0 67247.9090151 0.0 116280.897233 0.0 0.0 0.0 0.0 0.0 0.0 0.0 0.0 0.0 0.0 -1.0 -1.0 -1.0 0.0 0.0 -1.0 -1.0 -1.0 -1.0 -1.0 -1.0 -1.0 -1.0 -1.0 -1.0 -1.0 -1.0 -1.0 -1.0 -1.0 -1.0 -1.0 -1.0
20721.3691493 18328.8558442 14748.597513 15090.8980477 12929.715975 12839.7769269 14617.4256225 9141.19118828 7652.6206341 6646.51663125 6481.88408063 4598.24422312 3603.66147225 160936.278357 2022.39420075 4766.0062545 8916.06202009 95422.2360116 54467.986824 80515.2047698 156969.815443 0.0 0.0 0.0 1689467.15699 0.0 120455.310105 0.0 176430.160865 253265.431646 41192.1940853 66168.9613085 0.0 470205.189698 0.0 0.0 0.0 0.0 0.0 0.0 696361.911934 31409.7520775 33288.3803256 9833.80644836 0.0 0.0 0.0 133776.736482 0.0 0.0 0.0 0.0 0.0 0.0 0.0 0.0 0.0 0.0 -1.0 -1.0 -1.0 -1.0 0.0 0.0 0.0 -1.0 -1.0 -1.0 -1.0 -1.0 -1.0 -1.0 -1.0 -1.0 -1.0 -1.0 -1.0 -1.0 -1.0 -1.0 -1.0 -1.0 -1.0
13413.050898 15067.891836 14649.162606 13771.723491 12581.84682 10572.4396458 9232.3466235 7407.97525545 6667.3795545 7538.3005725 8089.49451262 3798.2544435 2926.880649 4580.85872475 2961.1018248 3293.27823495 4509.130356 28454.3891822 75233.8801786 116374.621024 0.0 0.0 0.0 161180.527904 0.0 418838.835754 130818.252523 0.0 104790.685931 0.0 290833.779683 46324.8414979 525955.909836 902433.520726 80496.5232211 0.0 0.0 0.0 0.0 281319.511696 14391.8242784 0.0 0.0 483441.307581 0.0 0.0 0.0 0.0 0.0 0.0 0.0 0.0 0.0 0.0 0.0 0.0 0.0 -1.0 -1.0 -1.0 -1.0 -1.0 0.0 0.0 0.0 -1.0 -1.0 -1.0 -1.0 -1.0 -1.0 -1.0 -1.0 -1.0 -1.0 -1.0 -1.0 -1.0 -1.0 -1.0 -1.0 -1.0 -1.0
11081.6574374 11119.68312 11877.716475 10910.1387802 9181.1319303 9019.027521 9611.55421065 10991.2699766 9732.70024897 10173.1675972 5980.71279225 4533.2637453 5620.548747 7738.5193344 7021.7200512 12032.1450517 19346.530617 44525.7664613 46235.7355265 115113.370558 0.0 189629.322399 300955.291721 388089.412425 516511.234024 177533.562892 46864.4989921 0.0 187483.296777 0.0 0.0 426319.800782 0.0 771895.662006 75892.3897798 0.0 0.0 0.0 0.0 0.0 1815748.42409 0.0 0.0 0.0 17931.6289332 0.0 0.0 0.0 0.0 0.0 0.0 0.0 0.0 0.0 0.0 0.0 -1.0 -1.0 -1.0 -1.0 -1.0 -1.0 0.0 0.0 0.0 0.0 -1.0 -1.0 -1.0 -1.0 -1.0 -1.0 -1.0 -1.0 -1.0 -1.0 -1.0 -1.0 -1.0 -1.0 -1.0 -1.0 0.0
8526.596346 9616.3935333 9248.11218 7166.8261728 7904.57864625 10229.0978885 9243.9033528 8961.1396452 8232.37713165 6957.8183925 9315.65019218 10435.411324 158235.157906 80643.5573496 208041.322151 303474.48822 443464.500607 247457.165895 338715.557239 88742.3103745 93473.195193 101830.155783 635837.898611 691021.168011 338376.642756 192023.877447 311967.990058 190949.26104 182486.344237 162879.208157 0.0 533971.945773 449154.390218 783719.459898 1270423.10753 0.0 0.0 0.0 0.0 0.0 0.0 0.0 0.0 0.0 0.0 0.0 0.0 0.0 0.0 0.0 0.0 0.0 0.0 0.0 0.0 0.0 -1.0 -1.0 -1.0 -1.0 -1.0 -1.0 0.0 0.0 -1.0 0.0 0.0 -1.0 -1.0 -1.0 -1.0 -1.0 -1.0 -1.0 -1.0 -1.0 -1.0 -1.0 -1.0 0.0 -1.0 -1.0 -1.0
6882.64166625 7400.574555 8170.52147047 8717.9074428 7951.69394775 6674.3066544 10584.4153782 10480.0204974 11532.7601334 14332.28538 15993.847044 349837.325091 297807.245379 130575.031264 273246.863326 207310.225529 231288.441665 153042.653618 59068.3148755 128401.47436 0.0 0.0 668236.189514 676295.927307 181407.801375 0.0 71006.828077 313440.51327 0.0 0.0 255169.504559 0.0 600928.633987 1853717.10046 0.0 0.0 0.0 0.0 0.0 0.0 0.0 0.0 0.0 0.0 0.0 0.0 79180.8595961 0.0 0.0 0.0 0.0 0.0 0.0 0.0 0.0 -1.0 -1.0 -1.0 -1.0 -1.0 -1.0 -1.0 0.0 -1.0 -1.0 -1.0 -1.0 -1.0 -1.0 -1.0 -1.0 -1.0 -1.0 -1.0 -1.0 -1.0 -1.0 0.0 0.0 0.0 -1.0 -1.0 -1.0
5123.27144722 6393.3151068 7066.9719288 7813.6881075 7136.5289709 7815.8152137 9003.0410844 9934.3291863 17077.3254043 98280.6224016 275526.367705 214127.381703 294018.517485 124788.989902 86653.5913729 64620.1077687 32917.7624718 62908.3606674 109579.170502 0.0 0.0 543467.23756 277871.715332 110748.950839 46698.9865518 0.0 69445.9235552 205951.960909 187569.133547 237437.30207 449778.358291 384212.017626 470909.402636 218634.231871 0.0 0.0 0.0 0.0 0.0 0.0 0.0 0.0 743523.167831 0.0 34556.4132903 26701.8333329 0.0 0.0 0.0 0.0 0.0 0.0 0.0 0.0 -1.0 -1.0 -1.0 -1.0 -1.0 -1.0 0.0 51363.4015328 0.0 0.0 -1.0 -1.0 -1.0 -1.0 -1.0 -1.0 -1.0 -1.0 -1.0 -1.0 0.0 0.0 0.0 -1.0 -1.0 -1.0 -1.0 -1.0 -1.0
7644.8176854 7940.8464561 8842.1260623 8179.02926123 8986.89724942 13211.738392 15307.6768738 14627.2276897 15229.1110286 177894.573182 0.0 202749.621257 101461.092958 101896.910143 284015.193504 494363.434309 405256.829426 0.0 224415.83006 0.0 0.0 435924.882643 48187.8395244 63272.2506705 77356.900597 152747.395467 291260.070812 168412.270777 368714.096474 634509.334113 573719.155843 460160.77015 501267.156703 0.0 0.0 0.0 0.0 0.0 0.0 0.0 0.0 0.0 0.0 9829.77095299 0.0 0.0 0.0 0.0 0.0 0.0 0.0 0.0 -1.0 -1.0 -1.0 -1.0 -1.0 -1.0 -1.0 -1.0 -1.0 -1.0 0.0 0.0 0.0 0.0 -1.0 -1.0 -1.0 -1.0 -1.0 -1.0 0.0 0.0 0.0 -1.0 -1.0 -1.0 -1.0 -1.0 -1.0 -1.0 -1.0
5866.12042282 8941.2244614 10335.7295494 10941.7133054 12707.7263361 11535.1305404 11185.6875844 12675.5826707 20989.0267965 0.0 0.0 125515.132719 155640.124493 163371.260253 463360.454568 156875.374656 155414.468873 70859.1317047 0.0 468958.829428 315363.560787 89775.1248907 71393.9241848 56062.5130428 40460.2602905 69238.03872 184241.120976 228583.071849 449619.401941 340712.550646 613347.056391 1301405.96107 1253867.08138 0.0 0.0 0.0 0.0 0.0 0.0 0.0 0.0 0.0 218296.665508 72252.1543296 0.0 0.0 0.0 0.0 0.0 0.0 0.0 -1.0 -1.0 -1.0 -1.0 -1.0 -1.0 -1.0 -1.0 -1.0 -1.0 -1.0 0.0 0.0 0.0 0.0 0.0 118427.654459 0.0 0.0 -1.0 0.0 0.0 -1.0 -1.0 -1.0 -1.0 -1.0 -1.0 -1.0 -1.0 -1.0 -1.0
5848.1653839 6486.261015 6155.1457758 10281.4435342 8863.27193565 9715.72238715 14182.1748393 11946.3247501 243184.892108 119775.517212 0.0 39169.0252426 1375524.46468 65585.6615938 0.0 273566.115794 229461.043928 705276.432873 251502.285742 272629.279598 108402.010551 117334.549777 118132.444559 76130.3456351 152809.230922 164235.760928 218128.398195 254457.293719 330451.468862 636857.001153 900793.541248 791924.846772 792052.653195 2641564.67834 248137.320396 310899.017416 0.0 0.0 0.0 0.0 0.0 0.0 0.0 0.0 0.0 0.0 0.0 0.0 0.0 0.0 -1.0 -1.0 -1.0 -1.0 -1.0 -1.0 -1.0 -1.0 -1.0 -1.0 -1.0 0.0 0.0 0.0 0.0 0.0 0.0 0.0 0.0 448261.292062 -1.0 0.0 -1.0 -1.0 -1.0 -1.0 -1.0 -1.0 -1.0 -1.0 -1.0 -1.0 -1.0
7534.7230401 10965.4484227 8572.9703892 7530.2543844 8381.8140912 11620.4370522 10660.8324162 131215.79756 84606.6756173 106637.428608 143392.928697 21098.0293814 0.0 83278.834175 136091.344739 764494.182963 509327.98551 628437.937496 257161.062833 122550.104114 95683.4724425 87304.1469573 94940.3972702 126072.788648 168559.791352 0.0 292011.894066 458933.156266 1067583.37947 1166155.96516 1499918.55889 1862597.24474 1840223.48151 3133067.41874 3028183.86902 1550148.17915 0.0 0.0 0.0 0.0 0.0 0.0 0.0 254093.266968 0.0 0.0 0.0 0.0 0.0 -1.0 -1.0 -1.0 -1.0 -1.0 -1.0 -1.0 -1.0 -1.0 -1.0 0.0 0.0 0.0 0.0 0.0 0.0 0.0 0.0 0.0 0.0 0.0 97936.2837375 -1.0 -1.0 -1.0 -1.0 -1.0 -1.0 -1.0 -1.0 -1.0 -1.0 -1.0 -1.0
11703.1717983 9726.74516183 12516.6142054 10289.1887805 9615.22926 10780.8274143 57214.9221352 140524.631013 122832.902544 121913.531743 122118.176418 143896.759955 253365.740577 97831.5615165 160872.038258 739486.415358 670727.360578 698191.492608 549103.846018 309578.29037 211738.302753 348756.959944 472991.324093 384438.577696 122911.576742 463201.928978 152563.088798 1528459.95742 1907954.08857 120651.12244 563790.354551 0.0 1874333.89319 0.0 0.0 0.0 0.0 0.0 0.0 0.0 0.0 160871.785956 -1.0 22998.1459323 0.0 0.0 0.0 -1.0 -1.0 -1.0 -1.0 -1.0 -1.0 -1.0 -1.0 -1.0 -1.0 -1.0 0.0 0.0 0.0 0.0 1158983.90893 0.0 0.0 0.0 0.0 -1.0 -1.0 -1.0 -1.0 -1.0 -1.0 -1.0 -1.0 -1.0 -1.0 -1.0 -1.0 -1.0 -1.0 -1.0 -1.0
11937.1312326 16312.7944201 15918.5193118 38703.3285793 54795.8777878 86334.3646659 230877.380085 322147.769384 363669.616982 575983.499208 457016.105475 323899.583513 82783.06026 0.0 0.0 972207.86481 717940.73601 478278.642013 619890.270827 605067.605688 361452.458151 2455925.52116 0.0 970669.938288 0.0 0.0 1112284.40794 2111648.26984 2399564.88293 3080598.31039 0.0 0.0 0.0 0.0 0.0 0.0 0.0 0.0 0.0 0.0 0.0 -1.0 -1.0 -1.0 -1.0 -1.0 -1.0 -1.0 -1.0 -1.0 -1.0 -1.0 -1.0 -1.0 -1.0 -1.0 -1.0 0.0 0.0 0.0 1047475.41241 206812.225718 -1.0 0.0 0.0 0.0 -1.0 -1.0 -1.0 -1.0 -1.0 -1.0 -1.0 -1.0 -1.0 -1.0 -1.0 -1.0 -1.0 -1.0 -1.0 -1.0 -1.0
16486.9826651 61990.3918548 176965.274309 297716.727148 306155.614679 286757.667105 233830.39637 169568.715028 305843.949732 286791.922902 388074.500588 0.0 0.0 0.0 0.0 0.0 957515.074017 370495.904121 0.0 0.0 1151702.69425 1224601.91012 912880.013311 0.0 94563.0935763 112793.535446 1210088.16282 1120779.91825 755900.721737 1357201.81482 0.0 0.0 0.0 0.0 0.0 0.0 0.0 0.0 0.0 -1.0 -1.0 -1.0 -1.0 -1.0 -1.0 -1.0 -1.0 -1.0 -1.0 -1.0 -1.0 -1.0 -1.0 -1.0 -1.0 -1.0 -1.0 -1.0 0.0 0.0 0.0 0.0 -1.0 -1.0 -1.0 -1.0 -1.0 -1.0 -1.0 -1.0 -1.0 -1.0 -1.0 -1.0 -1.0 -1.0 -1.0 -1.0 -1.0 -1.0 -1.0 -1.0 -1.0
104689.466224 257961.920156 365159.541011 253280.88337 157150.828593 380395.427094 259976.752625 350309.570925 387693.629195 0.0 0.0 0.0 0.0 0.0 0.0 0.0 0.0 4102258.71153 1556514.99092 197131.763629 89089.8709449 536673.781108 285919.243274 51513.6027558 125038.804028 1142257.55774 2285466.57583 2252595.83487 0.0 0.0 0.0 0.0 0.0 0.0 0.0 0.0 0.0 0.0 0.0 -1.0 -1.0 -1.0 -1.0 -1.0 -1.0 -1.0 -1.0 -1.0 -1.0 -1.0 -1.0 -1.0 -1.0 -1.0 -1.0 -1.0 -1.0 -1.0 -1.0 0.0 0.0 0.0 -1.0 -1.0 -1.0 -1.0 -1.0 -1.0 -1.0 -1.0 -1.0 -1.0 -1.0 -1.0 -1.0 -1.0 -1.0 -1.0 -1.0 -1.0 -1.0 -1.0 -1.0
1006229.69288 748205.636692 470965.525397 326814.212634 637775.014208 416662.258971 758886.317386 0.0 2956153.22433 0.0 0.0 5538256.76123 0.0 0.0 5442459.08698 0.0 0.0 4805505.8414 4876084.37175 3517667.72117 424793.189676 28091.0261215 3004.41959185 94132.3368919 1302563.12767 590883.210106 533670.190169 4418348.45972 719496.345753 1517902.10941 0.0 0.0 0.0 0.0 0.0 0.0 0.0 0.0 0.0 -1.0 -1.0 -1.0 -1.0 -1.0 -1.0 -1.0 -1.0 -1.0 -1.0 -1.0 -1.0 -1.0 -1.0 -1.0 -1.0 -1.0 -1.0 -1.0 0.0 0.0 0.0 1354430.90235 55525.9891807 -1.0 -1.0 -1.0 -1.0 -1.0 -1.0 -1.0 -1.0 -1.0 -1.0 -1.0 -1.0 -1.0 -1.0 -1.0 -1.0 -1.0 -1.0 -1.0 -1.0
107103.714065 249530.266572 168005.312048 248650.539067 385799.852522 448172.757653 0.0 0.0 0.0 0.0 0.0 0.0 1941631.38441 321705.650164 468072.188353 4371961.70619 0.0 358405.908847 2984392.52476 192733.69286 7855.19321768 -1.0 40668.4082721 871289.496041 1200405.15173 0.0 2601771.7635 270604.857718 1411038.49953 0.0 0.0 0.0 0.0 0.0 0.0 0.0 0.0 -1.0 -1.0 -1.0 -1.0 -1.0 -1.0 -1.0 -1.0 -1.0 -1.0 -1.0 -1.0 -1.0 -1.0 -1.0 -1.0 -1.0 -1.0 -1.0 -1.0 -1.0 0.0 0.0 0.0 0.0 0.0 -1.0 -1.0 -1.0 -1.0 -1.0 -1.0 -1.0 -1.0 -1.0 -1.0 -1.0 -1.0 -1.0 -1.0 -1.0 -1.0 -1.0 -1.0 -1.0 -1.0
543507.176272 569004.43624 393601.540563 0.0 502742.703179 644687.919115 0.0 0.0 0.0 0.0 4038150.20109 724082.860044 122604.130848 192550.551856 622332.943136 1028579.28071 887686.68296 1016596.75273 32118.3704957 -1.0 -1.0 75807.2507643 566292.779682 783144.643365 614294.105284 749666.556569 208269.884752 0.0 1111225.58534 1280080.9055 1767498.78996 0.0 0.0 0.0 506708.29346 -1.0 -1.0 -1.0 -1.0 -1.0 -1.0 -1.0 -1.0 -1.0 -1.0 -1.0 -1.0 -1.0 -1.0 -1.0 -1.0 -1.0 -1.0 -1.0 -1.0 -1.0 -1.0 -1.0 380925.885928 0.0 0.0 0.0 0.0 -1.0 -1.0 -1.0 -1.0 -1.0 -1.0 -1.0 -1.0 -1.0 -1.0 -1.0 -1.0 -1.0 -1.0 -1.0 -1.0 -1.0 -1.0 -1.0 -1.0
363363.768668 527511.729916 0.0 0.0 1038738.55786 0.0 1919558.04589 0.0 0.0 4374761.27171 458689.594279 104520.87545 99070.8770327 102623.385658 70097.1544591 55155.5717163 51183.9639158 8055.96018814 -1.0 -1.0 -1.0 30489.0438288 860679.87471 253694.44861 -1.0 -1.0 -1.0 -1.0 -1.0 196348.438312 1290715.99231 0.0 0.0 0.0 286513.479207 -1.0 -1.0 -1.0 -1.0 -1.0 -1.0 -1.0 -1.0 -1.0 -1.0 -1.0 -1.0 -1.0 -1.0 -1.0 -1.0 -1.0 -1.0 -1.0 -1.0 -1.0 -1.0 -1.0 0.0 0.0 0.0 0.0 0.0 -1.0 -1.0 -1.0 -1.0 -1.0 -1.0 -1.0 -1.0 -1.0 -1.0 -1.0 -1.0 -1.0 -1.0 -1.0 -1.0 -1.0 -1.0 -1.0 -1.0
728142.566506 707095.351414 377390.760383 4298412.90397 2286370.99652 0.0 3985152.82958 1227809.95035 2718788.83138 765946.275115 105643.194914 84611.114844 76673.7603558 105968.108721 0.0 -1.0 -1.0 -1.0 -1.0 -1.0 -1.0 464872.787497 49067.7812622 -1.0 -1.0 -1.0 -1.0 -1.0 -1.0 1078286.28231 1186221.9609 0.0 0.0 0.0 0.0 0.0 -1.0 -1.0 -1.0 -1.0 -1.0 -1.0 -1.0 -1.0 -1.0 -1.0 -1.0 -1.0 -1.0 -1.0 -1.0 -1.0 -1.0 -1.0 -1.0 -1.0 -1.0 -1.0 2496994.8403 0.0 0.0 2897323.64829 0.0 -1.0 -1.0 -1.0 -1.0 -1.0 -1.0 -1.0 -1.0 -1.0 -1.0 -1.0 -1.0 -1.0 -1.0 -1.0 -1.0 -1.0 -1.0 -1.0 -1.0
914900.317579 1692022.39421 0.0 0.0 1408158.3839 0.0 0.0 1477086.78355 139991.734637 134952.586069 97687.8581704 78050.76766 79455.6386446 33057.8743646 0.0 0.0 320.448148343 -1.0 -1.0 -1.0 -1.0 -1.0 -1.0 -1.0 -1.0 -1.0 -1.0 -1.0 285122.064756 1671249.21645 1980825.07656 2052113.08948 0.0 0.0 0.0 0.0 461972.811328 -1.0 -1.0 -1.0 -1.0 -1.0 -1.0 -1.0 -1.0 -1.0 -1.0 -1.0 -1.0 -1.0 -1.0 -1.0 -1.0 -1.0 -1.0 0.0 0.0 831177.773183 0.0 0.0 0.0 543475.042527 -1.0 -1.0 -1.0 -1.0 -1.0 -1.0 -1.0 -1.0 -1.0 -1.0 -1.0 -1.0 -1.0 -1.0 -1.0 -1.0 -1.0 -1.0 -1.0 -1.0 -1.0
777436.630278 3197222.54984 1084934.67251 0.0 758768.78533 1536827.65389 2854927.48898 0.0 162524.9115 103811.044538 90147.1854804 84620.1669045 93474.954867 60208.7112103 64545.8630294 44993.3151992 0.0 -1.0 -1.0 149050.549508 755552.569219 268129.857328 -1.0 0.0 -1.0 -1.0 -1.0 -1.0 0.0 237233.289708 115628.834443 460214.856031 2489114.62273 762992.83341 0.0 0.0 0.0 0.0 -1.0 -1.0 0.0 -1.0 -1.0 -1.0 -1.0 -1.0 -1.0 -1.0 -1.0 -1.0 -1.0 -1.0 -1.0 -1.0 -1.0 0.0 886115.082509 3683109.5663 0.0 0.0 0.0 -1.0 -1.0 -1.0 -1.0 -1.0 -1.0 -1.0 -1.0 -1.0 -1.0 -1.0 -1.0 -1.0 -1.0 -1.0 -1.0 -1.0 -1.0 -1.0 -1.0 -1.0 -1.0
779309.116301 256658.273414 1239033.06544 957787.31295 405998.248791 0.0 761815.998625 2846144.14864 190893.208246 90936.0765367 103426.795046 114354.73942 91666.0550186 89127.4077249 98699.5005772 90724.4451729 65181.6106938 0.0 106221.872581 1195694.69137 404147.897244 2576348.93643 0.0 0.0 42911.748913 -1.0 -1.0 -1.0 -1.0 -1.0 -1.0 -1.0 933949.373619 4776304.94892 0.0 0.0 0.0 0.0 -1.0 -1.0 -1.0 -1.0 -1.0 -1.0 -1.0 -1.0 -1.0 -1.0 -1.0 -1.0 -1.0 -1.0 0.0 0.0 0.0 1793787.90868 0.0 0.0 0.0 0.0 0.0 -1.0 -1.0 -1.0 -1.0 -1.0 -1.0 -1.0 -1.0 -1.0 -1.0 -1.0 -1.0 -1.0 -1.0 -1.0 -1.0 -1.0 -1.0 -1.0 -1.0 -1.0 -1.0
0.0 575153.999033 3156048.43514 0.0 1953638.29324 3041168.36486 653230.238862 1740551.11609 116158.718015 108791.84585 137124.624217 109549.924738 454417.437281 1072615.02839 1883207.27671 1614467.0982 590301.872389 314920.300853 578697.498085 756724.455853 0.0 0.0 339020.616139 113957.99415 -1.0 -1.0 -1.0 -1.0 -1.0 -1.0 -1.0 669114.098037 3596047.41951 4574026.69429 0.0 0.0 0.0 0.0 -1.0 -1.0 -1.0 -1.0 -1.0 -1.0 -1.0 -1.0 -1.0 -1.0 -1.0 -1.0 -1.0 -1.0 1918402.22469 2056672.88096 0.0 0.0 0.0 0.0 0.0 0.0 0.0 -1.0 -1.0 -1.0 -1.0 -1.0 -1.0 -1.0 -1.0 -1.0 -1.0 -1.0 -1.0 -1.0 -1.0 -1.0 -1.0 -1.0 -1.0 -1.0 -1.0 -1.0 -1.0
2442010.86352 2543007.91435 1329813.62459 0.0 791263.553638 1002856.95427 2565183.0308 1138514.28534 119095.55645 123471.525347 119306.658784 1218851.79881 2986909.42313 2668289.53775 0.0 747207.482656 2599915.97901 798068.098118 599841.842809 552713.735941 890817.33624 -1.0 -1.0 -1.0 -1.0 -1.0 -1.0 -1.0 -1.0 -1.0 -1.0 35797.6291186 3824424.06199 5524045.30527 0.0 0.0 0.0 0.0 0.0 -1.0 -1.0 -1.0 -1.0 -1.0 -1.0 0.0 -1.0 -1.0 -1.0 -1.0 -1.0 0.0 0.0 0.0 0.0 0.0 0.0 0.0 917970.58057 1866406.3061 187655.107097 -1.0 -1.0 -1.0 -1.0 -1.0 -1.0 -1.0 -1.0 -1.0 -1.0 -1.0 -1.0 -1.0 -1.0 -1.0 -1.0 -1.0 -1.0 -1.0 -1.0 -1.0 -1.0
613342.657078 1678133.60208 2575094.31767 2155466.78791 984586.373836 0.0 0.0 1500729.29419 155396.154934 113695.316791 114666.877212 453431.224207 773884.247275 2007333.91377 502542.432699 0.0 563428.990078 0.0 562075.147936 172558.090971 -1.0 -1.0 -1.0 -1.0 -1.0 -1.0 -1.0 -1.0 -1.0 -1.0 -1.0 -1.0 2448682.35148 0.0 0.0 0.0 0.0 0.0 0.0 -1.0 -1.0 -1.0 -1.0 -1.0 0.0 0.0 0.0 0.0 0.0 0.0 0.0 0.0 0.0 0.0 0.0 0.0 0.0 0.0 101410.025046 418338.35394 185832.713514 -1.0 -1.0 -1.0 -1.0 -1.0 -1.0 -1.0 -1.0 -1.0 -1.0 -1.0 -1.0 -1.0 -1.0 -1.0 -1.0 -1.0 -1.0 -1.0 -1.0 -1.0 -1.0
851563.070846 1446293.10582 4302521.92872 5751012.94773 2508677.2175 2019216.01081 511529.890001 122485.120152 106824.690527 102562.300763 112492.022471 418201.405774 663645.489825 2249561.21738 2463318.85453 1772255.85664 1058371.76395 1313906.45977 67762.5110991 -1.0 -1.0 -1.0 -1.0 -1.0 -1.0 -1.0 -1.0 -1.0 -1.0 -1.0 -1.0 823264.934253 0.0 0.0 0.0 0.0 0.0 2278111.12 -1.0 -1.0 -1.0 -1.0 -1.0 0.0 0.0 0.0 0.0 0.0 0.0 0.0 0.0 0.0 1435541.54773 3604672.07926 0.0 0.0 0.0 0.0 555363.56937 740975.909213 -1.0 -1.0 -1.0 -1.0 -1.0 -1.0 -1.0 -1.0 -1.0 -1.0 -1.0 -1.0 -1.0 -1.0 -1.0 -1.0 -1.0 -1.0 -1.0 -1.0 -1.0 -1.0 -1.0
1598383.63686 0.0 1208446.55147 1721240.71704 1641662.24887 1888153.03144 329511.130858 138169.114436 134513.424477 158226.964475 157074.618153 142683.279039 101055.85494 707578.692109 2065302.34644 657756.073151 744033.101066 1206255.86109 8077.08832246 -1.0 -1.0 -1.0 -1.0 -1.0 -1.0 -1.0 -1.0 -1.0 -1.0 -1.0 -1.0 313027.575003 0.0 0.0 1401403.2256 1046169.64666 0.0 339748.659374 -1.0 -1.0 -1.0 0.0 0.0 0.0 0.0 0.0 0.0 0.0 1416291.74572 1557565.06062 0.0 0.0 0.0 1562552.48048 1849055.38936 1330905.82788 0.0 432923.389786 136136.652674 -1.0 -1.0 -1.0 -1.0 -1.0 -1.0 -1.0 -1.0 -1.0 -1.0 -1.0 -1.0 -1.0 -1.0 -1.0 -1.0 -1.0 -1.0 -1.0 -1.0 -1.0 -1.0 -1.0 -1.0
