critload/trunk/input/1999/nsro_ag.asc
ncols 720
nrows 360
xllcorner -180
yllcorner -90
cellsize 0.5
NODATA_value -1
[rows 180 to 215 of 360, columns 243 to 323 of 720]
0.0 0.0 0.0 0.0 0.0 0.0 0.0 0.0 0.0 0.0 0.0 0.0 0.0 0.0 0.0 0.0 0.0 0.0 0.0 0.0 0.0 -1.0 -1.0 -1.0 -1.0 -1.0 -1.0 -1.0 -1.0 -1.0 -1.0 -1.0 -1.0 -1.0 -1.0 -1.0 -1.0 -1.0 -1.0 -1.0 -1.0 -1.0 -1.0 -1.0 -1.0 -1.0 -1.0 -1.0 -1.0 -1.0 -1.0 -1.0 -1.0 -1.0 -1.0 -1.0 -1.0 -1.0 -1.0 -1.0 -1.0 -1.0 -1.0 -1.0 -1.0 -1.0 -1.0 -1.0 -1.0 -1.0 -1.0 -1.0 -1.0 -1.0 -1.0 -1.0 -1.0 -1.0 -1.0 -1.0 -1.0
0.0 0.0 0.0 0.0 0.0 0.0 0.0 0.0 0.0 0.0 0.0 0.0 0.0 0.0 0.0 0.0 0.0 0.0 0.0 0.0 3572.43689716 0.0 0.0 0.0 0.0 -1.0 -1.0 -1.0 -1.0 -1.0 -1.0 -1.0 -1.0 -1.0 -1.0 -1.0 -1.0 -1.0 -1.0 -1.0 -1.0 -1.0 -1.0 -1.0 -1.0 -1.0 -1.0 -1.0 -1.0 -1.0 -1.0 -1.0 -1.0 -1.0 -1.0 -1.0 -1.0 -1.0 -1.0 -1.0 -1.0 -1.0 -1.0 -1.0 -1.0 -1.0 -1.0 -1.0 -1.0 -1.0 -1.0 -1.0 -1.0 -1.0 -1.0 -1.0 -1.0 -1.0 -1.0 -1.0 -1.0
0.0 0.0 0.0 0.0 0.0 0.0 0.0 0.0 0.0 0.0 0.0 0.0 0.0 0.0 0.0 0.0 0.0 0.0 0.0 0.0 789.9832780599972 0.0 0.0 0.0 0.0 0.0 0.0 -1 -1.0 -1.0 -1.0 -1.0 -1.0 -1.0 -1.0 -1.0 -1.0 -1.0 -1.0 -1.0 -1.0 -1.0 -1.0 -1.0 -1.0 -1.0 -1.0 -1.0 -1.0 -1.0 -1.0 -1.0 -1.0 -1.0 -1.0 -1.0 -1.0 -1.0 -1.0 -1.0 -1.0 -1.0 -1.0 -1.0 -1.0 -1.0 -1.0 -1.0 -1.0 -1.0 -1.0 -1.0 -1.0 -1.0 -1.0 -1.0 -1.0 -1.0 -1.0 -1.0 -1.0
0.0 0.0 0.0 0.0 0.0 115264.79198370001 0.0 0.0 0.0 0.0 0.0 0.0 -11971.118583099997 0.0 0.0 0.0 0.0 0.0 0.0 -49867.1481992 0.0 0.0 0.0 0.0 0.0 0.0 0.0 0.0 -1.0 -1.0 -1.0 -1.0 -1.0 -1.0 -1.0 -1.0 -1.0 -1.0 -1.0 -1.0 -1.0 -1.0 -1.0 -1.0 -1.0 -1.0 -1.0 -1.0 -1.0 -1.0 -1.0 -1.0 -1.0 -1.0 -1.0 -1.0 -1.0 -1.0 -1.0 -1.0 -1.0 -1.0 -1.0 -1.0 -1.0 -1.0 -1.0 -1.0 -1.0 -1.0 -1.0 -1.0 -1.0 -1.0 -1.0 -1.0 -1.0 -1.0 -1.0 -1.0 -1.0
0.0 0.0 0.0 0.0 45720.62262060004 0.0 -60780.867676543014 0.0 0.0 0.0 0.0 0.0 0.0 0.0 0.0 0.0 0.0 0.0 0.0 0.0 0.0 0.0 0.0 0.0 0.0 0.0 0.0 0.0 0.0 0.0 -74.44815348359998 -1.0 -1.0 -1.0 -1.0 -1.0 -1.0 -1.0 -1.0 -1.0 -1.0 -1.0 -1.0 -1.0 -1.0 -1.0 -1.0 -1.0 -1.0 -1.0 -1.0 -1.0 -1.0 -1.0 -1.0 -1.0 -1.0 -1.0 -1.0 -1.0 -1.0 -1.0 -1.0 -1.0 -1.0 -1.0 -1.0 -1.0 -1.0 -1.0 -1.0 -1.0 -1.0 -1.0 -1.0 -1.0 -1.0 -1.0 -1.0 -1.0 -1.0
0.0 0.0 0.0 0.0 0.0 0.0 0.0 0.0 0.0 0.0 0.0 0.0 0.0 0.0 0.0 0.0 0.0 0.0 0.0 0.0 0.0 0.0 0.0 0.0 0.0 0.0 0.0 0.0 0.0 0.0 0.0 0.0 0.0 2239.01122785 1564.012171272001 12979.565931780002 5581.243342680002 917.4536897360003 -1.0 -1.0 -1.0 -1.0 -1.0 -1.0 -1.0 -1.0 -1.0 -1.0 -1.0 -1.0 -1.0 -1.0 -1.0 -1.0 -1.0 -1.0 -1.0 -1.0 -1.0 -1.0 -1.0 -1.0 -1.0 -1.0 -1.0 -1.0 -1.0 -1.0 -1.0 -1.0 -1.0 -1.0 -1.0 -1.0 -1.0 -1.0 -1.0 -1.0 -1.0 -1.0 -1.0
38849.94476039999 0.0 0.0 0.0 0.0 0.0 0.0 0.0 0.0 0.0 0.0 0.0 0.0 0.0 0.0 0.0 0.0 0.0 0.0 0.0 0.0 0.0 0.0 0.0 0.0 0.0 0.0 0.0 0.0 0.0 0.0 0.0 0.0 3944.0188852409997 426652.40846538 363593.62001109996 0.0 59352.01044839999 -1323.5921062400012 0.0 -1.0 -1.0 -1.0 -1.0 -1.0 -1.0 -1.0 -1.0 -1.0 -1.0 -1.0 -1.0 -1.0 -1.0 -1.0 -1.0 -1.0 -1.0 -1.0 -1.0 -1.0 -1.0 -1.0 -1.0 -1.0 -1.0 -1.0 -1.0 -1.0 -1.0 -1.0 -1.0 -1.0 -1.0 -1.0 -1.0 -1.0 -1.0 -1.0 -1.0 -1.0
0.0 0.0 0.0 0.0 0.0 0.0 0.0 0.0 0.0 0.0 0.0 0.0 412605.2902884001 0.0 0.0 0.0 0.0 0.0 0.0 0.0 0.0 0.0 0.0 0.0 0.0 0.0 0.0 0.0 0.0 0.0 0.0 0.0 0.0 13038.633844580001 30785.976947879997 0.0 116158.94741920002 727072.1104149 0.0 355324.3393295 30380.705995313998 -1.0 -1.0 -1.0 -1.0 -1.0 -1.0 -1.0 -1.0 -1.0 -1.0 -1.0 -1.0 -1.0 -1.0 -1.0 -1.0 -1.0 -1.0 -1.0 -1.0 -1.0 -1.0 -1.0 -1.0 -1.0 -1.0 -1.0 -1.0 -1.0 -1.0 -1.0 -1.0 -1.0 -1.0 -1.0 -1.0 -1.0 -1.0 -1.0 -1.0
0.0 0.0 0.0 0.0 0.0 344147.32067010005 0.0 0.0 0.0 0.0 61522.44690660003 17386.56274500006 0.0 0.0 0.0 0.0 0.0 0.0 0.0 0.0 0.0 0.0 0.0 0.0 0.0 0.0 0.0 0.0 0.0 0.0 0.0 0.0 0.0 0.0 0.0 0.0 0.0 239902.98811679997 0.0 0.0 -5385.870063600014 260.54071572400017 -1.0 -1.0 -1.0 -1.0 -1.0 -1.0 -1.0 -1.0 -1.0 -1.0 -1.0 -1.0 -1.0 -1.0 -1.0 -1.0 -1.0 -1.0 -1.0 -1.0 -1.0 -1.0 -1.0 -1.0 -1.0 -1.0 -1.0 -1.0 -1.0 -1.0 -1.0 -1.0 -1.0 -1.0 -1.0 -1.0 -1.0 -1.0 -1.0
0.0 0.0 0.0 0.0 0.0 0.0 0.0 0.0 0.0 0.0 0.0 0.0 0.0 0.0 0.0 0.0 0.0 0.0 0.0 0.0 0.0 115576.50294210005 262811.8287702999 0.0 0.0 0.0 0.0 0.0 0.0 0.0 0.0 0.0 0.0 0.0 0.0 0.0 718718.9140493001 0.0 0.0 0.0 505.15171874000043 -7733.682147599997 -1230.119855799996 0.0 -1.0 -1.0 -1.0 -1.0 -1.0 -1.0 -1.0 -1.0 -1.0 -1.0 -1.0 -1.0 -1.0 -1.0 -1.0 -1.0 -1.0 -1.0 -1.0 -1.0 -1.0 -1.0 -1.0 -1.0 -1.0 -1.0 -1.0 -1.0 -1.0 -1.0 -1.0 -1.0 -1.0 -1.0 -1.0 -1.0 -1.0
0.0 0.0 0.0 0.0 0.0 0.0 0.0 0.0 0.0 0.0 0.0 0.0 0.0 0.0 0.0 0.0 0.0 0.0 0.0 0.0 -59408.65300389999 22727.48814890001 0.0 0.0 0.0 0.0 0.0 0.0 0.0 0.0 0.0 0.0 0.0 0.0 0.0 0.0 0.0 0.0 0.0 62911.290155959956 -8263.621536899998 0.0 0.0 50513.5930563 0.0 2120.25974914 33238.170111328 -1.0 -1.0 -1.0 -1.0 -1.0 -1.0 -1.0 -1.0 -1.0 -1.0 -1.0 -1.0 -1.0 -1.0 -1.0 -1.0 -1.0 -1.0 -1.0 -1.0 -1.0 -1.0 -1.0 -1.0 -1.0 -1.0 -1.0 -1.0 -1.0 -1.0 -1.0 -1.0 -1.0 -1.0
0.0 0.0 0.0 0.0 0.0 0.0 0.0 0.0 0.0 0.0 0.0 0.0 0.0 0.0 0.0 0.0 0.0 0.0 0.0 0.0 0.0 -15856.254172509995 77099.19520908 0.0 0.0 0.0 0.0 0.0 0.0 0.0 0.0 0.0 0.0 0.0 0.0 0.0 0.0 0.0 0.0 0.0 733216.7763467999 0.0 0.0 47798.02755500001 0.0 125049.9209573 22778.15405103 -1.0 -1.0 -1.0 -1.0 -1.0 -1.0 -1.0 -1.0 -1.0 -1.0 -1.0 -1.0 -1.0 -1.0 -1.0 -1.0 -1.0 -1.0 -1.0 -1.0 -1.0 -1.0 -1.0 -1.0 -1.0 -1.0 -1.0 -1.0 -1.0 -1.0 -1.0 -1.0 -1.0 -1.0
0.0 0.0 0.0 0.0 0.0 0.0 0.0 0.0 0.0 -158821.5810583759 0.0 499449.7846757 0.0 0.0 0.0 0.0 0.0 0.0 0.0 0.0 0.0 0.0 -7790.219178529998 -1998.6926435400019 0.0 0.0 0.0 0.0 0.0 0.0 0.0 0.0 0.0 0.0 0.0 0.0 0.0 0.0 186672.59825583996 592323.7168810001 236404.80011950003 0.0 451826.9642821 689974.1720916 87234.3498264 453393.54011832 0.0 6057.320068691 -1.0 -1.0 -1.0 -1.0 -1.0 -1.0 -1.0 -1.0 -1.0 -1.0 -1.0 -1.0 -1.0 -1.0 -1.0 -1.0 -1.0 -1.0 -1.0 -1.0 -1.0 -1.0 -1.0 -1.0 -1.0 -1.0 -1.0 -1.0 -1.0 -1.0 -1.0 -1.0 -1.0
0.0 0.0 0.0 0.0 0.0 0.0 0.0 0.0 0.0 0.0 0.0 0.0 0.0 0.0 0.0 0.0 0.0 0.0 0.0 0.0 0.0 28338.805241995004 0.0 0.0 0.0 0.0 0.0 0.0 0.0 0.0 0.0 0.0 0.0 0.0 0.0 0.0 0.0 0.0 29245.022462000023 70172.77082889999 595162.28959304 680966.31483808 0.0 0.0 273087.1632696 638419.6060976001 0.0 0.0 -1.0 -1.0 -1.0 -1.0 -1.0 -1.0 -1.0 -1.0 -1.0 -1.0 -1.0 -1.0 -1.0 -1.0 -1.0 -1.0 -1.0 -1.0 -1.0 -1.0 -1.0 -1.0 -1.0 -1.0 -1.0 -1.0 -1.0 -1.0 -1.0 -1.0 -1.0 -1.0 -1.0
0.0 0.0 0.0 0.0 0.0 0.0 0.0 0.0 0.0 331820.87510320003 0.0 0.0 0.0 0.0 0.0 0.0 0.0 0.0 0.0 0.0 0.0 0.0 0.0 0.0 0.0 0.0 0.0 0.0 0.0 0.0 -33975.61300339992 -84045.37639840001 0.0 0.0 0.0 0.0 0.0 0.0 623042.2030299 64023.19606679998 454032.8626633 602247.5792679 96538.86415760001 349334.4942823 228196.06512881 596737.8401262001 84231.90492500004 12321.9421687 -1.0 -1.0 -1.0 -1.0 -1.0 -1.0 -1.0 -1.0 -1.0 -1.0 -1.0 -1.0 -1.0 -1.0 -1.0 -1.0 -1.0 -1.0 -1.0 -1.0 -1.0 -1.0 -1.0 -1.0 -1.0 -1.0 -1.0 -1.0 -1.0 -1.0 -1.0 -1.0 -1.0
0.0 0.0 0.0 0.0 0.0 0.0 0.0 0.0 0.0 0.0 0.0 0.0 0.0 0.0 0.0 0.0 0.0 0.0 0.0 0.0 13088.992862009398 12195.718685115302 0.0 0.0 0.0 0.0 0.0 0.0 0.0 108199.589689641 -56462.30439180002 -88984.267919 0.0 0.0 0.0 0.0 0.0 0.0 0.0 456211.9463457101 0.0 249016.49046158002 184579.05693850003 401125.53209444997 510101.78471385996 616514.8789057 7171.156462999992 12518.432777310001 -1.0 -1.0 -1.0 -1.0 -1.0 -1.0 -1.0 -1.0 -1.0 -1.0 -1.0 -1.0 -1.0 -1.0 -1.0 -1.0 -1.0 -1.0 -1.0 -1.0 -1.0 -1.0 -1.0 -1.0 -1.0 -1.0 -1.0 -1.0 -1.0 -1.0 -1.0 -1.0 -1.0
0.0 0.0 0.0 0.0 0.0 0.0 0.0 0.0 0.0 0.0 0.0 0.0 0.0 0.0 0.0 0.0 0.0 0.0 0.0 0.0 14642.567792605701 13916.9791686878 26936.8528633245 0.0 0.0 0.0 0.0 0.0 0.0 0.0 68758.45059240004 0.0 0.0 0.0 0.0 0.0 0.0 124247.70892291999 0.0 95043.6225679 0.0 232888.9130826 209543.55357710004 829517.6417965001 840981.0108207 658045.8643112 492229.2593427 0.0 -1.0 -1.0 -1.0 -1.0 -1.0 -1.0 -1.0 -1.0 -1.0 -1.0 -1.0 -1.0 -1.0 -1.0 -1.0 -1.0 -1.0 -1.0 -1.0 -1.0 -1.0 -1.0 -1.0 -1.0 -1.0 -1.0 -1.0 -1.0 -1.0 -1.0 -1.0 -1.0 -1.0
0.0 0.0 0.0 0.0 0.0 0.0 0.0 0.0 0.0 0.0 0.0 0.0 0.0 0.0 0.0 0.0 0.0 0.0 0.0 0.0 0.0 13346.278286404799 21731.1233874183 0.0 0.0 0.0 0.0 0.0 0.0 0.0 0.0 223930.1837224001 -116357.84153921995 0.0 0.0 0.0 0.0 44812.8621743 -39943.15283329999 0.0 0.0 0.0 294256.58461319003 457729.4232071 446572.21836339997 419124.35187719995 0.0 0.0 -1.0 -1.0 -1.0 -1.0 -1.0 -1.0 -1.0 -1.0 -1.0 -1.0 -1.0 -1.0 -1.0 -1.0 -1.0 -1.0 -1.0 -1.0 -1.0 -1.0 -1.0 -1.0 -1.0 -1.0 -1.0 -1.0 -1.0 -1.0 -1.0 -1.0 -1.0 -1.0 -1.0
0.0 0.0 0.0 0.0 0.0 0.0 0.0 0.0 0.0 0.0 0.0 0.0 0.0 0.0 0.0 0.0 15839.300518350003 0.0 -3106.4688716999954 0.0 0.0 27462.1834704871 19991.683958970003 0.0 0.0 0.0 0.0 0.0 0.0 0.0 12468.467930599989 -40509.27222719998 -22578.83472469999 0.0 0.0 0.0 173003.28306462005 182877.7664276 0.0 175955.77681833002 36912.24808715 555115.8843628999 857907.9352799901 908741.4750485 579796.4670404 440494.17741100007 93831.00526085001 -1.0 -1.0 -1.0 -1.0 -1.0 -1.0 -1.0 -1.0 -1.0 -1.0 -1.0 -1.0 -1.0 -1.0 -1.0 -1.0 -1.0 -1.0 -1.0 -1.0 -1.0 -1.0 -1.0 -1.0 -1.0 -1.0 -1.0 -1.0 -1.0 -1.0 -1.0 -1.0 -1.0 -1.0
0.0 0.0 0.0 0.0 0.0 0.0 0.0 0.0 0.0 0.0 0.0 0.0 0.0 0.0 0.0 0.0 0.0 0.0 0.0 0.0 0.0 33114.7300060407 12470.0073234097 0.0 0.0 0.0 0.0 0.0 170416.07596350007 -22082.494715699984 -32983.0605089 -88694.22237929999 -57494.36838370001 0.0 0.0 531613.4065900099 188942.40036663998 204913.7228849 0.0 0.0 0.0 421783.62871837 447114.6132924101 284605.0423662 0.0 182953.4924785 -1.0 -1.0 -1.0 -1.0 -1.0 -1.0 -1.0 -1.0 -1.0 -1.0 -1.0 -1.0 -1.0 -1.0 -1.0 -1.0 -1.0 -1.0 -1.0 -1.0 -1.0 -1.0 -1.0 -1.0 -1.0 -1.0 -1.0 -1.0 -1.0 -1.0 -1.0 -1.0 -1.0 -1.0 -1.0
0.0 0.0 0.0 0.0 0.0 0.0 0.0 0.0 0.0 0.0 0.0 0.0 0.0 0.0 0.0 0.0 0.0 0.0 0.0 0.0 0.0 61459.53535979301 28061.699131490597 0.0 0.0 0.0 0.0 0.0 0.0 0.0 0.0 0.0 0.0 0.0 -29330.623359400022 80823.33669869998 680107.8246177001 450745.5718495 0.0 0.0 80788.60550028 115880.68325134995 188361.9578717 0.0 0.0 -1.0 -1.0 -1.0 -1.0 -1.0 -1.0 -1.0 -1.0 -1.0 -1.0 -1.0 -1.0 -1.0 -1.0 -1.0 -1.0 -1.0 -1.0 -1.0 -1.0 -1.0 -1.0 -1.0 -1.0 -1.0 -1.0 -1.0 -1.0 -1.0 -1.0 -1.0 -1.0 -1.0 -1.0 -1.0 -1.0
0.0 0.0 0.0 0.0 0.0 0.0 0.0 0.0 0.0 0.0 0.0 0.0 0.0 0.0 0.0 0.0 0.0 0.0 0.0 0.0 0.0 0.0 54153.4670101139 0.0 0.0 0.0 0.0 0.0 0.0 0.0 0.0 0.0 0.0 -177035.49111739994 0.0 128033.2342143 655917.64841 458538.94534206006 512462.64307506004 53209.916405619995 72340.49290886 0.0 -105386.30699400004 60217.596517230006 -1.0 -1.0 -1.0 -1.0 -1.0 -1.0 -1.0 -1.0 -1.0 -1.0 -1.0 -1.0 -1.0 -1.0 -1.0 -1.0 -1.0 -1.0 -1.0 -1.0 -1.0 -1.0 -1.0 -1.0 -1.0 -1.0 -1.0 -1.0 -1.0 -1.0 -1.0 -1.0 -1.0 -1.0 -1.0 -1.0 -1.0
0.0 0.0 0.0 0.0 0.0 0.0 0.0 0.0 0.0 0.0 0.0 0.0 0.0 0.0 0.0 0.0 0.0 0.0 1937.3686201000019 22661.487427508 36965.505828331 0.0 65474.89003180197 0.0 0.0 0.0 0.0 0.0 0.0 0.0 0.0 0.0 -81156.61610890005 -178355.35813220002 -9830.203193400055 -372490.4092449999 356264.0867537 34431.34890702003 173034.23803485 240337.9969441 300.2249749999901 42887.69224549999 53986.87809018999 -1.0 -1.0 -1.0 -1.0 -1.0 -1.0 -1.0 -1.0 -1.0 -1.0 -1.0 -1.0 -1.0 -1.0 -1.0 -1.0 -1.0 -1.0 -1.0 -1.0 -1.0 -1.0 -1.0 -1.0 -1.0 -1.0 -1.0 -1.0 -1.0 -1.0 -1.0 -1.0 -1.0 -1.0 -1.0 -1.0 -1.0 -1.0
0.0 0.0 0.0 0.0 0.0 0.0 0.0 0.0 0.0 0.0 0.0 0.0 0.0 0.0 0.0 0.0 0.0 0.0 0.0 8236.932020202992 3656.094024755992 43382.854154892004 40690.805215494 567.1676915999851 0.0 0.0 0.0 0.0 0.0 0.0 132393.59064150002 -200910.95221369993 -213238.7856957002 -144957.49805810006 -72439.37687439998 -47824.81607790003 350885.25031370006 100994.56489756994 275188.90271255 175195.606331 0.0 16427.57934659999 3235.6995287080003 -1.0 -1.0 -1.0 -1.0 -1.0 -1.0 -1.0 -1.0 -1.0 -1.0 -1.0 -1.0 -1.0 -1.0 -1.0 -1.0 -1.0 -1.0 -1.0 -1.0 -1.0 -1.0 -1.0 -1.0 -1.0 -1.0 -1.0 -1.0 -1.0 -1.0 -1.0 -1.0 -1.0 -1.0 -1.0 -1.0 -1.0 -1.0
0.0 0.0 0.0 0.0 0.0 0.0 0.0 0.0 0.0 0.0 0.0 0.0 0.0 0.0 0.0 0.0 0.0 4613.042126586006 0.0 0.0 0.0 0.0 25031.52667704101 155440.91982990006 0.0 0.0 0.0 0.0 0.0 0.0 1058202.0793369 1102506.6549665 451354.2566515 157021.359163 460486.94787930005 0.0 305993.7689996 176547.59564300004 482682.3542902 18459.387669700023 0.0 0.0 -1.0 -1.0 -1.0 -1.0 -1.0 -1.0 -1.0 -1.0 -1.0 -1.0 -1.0 -1.0 -1.0 -1.0 -1.0 -1.0 -1.0 -1.0 -1.0 -1.0 -1.0 -1.0 -1.0 -1.0 -1.0 -1.0 -1.0 -1.0 -1.0 -1.0 -1.0 -1.0 -1.0 -1.0 -1.0 -1.0 -1.0 -1.0 -1.0
0.0 0.0 0.0 0.0 0.0 -19144.22498910001 0.0 0.0 0.0 0.0 0.0 0.0 0.0 0.0 -18914.211506630003 0.0 -24066.090317800015 0.0 -578.1354294970006 0.0 0.0 0.0 0.0 148938.31841390004 0.0 0.0 0.0 0.0 0.0 0.0 0.0 0.0 0.0 0.0 0.0 525250.8278117001 769128.6701551002 824655.804464 44171.59714770003 64840.24546289999 120876.50694023001 -1.0 -1.0 -1.0 -1.0 -1.0 -1.0 -1.0 -1.0 -1.0 -1.0 -1.0 -1.0 -1.0 -1.0 -1.0 -1.0 -1.0 -1.0 -1.0 -1.0 -1.0 -1.0 -1.0 -1.0 -1.0 -1.0 -1.0 -1.0 -1.0 -1.0 -1.0 -1.0 -1.0 -1.0 -1.0 -1.0 -1.0 -1.0 -1.0 -1.0
0.0 0.0 0.0 0.0 0.0 0.0 0.0 0.0 0.0 0.0 0.0 0.0 0.0 15986.413174600006 -20890.791457499996 0.0 -19615.878110599995 4802.300918396002 42235.10935399 37186.24680519001 78958.43850157001 112486.05451705003 156108.38018711 571933.5161506999 551629.78386255 0.0 0.0 -213653.2156631 0.0 0.0 248502.54624588002 39919.53256100009 0.0 0.0 0.0 0.0 -206402.21574500005 -117821.87010599999 384183.8307988001 6742.375451280001 -1.0 -1.0 -1.0 -1.0 -1.0 -1.0 -1.0 -1.0 -1.0 -1.0 -1.0 -1.0 -1.0 -1.0 -1.0 -1.0 -1.0 -1.0 -1.0 -1.0 -1.0 -1.0 -1.0 -1.0 -1.0 -1.0 -1.0 -1.0 -1.0 -1.0 -1.0 -1.0 -1.0 -1.0 -1.0 -1.0 -1.0 -1.0 -1.0 -1.0 -1.0
0.0 0.0 0.0 0.0 0.0 0.0 0.0 0.0 0.0 0.0 0.0 0.0 0.0 0.0 0.0 -1069.0400837999914 -7446.980086799995 22492.154877499997 4477.005701999995 65457.46315875999 44122.08380900009 91726.15708599001 86570.00699390005 142569.5369851 0.0 0.0 0.0 0.0 11049.585630700109 23773.018213100004 37471.2994685 577085.7708038 0.0 0.0 0.0 0.0 0.0 0.0 262279.05672880006 444.6216892399998 -1.0 -1.0 -1.0 -1.0 -1.0 -1.0 -1.0 -1.0 -1.0 -1.0 -1.0 -1.0 -1.0 -1.0 -1.0 -1.0 -1.0 -1.0 -1.0 -1.0 -1.0 -1.0 -1.0 -1.0 -1.0 -1.0 -1.0 -1.0 -1.0 -1.0 -1.0 -1.0 -1.0 -1.0 -1.0 -1.0 -1.0 -1.0 -1.0 -1.0 -1.0
0.0 0.0 0.0 0.0 0.0 0.0 0.0 42566.032145499994 16066.3101082 18603.270581689998 41128.717919 23660.721878700002 0.0 0.0 0.0 -6091.709489899993 9670.730834666007 18700.938317070002 44209.372103600006 68152.23288972 62905.472595499945 81968.6287911 198428.62755819998 199270.12355019996 6062.5457315999665 0.0 0.0 0.0 0.0 46038.127461299984 0.0 845113.7069134001 4179.43467420002 0.0 0.0 0.0 -1099079.4953299998 0.0 0.0 0.0 -1.0 -1.0 -1.0 -1.0 -1.0 -1.0 -1.0 -1.0 -1.0 -1.0 -1.0 -1.0 -1.0 -1.0 -1.0 -1.0 -1.0 -1.0 -1.0 -1.0 -1.0 -1.0 -1.0 -1.0 -1.0 -1.0 -1.0 -1.0 -1.0 -1.0 -1.0 -1.0 -1.0 -1.0 -1.0 -1.0 -1.0 -1.0 -1.0 -1.0 -1.0
0.0 0.0 0.0 0.0 0.0 0.0 0.0 0.0 28687.460679699987 28404.38463780001 46067.41119449999 45565.10903894 0.0 0.0 -21234.26386 3232.0727320000005 -6565.945058699988 -2946.4749209999572 9565.051020999992 72770.6096193 59126.912576200004 47477.94916799999 417818.5083594 174625.23908670002 104479.66391765999 0.0 0.0 41106.662465810005 82560.7981817 146637.01120702 0.0 12678.758514999994 -8698.698555800016 0.0 110234.55458209995 252133.45907009998 0.0 0.0 0.0 -1.0 -1.0 -1.0 -1.0 -1.0 -1.0 -1.0 -1.0 -1.0 -1.0 -1.0 -1.0 -1.0 -1.0 -1.0 -1.0 -1.0 -1.0 -1.0 -1.0 -1.0 -1.0 -1.0 -1.0 -1.0 -1.0 -1.0 -1.0 -1.0 -1.0 -1.0 -1.0 -1.0 -1.0 -1.0 -1.0 -1.0 -1.0 -1.0 -1.0 -1.0 -1.0
0.0 0.0 184924.2416749 164729.82854609995 235471.755949 48805.15634069999 22589.31687329999 17020.058760499996 6106.9082614 2093.533337899993 0.0 51258.39342486 0.0 -28607.915198899995 -56059.1234494 28701.227401110016 107378.54421019997 -53310.80124129995 -44113.53242179996 64006.9482197 90349.99180870003 130382.37647050002 336818.0535579 75331.58605899998 140940.0317404 18713.7210261 22855.296196280004 17519.39872798 341765.1155678 -11958.878107100012 45907.79722070001 40025.99674849998 6172.581278000027 -43511.34301880002 73711.08525200002 0.0 0.0 0.0 0.0 394.85432912199997 -1.0 -1.0 -1.0 -1.0 -1.0 -1.0 -1.0 -1.0 -1.0 -1.0 -1.0 -1.0 -1.0 -1.0 -1.0 -1.0 -1.0 -1.0 -1.0 -1.0 -1.0 -1.0 -1.0 -1.0 -1.0 -1.0 -1.0 -1.0 -1.0 -1.0 -1.0 -1.0 -1.0 -1.0 -1.0 -1.0 -1.0 -1.0 -1.0 -1.0 -1.0
-15356.965885000012 0.0 0.0 0.0 64688.0646213 359082.03511089995 29761.37107265 -1587.789275670002 71164.85082732 0.0 7791.01793982 0.0 0.0 -2419.878027300001 23900.58766209999 10423.89593910001 80534.11683829999 -21285.70654070005 20113.636510299984 54259.401707199984 43720.7377118 0.0 26128.502033180004 84237.08607949999 126833.0105005 47579.29025238 23700.913411949998 159758.4793225 13174.678091399983 27156.328641400003 -13307.86886290001 66924.38532400003 -3712.4183337999857 -104591.52259549999 -178901.3452182 -2173345.85513 0.0 0.0 0.0 0.0 -1.0 -1.0 -1.0 -1.0 -1.0 -1.0 -1.0 -1.0 -1.0 -1.0 -1.0 -1.0 -1.0 -1.0 -1.0 -1.0 -1.0 -1.0 -1.0 -1.0 -1.0 -1.0 -1.0 -1.0 -1.0 -1.0 -1.0 -1.0 -1.0 -1.0 -1.0 -1.0 -1.0 -1.0 -1.0 -1.0 -1.0 -1.0 -1.0 -1.0 -1.0
0.0 0.0 0.0 0.0 -6884.334962769999 0.0 0.0 -7331.885192000016 -27900.969085799996 271035.50909312 36411.95958228 8941.59939989 68556.144051011 44177.52393907 76539.902789098 80821.74274319998 53703.778824899986 12989.127021199965 12405.278062900004 20249.77004620002 27251.77602609998 21177.721698860012 26791.6317651 0.0 72024.74933860001 13201.504985699983 139026.97260960002 0.0 24437.3221778 81577.44363999998 35327.303148299994 -28736.92825560004 32837.23591200006 -124851.30825899995 37398.260443999956 0.0 0.0 0.0 0.0 0.0 -1.0 -1.0 -1.0 -1.0 -1.0 -1.0 -1.0 -1.0 -1.0 -1.0 -1.0 -1.0 -1.0 -1.0 -1.0 -1.0 -1.0 -1.0 -1.0 -1.0 -1.0 -1.0 -1.0 -1.0 -1.0 -1.0 -1.0 -1.0 -1.0 -1.0 -1.0 -1.0 -1.0 -1.0 -1.0 -1.0 -1.0 -1.0 -1.0 -1.0 -1.0
0.0 0.0 0.0 0.0 0.0 0.0 0.0 253274.21334769996 62657.867263910004 29779.5515401 36216.9903789 28196.232973459995 36329.962060899 53884.140200462 49004.686330513 69822.97850472199 -13111.51774750001 17825.76347590002 -18069.36369910001 -26664.400677799946 -12748.926002499997 30737.24033870001 15023.728204399988 0.0 92097.7896591 32488.9025978 -29950.73795650003 0.0 23353.035208900008 159060.3661931 43225.8502665 0.0 660644.5329049999 -135242.75759099994 -170511.049185 15626.879152999958 -36454.03735700005 0.0 0.0 -1.0 -1.0 -1.0 -1.0 -1.0 -1.0 -1.0 -1.0 -1.0 -1.0 -1.0 -1.0 -1.0 -1.0 -1.0 -1.0 -1.0 -1.0 -1.0 -1.0 -1.0 -1.0 -1.0 -1.0 -1.0 -1.0 -1.0 -1.0 -1.0 -1.0 -1.0 -1.0 -1.0 -1.0 -1.0 -1.0 -1.0 -1.0 -1.0 -1.0 -1.0 -1.0
0.0 0.0 0.0 0.0 0.0 -42954.00411229 2244.8514308999947 37643.726779599994 0.0 -823.9984863999998 45090.66205156 58605.533828654006 40779.93395961002 40797.332949699994 40591.1413374 28997.343231899984 -10875.68530869999 4642.785923699994 -72015.06381680002 -63212.95950690005 -34563.7998254 23496.953101799998 31154.651864399988 25966.140255099992 244110.9489615 -28020.735009999975 24809.35325680001 66598.5868924 158576.95197349996 93647.73713349999 75760.14379460001 558.4123109999928 2128.925011000014 5232.431376999943 40476.802785000065 26388.967091 0.0 0.0 0.0 -1.0 -1.0 -1.0 -1.0 -1.0 -1.0 -1.0 -1.0 -1.0 -1.0 -1.0 -1.0 -1.0 -1.0 -1.0 -1.0 -1.0 -1.0 -1.0 -1.0 -1.0 -1.0 -1.0 -1.0 -1.0 -1.0 -1.0 -1.0 -1.0 -1.0 -1.0 -1.0 -1.0 -1.0 -1.0 -1.0 -1.0 -1.0 -1.0 -1.0 -1.0 -1.0
0.0 0.0 0.0 0.0 0.0 0.0 -3503.37807050001 23788.61964749999 49510.40468416549 43815.39216165 66770.51975903571 27631.891103400005 43328.43402 30759.24773402 16868.6285338 21062.682920499996 -39338.7756355 31258.49773148002 -32229.9229416 186645.02097409993 -90897.14272479998 -38424.48995299998 24767.0022741 0.0 0.0 24313.887524100006 53200.390885700006 76667.33592960001 25288.095708299952 38505.4267294 8106.390355999989 0.0 4903.1317979999585 16259.094607000006 41488.095493 0.0 0.0 0.0 0.0 -1.0 -1.0 -1.0 -1.0 -1.0 -1.0 -1.0 -1.0 -1.0 -1.0 -1.0 -1.0 -1.0 -1.0 -1.0 -1.0 -1.0 -1.0 -1.0 -1.0 -1.0 -1.0 -1.0 -1.0 -1.0 -1.0 -1.0 -1.0 -1.0 -1.0 -1.0 -1.0 -1.0 -1.0 -1.0 -1.0 -1.0 -1.0 -1.0 -1.0 -1.0 -1.0
