critload/trunk/input/1999/nsro_nat.asc
ncols 720
nrows 360
xllcorner -180
yllcorner -90
cellsize 0.5
NODATA_value -1
[rows 90 to 119 of 360, columns 402 to 468 of 720]
0.0 16741.5227828 12901.715959600006 -0.000388918142421 -0.000241336849594 0.002174536790451 0.0 0.0 0.0 0.0 0.0 -6.261937208300002e-05 0.0 -3.8697585270999985e-05 4765.8302704 -13234.9939544 -783.054210199 -167.797328762 -1.0 -1.0 -1.0 -1.0 -1.0 -1.0 0.0 -0.0012728447194479998 -76.15685259999736 5558.40539405 4028.0205607599996 -1.0 -1.0 -1.0 0.0 9440.7859752 -6385.768183100001 -0.000254214536693 0.0 -4.78045273207e-05 0.0 0.0 0.001094951022682 0.0011216305404300002 0.0 0.00222857133523 0.0 0.0006081909213999999 0.00043089420637 0.0 0.0 -5.07247860417e-05 0.0 -400.410905276 -249.633573436 0.0 0.0 0.0 0.0 0.0 -384.060617625 -161.672019118 -1446.26755409 -1692.0548232900003 -1394.6446922500002 -1675.55736435 -1421.4266034500001 2588.0763775 1685.7309618799998
-0.000979014149169 15565.656618999994 0.005754565365183 0.0 -0.000329413267309 0.0006365590459740001 0.0 0.0 0.0002967863243999 0.0 0.0003793895971887 0.0 -0.000365983372703 0.0 -9175.221402699999 -5.066332439999769 -1.0 -1.0 -1.0 -1.0 -1.0 -1.0 -1.0 -1.0 -1.0 11255.687583440002 4335.873223599 -1.0 -1.0 -1.0 -1.0 -1.0 -1.0 -1.0 440.90848974700003 10984.84340811 -17090.6222607 -23338.9040398 -0.00160466972702 -0.000781716014856 0.0 0.0 0.002589601765867 -0.000685917017954 0.0 0.0 0.00012499703890699997 0.0 -0.000269796124747 -2.27351140481e-05 -4.71561567447e-05 0.0 -1.45835115939e-05 0.0 0.0 0.0 0.0 0.0 0.0 0.0 -1208.06724789 0.0 7174.266344539999 4777.51410331 5159.971365859999 0.0 -598.79661158
0.0 0.0 0.00574581836019 0.003091383948053 0.0 0.0 0.0 0.0 -0.000139116294825 -0.000761352444641 0.0 -0.00015596242103 -0.000740706899345 -0.000542798817999 -0.000437248442479 0.0 -1.0 -1.0 -1.0 -1.0 -1.0 -1.0 -1.0 -1.0 -1.0 -1.0 -1.0 -1.0 -1.0 -1.0 -1.0 -1.0 -1.0 -1.0 -1.0 -1.0 6854.05054335 -7179.051553899997 -372972.2989624 -112261.603424 0.0 -2967.3879768999996 -2325.261581050001 -29114.1267192 -0.00255992466848 0.0 -0.000282345797514 -0.000362061467866 1.3730553224000023e-05 0.0 0.0 0.0 0.0 -5948.48615866 0.0 0.0 0.0 0.0 0.0 0.0 0.0 -2943.26134671 0.0 -1027.96409144 -1039.63946526 -1054.73710305 0.0
-5685.938666399998 -0.000185437719119 -15943.690824099998 -39358.451705 20159.054988800002 -0.000928341337956 -0.000615017654838 0.0021553797186899997 0.00300818304838204 -2.3757336478e-05 0.0019035955559900002 0.0032230049192640002 0.0 -0.000564222941117 0.0 1.827139710327e-05 -1.0 -1.0 -1.0 -1.0 -1.0 -1.0 -1.0 -1.0 -1.0 -1.0 -1.0 -1.0 -1.0 -1.0 -1.0 -1.0 -1.0 -1.0 -1.0 -1.0 -1.0 2308.32181292 8854.7038378 -14608.641247400003 -53311.966777 -543711.142281 -486671.43832899997 -443574.7860448 -406236.77084049996 -9.389292254000006e-05 0.001825844499027 0.0 -0.000674626715517 0.001880649296794 -0.00100781930633 0.0018489570613129998 0.0 0.0 0.0 0.0 0.0 0.0 0.0 0.0 -497.47427337 -1687.53831646 0.0 1748.4018534299998 -2146.71031665 -4077.75838052 -2771.95470175
-0.00107509449269 0.006751523839795 -25849.1030914 14157.418571900002 0.0 -9063.957339100001 -27540.0815001 14895.7965348 12352.329877200005 18813.951159300002 14962.919807699996 15832.661481400002 0.0 5481.93368789 -1.0 -1.0 -1.0 -1.0 -1.0 -1.0 -1.0 -1.0 -1.0 -1.0 -1.0 -1.0 -1.0 -1.0 -1.0 -1.0 -1.0 -1.0 -1.0 -1.0 -1.0 -1.0 -1.0 -1.0 -1.0 -1.0 -5.43907529551e-05 7834.793067389999 -127871.94314300001 -164829.58016399998 -156966.882951 -459838.07994860003 -441167.6928215 -410478.1604392 -443898.67913099995 -71291.84629399999 -217709.98944600002 -38596.61353159999 0.0 -5414.46677024 0.0 0.0 0.0 0.0 0.0 0.0 0.0 0.0 -618.298835718 -1956.5503343 -2590.83577051 -2806.48309528 -3398.55917118
0.0 0.0 -29829.60344449999 11887.9126406 -101008.2067865 -93802.29340940001 -0.000220755035817 0.0 0.0 0.0 -0.0002345243291 -0.000178728720756 1082.4354098999975 3945.814646660001 -1.0 -1.0 -1.0 -1.0 -1.0 -1.0 -1.0 -1.0 -1.0 -1.0 -1.0 -1.0 -1.0 -1.0 8.1598844190747e-05 -1.0 -1.0 -1.0 -1.0 -1.0 -1.0 -1.0 -1.0 -1.0 -1.0 -1.0 -1.0 -7.77438429646e-05 -0.000440835172872 0.0 15101.502076799996 -11257.946077300003 -33783.736832500006 -63534.423515099996 -15.892990500000451 -156103.091097 -176764.63348989998 -358615.4099735 -147268.1978355 -26730.548093999998 0.0 0.0 0.0 0.0 0.0 0.0 0.0 0.0 0.0 1842.9786633200001 2387.91246422 3063.5879218299997 159.35227147
-57909.6066406 -0.00036980379525 0.0 -17954.548879100003 584.9870585000026 -15.099146299995482 -731.4456940000018 -15548.470341799992 7904.1013567000045 0.0027381386471540003 0.0 0.0 0.0 -0.000265351390927 0.0 -1.0 -1.0 -1.0 -1.0 -1.0 -1.0 -1.0 -4.82715837174e-05 15984.507956099998 2832.773797499998 4218.751392799997 -27514.718381399995 13013.0889475 6499.0972642000015 -1.01949935802e-05 0.0 -1.0 -1.0 -1.0 -1.0 -1.0 -1.0 -1.0 -1.0 -1.0 -1.0 8497.5953113 -4575.423968499999 -41667.11047690001 -27520.68449610001 10033.160556499999 -4195.690691200005 0.0 0.010565610792619999 0.0 -0.000945134785157 -126594.91092240001 -390189.2536 -195688.40837340002 -0.000233164688179 -5.82155689358e-05 0.0 0.0 0.0 0.0 0.0 0.0 0.0 1502.69448853 0.0 27.4475804187 -2307.14286665
-0.000725010526661 -0.00347010235573 -34076.9017136 -0.000210051636177 0.0 -0.00019611133171000008 17349.662972699996 17447.818513599996 0.0 17278.116368500003 0.00057666740619 0.0 0.0 0.0 0.0 -4.18760575423e-05 0.0 0.0 0.0 -3.24030147463e-06 -5.69023184558e-05 5517.449970100002 -1560.5600484000024 13867.477178000001 -7624.8463567 0.0 -20043.51847 -24920.977249100004 -23963.443585299996 0.0 0.004022982142947999 0.0 0.0 0.0 -1.0 -1.0 -8.14489730087e-06 -1 -1.0 7378.2751345100005 -98561.4135705 -180519.28553 -47688.1464917 -73271.385146 0.0 0.0 0.0 -4.01248540518e-05 0.0 0.0072978779482219995 0.0 -5.72598768716e-05 -165.18050460000086 -398539.61135880003 -363.579123800002 0.0 0.0 0.0 0.0 0.0 0.0 0.0 0.0 -160.351229112 0.0 0.0 119.48166630700001
16598.708845400004 0.0 0.00058413487395 -0.000173232934316 0.0 0.00014109105328699998 0.0 -9.25922985704e-05 -5.49542477127e-06 0.0 0.0 0.003090695010025 0.0 0.0 -1.0 997.9039734600001 0.0 5769.222161399997 14006.693357200002 9478.586304999997 8724.605151299998 6021.310886200001 646.1017839999986 14010.681187999999 4821.407418499999 5055.2706956 3347.139785700001 1297.308026499999 0.0 -0.000953982832249 -48314.784823199996 -8357.992356799994 -4123.8306151 -8770.161853799997 -6405.971081299998 -16416.8430689 -290553.5469898 -254792.81595150003 -195999.87002089998 -327950.26811319997 -179425.86481410003 -146670.70182790002 -46568.20527199999 -9292.939379299998 0.0 0.0 -6793.318944300001 -28055.455563100004 -22088.143266500003 34624.69485022 0.0 -1419.29048476 0.0 0.0022540078559205 17794.974360499997 15546.808319679998 8543.89652311 0.0 0.0 0.0 0.0 0.0 0.0 -619.40294656 -1434.37261946 385.007115217 1851.56704146
0.00440844302467 0.0 -10129.556922700001 -1.40612781528e-05 0.0 -0.000131707698609 4301.1561626580005 -1.0 -1.0 5006.72936392 0.0 0.0 0.0 0.0 0.00310272829596 -0.000149578742465 -3686.941623000006 0.0 7497.283578400002 6114.199005400005 2674.7740113000036 6519.992466200001 4427.511477079999 0.0 5082.926084999999 0.008341640849607 5371.710885100001 0.0 3646.5515388999993 -10872.281406000002 -8879.390900399998 -20047.421725199998 -41281.18957259999 -8872.6460238 -7960.566585100001 -8473.330951800002 -12436.926001499996 -4175.825378200003 -47156.342972599996 -29486.1086992 -27902.771048899995 -34153.67892230001 -33390.9457479 -32010.482117599997 -36282.769142100005 -1087.33498607 0.0 -0.00127681912719 -33631.5431742 -109808.8338428 -46991.030957999996 16619.755913060002 0.0006020758912835 0.000173662264447 -3.09156459627e-05 0.0 9320.12823698 0.0 0.0 0.0 0.0 0.0 0.0 0.0 0.0 0.0 -2717.41381967
-8941.5227171 0.0 0.0 0.0 -1.61805414781e-06 1.1420397048600001e-05 -1.0 -1.0 4882.460556678 -1.0 0.0 -7494.266567300001 259.700310799999 0.0 543.0481237000022 -12749.914239999998 0.0 7795.6908207000015 0.0 -0.000189917594412 7953.243471800002 8054.4386316 6451.271119200002 0.0 0.0 0.0 0.0 0.0 0.0 4412.838673999999 746.6703635999984 0.0 0.0 3322.5187228999966 -5099.920159400001 -29938.1801374 -39363.2053228 -35711.4533748 -47363.107795200005 -35791.63306179999 0.0 -3772.7325628999997 -14156.279898899997 0.0 0.0 0.0 0.0 0.0 0.0 -112122.42680740001 -143693.851616 0.0 0.0 0.0008770780087059999 0.0 0.0 0.0 0.0 0.0 0.0 0.0 0.0 0.0 0.0 -71.6064155628 -910.6632415400002 211.3831696599991
-21131.813356799998 0.0 0.0 -0.000252541507409 13179.160391860001 3913.208095926 -1.0 -1.0 -1.0 0.00016863983114 0.0 -9.4094293733e-05 0.0 -935.9411041999992 -167.26109890000225 -296.52298759999394 0.0 0.0 0.0 7730.278935899998 0.0 0.0 0.0 0.0 0.0 0.0 0.0 0.0 0.0 0.0 -0.000686321520998 0.0 0.0 0.0 -16031.853139600003 -31778.735382599996 -26541.4226842 -34377.0003591 0.0 -26839.950842699996 -10665.682626899998 -0.000799497514748 0.008099266922816999 0.0 -42917.6984801 1649.193843099998 0.0 -0.000310598575297 -0.000531330600558 0.0038396125795480004 -12214.760728500001 -18554.4189227 0.0 0.012635576162845 0.001039033597358 655.131627098 -1.45225208017e-05 0.0 0.0 0.0 0.0 0.0 0.0 0.0 -300.036281608 -1919.30104287 -1282.38700018
29476.932567900003 -39068.617518700004 -16094.285147500006 -0.0011127735614 8098.8193892 -9.2489781342e-05 0.0011060849440101001 0.00035272898312929 -1.0 0.0 0.0 0.0 0.0 0.0032132065184759997 -3472.2126541 386.4808360999996 -0.000587903899895 0.0 -0.000587920265532 -0.000444292495033 9193.022887299998 10794.2146687 0.0 0.0 0.0 -9.86890949578e-05 0.0 0.0 0.0 0.0 0.0 0.010821192944139999 0.0 0.01184288709819 0.011079744247857 0.0 0.0 0.014649529372436099 0.0 0.0 -12844.215738699997 -1.48555116905e-05 0.00900436730791 -5492.87128711 -0.000130190515602 4977.862307399999 0.0 0.0 0.0 -0.000653082416144 0.0 -0.000682431015974 -1.44939890864e-12 0.0 -30387.2282383 -23071.9424005 -61.3358198316 0.0 0.0 0.0 0.0 0.0 0.0 0.0 0.0 -351.157897775 -1512.6830386899996
-2.92598196718e-05 0.0006713984161119999 0.0007843037027699998 0.0 0.0 21178.6507509 -7.89846752646e-05 0.0 -1.0 0.0 0.0018601969957168 15698.10633516 22745.0759108 0.0 -22008.422333199997 -6457.5549426 -0.000161552353096 0.010867635318172999 0.0 -15157.728274300003 -0.000177022065929 7860.109726200002 -0.000184491987059 0.0 -8.04028804876e-05 -1.59887838837e-05 0.009524162827593 0.0 0.0 0.0 -18354.0417665 -0.00134091745691 0.0 0.0 -0.000256346423551 0.0 -0.00314159915112 -0.00013949595183 0.008856851687881001 -0.000461443086561 0.0145393040609895 -43671.3805679 -30037.38358 -14615.717541399998 -27126.0947767 -2750.9245822999983 -589.1999723000008 0.0018862957534620999 0.0 0.0 0.0 0.0 0.0 -0.000764339379597 0.0 -4.42041580517e-05 0.0 0.0 0.0 0.0 0.0 0.0 0.0 0.0 0.0 -614.565451152 1817.7130336900002
-1.06976688222e-05 -0.00139846605487 -18575.035737700004 0.0 15488.628189340001 0.0 0.0 0.0 5821.247667682001 -1.0 0.0007859832607922 0.0006283177093713001 -4.19195379561e-05 0.01194123419638 19648.561657599996 -11055.089514300002 -32624.524151600002 1727.1649444000032 10963.9023863 -32811.643515699994 -33426.4274737 0.0 4360.249605600002 0.0 0.0 7586.437457489999 -6.91987926337e-05 0.0 -58896.9473298 -48327.0981921 0.0 -37223.573064799995 0.0 0.0 -0.00017067872634 0.0 0.0 0.0 0.0 0.0 -0.000171370363649 0.0 -37984.281998800005 -18213.641817800002 -16280.947722800003 -23987.6036974 0.0 0.022469043458928 0.0 -4943.64780395 0.00397944379323 0.0 0.0 0.0 0.0 0.0025915267019299996 0.0 0.0 0.0 0.0 0.0 0.0 0.0 0.0 0.0 -507.228338201 -1534.772991854
-1.0 0.0 26777.7267691 0.0 0.0 -1.0 -293.831159596 1437.6582730371 -1.83373804741e-05 0.00037033908198446996 -1.0 0.0 0.0 22905.4875379 29120.4562974 -18381.31342 7523.686678799997 0.0 10553.3981555 34730.951603199996 0.0 -10306.119878999998 -27922.890534 6806.8265923 0.0 0.0 -23058.2169314 -51210.5165624 -0.000114839781863 0.0 0.012092006146551 -19150.968474400004 -0.000222386158811 0.0 2300.4068040499997 -8.90196895273e-05 0.0039368819659800006 -435.26563816 -7967.44524929 -6.15913098675e-05 0.0 0.0 0.0 0.0 0.0 -40280.02082309999 -34299.47122970001 -0.00123494726006 -0.00015108257532 0.0 0.0010595465712620001 0.0 0.0 0.0 0.0 0.0 0.0 0.0 0.0 0.0 0.0 0.0 0.0 0.0 0.0 -165.842225856 0.0
-1.0 0.0 21744.4148805 0.0 9637.231336091001 -1.0 3106.975172415 0.0 0.0 714.3268176546001 0.0 0.0 -3.64562354247e-05 6359.21943676 15965.061132149998 23639.216989 -29973.759302000006 -57419.1553762 -47288.337657100004 0.0 0.0 14498.698809599999 -54524.7755705 -28006.723726099997 -25921.479651999995 -10082.820777600002 8469.712705099999 0.0 -5.79402689997e-05 -0.000133504422416 9562.241494900001 0.0 0.0 0.0 0.0 0.0 0.0 0.00012027800469199999 0.0 -0.000115539847212 -6.78179003634e-05 0.0 0.0 0.0 0.002996771102364 -0.000546074401621 0.0 -0.00131588436374 0.0 0.0 0.0 0.0 0.0 0.0 0.0 -0.000521361141796 -0.00149697795232 0.0 0.0 0.0 -9.28742834115e-13 -3.88721861419e-06 -3.13484011849e-14 -6.35911096841e-05 -1690.88850477 -0.000141650636063 0.0
-1.0 -1.0 3056.845982311 0.0 0.0 -1.0 -1.0 -1.0 0.0 -1.0 -1.0 -1.0 -1 0.0 7451.6763641 -1.0 0.0 25933.678321699997 0.0 1227.2173244409998 -1.0 -1.0 1887.61364499 -8966.804130000004 29002.866271599996 24576.451532399995 0.0 -1.0 -1.0 0.0 0.0 -0.000184363795718 0.0 0.0 0.0 0.0 -2.89964325476e-05 0.0 -5.95148508163e-05 0.0 0.0 12972.844055430001 0.0 0.0 0.001087135981834 0.0 -0.00037591528647 0.0 0.0 0.0 0.0 0.0 0.0 0.0 0.0 0.0 0.0 -7.19031313903e-05 0.0 0.0 0.0 0.0 0.0 0.0 0.0 0.0 0.0
-1.0 -1.0 -1.0 -1.0 -1.0 0.0 0.00029232067727482996 -1.0 -1.0 -1.0 -1.0 -1.0 0.0 0.0 -1.0 -1.0 -1.0 -1.0 -1.0 -1.0 -1.0 -1.0 -1.0 -1.0 -1.0 -1.0 2679.3722408209997 -1.0 -1.0 0.0 -8.12816904527e-05 0.0011299579927071 0.0 -9.61325556506e-05 0.0 0.0 0.0 0.0018753680066385 0.00017391763012599998 0.0 0.0 0.0 0.0 -1.72065993984e-06 0.0 0.0 0.0 -0.000404079209786 -0.00113425205252 0.0 -0.000850260335986 0.0 0.0 0.0 0.0 0.0 0.0 0.0 0.0 0.0 0.0 0.0 0.0 0.0 0.0 0.0 373.64751088999947
-1.0 -1.0 -1.0 -1.0 -1.0 0.0 0.0019544644222410004 -0.000468766801726 -0.000156470000311 0.0 0.0 -99.9710139509 0.0 -1.0 -1.0 -1.0 -1.0 -1.0 -1.0 -1.0 -1.0 -1.0 2060.269063247 0.0 0.0 11320.30948606 2545.8202763659997 -1.0 -1.0 0.0 -6.34362394418e-05 0.0 -3.0583687183e-13 0.0 0.0 0.0 0.0024163744927207997 -1.53874474896e-05 -8.23816804326e-06 -6.2873707769e-05 0.0 0.00024055009814019998 0.0 0.0 0.0 -4.14194790344e-05 0.0 0.0 -0.000421833836238 0.0 0.0 0.02568663709332 0.0 0.0 0.0 0.0 -0.000361614354468 -0.000151459556854 0.0 0.0 0.0 0.0 4944.045690099998 -1511.5015822999994 -5498.89104091 -6330.04825982 -9743.4089169
-1.0 -1.0 -1.0 -1.0 -1.0 -1.0 -1.0 0.0 -490.199184526 -1.0 -1.0 -1.0 -1.0 -1.0 -1.0 -1.0 -1.0 -1.0 -1.0 -1.0 -1.0 -1.0 0.0 12975.1781959 13201.28076724 1152.0688669390001 -1.0 -1.0 -1.0 -9.28719237771e-06 -0.000610129181232 -0.000190254273332 -1.32184969078e-05 0.0 0.0 0.0 113.1696388800001 0.0 0.0 0.0 0.0001124060491505 0.0001566327397155 0.0003734457909457 0.0 0.0 -0.000104006138528 0.0 -3.60866721139e-05 0.0 0.0 0.0 -0.000320809075827 0.0 0.0 0.003824819809285 0.0 -3.5247815419e-05 -5.1235148214e-05 0.0 0.0 48.18611520000013 565.4837196100002 1505.8853849100005 -6573.56257344 -5649.26670814 -3693.41515835 -4092.68101138
-1.0 -1.0 -1.0 -1.0 -1.0 -1.0 -1.0 -1.0 -1.0 -1.0 -1.0 -1.0 -1.0 -1.0 -1.0 -1.0 -1.0 -1.0 -1.0 -1.0 -1.0 -1.0 -1.0 -1.0 -1.0 -1.0 -1.0 -1.0 -1.0 0.0 0.002132715717171 0.0076786640034980005 0.0 0.0 2901.74516044 0.0 0.0 -3.9867754299998523 0.0 0.0 -2950.26427595 -2951.94083906 -2.47825252323e-05 0.0 -3.81565434744e-05 -2.62079534096e-05 0.0 -5.5481997438e-05 0.0 0.0 0.002665455890688 0.0 -0.000309009092552 -0.000301778521079 -0.000311230436371 0.0 0.0 0.0 0.0 -6727.190575500001 5914.517425399999 -4817.95038116 2927.1772102799996 941.9566794399998 -2368.05530539 -3894.66946141 -5227.78593016
-1.0 -1.0 -1.0 -1.0 -1.0 -1.0 -1.0 -1.0 -1.0 -1.0 -1.0 -1.0 -1.0 -1.0 -1.0 -1.0 -1.0 -1.0 -1.0 -1.0 -1.0 -1.0 -1.0 -1.0 -1.0 -1.0 -1.0 -1.0 0.0 25331.153989199996 0.0 0.0 0.0 0.0 0.0 0.0 0.0 0.0 -2880.85295704 -2642.56230624 -2118.90714035 -2093.64645745 432.3046905199999 -2685.53775168 -2.92014986303e-05 -3.45575034699e-05 -0.000104609299962 -5.15125451244e-05 -2.39066741743e-05 0.0 0.0 0.0 0.0 0.0 0.0 0.0 0.0 0.0 0.0 0.016315204469712002 6651.2621746 8263.142887 -5058.92255147 -10743.1848008 -5415.34911693 -8079.43437951 -12317.7079636
-1.0 -1.0 -1.0 -1.0 -1.0 -1.0 -1.0 -1.0 -1.0 -1.0 -1.0 -1.0 -1.0 -1.0 -1.0 -1.0 -1.0 -1.0 -1.0 -1.0 -1.0 -1.0 -1.0 -1.0 -1.0 -1.0 -1.0 -1.0 0.010279241088035 13990.649905500002 0.00322802368365 2240.9395556500003 -2606.93971657 -2182.3505428 0.0 -2124.75875676 -1913.14707525 -2444.94720763 2925.8502780699996 -2963.07457281 -2162.06194267 -1869.22005909 -2060.73401607 -134.65729404000012 -662.7583711000002 0.0 -1.71416234331e-05 -3.78013059487e-05 0.0 0.0 0.0 0.0 0.0 0.0 0.0 0.0 0.0 0.0 0.0 2426.7934571000005 5417.810297670001 6142.779543299999 10125.252104800002 6604.771414049999 -5463.86688512 -7296.1232019 -10192.0471325
-6.6777373433e-05 0.0 0.00045206334927600005 0.0003701381395563 0.0 -1.0 -1.0 -1.0 -1.0 -1.0 -1.0 -1.0 -1.0 -1.0 -1.0 -1.0 -1.0 -1.0 -1.0 -1.0 -1.0 -1.0 -1.0 -1.0 -1.0 -1.0 -1.0 -2.42170523549e-06 0.0 0.0 0.0 0.0 0.0 -2454.90690714 -2201.69337235 -2160.55734582 -2184.62287799 -2472.53051945 -2999.94712978 -3003.03692117 -2888.27324039 -2392.48518113 -1896.83597279 237.86253233000025 -2058.45525126 -1724.98474032 -0.00010684476639 0.0 0.0 0.0 0.0 0.0 0.0 0.0 0.0 0.0 0.0 0.0 0.0 -359.41430579999724 8567.490400399998 -3.63718861225e-05 -6373.56596218 -8472.87184161 3994.26811927 -4980.28328392 -6561.74847894
0.0 -2.15392866441e-05 0.0 0.0 0.0 0.0 -1.0 -1.0 -1.0 -1.0 -1.0 -1.0 -1.0 -1.0 -1.0 -1.0 -1.0 -1.0 -1.0 -1.0 -1.0 -1.0 -1.0 -1.0 -1.0 -1.0 -1.0 0.0 -0.000128760311536 0.0 0.0 4052.172222000001 -3232.47935166 -3069.49171426 -2349.83853931 -2670.00865701 -2290.00885826 0.0 -2298.79369315 -3170.7923984 -3205.14572511 -2315.13283742 -1807.32437186 -2089.30944077 -281.60590793999995 -2074.21583169 -1.02080525547e-06 -8.5131644407e-05 -2476.70381073 -1503.472807128 -4.02260431498e-05 2.9702400357649998e-05 -2.63090763914e-05 0.0 0.0025919002235456 -0.000352028078064 0.0 0.0 0.0 0.0 10007.757306900001 23609.10584186 -4210.71081356 -3665.73216108 7073.860266850001 -8747.60288053 -9752.68696589
0.0 0.0 0.0 0.0 0.0 265.3164419499999 -381.49420968999993 0.0 0.0 0.000788198567914395 -1.38567178491e-06 -1.0 -1.0 -1.0 -1.0 -1.0 -1.0 -1.0 -1.0 -1 -8.31496575113e-07 -1.0 -1.0 -1.0 -1.0 -1.0 -1.0 0.0028371626681011 0.0 0.007641344327848 0.0 601.4290586000002 -3078.45814272 -3613.2160193 -2834.09307736 -2516.75386958 0.0 0.0 0.0 0.0 -2931.94193728 -2103.83200164 -1964.65916445 -2235.65548207 -2220.84404107 -2086.72396223 -253.76459006000005 -7.29140284329e-05 -2128.76693694 -1556.7388371049997 0.0002996622760176 -1530.4295187510002 -4.24132778231e-10 -1.27702026502e-09 -4.63029076645e-05 0.0 -0.000291325978719 0.0 0.0 0.0 0.0 0.0 15711.33562784 1794.0978899799993 2885.8593149099997 4122.1514186 10003.0286148
-1980.9484380499998 0.0 0.0004302655911371 0.0 -872.9232568099999 -472.47471055999995 -1074.99631792 -1052.9331662230002 835.93651753 -8.120390320000297 -225.2089044899999 427.90136051000013 994.1607513600002 0.0 -2.29587609946e-06 0.0 -1.0 0.0 -0.000102754052562 0.0 0.0 -8.61352550773e-05 0.0 -4.8722026229e-07 -5.03363957273e-07 0.0 0.0 0.0 -1.70631955378e-05 -0.000253211421544 -2.66929657975e-10 -3373.61803243 -2495.30134615 -3126.94087659 -3345.90279756 -2558.78651497 -2645.15695889 -1983.40528686 -2101.62031204 -3120.40029139 -2963.67824057 -2167.32028574 -2167.27256626 -2444.80091345 -2455.12929316 -1948.7052049 -2055.33708159 -2086.76546482 0.0 -2143.45936566 0.0 -1567.9112354200001 0.0002610572678968 -2134.5901447 0.0 -1.74327155309e-05 0.0026800926997301 -0.000196273694322 0.0 0.0 0.0 0.0 631.5498618000001 8520.16031156 0.0 1869.0785940199994 824.97042792
-1676.5403945099997 0.0 -1059.393505643 -753.9770200099999 -56.67647471000009 -184.1403626199999 -1850.71796115 -1815.0644211 -955.608849905 -914.8912150000001 -923.11129729 -138.4639207099999 -118.26543268 -252.57814931999997 -44.04040609999993 -201.97563152999987 404.6674911700002 -1928.8906470400002 -888.8166569 -9.69302357166e-06 -7.95239257192e-05 -9.72506995081e-06 -1000.86902675 -1583.87440204 437.45497372999944 -3640.13663373 -4323.32668123 -7140.41548406 -7848.84145817 0.0 2316.90203719 -3255.14349865 -2925.35983018 -2307.06464926 -2229.06623925 -2822.01097357 -2924.75449573 -2021.6870908 -2431.43022097 -2924.33880097 -2287.86211397 -2057.84857393 -2169.26851294 -2261.47966613 -2458.67267726 -2147.82670552 -2003.98135707 -2065.82232171 -2158.08033994 -1954.92096948 -644.044846013 -2334.30149228 -2294.37107408 -1568.468915757 -1576.371112104 -1654.0253081399999 0.0 0.0 0.0 0.0 0.0 0.0 0.0 6.535009100000025 0.0 5702.8194648399995 1848.9677680599998
38.89050507000002 267.0266588999998 -372.34658377000005 -550.67641791 -466.84479594000004 -1996.14642764 -1939.9205809 -1989.50025542 -1859.7776893 -1051.586096035 -571.2997037299999 2114.8225773299996 4688.84825784 3916.2589933199997 4760.718278349999 2670.1434169499994 1673.35648468 1303.3384230299998 -3247.67434134 -4006.80877768 0.0 -4732.83043073 -1549.62117957 -1926.06581523 -4565.45250525 -3858.67539689 -3671.68956695 -5762.1383323 -9970.85026547 -4357.91576627 -2130.29881715 -2516.71046179 -3196.00971409 -3076.4746881 -1842.34792253 -2270.8372208 -2691.6608978 -2410.226724 -2799.48714656 -2649.60632355 -2475.32379547 -2167.47777176 -2226.97266621 -805.587794235 -2446.70690573 -2115.88160537 -2050.43782702 -2200.26721294 -2227.96897727 -2037.00223567 -219.0811312699998 -2540.05638031 -1206.6290778800003 0.0 0.0 -792.645659766 0.0 179.06922108000026 11687.569051659999 0.0 0.0 0.0 0.0 0.0 -0.000102229914165 0.001683207804042 289.8486288799995
