critload/trunk/input/1999/nsro_nat.asc
ncols 720
nrows 360
xllcorner -180
yllcorner -90
cellsize 0.5
NODATA_value -1
[rows 180 to 215 of 360, columns 243 to 323 of 720]
25023.2137215 30495.224169 18486.3292875 15671.9483872 23179.043931 27317.8675163 28441.0181558 28520.4905122 26064.5739626 20754.7737345 23974.6441545 32017.9319985 27240.1652707 11629.1052911 4432.5340803 3222.51022748 2543.8828779 2940.40536904 1662.07695075 963.26644905 307.832335256 -1 -1 -1 -1 -1 -1 -1 -1 -1 -1 -1 -1 -1 -1 -1 -1 -1 -1 -1 -1 -1 -1 -1 -1 -1 -1 -1 -1 -1 -1 -1 -1 -1 -1 -1 -1 -1 -1 -1 -1 -1 -1 -1 -1 -1 -1 -1 -1 -1 -1 -1 -1 -1 -1 -1 -1 -1 -1 -1 -1
22189.3318909 23893.8529635 22165.6175055 21383.998746 24745.587504 25517.4204229 28895.676723 30987.501831 30885.7906178 35669.3758631 42124.0205006 34029.3180521 18872.4145279 5948.87934465 4193.18165374 4947.4816884 3005.27725575 2571.79445055 2089.6157106 2317.30563915 0.0 4004.91592545 3418.4372079 1045.50633714 374.277901387 -1 -1 -1 -1 -1 -1 -1 -1 -1 -1 -1 -1 -1 -1 -1 -1 -1 -1 -1 -1 -1 -1 -1 -1 -1 -1 -1 -1 -1 -1 -1 -1 -1 -1 -1 -1 -1 -1 -1 -1 -1 -1 -1 -1 -1 -1 -1 -1 -1 -1 -1 -1 -1 -1 -1 -1
35666.1733639 23789.7288622 18678.4776941 14054.2187625 16459.526226 18973.1568221 26359.0013584 37691.5729755 40156.4887279 41659.904601 24469.078536 30126.429606 14822.8334872 5320.7248032 5192.01957769 4245.32785485 3190.422561 3784.00166182 5302.41482944 4717.2382884 0.0 6891.5081184 8193.74774085 6855.5326995 5830.5106179 2965.75779679 172.471803053 0.0 -1 -1 -1 -1 -1 -1 -1 -1 -1 -1 -1 -1 -1 -1 -1 -1 -1 -1 -1 -1 -1 -1 -1 -1 -1 -1 -1 -1 -1 -1 -1 -1 -1 -1 -1 -1 -1 -1 -1 -1 -1 -1 -1 -1 -1 -1 -1 -1 -1 -1 -1 -1 -1
15934.32945 16677.4840155 15986.368629 20429.8362731 11810.5880849 0.0 10741.057613 10856.2855029 17335.3077581 11074.8103772 13592.2186423 7593.12114904 0.0 7235.82293062 5247.0520434 4069.3086765 6202.45332 6012.6044895 3716.9667234 0.0 10053.852157 10980.833724 9069.21721882 8850.75303656 5212.301748 6843.25041844 9054.15055691 4154.07271455 -1 -1 -1 -1 -1 -1 -1 -1 -1 -1 -1 -1 -1 -1 -1 -1 -1 -1 -1 -1 -1 -1 -1 -1 -1 -1 -1 -1 -1 -1 -1 -1 -1 -1 -1 -1 -1 -1 -1 -1 -1 -1 -1 -1 -1 -1 -1 -1 -1 -1 -1 -1 -1
12864.902116 14768.2102932 15588.58644 10447.5183548 0.0 9102.5153847 0.0 4804.5372102 7523.82188535 10438.8703353 17056.36536 18686.704923 14296.9718169 8762.79329325 6469.34635069 7134.08369445 4831.80831023 7072.9238502 5604.01727996 10847.4542484 13835.8309428 14860.3839499 14173.8456242 12505.2474022 8081.5600368 5279.52985478 8141.69977425 10504.8278986 1633.50199699 118.464416227 337.443878925 -1 -1 -1 -1 -1 -1 -1 -1 -1 -1 -1 -1 -1 -1 -1 -1 -1 -1 -1 -1 -1 -1 -1 -1 -1 -1 -1 -1 -1 -1 -1 -1 -1 -1 -1 -1 -1 -1 -1 -1 -1 -1 -1 -1 -1 -1 -1 -1 -1 -1
10926.1253611 3277.7640261 3785.48117482 7815.48655387 12605.0642579 13540.2845744 10715.3706351 20723.5893926 22153.4474209 17005.0491083 20033.948088 22367.4890197 19497.8881219 12186.2964871 10994.9576179 9390.935472 7943.4571875 6348.32906775 11744.2989038 12720.4890268 13576.105983 20383.5711539 19010.5934588 16842.9203514 9852.68721937 6358.08121515 6620.5189878 6283.7920974 5627.34171675 6522.819975 5674.3362672 5697.4570527 2586.84740775 0.0 0.0 0.0 0.00014479664073 0.0 -1 -1 -1 -1 -1 -1 -1 -1 -1 -1 -1 -1 -1 -1 -1 -1 -1 -1 -1 -1 -1 -1 -1 -1 -1 -1 -1 -1 -1 -1 -1 -1 -1 -1 -1 -1 -1 -1 -1 -1 -1 -1 -1
0.000728897514041 6456.46112344 8051.10312667 15969.1178682 11190.8168996 12423.9777102 16837.27221 19973.16504 22659.5140875 23036.4358403 18695.48712 22755.9321825 21338.549595 21346.4780865 15716.9871372 12473.5631883 15668.0534962 11347.6752651 13929.7756448 10032.4263955 15726.9579109 24680.116878 24180.11316 17432.9761258 17818.937265 6607.9512288 5316.38141306 4689.88305817 10819.4918943 13580.4274221 16910.8097559 11978.0818531 5714.38220535 4725.10249365 0.00215260898794 0.0 22774.728764 0.00086580139332 0.0 241.114812645 -1 -1 -1 -1 -1 -1 -1 -1 -1 -1 -1 -1 -1 -1 -1 -1 -1 -1 -1 -1 -1 -1 -1 -1 -1 -1 -1 -1 -1 -1 -1 -1 -1 -1 -1 -1 -1 -1 -1 -1 -1
6978.4585464 10619.6162005 16586.4696072 17404.3882068 19030.7328171 21275.9039216 20579.1403912 21477.4491949 31029.281409 28487.8662285 21113.6326628 23455.9426545 0.00285145637779 21781.7214187 27286.1025795 19622.8637437 18445.1760472 24840.5402246 16901.2113099 16231.4135674 21686.8442344 23361.9248486 20744.0696509 25119.9834105 19389.1077202 10917.3240864 7114.47946177 6148.59170344 13593.311945 22740.7661811 15231.1748049 6652.345635 4446.9158976 4002.80432989 13861.5350831 58076.8345526 0.0 0.0 25215.9822112 0.0 0.0 -1 -1 -1 -1 -1 -1 -1 -1 -1 -1 -1 -1 -1 -1 -1 -1 -1 -1 -1 -1 -1 -1 -1 -1 -1 -1 -1 -1 -1 -1 -1 -1 -1 -1 -1 -1 -1 -1 -1 -1
11516.600475 19571.5254404 18815.6372852 15665.0732936 22968.3633472 0.0 42336.1527188 35325.5781637 31814.385057 24159.2899665 0.0 0.0 16893.1464172 25634.197512 22848.0488197 24765.6965081 16271.0862677 15170.3831048 15429.6610246 19609.666524 30356.9759902 30760.7471325 26204.3432288 32000.666544 35038.9305439 39447.2710867 11873.1924792 9005.2554546 16001.8579739 22034.2558641 18690.8969518 5146.73601694 3013.53321952 8101.56186698 12990.7649412 46157.08968 23296.5122437 0.0 35054.8138485 57479.5832625 0.0 0.0 -1 -1 -1 -1 -1 -1 -1 -1 -1 -1 -1 -1 -1 -1 -1 -1 -1 -1 -1 -1 -1 -1 -1 -1 -1 -1 -1 -1 -1 -1 -1 -1 -1 -1 -1 -1 -1 -1 -1
19999.9418534 25855.2808665 22615.5982785 35776.3198327 39709.2076755 30679.8565639 26335.8662749 25273.527174 20063.204934 16206.927188 22471.1196255 18698.4475575 13883.4113303 16507.9373217 16045.3082592 24173.5506825 25446.862617 21636.8579857 14064.0999322 24950.0795239 28323.612387 0.0 0.0 44302.053252 52043.0135539 59509.6392443 44229.307518 26341.3286887 23832.8311598 10682.264188 9572.6962116 6201.3742128 3505.08417919 7823.2779525 16162.61796 40447.4721127 0.0 0.0 0.0 0.0 8768.14405403 0.0 0.000263873806312 967.70469495 -1 -1 -1 -1 -1 -1 -1 -1 -1 -1 -1 -1 -1 -1 -1 -1 -1 -1 -1 -1 -1 -1 -1 -1 -1 -1 -1 -1 -1 -1 -1 -1 -1 -1 -1 -1 -1
19319.5300446 27221.872062 32973.9566363 41868.580728 27358.54539 25292.6595023 24888.6532991 21440.74125 29284.613322 21150.7159286 23142.7100407 17388.9598245 9680.51621827 12109.7399382 11866.1737671 17898.09598 16578.6421854 19594.7787315 14309.6710504 10471.8360549 0.0 0.0 36879.2389875 32029.5837705 46412.4198191 48006.0583785 37376.421075 30371.3810812 20288.892661 9623.8797093 6446.84216137 6807.2267709 7638.0896781 14651.9461069 36548.4642919 30902.450688 0.0 0.0 0.0 0.0 0.0 0.0 7043.03807835 0.0 1503.04790726 2228.85431044 0.0001017607305 -1 -1 -1 -1 -1 -1 -1 -1 -1 -1 -1 -1 -1 -1 -1 -1 -1 -1 -1 -1 -1 -1 -1 -1 -1 -1 -1 -1 -1 -1 -1 -1 -1 -1
7937.9991624 19844.512701 30552.6576255 26054.8555897 30425.5697828 27266.5568438 24641.0495625 22577.4820845 21858.8806695 38172.1120942 37622.6329845 30186.557184 38370.7498095 34194.8709375 36023.3867175 56469.854895 39633.051045 37143.3166485 25193.3556087 16432.6150634 21630.6730711 0.0 0.0 24012.2879156 32360.342592 29068.2164437 26619.7308221 0.0 0.0 7047.22826321 7831.88469986 9926.0224065 11573.6260584 8609.64507735 33344.8307888 36391.0335172 0.0 30680.4451256 0.0 0.0 0.0 0.0 17044.7959193 0.0 18957.1342613 0.0 0.0 -1 -1 -1 -1 -1 -1 -1 -1 -1 -1 -1 -1 -1 -1 -1 -1 -1 -1 -1 -1 -1 -1 -1 -1 -1 -1 -1 -1 -1 -1 -1 -1 -1 -1
10097.9015942 20016.7152255 25008.172215 36790.46511 26763.010935 27388.605915 26055.3576619 23570.758767 17534.1632607 0.0 29440.7470451 0.0 31946.0915295 37174.2219075 38267.2554356 45080.2494562 71430.6531068 56026.1879381 13072.1288522 22569.713838 33861.1196385 10432.2560767 9284.80496685 17479.7133726 31791.9323385 36245.663376 43224.62022 33785.5754385 16279.8263141 13247.6337956 11276.3685672 10944.5449183 23483.2400047 14739.3814837 28820.8422495 0.0 0.0 27914.217084 0.0 0.0 0.0 43022.4119179 0.0 0.0 0.0 0.0 7278.87429184 0.0 -1 -1 -1 -1 -1 -1 -1 -1 -1 -1 -1 -1 -1 -1 -1 -1 -1 -1 -1 -1 -1 -1 -1 -1 -1 -1 -1 -1 -1 -1 -1 -1 -1
22472.3425673 20323.3543369 21416.620755 32121.898047 23815.3598955 23728.4096306 23190.9935756 18800.6742442 18768.9074546 31891.6752979 32683.4514465 31104.6265575 46328.1359332 31564.4744738 27301.478916 40825.4627002 29807.8395615 28092.1203203 15129.9954808 17703.6850838 22595.55252 0.0 12796.376467 19891.577508 41915.169792 53124.58446 42806.88588 45880.6986517 21941.6816185 8803.29561596 10529.353515 16170.697268 23077.5384037 33338.446479 17830.037406 0.0 0.0 51132.91035 0.0 0.0 0.0 0.0 0.0 23930.1089797 0.0 0.0032771328345 16795.0391822 1599.3509697 -1 -1 -1 -1 -1 -1 -1 -1 -1 -1 -1 -1 -1 -1 -1 -1 -1 -1 -1 -1 -1 -1 -1 -1 -1 -1 -1 -1 -1 -1 -1 -1 -1
15281.9214195 20102.8726264 24522.8994071 22028.2295257 22204.1555347 23218.207317 31220.372742 21121.8237 22850.734575 0.0 39065.33085 43335.1643299 47342.9300186 25966.755318 41180.493564 52313.1627769 26365.4676069 39005.7271327 22686.0225346 18587.8703883 10161.5229933 14749.9802887 22536.7568449 20205.4016745 33036.5959462 18925.6860088 17920.044969 19780.6437792 30962.897712 10386.056971 0.0 0.0 0.0 15543.7267672 0.0 0.0 17785.8836434 41354.7796384 0.0 0.0 0.00373918839904 0.0 0.0 0.0 0.0 0.00331905064286 0.0 0.0 -1 -1 -1 -1 -1 -1 -1 -1 -1 -1 -1 -1 -1 -1 -1 -1 -1 -1 -1 -1 -1 -1 -1 -1 -1 -1 -1 -1 -1 -1 -1 -1 -1
13343.9449838 14398.6023761 19235.4167362 21942.585366 22424.30274 25673.5260502 19353.149985 22808.7077321 22138.4839646 23703.040746 35306.545059 46506.2511746 46637.6295371 41838.8093085 46337.615538 36740.3909985 49226.0132205 13951.1855338 15481.8207525 16955.220429 0.0 0.0 7643.1679488 4312.65730448 44072.0040112 25712.4271875 19654.533945 27266.6261062 32301.387525 21820.5191856 0.0 0.0 16002.6825024 0.0 0.0 0.0 22892.4328815 19081.659582 30237.2751514 0.0 48479.2668165 0.0 0.0 0.0 0.0 0.00353005605581 0.0 0.0 -1 -1 -1 -1 -1 -1 -1 -1 -1 -1 -1 -1 -1 -1 -1 -1 -1 -1 -1 -1 -1 -1 -1 -1 -1 -1 -1 -1 -1 -1 -1 -1 -1
19795.1514622 15138.0254767 20285.884905 15482.2165509 23558.1859012 24875.2633065 16403.9750888 25090.8911325 24703.915857 14555.7245008 24191.3116946 30645.6522889 42154.5105053 36825.3351285 27548.910219 35930.1646192 26488.7715339 9055.75874775 14295.3592642 19999.9482633 0.0 0.0 0.0 20457.7243483 50343.8087587 29476.9004644 33186.7766344 23221.2480727 27295.4670435 29113.9877625 0.0 0.0 0.0 0.0 0.0 21121.5795142 0.0 0.0 0.0 0.00150391561147 21109.5917572 0.00220177277464 0.0 0.0 0.0 0.0039753697158 0.0 2329.21892966 -1 -1 -1 -1 -1 -1 -1 -1 -1 -1 -1 -1 -1 -1 -1 -1 -1 -1 -1 -1 -1 -1 -1 -1 -1 -1 -1 -1 -1 -1 -1 -1 -1
21113.9241817 16233.8251309 19670.3969962 17326.5466429 17965.7146575 19655.6037851 27689.7900195 24700.93995 23779.7622 11814.1598167 22206.706392 31703.9689204 35425.4634934 41947.544628 41327.9480542 44317.3987313 13360.3630526 10397.9260711 9475.668639 12074.1840513 9532.83473351 0.0 0.0 30260.3700217 36100.9146375 32950.9926352 23331.248495 26129.2506544 30480.841035 19571.067084 24157.586934 0.0 0.0 0.0 16137.313287 4216.91000685 0.0 0.0 0.0 0.0 0.0 0.0 0.00157945885099 0.0 0.0 0.0 20459.47116 0.0 -1 -1 -1 -1 -1 -1 -1 -1 -1 -1 -1 -1 -1 -1 -1 -1 -1 -1 -1 -1 -1 -1 -1 -1 -1 -1 -1 -1 -1 -1 -1 -1 -1
7124.19764325 11609.3178218 20417.2545859 23577.3414731 19809.68019 16844.5677734 17934.6312915 19727.9542931 19658.5887518 11136.6735459 16343.4828994 29508.861192 36194.252997 42250.8752047 42167.9877056 46156.989408 0.0 10197.2006547 0.0 15634.6874887 16438.4386782 0.0 0.0 28894.981545 36204.967215 33213.9271065 29854.0242885 33013.0919021 31162.4294063 34353.8836335 0.0 0.0 0.0 0.0 0.0 0.0 0.0 0.0 0.0 0.0 0.0 0.0 0.0 0.0 0.0 0.0 0.0 -1 -1 -1 -1 -1 -1 -1 -1 -1 -1 -1 -1 -1 -1 -1 -1 -1 -1 -1 -1 -1 -1 -1 -1 -1 -1 -1 -1 -1 -1 -1 -1 -1 -1
13737.3503134 16667.7823809 17058.1801705 17426.7661535 13760.9725242 18028.5482475 21768.72543 32955.1957654 28250.266611 14099.6863683 18236.283786 23725.915632 19437.4608457 36467.0195872 52363.4714531 24389.7695482 7067.12031634 9787.40379754 16747.4288435 33753.7775419 50754.76308 0.0 0.0 27683.09748 30772.38222 17517.3388369 27987.0621319 16450.9642744 0.0 0.0 0.0 0.0 0.0 0.0 0.0 0.0 0.00123035486727 0.0 0.0 0.0 0.0 0.0 0.0 0.0 34188.9569415 0.0 -1 -1 -1 -1 -1 -1 -1 -1 -1 -1 -1 -1 -1 -1 -1 -1 -1 -1 -1 -1 -1 -1 -1 -1 -1 -1 -1 -1 -1 -1 -1 -1 -1 -1 -1
17311.6177796 25224.6758168 25536.9074186 19044.32994 13755.662325 9408.8976867 9431.6268039 18464.612964 26877.2386076 14054.5848414 15260.5603829 10822.333062 11003.6398771 24073.9035713 34286.810679 16594.8054547 4958.28327487 6955.5423135 20020.3262136 43763.8914326 56724.0380625 0.0 0.0 27315.3607965 33695.9759632 35499.33369 46681.26474 15070.8513031 31911.782406 0.0 0.0 7940.26632075 0.0 0.0 0.0 0.0 0.0034327855611 0.0 25328.4072469 0.0 0.0 0.0 0.0017070633855 21610.4403041 7873.07809219 -1 -1 -1 -1 -1 -1 -1 -1 -1 -1 -1 -1 -1 -1 -1 -1 -1 -1 -1 -1 -1 -1 -1 -1 -1 -1 -1 -1 -1 -1 -1 -1 -1 -1 -1 -1
22534.1855152 26729.3866073 23805.7252665 16869.674788 19031.7155861 19977.810882 20746.3670167 22369.470045 17350.8197362 11083.3262127 10123.3056629 10588.9503715 15856.4832916 13940.820344 24965.7307825 8801.97922643 3225.43100621 5718.43916572 21680.1281405 53857.208328 51523.763394 58346.716743 0.0 37611.6693604 26293.7857969 41457.4516102 36756.7456125 24747.4209735 30506.3744295 0.0 0.0 0.0 0.0 0.0 35822.2097227 0.0 0.0 0.0 0.0 0.0 0.00032184003969 35430.5706626 0.0 0.000483118934269 -1 -1 -1 -1 -1 -1 -1 -1 -1 -1 -1 -1 -1 -1 -1 -1 -1 -1 -1 -1 -1 -1 -1 -1 -1 -1 -1 -1 -1 -1 -1 -1 -1 -1 -1 -1 -1
18692.2722188 16154.122529 15788.8205137 15066.1423624 14868.3312619 13725.4849731 13074.0126405 11987.3521794 10554.5130232 10339.7471734 9125.8058034 13818.1558218 16883.7085973 14965.7408823 6709.41419816 5033.42556971 3447.17981647 5976.9751632 0.0 0.0 0.0 51278.1217133 0.0 30543.2247412 15430.0109512 36756.7430422 42412.1678351 18991.7060733 5246.914086 24212.4243349 0.0 0.0 0.0 0.0 0.0 0.0 0.0 0.0 0.0 0.00211602270949 0.0 0.0 0.000537633450949 -1 -1 -1 -1 -1 -1 -1 -1 -1 -1 -1 -1 -1 -1 -1 -1 -1 -1 -1 -1 -1 -1 -1 -1 -1 -1 -1 -1 -1 -1 -1 -1 -1 -1 -1 -1 -1 -1
13685.2440114 12910.9145989 13111.9727704 12550.6393518 16292.9516779 11603.0299605 10216.3203812 10149.2651426 10628.1714165 9481.8558576 7265.37442298 8907.3288633 14761.8696498 20249.1834327 14489.4811732 3386.36219681 3044.20748152 7004.0622063 21960.8022309 0.0 0.0 0.0 0.0 0.00116911348155 21473.0080931 8550.24854254 55968.188013 21636.681201 7095.4689906 31894.9692255 0.0 0.0 0.0 0.00128032275733 0.0 0.0 0.0 0.0 0.0 0.0 14149.1843497 0.0 0.0 -1 -1 -1 -1 -1 -1 -1 -1 -1 -1 -1 -1 -1 -1 -1 -1 -1 -1 -1 -1 -1 -1 -1 -1 -1 -1 -1 -1 -1 -1 -1 -1 -1 -1 -1 -1 -1 -1
19182.3602972 13468.7742564 18138.2340956 12382.7987683 15754.3116043 15376.2948285 16846.0599436 10770.7243005 10250.6796051 8713.6839153 7921.48791915 10220.873396 14047.9959088 19698.5793254 11506.933031 2652.0224616 3542.0381202 0.0 15820.9180432 16233.0369245 34051.1497403 36941.2597845 0.0 0.0 14801.7617343 3878.10221985 23536.2585448 21643.6319185 12188.7351234 36803.6822227 0.0 0.0 0.0 0.0 0.0 0.0 0.0 0.0 0.00290377480575 0.0 14109.396468 4804.88460499 -1 -1 -1 -1 -1 -1 -1 -1 -1 -1 -1 -1 -1 -1 -1 -1 -1 -1 -1 -1 -1 -1 -1 -1 -1 -1 -1 -1 -1 -1 -1 -1 -1 -1 -1 -1 -1 -1 -1
21580.3002576 17056.4889142 18767.0656759 17798.4274185 14790.6775848 0.000434490349703 15826.9757625 17004.8460367 10336.25943 9008.55695565 8113.13039407 11832.8691463 15136.6414056 19545.2959916 0.0 2936.15002792 0.0 21814.2467523 0.0 42679.9482428 61021.5819007 29034.1884825 37328.729886 0.0 28449.9080887 4073.45877015 5879.29265137 4488.709617 17259.013629 13044.7704878 30159.144933 0.0 50792.9687595 54777.53652 38415.9630401 0.00368866317885 0.00443444874225 0.0 0.00138693560197 0.0 0.00092447705592 -1 -1 -1 -1 -1 -1 -1 -1 -1 -1 -1 -1 -1 -1 -1 -1 -1 -1 -1 -1 -1 -1 -1 -1 -1 -1 -1 -1 -1 -1 -1 -1 -1 -1 -1 -1 -1 -1 -1 -1
20449.1726436 18026.8967253 20498.848331 21080.9588808 15095.2028343 15587.4627801 14267.3082242 18034.082266 11444.6433225 17118.6327954 16990.0107468 16257.4789001 17542.6515645 0.000570010915526 0.0 3538.3701132 0.0 0.0 0.0 0.0 0.0 0.0 0.0 0.0 0.0 3466.57909414 4980.01871235 0.0 28851.8534618 13780.0773288 0.0 0.0 55199.0398725 85943.141748 57705.7559336 46977.687309 0.0 0.00183841260094 0.00281230203409 0.0 -1 -1 -1 -1 -1 -1 -1 -1 -1 -1 -1 -1 -1 -1 -1 -1 -1 -1 -1 -1 -1 -1 -1 -1 -1 -1 -1 -1 -1 -1 -1 -1 -1 -1 -1 -1 -1 -1 -1 -1 -1
16917.1870549 19331.0577642 17183.4412642 13927.9151312 21598.9152576 15558.2136762 22731.0535028 27390.8704612 26992.2653831 30668.9469041 20131.7822475 23601.4364844 22928.4657598 14045.353803 8325.16191 0.0 0.0 0.0 0.0 0.00203895926798 0.00214720005341 0.0 0.0 0.0009366784653 20493.5013806 5436.55134 6410.78724 11646.9295869 0.0 0.000351892781205 0.0 0.0 51864.915438 78118.037526 69612.685632 58387.267368 73588.5365648 50625.0386291 0.00318006445399 0.0 -1 -1 -1 -1 -1 -1 -1 -1 -1 -1 -1 -1 -1 -1 -1 -1 -1 -1 -1 -1 -1 -1 -1 -1 -1 -1 -1 -1 -1 -1 -1 -1 -1 -1 -1 -1 -1 -1 -1 -1 -1
17208.0411923 28613.0529878 23135.6073405 12340.1889088 9955.27357965 20250.9501839 23613.0886796 0.0 0.0 0.0 0.0 0.0 15971.4448238 12759.6660352 7917.26974988 0.0 0.0 0.0 0.0 0.00162089494999 0.0018149624031 0.00245221615913 0.0 0.0 0.0 5405.59837856 11583.7922112 25205.1789825 25735.3148745 0.0 18663.6654419 0.0 0.00275368109655 46869.1715205 38972.4448838 55863.0808365 0.0 0.0 45977.650992 938.7944316 -1 -1 -1 -1 -1 -1 -1 -1 -1 -1 -1 -1 -1 -1 -1 -1 -1 -1 -1 -1 -1 -1 -1 -1 -1 -1 -1 -1 -1 -1 -1 -1 -1 -1 -1 -1 -1 -1 -1 -1 -1
38938.9412396 14677.2012695 25199.8185105 32048.3574263 25054.473528 25928.9755969 19322.6578697 40090.1568007 0.0 0.0 0.0 0.0 19734.6092095 5621.6310885 0.0 0.0 0.0 0.0 0.0 0.0 0.0 0.0 0.00351737856529 0.0 0.0008207453826 6483.31166437 13618.1153062 0.0 0.00080662277115 0.0 24953.619342 0.0 0.0 37067.595798 0.0 0.00379517762644 51384.7509855 59551.0533626 39976.247295 -1 -1 -1 -1 -1 -1 -1 -1 -1 -1 -1 -1 -1 -1 -1 -1 -1 -1 -1 -1 -1 -1 -1 -1 -1 -1 -1 -1 -1 -1 -1 -1 -1 -1 -1 -1 -1 -1 -1 -1 -1 -1
37951.9650169 13459.2132804 0.0 0.0 0.0 0.0 0.0 0.0 0.0 0.0 28703.5476326 0.0 47524.1210854 0.0 0.0 0.0 0.0 0.0 0.0012416098257 0.00165458265825 0.0 0.0 0.0 0.0 0.0 0.0 0.0 0.0 0.00809460173625 0.0 0.0 0.0 0.0 0.0 0.0 69984.5491151 38185.0326952 59831.6237325 52016.4040297 0.0 -1 -1 -1 -1 -1 -1 -1 -1 -1 -1 -1 -1 -1 -1 -1 -1 -1 -1 -1 -1 -1 -1 -1 -1 -1 -1 -1 -1 -1 -1 -1 -1 -1 -1 -1 -1 -1 -1 -1 -1 -1
0.0 11605.0705919 48847.3189155 20286.3085538 0.0 0.0029200037607 0.0 0.0 0.00074153886237 17336.7902808 7772.708613 14708.8327148 22994.9815657 0.0 0.0 0.0 0.0 0.0 0.00153661855125 0.0 0.0 43096.09845 0.0 0.0 0.0 0.0 0.0 0.0 0.0 0.0 0.000788857595662 0.0 0.0015295876596 0.0 0.0 0.0 41847.042978 47691.9074475 25341.5464088 1063.9082664 -1 -1 -1 -1 -1 -1 -1 -1 -1 -1 -1 -1 -1 -1 -1 -1 -1 -1 -1 -1 -1 -1 -1 -1 -1 -1 -1 -1 -1 -1 -1 -1 -1 -1 -1 -1 -1 -1 -1 -1 -1
9208.60931182 21210.4170563 21263.6797508 6227.35725495 0.0 24989.3801771 33922.8145789 0.0 0.0 0.00104705198087 0.0 8592.66712148 0.0 0.0 0.0 0.0 0.0 0.0 0.0 0.0 0.001518935748 0.00124192911038 0.0 46146.9963536 0.0 0.0 0.0 26578.8939034 0.0 0.0 0.0 0.0 0.0 0.0 0.0 55778.820504 53211.046125 44037.4012732 23319.1970655 903.154946377 -1 -1 -1 -1 -1 -1 -1 -1 -1 -1 -1 -1 -1 -1 -1 -1 -1 -1 -1 -1 -1 -1 -1 -1 -1 -1 -1 -1 -1 -1 -1 -1 -1 -1 -1 -1 -1 -1 -1 -1 -1
2661.74491822 11460.2902057 3407.21368144 2381.35743919 2613.748401 3723.77051426 12145.5560243 0.0 0.0 0.0 0.0 0.0 0.0 0.0 0.0 0.0 0.0 0.0 0.0 0.0 0.0 0.0 0.0 38195.4207431 0.0 0.0 0.0 37518.4459155 0.0 0.0 0.0020294670633 80770.762296 0.00567496067355 0.00177881877112 0.0 0.00250475163923 0.0 67039.263714 18686.1154095 -1 -1 -1 -1 -1 -1 -1 -1 -1 -1 -1 -1 -1 -1 -1 -1 -1 -1 -1 -1 -1 -1 -1 -1 -1 -1 -1 -1 -1 -1 -1 -1 -1 -1 -1 -1 -1 -1 -1 -1 -1 -1
1550.5600335 2210.9038575 1912.07348719 2430.93735885 2197.2348822 0.0 0.0 0.0 19751.924844 0.0 0.0 0.0 0.0 0.0 0.0 0.0 0.0 0.0 0.00102549048555 0.0 0.0 0.0 0.0 0.0011859333822 0.0 0.0 0.0 0.0 0.0 0.0 0.0 0.0 0.0 0.0 0.0 0.0015284631429 38613.136752 42424.6057095 11491.6790972 -1 -1 -1 -1 -1 -1 -1 -1 -1 -1 -1 -1 -1 -1 -1 -1 -1 -1 -1 -1 -1 -1 -1 -1 -1 -1 -1 -1 -1 -1 -1 -1 -1 -1 -1 -1 -1 -1 -1 -1 -1 -1
10098.8475814 24447.748521 4630.68075015 1851.72570765 1772.59941922 1364.35311202 0.000239873328315 0.0 0.0 0.0 0.000816045366112 0.0 0.0 0.0 0.0 0.0 0.0 0.0011934550971 0.0 0.00356013340567 0.000989571471 0.00117514895914 0.0 36353.7177116 35473.9069744 0.0 0.0 0.0 0.0 0.0 0.0 61721.2911142 0.0 0.00208393647514 0.0023394808158 30493.5080287 28359.122292 14401.7720963 2808.8821431 -1 -1 -1 -1 -1 -1 -1 -1 -1 -1 -1 -1 -1 -1 -1 -1 -1 -1 -1 -1 -1 -1 -1 -1 -1 -1 -1 -1 -1 -1 -1 -1 -1 -1 -1 -1 -1 -1 -1 -1 -1 -1
