critload/trunk/input/1999/nsro_ag.asc
ncols 720
nrows 360
xllcorner -180
yllcorner -90
cellsize 0.5
NODATA_value -1
[rows 66 to 98 of 360, columns 600 to 674 of 720]
0.0 0.0 0.0 0.0 0.0 0.0 0.0 0.0 0.0 0.0 0.0 0.0 0.0 0.0 0.0 0.0 0.0 0.0 0.0 0.0 0.0 0.0 0.0 0.0 0.0 0.0 0.0 637.358863929 0.0 0.0 0.0 0.0 0.0 0.0 0.0 0.0 0.0 0.0 -1.0 -1.0 -1.0 -1.0 -1.0 -1.0 -1.0 -1.0 -1.0 -1.0 -1.0 -1.0 -1.0 -1.0 -1.0 -1.0 -1.0 -1.0 -1.0 -1.0 -1.0 -1.0 -1.0 -1.0 -1.0 -1.0 -1.0 -1.0 -1.0 -1.0 -1.0 -1.0 -1.0 0.0 0.0 0.0 0.0
0.0 0.0 0.0 0.0 0.0 0.0 0.0 0.0 0.0 0.0 0.0 0.0 0.0 0.0 0.0 0.0 0.0 0.0 0.0 0.0 0.0 0.0 0.0 0.0 0.0 0.0 0.0 0.0 0.0 0.0 0.0 0.0 0.0 0.0 0.0 0.0 0.0 -1.0 -1.0 -1.0 -1.0 -1.0 -1.0 -1.0 -1.0 -1.0 -1.0 -1.0 -1.0 -1.0 -1.0 -1.0 -1.0 -1.0 -1.0 -1.0 -1.0 -1.0 -1.0 -1.0 -1.0 -1.0 -1.0 -1.0 -1.0 -1.0 -1.0 -1.0 -1.0 -1.0 -1.0 0.0 0.0 0.0 0.0
0.0 0.0 0.0 0.0 0.0 0.0 0.0 0.0 0.0 0.0 0.0 0.0 0.0 0.0 0.0 0.0 0.0 0.0 0.0 0.0 0.0 0.0 0.0 0.0 0.0 0.0 0.0 0.0 0.0 0.0 0.0 0.0 660.01081324 576.882702008 0.0 -1.0 -1.0 -1.0 -1.0 -1.0 -1.0 -1.0 -1.0 -1.0 -1.0 -1.0 -1.0 -1.0 -1.0 -1.0 -1.0 -1.0 -1.0 -1.0 -1.0 -1.0 -1.0 -1.0 -1.0 -1.0 -1.0 -1.0 -1.0 -1.0 -1.0 -1.0 -1.0 -1.0 -1.0 -1.0 -1.0 0.0 0.0 0.0 0.0
0.0 0.0 0.0 0.0 0.0 0.0 651.840399582 628.909107775 627.054517119 0.0 0.0 0.0 0.0 0.0 0.0 0.0 0.0 0.0 0.0 0.0 0.0 0.0 0.0 0.0 0.0 0.0 1348.20566181 0.0 0.0 0.0 1975.28675066 708.648634552 0.0 0.0 0.0 0.0 0.0 -1.0 -1.0 -1.0 -1.0 -1.0 -1.0 -1.0 -1.0 -1.0 -1.0 -1.0 -1.0 -1.0 -1.0 -1.0 -1.0 -1.0 -1.0 -1.0 -1.0 -1.0 -1.0 -1.0 -1.0 -1.0 -1.0 -1.0 -1.0 -1.0 -1.0 -1.0 -1.0 -1.0 -1.0 0.0 0.0 0.0 0.0
0.0 0.0 0.0 0.0 0.0 0.0 0.0 0.0 0.0 0.0 818.37983574 0.0 0.0 0.0 0.0 14.5460709361 0.0 0.0 0.0 339.036274762 0.0 0.0 0.0 0.0 0.0 0.0 0.0 0.0 0.0 0.0 0.0 0.0 0.0 488.745107655 0.0 0.0 0.0 -1.0 -1.0 -1.0 -1.0 -1.0 -1.0 -1.0 -1.0 -1.0 -1.0 -1.0 -1.0 -1.0 -1.0 -1.0 -1.0 -1.0 -1.0 -1.0 -1.0 -1.0 -1.0 -1.0 -1.0 -1.0 -1.0 -1.0 -1.0 -1.0 -1.0 -1.0 -1.0 -1.0 -1.0 24.4138208666 0.0 0.0 0.0
0.0 0.0 0.0 0.0 0.0 0.0 0.0 0.0 0.0 0.0 0.0 0.0 0.0 0.0 0.0 0.0 0.0 0.0 0.0 0.0 0.0 0.0 0.0 0.0 0.0 3802.76632153 0.0 0.0 0.0 0.0 0.0 0.0 0.0 0.0 0.0 0.0 -1.0 435.945327662 0.0 0.0 0.0 -1.0 -1.0 -1.0 0.0 0.0 -1.0 -1.0 -1.0 -1.0 -1.0 -1.0 -1.0 -1.0 -1.0 -1.0 -1.0 -1.0 -1.0 -1.0 -1.0 -1.0 -1.0 -1.0 -1.0 -1.0 -1.0 -1.0 -1.0 -1.0 -1.0 0.0 0.0 0.0 0.0
0.0 0.0 0.0 0.0 0.0 0.0 0.0 0.0 0.0 0.0 0.0 0.0 643.799633148 3013.57286574 1322.10846077 1510.98549426 0.0 0.0 0.0 0.0 0.0 0.0 0.0 0.0 0.0 0.0 0.0 0.0 0.0 0.0 0.0 0.0 908.83638837 198.741834697 0.0 0.0 0.0 86.8042905675 0.0 40.5835776691 94.1988384225 15.306460271 -1.0 -1.0 -1.0 48.8102112288 0.0 -1.0 -1.0 -1.0 -1.0 -1.0 -1.0 -1.0 -1.0 -1.0 -1.0 -1.0 -1.0 -1.0 -1.0 -1.0 -1.0 -1.0 -1.0 -1.0 -1.0 -1.0 -1.0 -1.0 -1.0 0.0 0.0 0.0 0.0
0.0 0.0 0.0 47823.5494611 48289.4715228 75776.183622 78970.0926539 44584.4349918 42326.0991439 0.0 0.0 525.380408028 326.025149377 875.309368207 606.737141598 435.326551087 1262.69784407 413.237164567 0.0 661.88633805 544.254400039 0.0 0.0 0.0 0.0 0.0 0.0 0.0 0.0 0.0 0.0 933.49098567 1034.20244054 903.7937781 0.0 0.0 0.0 0.0 0.0 187.064779951 153.514425037 0.0 0.0 0.0 0.0 0.0 25.2158541959 -1.0 -1.0 -1.0 -1.0 -1.0 -1.0 -1.0 -1.0 -1.0 -1.0 -1.0 -1.0 -1.0 -1.0 -1.0 -1.0 -1.0 -1.0 -1.0 -1.0 -1.0 -1.0 -1.0 -1.0 -1.0 51.040544229 0.0 0.0
2182.78346892 0.0 0.0 0.0 120496.592496 185133.363521 122729.616376 67227.8239589 60190.4120737 51089.9833463 27786.7235555 38202.7781077 1410.700416 1986.13958003 1029.94520947 1618.3687462 1781.3028365 1149.24794793 855.22539321 1483.64066417 789.680209196 998.64214681 0.0 0.0 0.0 0.0 0.0 0.0 0.0 0.0 0.0 954.285316477 1142.6139192 742.094271 0.0 1121.86499976 0.0 0.0 0.0 0.0 0.0 0.0 0.0 0.0 0.0 0.0 270.592971375 -1.0 -1.0 -1.0 -1.0 -1.0 -1.0 -1.0 -1.0 -1.0 -1.0 -1.0 -1.0 -1.0 -1.0 -1.0 -1.0 -1.0 -1.0 -1.0 -1.0 -1.0 -1.0 -1.0 -1.0 -1.0 90.4654788915 0.0 0.0
0.0 59671.2047996 52027.320936 19435.9317797 11079.1807948 2575.29203238 2921.15185447 0.0 0.0 65460.6247093 4305.07211958 42970.1025708 5362.68177976 1782.81504198 828.715561918 1438.9127945 2475.26260005 1612.64823312 2507.85911702 633.778812391 659.165105052 260.775795394 329.210826843 0.0 0.0 0.0 0.0 0.0 0.0 0.0 0.0 0.0 1227.38327778 1173.58608591 0.0 983.82543813 0.0 0.0 0.0 303.696970815 157.593529062 0.0 0.0 6.41572289618 0.0 0.0 150.847087686 -1.0 -1.0 -1.0 -1.0 -1.0 -1.0 -1.0 -1.0 -1.0 -1.0 -1.0 -1.0 -1.0 -1.0 -1.0 -1.0 -1.0 -1.0 -1.0 -1.0 -1.0 -1.0 -1.0 -1.0 -1.0 15.9702020964 0.0 0.0
1098.20009301 2208.81073896 68223.3989892 191959.365947 75008.7731838 148273.204587 9518.21460854 55951.7858221 0.0 0.0 2066.40083016 7320.0188412 6999.44164318 1720.23776137 1049.8181441 958.512965942 5146.6779375 9108.61941919 4847.38174829 1062.80001293 1322.49886846 912.674332598 0.0 0.0 0.0 0.0 0.0 0.0 0.0 0.0 0.0 0.0 812.07701562 3304.76174532 1697.88741048 1499.88397701 0.0 0.0 686.24666025 690.863314353 344.687091157 147.219934115 0.0 179.859875327 0.0 0.0 91.4595994116 -1.0 -1.0 -1.0 -1.0 -1.0 -1.0 -1.0 -1.0 -1.0 -1.0 -1.0 -1.0 -1.0 -1.0 -1.0 -1.0 -1.0 -1.0 -1.0 -1.0 -1.0 -1.0 -1.0 -1.0 -1.0 -1.0 483.099294415 0.0
73366.7290404 25209.0921237 132756.66464 249752.393751 272824.812453 44032.7726785 105001.603095 18893.0567291 37667.7711303 49172.1651906 41279.7973941 82775.085784 22801.6460082 18359.1823302 4045.61581284 3116.79441216 8692.61465147 9973.36711528 2962.15337467 2204.88435712 1250.64688542 2176.66713524 0.0 0.0 0.0 616.21748001 0.0 0.0 1723.03849465 0.0 0.0 0.0 256.143148549 1426.43401414 2777.71637018 2874.08893179 787.252833307 0.0 1164.67040644 0.0 0.0 0.0 -1.0 -1.0 0.0 0.0 0.0 0.0 -1.0 -1.0 -1.0 -1.0 -1.0 -1.0 -1.0 -1.0 -1.0 -1.0 -1.0 -1.0 -1.0 -1.0 -1.0 -1.0 -1.0 -1.0 -1.0 -1.0 -1.0 -1.0 -1.0 -1.0 -1.0 0.0 0.0
111868.900065 92517.355413 252078.746339 107279.925138 249873.17524 20629.773653 73525.6891392 132856.884004 98495.3196464 77906.5994344 195057.537546 78013.9780353 20336.923965 61939.1373888 13157.0673075 23861.0404296 9357.38008135 14388.607852 10472.324772 2590.90710415 1550.81576267 0.0 0.0 0.0 1267.31765971 1080.62647056 0.0 1481.47052712 4525.52151991 3876.49216253 1738.7509345 0.0 0.0 1277.84866758 3134.99343202 1424.13138806 1742.32757835 0.0 0.0 0.0 0.0 0.0 -1.0 -1.0 0.0 0.0 0.0 0.0 -1.0 -1.0 -1.0 -1.0 -1.0 -1.0 -1.0 -1.0 -1.0 -1.0 -1.0 -1.0 -1.0 -1.0 -1.0 -1.0 -1.0 -1.0 -1.0 -1.0 -1.0 -1.0 0.0 0.0 1316.83856395 0.0 -1.0
514014.825104 232631.155035 358349.885454 280574.247022 240355.680278 75574.3434997 106392.134825 29989.4360462 161752.519702 151986.203329 177215.923061 309426.296599 99389.6643605 50282.00955 88274.9916288 17261.3127909 8690.5893425 35995.6148554 19721.1861606 7293.64884872 2137.18257374 0.0 0.0 0.0 2586.90076248 2214.947907 2359.92913039 4641.7716363 8265.63826759 5966.5842693 1622.87995535 0.0 8230.50230051 4579.90417216 3419.52566769 4290.04021536 1247.31543555 1310.23894286 0.0 0.0 0.0 0.0 -1.0 -1.0 74.1124747151 0.0 0.0 0.0 -1.0 -1.0 -1.0 -1.0 -1.0 -1.0 -1.0 -1.0 -1.0 -1.0 -1.0 -1.0 -1.0 -1.0 -1.0 -1.0 -1.0 -1.0 -1.0 -1.0 -1.0 -1.0 0.0 298.030189807 0.0 -1.0 -1.0
309505.400392 231361.304136 342485.345633 231674.174057 210148.041258 22022.3511671 69157.714091 149439.568272 405572.831275 258470.843815 278127.691281 410346.05325 100916.129063 75606.0671512 222012.947163 50655.5027902 18912.8135915 41876.8978392 49559.1808057 49447.2209342 2907.88198782 0.0 0.0 2058.2860833 1067.45732496 2506.47047584 0.0 1602.60143657 2341.92875613 8936.05251384 4313.64334354 1204.57738857 3144.82537888 3937.3487637 2220.26232141 1199.08446268 0.0 1397.28204168 0.0 0.0 0.0 -1.0 -1.0 -1.0 0.0 0.0 0.0 0.0 63.5789041934 -1.0 -1.0 -1.0 -1.0 -1.0 -1.0 -1.0 -1.0 -1.0 -1.0 -1.0 -1.0 -1.0 -1.0 -1.0 -1.0 -1.0 -1.0 -1.0 0.0 0.0 -1.0 -1.0 -1.0 -1.0 -1.0
184690.000831 290450.025958 220818.956445 165133.281867 72652.2039792 50340.7563266 77096.81778 208505.548451 403540.663711 532298.574147 241266.774506 413990.107985 197735.628457 102013.651759 295765.979033 163856.689035 313961.514412 140572.654762 170127.879933 8809.33868134 10532.5214511 0.0 0.0 0.0 0.0 2096.58395 6382.08814702 3227.06456023 1104.96960156 3484.14166426 12171.1096338 3214.23590052 1636.4761006 1671.24724668 0.0 0.0 1747.3604092 0.0 1548.8248419 0.0 2166.90971731 -1.0 -1.0 -1.0 325.33440957 0.0 79.112982267 165.991457284 0.0 -1.0 -1.0 -1.0 -1.0 -1.0 -1.0 -1.0 -1.0 -1.0 -1.0 -1.0 -1.0 -1.0 -1.0 -1.0 -1.0 -1.0 -1.0 -1.0 0.0 0.0 -1.0 -1.0 -1.0 -1.0 -1.0
233773.155428 342985.935206 424279.614431 71961.9277476 33234.5569089 62457.5111355 171292.536826 634814.154808 620787.224286 246872.493985 177190.557815 379739.957581 103746.60702 375134.886964 135528.407082 40391.4309777 20338.61531 96360.2824432 105504.817799 32772.7211922 191434.626408 8077.54182637 0.0 2222.46090281 10101.3294132 13382.9237771 4528.4074324 1888.00457324 4295.83074426 10342.9198894 11694.6635516 10438.8322786 1983.42298768 0.0 0.0 1617.93364518 1809.24768633 0.0 1466.87622165 0.0 2926.18913997 -1.0 -1.0 78.7704581318 0.0 157.199499592 -1.0 -1.0 0.0 0.0 -1.0 -1.0 -1.0 -1.0 -1.0 -1.0 -1.0 -1.0 -1.0 -1.0 -1.0 -1.0 -1.0 -1.0 -1.0 -1.0 -1.0 -1.0 0.0 -1.0 -1.0 -1.0 -1.0 -1.0 -1.0
179863.454918 310424.992088 253684.328675 51784.6761351 151507.254039 504778.879212 653098.195342 240664.007061 136605.460096 154241.051754 265700.469236 282166.265452 284694.598311 202560.353514 197079.493622 82016.9851762 25951.2116357 112923.811129 393339.35875 163843.139652 28603.2858977 0.0 3627.09280027 9492.58935229 7688.6978265 18843.0058104 9712.44432151 8492.58416965 77435.6035538 50701.82481 37243.5303494 3396.62981542 1737.47701734 0.0 1637.89693972 1676.45938882 0.0 0.0 0.0 1334.09683024 0.0 -1.0 -1.0 -1.0 893.56637076 0.0 -1.0 -1.0 -1.0 -1.0 -1.0 -1.0 -1.0 -1.0 -1.0 -1.0 -1.0 -1.0 -1.0 -1.0 -1.0 -1.0 -1.0 -1.0 -1.0 -1.0 0.0 -1.0 -1.0 -1.0 -1.0 -1.0 -1.0 -1.0 -1.0
335032.043759 323672.253353 215228.334545 47929.3573895 474163.197168 502298.749889 232397.267778 35427.8540032 21789.5519855 54838.8504122 186268.906764 199609.66737 261375.942021 238625.446523 394510.335782 129900.886001 53255.7174349 186788.952896 151633.996051 0.0 83416.586043 625444.939604 18955.2460964 29390.4550206 4537.61470904 130841.932858 22688.7050049 6207.8471796 5900.05153054 8668.62999785 6732.23337202 5539.43501887 0.0 0.0 0.0 0.0 0.0 0.0 507.677691541 -1.0 -1.0 -1.0 -1.0 0.0 3218.53358833 573.027825368 -1.0 -1.0 -1.0 -1.0 -1.0 -1.0 -1.0 -1.0 -1.0 -1.0 -1.0 -1.0 -1.0 -1.0 -1.0 -1.0 -1.0 -1.0 -1.0 0.0 0.0 -1.0 -1.0 -1.0 -1.0 -1.0 -1.0 -1.0 -1.0
402230.528094 386257.201879 207634.324581 253812.012906 492696.301344 434457.526275 81647.7470209 36157.6359425 7588.29443292 23696.2239159 15971.4023964 223722.06704 195113.206026 168057.500337 206964.342888 265212.665532 163618.221925 82253.3275824 118414.859441 14401.9936201 298450.83958 19977.9215817 6872.39840196 66200.2925735 181993.09882 13174.5728726 125368.178156 211164.260521 63845.4934368 7490.7554238 0.0 0.0 0.0 4138.7360333 1660.2540478 0.0 0.0 661.461687466 -1.0 -1.0 -1.0 -1.0 -1.0 0.0 1292.50826309 10404.4998446 -1.0 -1.0 -1.0 -1.0 -1.0 -1.0 -1.0 -1.0 -1.0 -1.0 -1.0 -1.0 -1.0 -1.0 -1.0 -1.0 -1.0 -1.0 0.0 -1.0 -1.0 -1.0 -1.0 -1.0 -1.0 -1.0 -1.0 -1.0 -1.0
416326.751115 247457.299026 421603.563213 457989.650685 386942.2065 241418.459279 112113.863228 73670.1182989 46803.4539406 22790.6530067 12015.609129 40435.9841659 89209.6193639 124521.918379 122880.025321 299745.652658 263010.18093 100769.8715 212001.983334 418953.790272 619736.329177 578077.193059 183846.258949 81292.8821055 9139.20170616 12647.8581034 287132.190743 135786.215869 27972.5764251 3066.62785313 0.0 0.0 0.0 1926.52047837 1716.13983695 1627.50453347 0.0 -1.0 -1.0 -1.0 -1.0 -1.0 -1.0 1148.53511326 1918.0891391 7316.80525176 606.92175984 -1.0 -1.0 -1.0 -1.0 -1.0 -1.0 -1.0 -1.0 -1.0 -1.0 -1.0 -1.0 -1.0 -1.0 -1.0 -1.0 0.0 0.0 -1.0 -1.0 -1.0 -1.0 -1.0 -1.0 -1.0 -1.0 -1.0 -1.0
138165.766411 406637.545388 621989.455705 513183.857104 321981.099967 116764.958203 65714.7324711 38797.4786534 54179.322345 57680.4832132 35414.8346428 37593.0775004 88014.8474596 167187.075933 321713.09071 368899.45919 207211.59729 403777.100632 311499.825055 377778.938278 280876.898714 795368.495447 247531.596039 944889.623637 478538.646709 310837.235556 384503.9898 89665.2180388 19036.6950954 0.0 0.0 0.0 0.0 2262.88528394 0.0 1068.67309018 38.5741366543 -1.0 -1.0 -1.0 -1.0 -1.0 -1.0 288.972341113 759.3684504 -1.0 58.376317605 0.0 -1.0 -1.0 -1.0 -1.0 -1.0 -1.0 -1.0 -1.0 -1.0 -1.0 -1.0 -1.0 2853.06637511 -1.0 -1.0 -1.0 -1.0 -1.0 -1.0 -1.0 -1.0 -1.0 -1.0 -1.0 -1.0 -1.0 -1.0
252003.626077 375833.65844 564771.632411 351356.093954 299953.740873 113244.856604 35263.8137486 70881.4115584 104220.948892 35169.5362449 43633.5054531 66126.8790797 80977.5654704 212155.347277 588110.26329 808211.340869 643739.832304 424606.758616 176777.228901 877515.099839 694033.585031 731919.134589 608787.843367 679172.243051 319696.578506 42975.1493616 43207.0544639 65363.3636708 8137.20370176 3227.76519264 0.0 0.0 1723.20489466 2149.31681023 2683.30655548 0.0 -1.0 -1.0 -1.0 -1.0 -1.0 -1.0 -1.0 0.0 -1.0 -1.0 -1.0 -1.0 -1.0 -1.0 -1.0 -1.0 -1.0 -1.0 -1.0 -1.0 -1.0 -1.0 0.0 0.0 0.0 -1.0 -1.0 -1.0 -1.0 -1.0 -1.0 -1.0 -1.0 -1.0 -1.0 -1.0 -1.0 -1.0 -1.0
199187.157768 314945.944505 356712.873012 57939.1553952 18318.458666 46472.0206302 34560.438969 18216.8363792 81636.9654366 89733.5574276 121171.492848 265593.256546 251694.81955 247385.071712 370621.420129 867615.72677 820397.516589 399170.549896 75215.5333336 473032.353935 929085.850116 920928.254854 571154.949504 594443.955821 0.0 6465.93770583 51514.6783874 12537.3030075 0.0 0.0 0.0 0.0 2079.97213702 2325.06807802 30.7269848284 -1.0 -1.0 -1.0 -1.0 -1.0 -1.0 0.0 0.0 0.0 0.0 -1.0 -1.0 -1.0 -1.0 -1.0 -1.0 -1.0 -1.0 -1.0 -1.0 1065.38523354 462.306852423 0.0 -1.0 -1.0 -1.0 -1.0 -1.0 -1.0 -1.0 -1.0 -1.0 -1.0 -1.0 -1.0 -1.0 -1.0 -1.0 -1.0 -1.0
395657.65806 609294.238941 191490.079553 16768.0982724 18898.9333452 39230.8598372 55018.7009891 123877.119106 78429.190398 193430.471896 292651.306573 285619.222691 368120.798364 267393.698196 261690.13689 536759.434994 453079.171907 742384.386761 747865.05782 1036853.19019 1194466.66883 659241.02347 0.0 49950.7510539 5243.04673513 22386.2880841 26179.1332702 6836.6612072 0.0 0.0 0.0 0.0 742.7360649 -1.0 -1.0 -1.0 -1.0 -1.0 -1.0 -1.0 -1.0 -1.0 -1.0 8529.00613032 0.0 0.0 0.0 -1.0 -1.0 -1.0 -1.0 -1.0 -1.0 0.0 0.0 0.0 -1.0 -1.0 -1.0 -1.0 -1.0 -1.0 -1.0 -1.0 -1.0 -1.0 -1.0 -1.0 -1.0 -1.0 -1.0 -1.0 -1.0 -1.0 -1.0
286464.460106 115234.469564 42892.1520388 29510.526811 17990.6935164 23968.876814 56003.7780666 101086.677727 117465.299493 300862.267064 228855.091158 484022.548199 616322.978944 875310.407632 691436.636196 322085.645579 333832.049971 455418.336017 919915.149585 459734.660576 168511.280541 538044.45644 58289.0007075 44722.6181462 108013.181709 28451.7506023 14956.5191867 6728.78624418 0.0 0.0 0.0 2735.66304273 -1.0 -1.0 -1.0 -1.0 -1.0 -1.0 -1.0 -1.0 -1.0 -1.0 -1.0 6416.52394815 0.0 0.0 0.0 0.0 0.0 0.0 0.0 -1.0 1155.95499906 0.0 -1.0 -1.0 -1.0 -1.0 -1.0 -1.0 -1.0 -1.0 -1.0 -1.0 -1.0 -1.0 -1.0 -1.0 -1.0 -1.0 -1.0 -1.0 -1.0 -1.0 -1.0
125653.251375 29585.8148364 79237.5735528 51146.0210198 63204.1040296 64026.8765066 63605.0547585 62606.2360283 201865.831931 244894.622809 578997.621363 474807.942618 1018385.30328 869472.748912 884038.368395 435645.304789 1086638.93114 542331.432909 321343.010557 110054.018979 236558.755048 185472.558029 16582.4037136 39152.8753164 29668.9224682 5203.22929224 0.0 0.0 0.0 0.0 0.0 -1.0 -1.0 -1.0 -1.0 -1.0 -1.0 -1.0 -1.0 -1.0 -1.0 -1.0 0.0 14860.7921216 321189.893412 0.0 0.0 35425.1245351 48334.6573112 20418.0263782 13541.2880775 -1.0 0.0 -1.0 -1.0 -1.0 -1.0 -1.0 -1.0 -1.0 -1.0 -1.0 -1.0 -1.0 -1.0 -1.0 -1.0 -1.0 -1.0 -1.0 -1.0 -1.0 -1.0 -1.0 -1.0
34808.632704 32219.811195 16900.0713331 20066.3685495 25142.1065438 35013.8424967 45637.4180016 65249.4504575 232206.551052 594465.392547 641547.371034 889949.273226 1727083.40838 1670955.18969 699981.322179 136865.334005 942364.650767 501412.880843 145751.146405 497322.500063 266929.356741 198897.984266 13006.3894327 3195.152604 21487.5618445 2669.45007087 2696.6647996 0.0 0.0 0.0 -1.0 -1.0 -1.0 -1.0 -1.0 -1.0 -1.0 -1.0 -1.0 -1.0 0.0 0.0 0.0 186586.613161 0.0 87609.2883633 0.0 0.0 0.0 0.0 7757.41123613 0.0 -1.0 -1.0 -1.0 -1.0 -1.0 -1.0 -1.0 -1.0 -1.0 -1.0 -1.0 -1.0 -1.0 -1.0 -1.0 -1.0 -1.0 -1.0 -1.0 -1.0 -1.0 -1.0 -1.0
198663.359852 91122.9296846 216173.285499 191979.260925 89682.4511845 165484.955929 327436.84314 148372.756518 714220.679554 1244083.64732 1039178.37989 223497.880721 464669.333546 776700.176614 262800.675536 134261.511056 626787.867755 132540.275427 1123286.13862 760888.262084 547004.424564 33091.1458426 4611.2041237 -1.0 12096.5453845 5747.54681076 9698.56519653 0.0 -1.0 -1.0 -1.0 -1.0 -1.0 -1.0 -1.0 -1.0 -1.0 -1.0 -1.0 0.0 0.0 0.0 0.0 24075.1629914 107308.734718 114032.425883 108716.933429 0.0 -1.0 -1.0 -1.0 -1.0 -1.0 -1.0 -1.0 -1.0 -1.0 -1.0 -1.0 -1.0 -1.0 -1.0 -1.0 -1.0 -1.0 -1.0 -1.0 -1.0 -1.0 -1.0 -1.0 -1.0 -1.0 -1.0 -1.0
470983.434525 800855.182586 1056604.32552 894118.508505 311840.2992 33093.3689402 176045.525575 788640.721292 808695.697541 644177.971369 768518.913517 1230805.53352 800562.543671 464737.615579 1276492.9447 509225.154191 319466.586182 166128.44641 124662.68257 103478.834558 108736.100476 7537.06573896 -1.0 -1.0 -1.0 -1.0 -1.0 -1.0 -1.0 -1.0 -1.0 -1.0 -1.0 -1.0 -1.0 -1.0 -1.0 -1.0 0.0 0.0 0.0 0.0 0.0 -1.0 0.0 0.0 24440.5393454 -1.0 -1.0 -1.0 -1.0 -1.0 -1.0 -1.0 -1.0 -1.0 -1.0 -1.0 -1.0 -1.0 -1.0 -1.0 -1.0 -1.0 -1.0 -1.0 -1.0 -1.0 -1.0 -1.0 -1.0 -1.0 -1.0 -1.0 -1.0
1877857.19464 1156042.43684 1193998.47385 790897.710993 115860.20574 25255.6991936 119142.49764 764538.966308 566503.12632 309811.725213 557993.528629 1673237.81391 556379.343331 237238.139003 460265.320022 788196.6036 119776.931085 59937.3117921 59702.1562599 328327.802373 -1.0 -1.0 -1.0 -1.0 -1.0 -1.0 -1.0 -1.0 -1.0 -1.0 -1.0 -1.0 -1.0 -1.0 -1.0 -1.0 -1.0 -1.0 -1.0 0.0 0.0 200092.443272 0.0 -1.0 -1.0 -1.0 -1.0 -1.0 -1.0 -1.0 -1.0 -1.0 -1.0 -1.0 -1.0 -1.0 -1.0 -1.0 -1.0 -1.0 -1.0 -1.0 -1.0 -1.0 -1.0 -1.0 -1.0 -1.0 -1.0 -1.0 -1.0 -1.0 -1.0 -1.0 -1.0
1584194.39698 1372085.46739 601683.723927 237083.524144 58838.3980276 121549.625869 1025245.61212 888575.467986 746592.866734 322360.122302 596306.096973 468959.763908 166563.753884 0.0 0.0 0.0 82396.3966753 0.0 53718.63063 99134.6868901 -1.0 -1.0 -1.0 -1.0 -1.0 -1.0 -1.0 -1.0 -1.0 -1.0 -1.0 -1.0 -1.0 -1.0 -1.0 -1.0 -1.0 -1.0 -1.0 -1.0 0.0 0.0 18054.7649414 -1.0 -1.0 -1.0 -1.0 -1.0 -1.0 -1.0 -1.0 -1.0 -1.0 -1.0 -1.0 -1.0 -1.0 -1.0 -1.0 -1.0 -1.0 -1.0 -1.0 -1.0 -1.0 -1.0 -1.0 -1.0 -1.0 -1.0 -1.0 -1.0 -1.0 -1.0 -1.0
1595937.02267 1155645.40781 42171.0684154 5144.99443348 168891.556528 1311385.56075 407739.128768 493279.656277 672649.948326 315100.516495 228289.542417 36286.8237423 0.0 62798.4773742 0.0 0.0 0.0 88521.2081681 273826.159758 0.0 -1.0 -1.0 -1.0 -1.0 -1.0 -1.0 -1.0 -1.0 -1.0 -1.0 -1.0 -1.0 -1.0 -1.0 -1.0 -1.0 -1.0 -1.0 -1.0 0.0 583940.567907 267245.13254 474196.838577 38273.5547594 -1.0 -1.0 -1.0 -1.0 -1.0 -1.0 -1.0 -1.0 -1.0 -1.0 -1.0 -1.0 -1.0 -1.0 -1.0 -1.0 -1.0 -1.0 -1.0 -1.0 -1.0 -1.0 -1.0 -1.0 -1.0 -1.0 -1.0 -1.0 -1.0 -1.0 -1.0
