critload/trunk/input/1999/nsro_nat.asc
ncols 720
nrows 360
xllcorner -180
yllcorner -90
cellsize 0.5
NODATA_value -1
[rows 120 to 149 of 360, columns 469 to 535 of 720]
15.997008059999985 0.0 808.2768353600004 0.0 1428.1276098299986 0.0 10830.3634968 3005.4422054100005 653.1690717000001 -16415.8797114 5316.538317619999 6250.07565763 9890.7929192 -166.07154631999947 -972.85544923 -1708.5419790400001 333.6233594099999 122.4747922900001 310.27294476999987 1127.96049606 -2028.18219502 -1003.60157744 -1038.86509248 -15889.0838699 11263.2258184 9413.359774199998 1357.376629899998 11638.489733399998 11022.453377799999 9085.359470210002 4966.3392724000005 4128.94285198 -7.04718391183e-05 0.0 0.0 -5.65681732374e-05 0.0 0.0 0.0 -1.22313206303e-05 0.00037743846777300004 0.0 -1.06154491488e-05 0.0 -7.42556774312e-05 0.0 0.0 0.008083668802644 -114518.936482 -49654.990607000014 -41347.769474 -140048.34599300002 -312863.880144 -399773.288628 -370255.8528023 -348253.8178754 0.0 0.0 0.0 0.0 0.0 0.0 0.0 0.0 0.0 0.0 0.0
0.0 -7890.29407461 0.0 0.0 0.0010153018075250001 0.0 784.1564264000008 4365.50398535 1747.51151582 384.10550194999996 5407.0243669 7946.684733979999 6444.759013779999 10269.2069251 894.95048451 1121.8036214600006 -9563.688462379998 -5341.7482961999995 3562.6906185 4376.41364443 -3239.64532465 718.2920421700001 -5853.19986018 6563.14605856 8322.9906678 -11132.262038700002 -44.990652599999976 4299.26171124 -1143.1500661999999 5093.3017199000005 954.5610785999997 0.0 0.0 -2.47778241305e-05 -5.28667808522e-06 -656.607884928 -1869.67260997 -1932.48599627 -850.295406598 -868.433646605 -408.11226751999993 -1994.11851708 0.0005560621683119 0.0 -1.92842724691e-05 0.0 -7.69426544277e-05 0.0 0.0 15239.6213426 -26525.144875499987 -104311.43173790001 -142687.2281908 -219068.39672390002 -268641.6807744 -484854.9054925 -622834.696823 0.0 -187578.5323135 0.0 0.0 0.0 0.0 0.0 0.0 0.0 0.0
0.001568530876415 0.0 0.001102783157814 0.0 0.0 0.002463645123214 508.32645160000175 -387.1923358999993 -4366.26190342 -2695.73427717 -2021.2225658199995 6591.9886656 6165.77328745 8419.4883219 -5449.8622701 -2953.6197293 -3048.0022351 -1114.88744241 -329.3654946900001 1623.4206574400005 6480.69941467 -12167.3616854 2201.1333534999994 5533.47223338 10061.198064799999 -14310.909188000001 -1333.752122201 -1161.08695898 2495.76334684 4261.79912187 889.3340961999997 -5.77156126626e-05 0.0 -636.667848212 -323.98872605400004 -746.315258209 -754.480684175 -833.110509887 -749.581749114 -736.608088279 -803.851801453 422.480774195 1475.1015425520002 -3.16618334362e-05 0.000525495752851 -1.4395324209e-05 0.0 -0.000141762139425 0.0 0.0 0.0 -0.000229044602416 -0.00266745420064 0.011855069456440001 -163525.5297461 -239374.51451999997 -715679.6716509 -641441.820202 -601189.434205 -604914.1335255001 -573106.249033 -116411.35633649999 -3041.6972641999964 0.0 0.0 0.0 0.0
0.0 0.0 -0.00029222398426 -5.93822307747e-05 0.0013086096826211 8495.2017407 3921.9192339700003 0.0 7927.708404300001 8567.822188599997 -6972.91156708 -8639.39458217 -5103.9713081 -4578.60152072 10624.7883755 -5897.83608145 -2115.407882 -1840.32603753 -995.620653462 -1656.0565477 1827.7857687700002 384.13831813 4177.459298899999 -1866.384317199998 -8911.528885100004 -11550.242412300002 -1278.482702195 0.0 0.0 -2.64502893494e-05 -3.2522859331e-05 -2.39135019611e-05 -174.19551522200004 -90.72676002000003 -809.2571427 -889.921532013 257.06592835000004 -2699.8271984000003 116.25116328799993 -828.25754904 -808.745662662 268.13134431800006 2482.1118833009996 6905.808760864 -9.49738517987e-06 0.0 0.000646850898304 0.0 0.000636057996068 0.0006442138441219 0.0007424579956566 0.0 -0.000191616581382 0.002956479634489 -26630.990089600004 -66050.6838383 -172683.4553834 -211435.9711255 -203707.722469 -207630.0541478 -331491.3635697 -961510.2236768 -171622.57893600003 -134208.0872738 -71163.9130775 0.0 -54067.42456299999
0.0 0.001603228853277 0.001394979308874 -0.000983334976653 0.0 4244.752538860001 0.0 0.0 -3386.04889992 6415.106190099999 10655.8198623 -17445.8862279 333.940724600001 10579.830869079999 7708.840679579999 10211.923550700001 1321.5918082500002 -1230.24744805 -2487.45221188 1373.0417136699998 -3256.71894032 -5690.371496100002 -1991.8473347 825.8835781999987 -4311.7278289999995 -18538.353631399994 -349.1977684200001 -6.22177443757e-06 0.0 0.0 -782.287741176 554.9053660100001 520.8125679100001 -819.755745966 248.0837830449999 -792.680841928 -801.592737556 113.77844289500001 -828.800764221 -778.611847383 60.93670431700002 9290.43457567 -1491.27711486 30166.37537129 0.0 0.0 0.0 -4.78700485256e-05 0.0 -8.54241662651e-05 0.000533190532968 0.000481196934686407 0.0 -1.44080990868e-05 0.001783598906785 0.006192873458045999 -0.000600737595008 0.0 -51971.5224183 -33317.017929199996 -91493.03171889999 -1267.7781235999973 -190816.4993235 -281266.458611 -632300.0582018 -368283.1635621 -569762.2904729
-0.000341278070052 0.0022325763618927 0.0046469251094 0.0 41.42115674000024 1838.306149199998 0.0 -3673.15507717 -3163.52492737 -1923.153416806 -2221.04028749 -5659.38103545 -11347.4736966 8554.01846369 -5621.37309948 -5551.66692983 6502.286002699999 2952.252111769999 4430.6578218899995 2621.6829553399994 1532.6584258499997 2744.24023423 7352.560865300002 199.00490280000304 -6872.7936899000015 -10279.527249000002 -2.02165172377e-05 0.0 0.001010863069162 39.838435820000086 485.88049379000006 250.058041301 660.9207497800003 -865.421708678 -807.590195052 161.211892595 -781.605066675 -913.80457688 -2354.8242382500002 -3795.57061481 2648.639560012 6794.779524224 -1010.25147428 24565.56637478 0.0 0.0 0.0 0.0009242982928010001 0.0 0.0006577704596263 0.0 0.0 0.000386622463914 0.0 0.00021744844247969998 0.0 -0.000305969137472 0.0 0.0 0.0 0.00039560097816699995 0.0 -57658.691287099995 -146832.2197239 -22448.372974899998 -223840.6092291 -255669.81090690003
3235.9839905999997 6687.930156570001 -1.68409838147e-10 0.0 -1 841.0503375999997 0.0 0.0 790.1352708999984 -30.54422639999757 -955.0989125999986 -3698.6029433999993 -3613.162869300002 -3567.053232099999 -991.0747551999993 -2168.1034357999997 583.4179810999995 2720.6370833 -2902.43936693 -6180.26775866 2750.934493149999 -11051.9999321 -12393.6750962 -5658.4248683000005 0.0 9991.977800099998 0.0 0.0 -1034.8250067 80.46245531 296.3264373469999 -818.576326633 -2030.0339307499999 -2542.76009267 -774.819655528 -835.864863885 -930.718517226 -4319.40109727 -4144.14099443 -3870.03787257 7400.66639276 -5740.58080752 -0.000210241495639 0.0 -0.000146286921667 0.0 0.0 0.0012041989694434 -4.11531961442e-06 0.0 0.0 0.000445033199182 0.0 0.00036051582386699996 0.00016091584390000004 -1.18213020753e-05 0.0 -4.62355967175e-05 0.0 0.0 0.0005210400188311 0.0 0.0 0.0 0.0 0.01117354961606 -0.0023613294973599992
-1.0 -1.0 -1.0 10743.687534600002 -1.0 2390.9665177800007 -1914.5222151000016 -3193.528001300001 1945.7980478999998 2649.2641919999987 1613.0551597000012 10733.03517711 11370.9113087 -9619.55999641 -7607.04708179 3768.25665614 -7035.34329791 2877.3470336400005 2268.7855584999998 3182.6493055399997 2477.89730342 5465.46120222 -7950.4604057 6874.94534676 -25560.4708192 -24426.4394263 -8850.35263689 0.0003863601358142 0.0 -917.446176897 -99.21672181600002 -944.641130028 -987.862089908 -2504.8019240700005 -922.733476904 -1057.98660414 -1791.0717975300004 -1690.1547186100001 -3781.6393112 -5225.57048668 7401.513305889999 1299.1192506300004 0.003032182911806 0.0018224617152609998 22125.719845800002 -0.000347947790561 0.002869341903894 -0.000118917233803 0.0 -6.0278437593e-05 0.0 0.0 0.0 0.0 -0.000193725960242 -0.000228877830542 0.0002797722107985 -8.6519159514e-08 0.0 -0.000104399743407 -3.26622601825e-05 0.00044120406788100003 -3.31301495666e-06 0.0 -2.14384895365e-05 0.0 0.0
-1.0 -1.0 -599.778525543 13339.392809 -1.0 -673.581595825 3246.5172539699997 2754.2501412399997 2222.7316786499987 724.7406159700004 2365.8000460000003 7849.419886700001 3717.7951747999996 -3629.47822482 0.0 4397.307994489999 4034.30057033 3761.27555597 6229.1942985900005 4894.150312110001 -212.5131526999994 -993.1684399999976 -11736.469775 -5102.24098453 -5700.51754216 -16470.418624 -11969.1330477 305.60633628999994 0.0 -1820.94179133 -1034.83562252 0.0 -1080.14281929 2146.4374949700004 -1139.77284446 3125.5302715400003 806.3316226100005 1929.7823466199998 6357.84489942 -9638.63716923 0.00040697236018000005 0.0011715524803490001 0.0017189539998889998 0.004113592585901001 -0.000222443256968 17384.647344420002 0.0 -2.78463335325e-05 0.0 0.0009689895755621001 -0.000183240867077 -4.56737816104e-05 0.0 0.0004918447659510001 0.0 -0.000108978591222 0.0 0.0 0.0 0.0 0.0006823544465940001 0.0 0.0 0.0 0.0 0.0 -8.85245085103e-05
-1.0 -468.491984622 -2822.91552342 9058.2542841 -1.0 -1.0 -1.0 -1.0 0.0 79.91745697699997 -680.033348237 624.859361549 3543.7086382400003 -2384.02259479 -94.57207552 1986.63249889 4101.39308615 1980.1479936699998 -619.603475739 1685.096870322 2321.344831659 3909.2873505200005 830.3812225230001 0.0 3761.2783073200003 6170.31253373 -7184.0456734 -3.13192627888e-05 0.0 0.0 133.32001700599994 -1072.64875629 -1267.6320231 -1452.25772363 -926.69926806 710.3145676700005 20326.357902149997 -5663.97579565 -15587.8988491 -0.000154160907744 -0.000169145789902 0.0 0.0 0.0 -3.68655079053e-06 14963.04940285 -5.73058352302e-05 0.001332040840953 0.0 0.0 -0.000135663235075 -0.000122978956383 0.0 0.0 0.001893163856829 0.0 0.0 0.002537077685162 0.0 0.0 0.0 0.0 0.0 0.0 0.0 0.0 0.0
-479.22644447999994 -904.6932583500002 3530.0093965100004 8395.43127031 -189.044473533 -1.0 -1.0 -1.0 -1.0 -1.0 -1.0 -1.0 -1.0 -1.0 -1.0 -1.0 -1.0 -1.0 -1.0 -1.0 -1.0 -1.0 -1.0 -1.0 0.0 -17.77244158999997 0.0005047204679796 -1.87914994955e-05 0.0 0.0 -1228.39939674 278.4149637300002 752.9870028500002 -3261.29102669 -215.14049334699996 0.0 14018.863867779999 -23373.9622858 0.0 -0.000199566199146 0.0032482605720889996 -0.000243555793294 0.0 0.0 7603.30933011 8473.34359949 4766.583753500001 0.002121013572238 -7.43783281316e-05 0.0 19370.951774319998 35295.168275610005 0.0024629558877019998 0.0 0.0 0.0 0.0 -6.26845855732e-05 82279.71251380001 -5.41059205446e-05 0.0 -0.000153220381702 0.0 -9.63014670633e-05 0.0 0.0 0.0
-2006.59704297 -2598.70456038 4156.92250623 10296.0047813 -2137.52491456 0.0 -1.0 -1.0 -1.0 -1.0 -1.0 -1.0 -1.0 -1.0 -1.0 -1.0 -1.0 -1.0 -1.0 -1.0 -1.0 -1.0 -1.0 -1.0 -1.0 -422.327849043 -1646.24988756 -1133.15215123 -1139.16814999 -2113.70148318 -3424.11737533 -2639.14717153 342.9512805299996 -1919.76125319 0.0 0.0018506085177233 26113.5930687 22495.5633634 -0.000272277697992 6846.441601800001 0.002402058500815 0.0 0.0 0.0 -0.000149668384313 7988.87646143 0.0 0.0 -0.000354224979091 0.0 19777.421369850003 31353.457658210005 56477.46043917 0.006246646034449 -0.000140782439265 36660.75688681 0.006117184040016 0.0034357792688963 0.0 0.0 29742.765653649996 0.0 0.0 -0.000223523845783 -7.24264420276e-09 0.0 0.00174513024376
-1542.5889372529998 -2849.80941066 -2291.61220766 12018.285098800001 8871.794593000002 3089.6399046799997 -1045.87725885 0.0 1105.125628856 -1.0 -1.0 -1.0 -1.0 -1.0 -1.0 -1.0 -1.0 -1.0 -1.0 -1.0 -1.0 -1.0 -1.0 -1.0 -1.0 -37.94676089352 -393.3488921201 -1875.66328893 -4413.47223767 -1105.6237817300002 1026.7575422099999 748.95239533 88.33945821999987 -915.1011284900001 0.0 0.0 -2.28122507725e-05 -1.96748263935e-05 -0.000130716370345 0.0 0.0 0.0 0.0 0.0018467751804234 0.0 12070.609510499999 0.0 0.0 0.0 0.0 -0.000352854641716 -1.74473202232e-05 0.0 0.0 32040.1130848 61102.3889799 50477.087221099995 49631.43189773 55803.270071449995 63596.091147600004 47812.34583672001 52813.5207712 0.0 -2.55324948644e-05 -0.000309248844595 0.0013914157659214 0.000470654811033
55.36812415399993 -2889.12722683 -2008.59571364 2649.05856903 9608.41957599 10322.899454400002 11179.9070202 10591.9508765 14220.343627900002 645.4743280869 -1.0 -1.0 -1.0 -1.0 -1.0 -1.0 -1.0 -1.0 -1.0 -1.0 -1.0 -1.0 -1.0 -1.0 -1.0 -1.0 -1.0 -57.50701625120001 -1573.63453136 -1065.1423704300005 -1140.8755311299992 -1658.6299870399998 -196.40459475999978 -2967.1356092799997 0.0 -1.13624745721e-05 0.0 0.0011309155245536 0.0 0.0 0.0 -0.000192687436056 0.0 0.0 0.000666930047805 0.0 0.005428024581005 0.0 0.0 0.012986460678734999 -0.00011659660035 -0.000291440830447 0.0 16945.759536870002 26123.48940887 33603.64100327 30085.277302770002 33377.93147546 55935.221317200005 78328.8311028 24134.856129300002 0.0 48096.0760017 0.0 0.0 -1.05014117767e-05 0.000483527056772
-10156.1222932 -2695.1929297 -1184.576260663 -1034.1385013399997 3236.828029559999 7282.556364710001 6625.696478139999 6486.550816960001 9186.031648199998 11651.216335600002 -92.3216946197 -1.0 -1.0 -1.0 -1.0 -1.0 -1.0 -1.0 -1.0 -1.0 -1.0 -1.0 -1.0 -1.0 -1.0 -1.0 -1.0 -1.0 -52.5865494117 -152.80635501000006 -217.31505191999986 0.0 0.0 -0.000135144066128 0.0 -9.36928999796e-05 0.0 0.000748278452173 -0.000183284649079 0.0 0.0 0.0 0.0 0.0049199683797429995 0.0 0.0 0.0 0.0 0.0 0.014490974878238 0.0 0.0 0.00603402710873 52461.42249890001 62602.8024838 60405.1392627 64743.7146135 79742.2448792 55899.70816192 51276.99442505 37147.30854529 59747.790382299994 70679.8308464 56842.148032900004 0.002526576520113 0.0013259138097693 0.00021280172371199998
0.0 -9277.31243767 -1172.11574595 -150.7708480600004 -169.13380470000038 6041.281597650001 1382.1541659 139.65226573000018 -1578.7926653800005 7274.3482994999995 2296.23486412 -1.0 -1.0 -1.0 -1.0 -1.0 -1.0 -1.0 -1.0 -1.0 -1.0 -1.0 -1.0 -1.0 -1.0 -1.0 -1.0 -1.0 -40.14970635499998 -346.24671528 -0.000174340147554 0.0 0.0 1886.77406144 0.0006230387541861 -1099.20320039 0.000917198058346 -0.000147557335179 0.0 -0.00038613248014 -0.000299794625711 0.0 0.0 0.0031867410701368996 0.0 -0.000119163289804 29001.210245399998 72275.4100622 0.006753037398673 0.0 0.0 37642.70774408 49156.5905413 50480.7908547 0.0 0.0 -0.00015763603974 52219.37746924 43710.87336558 36690.73562315 46612.4769585 65205.588068799996 29301.210714 14011.53920109 0.0 0.0008185385526950001 0.0
0.0 0.0 -2581.3615193 -676.2152216100001 -852.22810473 -1185.08412395 -1035.59246504 -1082.592314995 454.24004638999986 417.24629558000015 284.300183789 -1.0 -1.0 -1.0 -1.0 -1.0 -1.0 -1.0 -1.0 -1.0 -1.0 -1.0 -1.0 -1.0 -1.0 -1.0 -1.0 -1.0 -1.0 0.00022783797265160002 0.0 0.001632679712685 0.0 0.0 0.0010356869225115 0.0 -9.38372596995e-06 0.0 0.008497274356466 37549.1265827 0.006924892680487 0.0 0.0 0.0 0.0 28267.191736200002 0.005363703479798 0.0 33007.449368 18761.368861169998 28988.287116 0.005086122162484 49532.2626898 0.0 0.0006875231574067 0.0 0.0021361958690394 25540.51869258 35065.61922075 33895.0321821 84162.306614 40962.513578390004 0.0 69741.3604932 0.00396234932421137 0.0010094605129563 0.0
0.0 0.0 -3254.18727314 89.91141860000016 -833.3167175400001 -2085.85946065 -684.0616291000001 -626.5655541599999 -1538.01447013 -207.33159551800003 -1.0 -1.0 -1.0 -1.0 -1.0 -1.0 -1.0 -1.0 -1.0 -1.0 -1.0 -1.0 -1.0 -1.0 -1.0 -1.0 -1.0 -1.0 -1.0 -1.0 0.0 0.0 9962.05348646 -0.000136272215742 0.0 0.00050814186287782 0.0008346891595684001 -0.000289448582047 0.005132742705628 0.0 0.0018115343612130001 0.003882307980316 0.0 0.0 25870.3927044 28387.7414642 19217.2187 9748.52777891 19004.25062725 0.0018568599011235 0.002357927077066 19275.74714914 32690.859398020002 0.0007801263483623001 -0.000117678800913 18645.56942511 -0.000284190701467 36094.86953398 0.0 -1.98836101009e-05 58715.3494143 65440.982753 77470.6301161 35102.99664128 0.0 -1.0 -1.0
0.0 -2764.50963599 -3157.22130558 -386.46410678000007 -815.7568318799999 -1959.77472733 538.4629061 -620.08763309 21.369211697000082 -1.0 -1.0 -1.0 -1.0 -1.0 -1.0 -1.0 -1.0 -1.0 -1.0 -1.0 -1.0 -1.0 -1.0 -1.0 -1.0 -1.0 -1.0 -1.0 -1.0 -1.0 -1.0 0.0 0.0 0.0 42.04504540300002 -1.0 0.0007044416258801 -8.0024639404e-05 29741.3208415 0.006813938889454 0.0 -2.47546922902e-05 -6.22604224574e-05 -0.000200786636742 0.0 -0.000201157948347 -5.87273640756e-05 5565.611035689999 11687.9555188 9796.07390352 13721.610942750001 29750.868110770003 17924.66267424 0.0025182280539764 8543.97878076 31156.96431991 54766.59669982 0.014953849156372 32153.999570550004 65583.4698364 84186.4631148 47487.15585896 0.0 -2.8560653799e-05 -2.11437934607e-05 -1.0 -1.0
0.0 -3264.61593911 479.4797070899999 -912.8649591100002 -1290.937627153 195.51803203999998 2156.8464166299996 -59.0267178422 418.140959334 -1.0 -1.0 -1.0 -1.0 -1.0 -1.0 -1.0 -1.0 -1.0 -1.0 -1.0 -1.0 -1.0 -1.0 -1.0 -1.0 -1.0 -1.0 -1.0 -1.0 -1.0 -1.0 -1.0 -1.0 -1.0 -1.0 -1.0 0.0 25086.7877874 0.0 -0.000114043188263 0.0 -6.22091350325e-07 0.0 0.0 0.002652414087963 0.0 -0.000195906901454 0.002485488929461 -0.000450318590981 10146.80713086 6996.82564178 22722.23580714 32182.97001872 44652.93516486 34391.42271487 59561.05580839999 67773.85568899999 0.0 71884.9880215 76324.8297698 87452.5556018 0.0 0.0041668964267740005 0.0 0.0 -1.0 -1.0
-2554.97794949 -2415.71253443 -660.0046813599997 -1041.7658529699997 -1320.647746843 108.93874646999984 2324.0287132700005 -1.0 -1.0 -1.0 -1.0 -1.0 -1.0 -1.0 -1.0 -1.0 -1.0 -1.0 -1.0 -1.0 -1.0 -1.0 -1.0 -1.0 -1.0 -1.0 -1.0 -1.0 -1.0 -1.0 -1.0 -1.0 -1.0 -1.0 -1.0 -1.0 0.0047275777878302 26108.96150767 0.0 0.002721884274308 0.0 0.0029192498245846 0.0 0.0 0.002460734845146 -2.8688064002e-05 0.0 -4.27142058713e-05 -0.000150846647411 0.0 2201.07427404 26436.096258400004 53170.66470559999 53892.659131399996 14932.66503444 22882.64524822 51432.197298160005 86707.4149007 84900.54695680001 88492.58197520001 71788.637101 33894.72801556 0.0 0.0 -1.0 -1.0 -1.0
-912.2229424900002 -893.2117716299999 -930.0161446499999 -1197.8800043300002 -1965.56861422 -2223.90977613 1443.0915164899998 -1.0 -1.0 -1.0 -1.0 -1.0 -1.0 -1.0 -1.0 -1.0 -1.0 -1.0 -1.0 -1.0 -1.0 -1.0 -1.0 -1.0 -1.0 -1.0 -1.0 -1.0 -1.0 -1.0 -1.0 -1.0 -1.0 -1.0 -1.0 -1.0 11019.184342019998 0.0 27833.1115143 3193.511781000001 0.0 0.0 0.0 0.0 0.0 0.0 0.003034581461005 0.0 0.005412519652050999 54211.299799500004 23484.8210811 39003.966280199995 52950.616878600005 61285.82877210001 26243.63243207 0.0 54130.188726600005 85309.4741955 82994.5540864 86633.5521066 0.0 0.0 -1.0 -1.0 -1.0 -1.0 -1.0
-1067.235458395 -744.3073614699999 -1108.124628305 229.5029659300003 -1569.93021291 332.34803984499996 -194.422549935 -1.0 -1.0 -1.0 -1.0 -1.0 -1.0 -1.0 -1.0 -1.0 -1.0 -1.0 -1.0 -1.0 -1.0 -1.0 -1.0 -1.0 -1.0 -1.0 -1.0 -1.0 -1.0 -1.0 -1.0 -1.0 -1.0 -1.0 -1.0 -1.0 -7.20055500703e-06 0.015852657726969997 0.0 -0.000295669342931 0.0021188221757890003 0.0 0.0 0.0 0.008131712810166999 0.0 0.0 0.0 0.0 -0.000163571037683 0.0034454543030380006 38653.623364900006 46523.6442226 59146.17451160001 52381.7133608 45598.328409300004 51129.845725399995 74095.0467179 72216.7828197 56751.8270463 0.0 -1.0 -1.0 -1.0 -1.0 -1.0 -1.0
-859.5913623499998 -255.84212715000012 -2161.30570816 -3126.92443083 204.936482844 -1.0 -1.0 -1.0 -1.0 -1.0 -1.0 -1.0 -1.0 -1.0 -1.0 -1.0 -1.0 -1.0 -1.0 -1.0 -1.0 -1.0 -1.0 -1.0 -1.0 -1.0 -1.0 -1.0 -1.0 -1.0 -1.0 -1.0 -1.0 -1.0 -1.0 -1.0 0.00144865021605336 43052.995068749995 10011.656088399992 0.0038134271550699997 0.0 -4.98084443007e-05 -0.000107860058941 -8.524712249e-05 -0.000370846711092 0.002879333594926 -0.000223772871353 -0.000441169437224 0.00248404152374 0.002585385113346 -0.00021525701685 27776.5634953 58956.4508432 46059.7060052 61787.34447550001 73538.0701298 74982.98597400001 67250.4696956 0.00487476444171 0.0 -1.0 -1.0 -1.0 -1.0 -1.0 -1.0 -1.0
735.5418618500003 5193.838035430001 2120.95188026 2175.7716741040003 -1.0 -1.0 -1.0 -1.0 -1.0 -1.0 -1.0 -1.0 -1.0 -1.0 -1.0 -1.0 -1.0 -1.0 -1.0 -1.0 -1.0 -1.0 -1.0 -1.0 -1.0 -1.0 -1.0 -1.0 -1.0 -1.0 -1.0 -1.0 -1.0 -1.0 -1.0 -1.0 -1.0 43969.3908784 77443.80515130001 0.005668306931309999 9434.58704839 0.0 0.0 0.0 0.0 0.002861637014263 -5.59486371444e-05 0.0 0.0 0.0 0.0 39721.5774915 0.0 52253.743751300004 78046.98813829999 78105.7629775 76070.0230718 38161.827802449996 -129.311009982 -1.0 -1.0 -1.0 -1.0 -1.0 -1.0 -1.0 -1.0
9194.904574300002 8012.22032212 -1.0 -1.0 -1.0 -1.0 -1.0 -1.0 -1.0 -1.0 -1.0 -1.0 -1.0 -1.0 -1.0 -1.0 -1.0 -1.0 -1.0 -1.0 -1.0 -1.0 -1.0 -1.0 -1.0 -1.0 -1.0 -1.0 -1.0 -1.0 -1.0 -1.0 -1.0 -1.0 -1.0 -1.0 -1.0 26028.509501649998 66664.00818890001 -0.00056462787539 -0.0003935034107 3791.0914859700006 0.0016830481774867 0.0 0.0 -0.000359058685094 0.002434148512335 0.0 0.0030979304111946 -0.000151151132762 0.001736950416074 0.0 0.00341909440476 0.005829179318577999 0.007544599984599 0.0 15054.84182957 -1.0 -1.0 -1.0 -1.0 -1.0 -1.0 -1.0 -1.0 -1.0 -1.0
-1.0 -1.0 -1.0 -1.0 -1.0 -1.0 -1.0 -1.0 -1.0 -1.0 -1.0 -1.0 -1.0 -1.0 -1.0 -1.0 -1.0 -1.0 -1.0 -1.0 -1.0 -1.0 -1.0 -1.0 -1.0 -1.0 -1.0 -1.0 -1.0 -1.0 -1.0 -1.0 -1.0 -1.0 -1.0 -1.0 -1.0 0.0 51617.38733419999 0.0 0.0 0.0 2722.0819831199997 3454.601741460001 0.002727175132656 -0.000141634796497 -0.000169531792971 0.0 0.0 0.0 0.0 0.0 -4.99580200107e-05 0.0 -1.21275721035e-06 0.0002708596482667 -1.0 -1.0 -1.0 -1.0 -1.0 -1.0 -1.0 -1.0 -1.0 -1.0 -1.0
-1.0 -1.0 -1.0 -1.0 -1.0 -1.0 -1.0 -1.0 -1.0 -1.0 -1.0 -1.0 -1.0 -1.0 -1.0 -1.0 -1.0 -1.0 -1.0 -1.0 -1.0 -1.0 -1.0 -1.0 -1.0 -1.0 -1.0 -1.0 -1.0 -1.0 -1.0 -1.0 -1.0 -1.0 -1.0 -1.0 -1.0 0.0 47421.952865600004 0.0 0.003295452657519 -0.000276813863413 0.0 0.0 0.0 -9.19223142441e-06 0.0 0.004270096524578 36270.3000512 34259.2699363 0.0055167494538996 0.0 0.0006171022128145999 -2.27017668807e-05 0.0 0.0 -1.0 -1.0 -1.0 -1.0 -1.0 -1.0 -1.0 -1.0 -1.0 -1.0 -1.0
-1.0 -1.0 -1.0 -1.0 -1.0 -1.0 -1.0 -1.0 -1.0 -1.0 -1.0 -1.0 -1.0 -1.0 -1.0 -1.0 -1.0 -1.0 -1.0 -1.0 -1.0 -1.0 -1.0 -1.0 -1.0 -1.0 -1.0 -1.0 -1.0 -1.0 -1.0 -1.0 -1.0 -1.0 -1.0 -1.0 -1.0 -1.0 0.0 58556.70262609999 0.0032256110188240003 0.0 -9.12953054714e-05 0.001408864008598 0.0016250883007870001 0.0 0.00189302691771 0.0 37035.595528499995 -0.000534419233004 0.0 -0.000191413155698 0.0 81.68243451770002 -1.0 -1.0 -1.0 -1.0 -1.0 -1.0 -1.0 -1.0 -1.0 -1.0 -1.0 -1.0 -1.0
-1.0 -1.0 -1.0 -1.0 -1.0 -1.0 -1.0 -1.0 -1.0 -1.0 -1.0 -1.0 -1.0 -1.0 -1.0 -1.0 -1.0 -1.0 -1.0 -1.0 -1.0 -1.0 -1.0 -1.0 -1.0 -1.0 -1.0 -1.0 -1.0 -1.0 -1.0 -1.0 -1.0 -1.0 -1.0 -1.0 -1.0 -1.0 -5.41056673811e-05 62104.45485930001 23483.2423164 -7.2024951287e-05 -0.000167128369863 0.0 0.0 0.0017836615700939998 0.0 0.002463402322936 37481.1871535 44049.869275599995 0.0 -1.45764788924e-05 -1.0 -1.0 -1.0 -1.0 -1.0 -1.0 -1.0 -1.0 -1.0 -1.0 -1.0 -1.0 -1.0 -1.0 -1.0
