critload/trunk/input/1999/nsro_nat.asc
ncols 720
nrows 360
xllcorner -180
yllcorner -90
cellsize 0.5
NODATA_value -1
[rows 72 to 107 of 360, columns 324 to 404 of 720]
-1 -1 -1 -1 -1 -1 -1 -1 -1 -1 -1 -1 -1 -1 -1 2711.55013905 38708.187855 18481.4826413 8031.0175557 10466.038983 10148.4943399 12846.5544776 15864.1303672 0.00676902309772 -1 -1 -1 -1 -1 0.32371517157 15755.7630308 0.0 31108.7212275 8887.38995497 12450.2971238 5548.47403995 148.219231125 -1 -1 -1 -1 -1 -1 -1 -1 -1 -1 -1 -1 -1 545.491167525 971.8871352 0.0 3802.7502765 6348.64792823 4228.2071136 5255.94325387 8630.05415344 9125.49354 13260.4404454 13014.174102 13849.4240057 11054.6352816 8740.3502277 7326.63650171 0.000735721413435 6494.38435013 10349.9156896 10379.4360331 7890.6859014 7181.08941551 6740.42487019 6729.95126138 0.0030595720896 0.00106379875123 8765.988885 8934.05555618 7396.059825 8952.0919803 6284.65319527 7545.4519224
-1 -1 -1 -1 -1 -1 -1 -1 -1 -1 -1 -1 -1 -1 -1 476.987248125 14147.0372332 11041.1253 0.00397243723939 0.0 12743.1698911 8640.47839005 0.0 37559.6280169 -1 -1 889.580529832 16390.546911 24573.7579376 18775.206675 10288.5758955 12421.7297475 49463.8637805 14762.3416999 9418.91048494 10337.2150716 0.0 -1 -1 -1 -1 -1 -1 -1 -1 0.0 161.42284467 891.186267 1129.8279806 1786.99065469 2020.99781111 0.0 3942.608544 6108.25808587 0.0 7324.43070439 0.0 9410.36359005 8954.57879449 0.0 11386.3105913 11426.0743241 12667.3870788 13018.8073312 0.0 0.0 7191.61156159 8664.9831159 7785.9204696 0.00120109996012 7346.3157033 0.0 0.0 0.0 6611.95794637 8345.42247577 0.0 4735.78424681 2399.02125892 0.0 7512.80541566
-1 -1 -1 -1 -1 -1 -1 -1 -1 -1 -1 -1 -1 -1 -1 -1 0.0 0.0 15816.0782497 0.0 0.0 0.0084945788865 58035.349008 21816.3107753 -1 -1 4297.34460169 19183.561698 67087.4602095 49861.025982 22325.464746 12145.8582158 11952.9616484 0.0 18371.1524328 0.0 1945.00084612 0.0 4411.00540361 1036.55070592 -1 -1 -1 -1 -1 0.000610702115479 0.0 0.0008020169442 0.0 3966.067719 4841.3828709 6256.6205349 5886.16107075 8951.12201659 8162.83444455 5126.31517837 3265.01060794 6100.82245665 10185.1855875 0.0 0.0 0.0 0.0 11190.329931 0.00147127179776 0.0 7562.97632119 6297.95161222 0.00159710918175 0.0 3158.3361207 7451.43766815 0.0 0.0 0.0 0.0 0.0 0.0 0.0 0.0 0.0
-1 -1 -1 -1 -1 -1 -1 -1 -1 -1 -1 -1 -1 -1 -1 9722.82042127 23168.9703094 0.0 32300.3173725 47030.7374865 76734.9718575 40221.30357 11561.9246168 1713.13397587 -1 -1 3702.54401663 17944.9948969 52322.956413 50904.5821984 0.0 0.0 14287.7593287 15829.7798945 13561.8189911 12138.163072 0.0 7601.08910437 7991.4548049 0.0 -1 -1 -1 -1 0.0 2318.3679033 1512.87560595 2919.7003968 0.0 0.00068263286535 3366.67064299 5372.6415162 16760.7083763 0.0 0.0 0.0 0.0 0.0 0.0 0.0010248949638 10733.9019406 0.00469296772275 0.00116614399388 10473.0869723 11526.6956587 0.0 8113.12078867 0.0 0.0 0.000746697076822 0.0 0.0 0.00104820442294 0.00079490677698 0.0 0.0 0.0 0.0 0.000397137939248 0.0 0.0
-1 -1 -1 -1 -1 -1 -1 -1 -1 -1 -1 -1 -1 -1 -1 9703.6587468 32930.2256962 0.0 14113.4155088 0.0 0.00184707724327 -1 -1 -1 -1 5303.27483812 14615.18424 22167.0428497 0.0 55184.2102575 34470.694113 0.0 0.0 0.0 21524.2665787 0.0 0.0 0.0 0.0 -1 -1 -1 -1 0.0 0.00120139815469 0.0 0.00087888033495 0.0 0.00110427804459 0.0 0.000631944298099 0.00118417343139 0.0 28138.2908317 56098.8500018 60328.3566889 54140.9341538 47697.7630016 0.00287275120069 0.0 0.0008645902848 0.0 0.00219990315619 0.0 0.0 7979.881506 7032.28618305 0.00113779630164 0.00107080976389 0.0 0.0 0.00078613747326 6874.24663961 6991.82945756 0.0008367050682 0.0 7892.2828272 0.0 0.0 0.0 0.0
-1 -1 -1 -1 -1 -1 -1 -1 -1 -1 -1 -1 -1 -1 -1 -1 649.3096566 0.0 -1 -1 -1 -1 -1 -1 -1 -1 -1 5835.60384004 17579.018538 14432.0097 0.00294574792129 0.0 0.0 19350.641472 9479.3169207 0.0 0.0 0.0 0.0 -1 0.0 0.0 1479.1698981 1432.5753222 2011.00114901 1838.22037264 2465.48123538 3641.07079245 0.00103042000015 0.0 0.00513363836441 0.00727198159163 74972.9249306 62649.7545052 51696.9122951 67445.648514 55204.5129844 35767.7377129 0.0 0.00254563463449 0.0 0.0 0.0 0.0 0.00234393100875 0.0 0.00126497497786 0.00173465048865 0.0 0.00104561231575 0.0 0.0 7236.1024218 0.0 9732.14076037 8784.40543144 9389.269653 0.0 0.0 0.00121900785836 0.0
-1 -1 -1 -1 -1 -1 -1 -1 -1 -1 -1 -1 -1 -1 -1 -1 -1 -1 -1 -1 -1 -1 -1 -1 -1 -1 12900.279036 22978.760778 31429.9544805 0.0 20279.067675 16281.898461 6444.50096925 0.0 7183.9653144 11576.8583452 0.0 0.0 -1 0.0 0.0 0.0 0.0 14671.585104 0.0 0.0 0.0 0.0 0.00389933486685 0.0 0.0 0.00658262392181 63683.4245554 48307.1465689 46069.4343656 59934.6984443 63405.653622 55141.0325175 54559.595532 39981.879792 0.0 0.0 43660.7084047 0.005901515766 48988.2287475 25586.74125 48854.689632 56860.5162825 40496.7206096 0.0 0.0 5703.58838925 6434.59752056 8512.52917635 10339.0532466 9256.41362183 12985.9193148 0.00230814510806 0.0 0.0 0.000958624172078
-1 -1 -1 -1 -1 -1 -1 -1 -1 -1 -1 -1 -1 -1 -1 -1 -1 -1 -1 -1 -1 -1 -1 -1 0.0 0.0 13380.0561675 10775.214732 17818.1315318 -1 -1 -1 -1 -1 -1 -1 -1 -1 0.0 0.00132203244012 0.0 0.0 0.0 0.0 0.0 41534.645382 43235.0357809 57655.5893205 51859.4893575 58368.7065994 64847.2102642 64294.034214 0.00526294345605 0.0 0.00606790213215 70332.5364919 0.0 31853.7015176 44074.7055169 44601.7491439 37907.1515925 48743.634474 41417.909625 0.00264071042235 0.0 0.0 0.0 0.0 0.0 56965.8119209 51517.9157235 0.0 0.00145544744818 0.0 11829.5579965 0.0 0.0 0.0 0.0 0.0 0.0
-1 -1 -1 -1 -1 -1 -1 -1 -1 -1 -1 -1 -1 -1 -1 -1 -1 -1 -1 -1 -1 -1 -1 -1 -1 506.3908725 -1 -1 -1 -1 -1 -1 0.0007707497031 0.000559650065625 -1 -1 0.0 0.0 0.00477312420634 25748.4671438 0.00345038608477 0.0 0.00156940564623 0.0 0.0 0.0 0.0 31904.375184 0.00325993088426 69966.8805262 63156.4749427 59862.9516371 0.0 0.0 64407.537579 0.0 0.00363256825425 0.00274262432902 40381.8005119 23870.9262079 34309.6264125 32681.8193974 0.0 0.0 0.0 0.0 0.0 0.0 0.00275001682478 0.0 0.0 0.0 0.0 0.0 49083.4261087 47105.0216175 48651.7948875 39760.9672388 34864.2674752 0.0081710743125 32194.7627962
-1 -1 -1 -1 -1 -1 -1 -1 -1 -1 -1 -1 -1 -1 -1 -1 -1 -1 -1 -1 -1 -1 -1 -1 -1 -1 -1 -1 -1 -1 0.0 0.0 0.000642235536443 0.0 0.0 0.0 0.00238216994565 0.00212562882697 33469.6311338 27653.320422 0.0 0.0 0.0 0.0 0.0 22867.050322 0.00603905208863 0.0 0.0 0.0 0.0 47272.031424 0.0 0.0 44132.181075 54942.2657062 34273.1409502 28380.0426097 28663.2442567 36097.3368394 29317.765461 62178.1171425 5056.85999632 0.0 0.00234324634537 0.0 27361.637454 0.0 0.0 0.0 0.00224711372813 0.0 64402.032705 66118.629969 73923.355305 66893.1348397 59378.4507225 60748.1081246 49803.944175 48093.9377306 51745.9600271
-1 -1 -1 -1 -1 -1 -1 -1 -1 -1 -1 -1 -1 -1 -1 -1 -1 -1 -1 -1 -1 -1 -1 -1 -1 -1 0.0 0.0 0.0 0.0 0.0 0.0 0.0 0.0 0.0022029180519 0.0 0.0 13348.3662816 0.0 0.0 0.0 0.0 0.0 0.00216731574096 0.0 15983.8483914 0.0 0.0 0.0 0.0 0.0 0.0 57657.7877509 38449.2128377 0.0 56843.522982 0.0 0.0 0.00642725937 0.00581698802025 0.0 0.0 51763.40505 68068.159488 45474.58215 23653.3238438 0.0 0.0 0.0 0.0 0.0005108923605 0.0 0.0 61213.7359575 64913.9214165 63230.461581 65153.9670337 63410.7723398 0.0 0.003631978377 0.00467276144029
-1 -1 -1 -1 -1 -1 -1 -1 -1 -1 -1 -1 -1 -1 -1 -1 -1 -1 -1 -1 -1 -1 -1 -1 -1 -1 0.0 0.0 0.0 0.0 0.00464177147962 0.0 0.0 0.0 0.0 0.0 0.00154927425894 22529.294205 10664.3540376 0.0 0.0 0.0 0.0 0.0 0.0 29988.548793 0.0 0.00640576391812 0.0 51277.0820062 78019.6104529 0.0 82443.6256822 0.0 52959.7793602 0.0 0.00296188882793 0.0 0.0 0.0 0.0 0.0 0.0 0.00278370518213 0.0 0.00256679648325 0.0 0.0031858632927 0.0021264311025 0.0 0.0 0.000566191612969 0.0 0.0 0.0052479187824 0.0046917633972 0.0 30958.743576 0.0 0.0 0.00070304643
-1 -1 -1 -1 -1 -1 -1 -1 -1 -1 -1 -1 -1 -1 -1 -1 -1 -1 -1 -1 -1 -1 -1 -1 -1 -1 -1 0.0 0.0 0.0 0.0 0.0 0.0 0.0 0.0 0.0 0.0 0.0 0.00185594208857 0.0 0.0 0.00199043270768 20935.1200158 0.0 0.0 33907.080714 0.0 0.0 0.0 69035.91807 0.0 62308.4015925 68387.6199555 0.0130887237019 0.0 0.0 0.0 0.0 63294.705669 73010.6845425 79299.6599047 91344.2290725 96238.395834 109973.379204 114312.767501 114475.891332 109313.584963 102317.100278 0.003279709818 14218.5962756 0.0005570519124 0.000569529305044 0.0 0.0 0.0 0.00231801218055 0.0 0.0 0.0 0.0 3155.65031385
-1 -1 -1 -1 -1 -1 -1 -1 -1 -1 -1 -1 -1 -1 -1 -1 -1 -1 -1 -1 -1 -1 -1 -1 -1 -1 -1 -1 -1 0.0 -1 0.0 0.000953884176375 0.00169314785156 0.00108346288074 0.0 0.0 0.0 0.0 9262.93953195 0.0 0.0 0.0 0.0 39979.42905 0.0 0.00100933582932 0.0 0.0 77733.3598639 0.0 0.00717985366504 0.0 0.00514494191445 89260.9941338 106941.118371 0.0 97121.3356215 88048.1721735 99039.7784932 99461.894067 91809.391155 82935.9261428 83618.3642291 75630.7488982 82531.50987 85564.16505 0.0 0.0 0.0 0.0 0.0 0.0 0.0 0.0 0.0 0.0 0.0 1113.87603872 0.0 0.0
-1 -1 -1 -1 -1 -1 -1 -1 -1 -1 -1 -1 -1 -1 -1 -1 -1 -1 -1 -1 -1 -1 -1 -1 -1 -1 -1 -1 -1 -1 -1 5.652402129e-05 0.00104773047342 0.0 0.0 0.0 0.0 0.0 8777.5110864 0.0 0.0 0.0 0.0 0.00406680477611 0.00677375673281 0.0 0.0 49868.2528391 68226.8599451 0.0 0.0 124356.17316 112951.376704 0.0 110227.722504 0.0 0.0 0.0 56444.7985819 65186.9543985 0.0 0.0 90752.875008 71589.9139515 82965.5279647 85883.7793485 0.0 0.0 0.0 19396.2230426 20428.491645 0.0 0.0 0.0 0.000394645394674 0.0 0.0 0.000485113300759 0.0 0.0 36316.3919381
-1 -1 -1 -1 -1 -1 -1 -1 -1 -1 -1 -1 -1 -1 -1 -1 -1 -1 -1 -1 -1 -1 -1 -1 -1 -1 -1 -1 -1 -1 -1 -1 0.0 0.0 0.0 0.0 10248.8470781 0.0 0.0 0.0 0.00532623537525 0.0 0.0 0.0 0.0 0.0 33249.6709886 89602.0181381 63590.0725586 115274.648124 130503.896105 0.0 102724.422165 78335.650518 44229.329991 0.0 0.0 0.0 72165.332574 73463.02272 95747.8723309 94328.4103492 0.0 78363.875172 74729.2262385 75824.8655445 65021.964963 0.0 0.0 0.0 5076.6490125 12048.5434554 0.0 0.0 0.0 0.0 0.0 0.0 0.000197827892662 0.0 46320.8363381
-1 -1 -1 -1 -1 -1 -1 -1 -1 -1 -1 -1 -1 -1 -1 -1 -1 -1 -1 -1 -1 -1 -1 -1 -1 -1 -1 -1 -1 -1 -1 -1 -1 0.0 0.0 0.0 0.0 0.0 0.0 40454.9813981 33888.613545 47399.099817 0.0 64309.6415074 0.0 0.0 0.0 92697.413952 113014.525016 99248.7652605 0.0 0.0 62844.2784649 0.00520078910827 0.00467426472 0.00696626984861 82170.810216 91852.90848 102499.211828 0.0 0.0 0.0 0.00040959966201 0.0 54512.7098197 56433.3630683 44912.1420548 26732.963394 0.00284510456874 0.0 18044.283876 0.0 0.0 0.0 0.0 0.0 0.0 0.0 0.0 0.0 40860.5070086
-1 -1 -1 -1 -1 -1 -1 -1 -1 -1 -1 -1 -1 -1 -1 -1 -1 -1 -1 -1 -1 -1 -1 -1 -1 -1 -1 -1 -1 -1 -1 -1 -1 1303.4605941 0.000704236817857 0.0 20100.348807 24558.0413242 0.0 45474.704856 51142.5362002 67945.359825 57731.295375 56270.4234469 53804.4330075 57663.5359612 56761.613007 109880.295344 100034.804499 99982.0748355 0.0 0.0 0.0 0.0 0.0 0.0 0.0 0.0 0.0 0.0 0.0001536719172 32.4105840135 -1 0.0 37147.0556047 53961.8534775 50270.6778844 28310.7919567 29654.1993412 20712.090048 23801.9684891 0.0 0.0 0.0 0.0 0.00180648361732 0.0 0.0 0.0 0.0 57835.87485
-1 -1 -1 -1 -1 -1 -1 -1 -1 -1 -1 -1 -1 -1 -1 -1 -1 -1 -1 -1 -1 -1 -1 -1 -1 -1 -1 -1 -1 -1 -1 -1 -1 1684.64188556 2217.51617816 0.0 0.0 21604.5381128 33309.6293722 36504.2123719 0.0 58704.754131 46628.7944107 52597.579905 73468.17441 54619.2321187 85868.523231 102334.006451 86314.5703193 85895.4643042 0.0 0.0 0.0 0.0065442304998 83455.422228 0.0 0.00594568892374 0.0 0.0 0.000327850137928 0.0 -1 -1 0.0 10298.6596128 11321.1079786 54551.9637101 50284.8303064 0.0 0.0 0.00864679166625 27869.20479 0.0 0.00524968458071 0.0 7816.25979776 0.00142283944574 0.0 0.0 51220.5201236 59343.4978054
-1 -1 -1 -1 -1 -1 -1 -1 -1 -1 -1 -1 -1 -1 -1 -1 -1 -1 -1 -1 -1 -1 -1 -1 -1 -1 -1 -1 -1 -1 -1 -1 -1 2085.86009775 1304.77556625 2426.71915676 0.0 0.0 0.0 0.0 0.00778380481725 0.0 69447.6479662 81866.56146 44607.6308959 0.0 71150.1127253 77232.7600462 95091.100896 84592.4837411 111426.910686 0.0 65441.8953127 15815.5344816 36237.486117 67193.203374 62147.9957906 54412.794039 68933.0000175 0.0 0.00138348139909 0.0 -1 -1 -1 0.0 20351.971692 0.00362374500506 62249.1895905 59341.31706 63541.0806188 67541.5038889 58431.8725845 51068.0260995 60510.8434297 0.0069768046797 33620.240745 0.0 0.0 55024.4494477 0.0058569984315
-1 -1 -1 -1 -1 -1 -1 -1 -1 -1 -1 -1 -1 -1 -1 -1 -1 -1 -1 0.0 13906.22493 0.0 -1 -1 0.0 -1 -1 -1 -1 -1 -1 -1 -1 5452.07683995 10513.3810583 15076.89592 0.0 0.00265533881756 0.0 0.0 0.00584131114688 59128.0773326 54932.4516825 42557.472288 0.0 0.0 0.0 44727.1415955 62587.5667875 77419.7608612 55396.6273035 38030.7940763 5197.92171491 -1 -1 -1 0.0 0.0 0.0 75102.570114 0.0 0.0 0.0 0.0 -1 -1 2269.11151706 14868.1759354 0.0 0.0 51260.9148135 76325.11299 63447.9327799 58387.9260713 71184.6218869 0.0 0.0 0.0 0.0 0.0 0.00713832280305
-1 -1 -1 -1 -1 -1 -1 -1 -1 -1 -1 -1 -1 -1 -1 -1 -1 0.0 0.0 0.00490672481355 0.0 40294.8716681 61471.524681 61880.4756945 60105.5189137 61827.92553 53560.1849265 36789.959805 43710.7166055 39201.344172 38529.4897035 31079.43108 35150.820993 54332.6279782 44600.319705 42272.463519 0.0 0.0 28133.704725 0.0 40552.219701 40496.8232812 0.0 5831.03403112 124.482746555 803.2091256 0.0 46810.4313188 46155.2526322 15904.8245812 -1 -1 -1 -1 -1 -1 0.00021797985735 48148.3708556 0.0 0.0 0.0 0.0 0.0108294549198 0.0 -1 -1 -1 -1 2744.2991466 24643.2152655 46511.646372 0.0 41984.3597186 74948.6634802 65390.437836 60043.2883987 54516.911757 61887.599634 53139.74874 0.0 60484.2377737
-1 -1 -1 -1 -1 -1 -1 -1 -1 -1 -1 -1 -1 -1 -1 -1 -1 9848.46682755 33709.0493025 0.0 0.0 46512.1795474 62843.9897663 55968.1675312 42271.968222 40863.9192307 41972.6074669 0.0 44881.884873 48303.189864 0.00888486261037 56737.6512772 49239.8277225 62779.6651879 80387.174025 71934.0688485 97527.7499512 95383.428585 93102.0908895 84218.6603606 74545.4847825 42445.9108125 2873.52511875 -1 -1 -1 -1 -1 -1 -1 -1 -1 -1 5155.44429975 43850.2881022 0.0 6226.22963738 0.0 0.0 0.0 0.0078490433253 72421.268775 85008.942375 0.0 0.0 -1 -1 -1 -1 1095.3820194 9595.49627025 0.0 49193.0331915 52975.6234508 70692.061905 72410.61429 62672.2506675 0.0 0.0 0.0072531569712 59621.100546
-1 -1 -1 -1 -1 -1 -1 -1 -1 -1 -1 -1 -1 -1 -1 -1 -1 -1 25520.3091435 43342.3317521 37041.6848347 54310.801194 62303.1476321 0.0 0.0 0.00176101978437 0.0 0.0 0.0 49547.811495 61438.1388037 0.0 0.0 0.0 41364.9224314 51650.6582812 58484.0417569 71072.323362 79798.9520213 78860.9904094 72098.310765 53673.782625 0.0 -1 -1 -1 -1 -1 -1 -1 -1 -1 -1 56113.3316123 78557.2565452 2738.08705935 -1 -1 12690.9259808 0.0 0.0 0.0 0.0 0.0 0.0 0.000657870447375 -1 -1 -1 -1 -1 -1 1801.1776333 22252.249656 39470.9507404 80683.9077825 68150.0815039 0.0 0.0 0.0 59645.9186734
-1 -1 -1 -1 -1 -1 -1 -1 -1 -1 -1 -1 -1 -1 -1 -1 -1 -1 32247.3814125 52852.0151588 49989.249513 42425.920896 32523.7801849 0.0 0.0 0.0 0.0 0.00522404931386 0.0 0.0 27682.039902 0.0 33204.4268422 0.003821965692 0.0 0.0 0.003762754398 0.0 0.00538402444624 41817.8491762 42605.0739562 0.0 0.0 -1 -1 -1 -1 -1 -1 -1 -1 -1 -1 31118.1047797 63369.7550374 -1 -1 -1 -1 -1 0.0 0.0 75645.425835 85780.1746275 71301.7905847 0.0 0.0 0.0 8022.772221 -1 -1 -1 -1 -1 0.0 0.0 76082.3223802 74090.2148434 72054.6952564 0.0 0.0
-1 -1 -1 -1 -1 -1 -1 -1 -1 -1 -1 -1 -1 -1 -1 -1 -1 -1 0.0 0.0 59154.5799248 53055.449724 55139.950611 0.00379282647004 0.00300853680933 0.0 0.0 6927.2974767 0.00682538334608 48362.696955 0.0062584329645 0.0 0.0 27535.4781 0.0 0.00375109066406 0.00612950105119 0.00788203033879 36444.034704 0.0 3416.77708631 -1 -1 -1 -1 -1 -1 -1 -1 -1 -1 -1 0.0 0.0 0.00346868601255 0.0 -1 -1 -1 -1 -1 0.0 0.0 0.00393579463342 0.0 0.0 0.0 0.00325737396904 0.0008132545482 0.00037891066752 3.1694065809e-05 -1 -1 -1 2.37107909445e-05 0.0 73693.5260655 57280.9785967 0.0 0.0 41739.9158025
-1 -1 -1 -1 -1 -1 -1 -1 -1 -1 -1 -1 -1 -1 -1 -1 -1 -1 0.0 43217.9787577 0.0 37265.7176062 0.00519494552006 0.0 0.0 0.0 0.0 0.0 36107.5872769 0.0 0.0 32347.4286443 0.0073749072585 0.0 0.0 32268.3688969 0.0 18874.2572107 -1 -1 -1 -1 -1 -1 -1 -1 -1 -1 -1 -1 -1 -1 0.0 0.0 52356.9409751 26048.2383851 -1 -1 -1 -1 -1 -1 -1 0.0 0.0 0.0 0.0 0.0106713818385 0.0 0.00350259981638 0.0 0.0 0.0 -1 0.000102798325852 0.017731845285 0.0 0.0 60810.778506 0.0 0.0014091367626
-1 -1 -1 -1 -1 -1 -1 -1 -1 -1 -1 -1 -1 -1 -1 -1 -1 -1 0.000342620034581 32145.8452995 55825.46403 37133.4082515 38254.0743225 52321.5127395 49744.244376 42675.5567906 44606.0640435 0.0 0.0 0.0 0.0 0.0 36314.662338 0.0 34294.326594 41625.5124615 30182.0669531 0.0 -1 -1 -1 -1 -1 -1 -1 -1 -1 -1 -1 -1 -1 -1 0.0 0.0 60914.3657119 33228.442962 -1 -1 -1 -1 -1 -1 -1 -1 -1 0.0 68839.8220185 69960.3957645 0.0111491735715 0.00214806899775 0.000300442688565 0.000710648515252 0.0 0.0 0.0 67071.0529807 69578.3292787 74133.0974081 0.00508712373675 0.0 51430.603185
-1 -1 -1 -1 -1 -1 -1 -1 -1 -1 -1 -1 -1 -1 -1 -1 -1 398.342108685 0.0 28851.424803 34030.90173 0.0 0.0 0.0 0.0 0.0 0.0 0.0 0.0 0.0 0.0 0.0 0.0 29390.27028 0.0 0.0 59.93046495 -1 -1 -1 5147.32653821 0.0 0.0 0.000130069048961 0.0 -1 -1 -1 -1 -1 -1 -1 0.0 0.0 53865.4272581 21723.978276 -1 -1 -1 -1 -1 -1 -1 -1 -1 -1 -1 30591.843978 0.0 0.0 -1 -1 0.0 -1 -1 15874.8270015 72695.6427698 49126.53897 74568.1655813 0.0 0.0
-1 -1 -1 -1 -1 -1 -1 -1 -1 -1 -1 -1 -1 -1 -1 -1 -1 0.0 0.0 0.0 0.0 0.0 0.0 0.0 0.0 0.0 0.0 0.0 0.0 0.0 0.00144842191477 0.0 0.0 0.0 0.00796821764287 0.000850805902875 -1 -1 2481.5067384 0.0 -1 0.00032900382702 0.0 -1 -1 -1 -1 -1 -1 -1 -1 -1 0.0 43613.3477415 29519.9579621 9468.3928692 -1 -1 -1 -1 -1 -1 -1 -1 -1 -1 -1 -1 60040.6834016 62942.8239281 0.000463875520298 -1 -1 -1 -1 0.0 13629.01023 64597.8203437 54803.7326156 0.0 0.0
-1 -1 -1 -1 -1 -1 -1 -1 -1 -1 -1 -1 -1 -1 -1 -1 -1 0.0 0.0 0.0 0.0 0.0 0.00293022549367 0.0 0.0 0.0 0.0 0.0 0.0 0.0 0.0 0.0 0.0 30830.9881223 0.0 0.0 0.0 -1 0.0 1053.833445 -1 -1 -1 -1 -1 -1 -1 -1 -1 -1 -1 -1 -1 7025.11741628 0.0 -1 -1 -1 -1 -1 -1 -1 -1 -1 -1 -1 -1 0.0 0.0 0.0 0.0 -1 -1 -1 -1 -1 -1 0.0 58684.8249146 50398.828545 51092.5146694
-1 -1 -1 -1 -1 -1 -1 -1 -1 -1 -1 -1 -1 -1 -1 -1 -1 1184.57614577 3208.91307757 0.0 0.0 0.0 0.0 0.0 0.0 0.00682646317774 0.0 0.00923743462155 0.0 0.0 44685.614124 0.0 0.0 0.0 0.0 4942.9254267 -1 -1 -1 -1 -1 -1 -1 -1 -1 -1 -1 -1 -1 -1 -1 -1 -1 -1 -1 -1 -1 -1 -1 -1 -1 0.0 0.0 0.0 -1 0.00293336522269 17530.6510969 26476.7838904 34078.7496555 0.0 -1 -1 -1 -1 -1 -1 0.0 0.0 0.0 0.000869579844705 0.00188488483612
-1 -1 -1 -1 -1 -1 -1 -1 -1 -1 -1 -1 -1 -1 -1 -1 -1 -1 0.0 11236.1461302 0.0 21643.5645368 0.0 0.0 32401.0547572 0.0051528258495 0.0 0.0 0.0 0.0 58893.5579085 0.0 0.0 0.0 0.0 -1 -1 -1 -1 -1 -1 -1 -1 -1 -1 -1 -1 -1 -1 -1 -1 -1 -1 -1 -1 -1 -1 -1 -1 -1 0.0 0.0 0.00947034768 57955.7133495 60262.5470659 0.008214752448 26536.8987675 0.0 2016.92529375 -1 -1 -1 -1 -1 -1 -1 -1 0.0 0.0 0.0 49645.9957725
-1 -1 -1 -1 -1 -1 -1 -1 -1 -1 -1 -1 -1 -1 -1 -1 -1 -1 17223.636321 26081.5211212 25394.5774328 0.0 8635.3105752 0.0 0.0 0.0 0.0 0.0 0.0 44086.4855617 0.0 0.0100179756612 0.0 0.0 -1 -1 -1 -1 -1 -1 -1 -1 -1 -1 -1 -1 -1 -1 0.0 0.0 0.0 0.0 -1 0.0 0.00240329104496 0.00217308738 0.0 0.0 0.0 -1 -1 -1 0.0 0.00326491389994 0.00571985954017 0.0 0.0 -1 -1 -1 -1 -1 -1 -1 -1 -1 -1 -1 -1 0.0 65282.013024
-1 -1 -1 -1 -1 -1 -1 -1 -1 -1 -1 -1 -1 -1 -1 -1 -1 -1 -1 -1 94.6916114156 -1 65.6719893525 7770.8602968 0.0 0.0 60200.732928 38197.35111 41283.739728 45988.1337825 34892.6115037 20763.3325095 3408.3846726 -1 -1 -1 -1 -1 0.0 0.0 0.0 0.000133570029465 0.00338387976075 0.0077114860239 0.0 0.0 0.0 0.0005271434112 0.0 0.0 0.0 0.0 0.0 0.0 0.0 0.00306512246475 0.0 0.0 0.0 0.0 -1 -1 -1 -1 0.000101866684165 0.0 0.000766597077675 -1 -1 -1 -1 -1 -1 -1 -1 -1 -1 -1 -1 0.0 34211.7484222
-1 -1 -1 -1 -1 -1 -1 -1 -1 -1 -1 -1 -1 -1 -1 -1 -1 -1 -1 -1 -1 -1 -1 0.0 0.0 30490.02618 2106.114144 -1 -1 -1 -1 -1 -1 -1 -1 -1 0.0 0.0 0.0011716618005 0.0 0.0198919263656 0.0 0.00136764663019 0.0 0.00160493663475 0.0 0.0 0.0 0.0 0.0 0.0 0.0 0.00130422891919 0.0039618588531 0.0 0.0 0.0 0.0 -1 -1 -1 -1 -1 -1 0.0 -1 -1 -1 -1 -1 -1 -1 -1 -1 -1 -1 -1 -1 -1 -1 3290.4402552
