critload/trunk/input/1999/nsro_nat.asc
ncols 720
nrows 360
xllcorner -180
yllcorner -90
cellsize 0.5
NODATA_value -1
[rows 144 to 179 of 360, columns 405 to 485 of 720]
8609.88120637 8851.162164 4976.52252825 1825.7487714 534.489556035 542.83638738 0.0 1820.97214736 0.0 6945.425985 0.0 0.0 0.0 0.0 0.0 0.0 2038.01535 0.0 0.0 0.0 0.0 0.0 0.0 0.0 852.653831625 0.0 9671.10882112 9129.92869575 18357.9236471 16540.5460646 25913.9830493 0.0 0.0 -1 -1 -1 -1 -1 0.0 0.0 0.00385726957031 0.0 0.0 0.0 1019.124945 0.0 0.0 0.0 0.0 0.0 0.0 0.0 0.0 0.0 1560.20919375 3403.59184718 0.0 0.0 3876.9592971 3244.42473176 3475.29184324 3361.38014891 1845.27534262 1945.12268486 4821.53633032 8831.68632 2459.46469777 2438.86869555 -1 -1 -1 -1 -1 -1 -1 -1 -1 -1 -1 -1 -1
6501.97355175 5881.33862531 3931.43625405 0.0 501.723724485 441.50903028 736.568326575 1395.163047 1843.082784 3152.41627725 2002.98713648 1595.40915352 1544.81236177 1781.73631991 0.0 0.0 0.0 2674.1020047 0.0 0.0 2527.6156896 0.0 0.0 0.0 0.0 2830.84937119 3813.52139512 10164.9896475 11529.3451155 9664.0422735 0.0 0.0 0.0 -1 -1 -1 -1 -1 -1 0.0 0.0 0.00293478436778 0.0 0.0 0.0 0.0 3834.60266344 0.0 0.0 0.0 0.0 0.0 0.0 0.0 0.0 0.0 5706.25868452 0.0 0.0 5681.584647 7203.50454975 7591.6493025 12905.9438775 12953.6678329 21005.06445 11326.479701 -1 -1 -1 -1 -1 -1 -1 -1 -1 -1 -1 -1 -1 -1 -1
5956.5616965 4598.82539888 2260.27776375 583.211229907 539.515284322 714.8481972 1178.64917835 1694.77397212 3644.07662531 3346.25749965 1400.96196878 1397.8945779 1258.05607928 5341.01339768 5977.16876531 4626.57038321 0.0 3916.43023117 1843.24554382 1558.06856711 1820.8253325 1680.1664076 0.0 863.027389125 296.983341911 924.000081 646.65445263 0.0 8710.47316237 0.0 0.0 0.0 0.0 0.0 -1 -1 -1 -1 0.0 0.0 0.0 0.0 38083.1408985 0.0 0.0 0.0 0.0 0.0 1405.8460764 1889.84213014 0.0 0.0 0.0 4521.1540977 0.0 8418.32084025 0.0 12626.4115102 13522.2722715 15996.9779156 18653.8567346 14012.5984185 8537.9863266 -1 -1 -1 -1 -1 -1 -1 -1 -1 -1 -1 -1 -1 -1 -1 -1 -1 -1
6352.7443632 2740.2723267 1970.1111588 1584.66520339 1876.12977712 2732.59920499 3043.18827473 0.0 3624.49018987 4666.22039441 1329.2355384 2377.9716675 950.48011965 1729.94033137 1876.11590655 3097.622658 2970.7288311 2854.58208214 1759.7732724 1593.40519507 3032.0903178 3176.4387375 0.0 0.0 492.194730461 925.131673012 2013.29833005 0.0 0.0 0.0 0.0 0.0 0.0 0.0 -1 0.0 -1 -1 -1 -1 640.50940098 0.0 0.0 0.0 0.0 13408.3552515 2645.9211213 1889.6276808 1163.359476 0.0 0.0 0.0 0.0 0.0 0.0 6915.39285566 5466.53033768 11767.9198898 0.0 3055.78592355 0.0 -1 -1 -1 -1 -1 -1 -1 -1 -1 -1 -1 -1 -1 -1 -1 -1 -1 -1 -1 -1
0.0 2221.29578119 0.0 2533.7425455 4098.32919675 7299.69831967 8927.69339363 4299.66566869 3199.02909937 4665.3653445 3279.11056436 2333.16823057 1502.13857966 2906.5186326 2326.20275201 2478.400335 3207.28062094 0.0 1776.57048641 1786.89787654 1600.5672 1672.65750064 0.0 0.0 0.0 0.0 0.0 0.0 0.0 0.0 0.0 0.0 0.0 0.0 0.0 0.0 -1 -1 -1 -1 0.0 0.0 0.0 0.0 18795.0332677 4779.541728 1581.72675375 2326.49615805 1256.9868882 0.0 0.0 0.0 0.0 0.0 0.0 0.0 0.0 19277.516055 0.0 0.0 -1 -1 -1 -1 -1 -1 -1 -1 -1 -1 -1 -1 -1 -1 -1 -1 -1 -1 -1 -1 -1
0.0 0.0 0.0 4368.8624637 4170.19818562 6303.20558287 5066.27497868 9789.0275505 12022.169577 4066.53102405 3740.19386895 2338.80785861 1570.71217508 3253.85308688 2296.48360286 0.0 3253.93235775 0.0 1545.18717184 0.0 0.0 0.0 0.0 0.0 0.0 0.0 0.0 0.0 0.0 0.0 0.0 0.0 0.0 0.00208673540359 0.00139036243399 0.0 -1 -1 -1 -1 0.0 0.0 0.0 0.00280216062315 0.0 19713.7540192 6640.67797965 988.185974925 0.0 0.0 0.0 0.0 0.0 0.0 0.0 27375.6290693 0.0 0.0 0.0 -1 -1 -1 -1 -1 -1 -1 -1 -1 -1 -1 -1 -1 -1 -1 -1 -1 -1 -1 -1 -1 -1
0.0 0.0 0.0 0.0 0.0 4528.5399627 0.0 6848.78076225 2586.03509306 4115.067495 2993.0031978 3945.1870458 1868.9313786 0.0 0.0 0.0 0.0 0.0 0.0 0.0 0.0 0.0 0.0 0.0 0.0 0.0 0.0 0.00012229415997 0.0 0.0 0.0 0.0 0.0 0.0 0.0 0.0 0.0 0.0 -1 -1 0.0 0.0 54625.9471628 0.0 0.0 0.0 0.00180146802427 22389.7901063 0.0 0.0011556484425 0.0 18465.673275 0.0 17269.435191 0.0 0.0 -1 -1 -1 -1 -1 -1 -1 -1 -1 -1 -1 -1 -1 -1 -1 -1 -1 -1 -1 -1 -1 -1 -1 -1 -1
0.0 0.0 0.0 0.0 0.0 0.0 0.0 0.0 0.0 0.0 0.0 0.0 0.0 0.0 0.0 0.0 0.0 0.0 0.0 0.0 0.0 0.0 0.0 0.0 0.0 0.000270347099996 0.0 0.0 0.0 0.00264594645 0.0 0.00344528674507 0.0 7712.2577625 34386.77115 16073.7263558 0.0 0.0 0.0 -1 0.0 0.0 49181.3010765 0.00168944985968 0.0 0.0 0.0 0.0 0.00123261100793 38748.27972 0.0 0.0 0.0 -1 -1 -1 -1 -1 -1 -1 -1 -1 -1 -1 -1 -1 -1 -1 -1 -1 -1 -1 -1 -1 -1 -1 -1 -1 -1 -1 -1
0.0 0.0 0.0 0.0 0.0 0.0 0.0 0.0 0.0 0.0 0.0 0.0 0.0 0.0 0.0 0.0 0.0 0.0 0.0 0.0 0.0 0.00051009324561 0.00022892338956 0.0 4110.98937375 5470.69499175 5245.45944 8653.67392672 0.0 71737.3179146 0.0 56745.161598 0.0 0.0 49917.9164737 17861.9556375 11751.17445 0.0 0.0 0.0 0.0 0.0 0.0 27363.1773937 0.0 0.0 0.0 0.0 0.0 0.0 0.0 -1 -1 -1 -1 -1 -1 -1 -1 -1 -1 -1 -1 -1 -1 -1 -1 -1 -1 -1 -1 -1 -1 -1 -1 -1 -1 -1 -1 -1 -1
7311.93308917 0.0 0.0 29109.53376 0.0 0.0 0.0 0.0 0.0 0.0 0.0 0.0 0.0 0.0 0.0 0.0 0.0 0.0 0.0 0.0 0.0 0.0 0.0 0.0 9.4787081685e-05 5774.9406975 5828.469243 0.0 0.00148918664505 74372.51604 70989.05766 97200.4074525 40149.8536725 41020.560345 40230.1343869 24204.45591 12951.768465 10362.7248465 22828.1248991 0.0 0.0 0.0 0.0 0.0 0.0 0.0 0.0 0.0 0.0 -1 -1 -1 -1 -1 -1 -1 -1 -1 -1 -1 -1 -1 -1 -1 -1 -1 -1 -1 -1 -1 -1 -1 -1 -1 -1 -1 -1 -1 -1 -1 -1
20728.8321896 21230.498526 10001.7228213 23344.9416495 0.0 0.0 0.0 0.0 0.0 0.0 0.0 0.0 0.0 0.0 0.0 0.0 0.0 0.0 0.0 0.0 0.0 0.0 2123.647665 0.0 1749.70436429 2744.6835075 10678.6092692 0.00185795836969 59235.983973 0.00480688786485 106009.663353 0.0 54338.2860581 54989.6647965 55039.0788011 23896.8974947 17639.854173 19132.4721997 19556.5380439 0.0 0.0 1022.04541205 0.0 0.0 0.0 837.49839 -1 -1 -1 -1 -1 -1 -1 -1 -1 -1 -1 -1 -1 -1 -1 0.0 0.0 0.0 -1 -1 -1 -1 -1 -1 -1 -1 -1 -1 -1 -1 -1 -1 -1 -1 -1
10384.3649724 0.0 20686.77456 6028.40208712 0.00019567480716 0.0 0.0 0.0 0.0 0.0 0.0 0.0 0.0 0.0 0.0 0.0 0.0 24603.5402708 0.0 0.0 0.0 6093.6420699 3202.7951886 3002.7845208 0.000286582374236 3794.87192029 17520.6710538 0.0 89944.040427 0.0 0.00307921996125 84922.698912 104630.05634 0.0 0.0 11176.9790156 16365.26499 13362.556512 31667.010768 21684.03966 0.0 0.0 -1 -1 -1 -1 -1 -1 -1 -1 -1 -1 -1 -1 -1 -1 -1 -1 -1 0.0 -1 0.0 6423.47954756 0.0 -1 -1 -1 -1 -1 -1 -1 -1 -1 -1 -1 -1 -1 -1 -1 -1 -1
0.0 0.00137708652558 7179.9627042 3107.5387425 1562.29707622 0.0 0.0 0.0 0.0 0.0 0.0 0.0 0.0 0.0 20519.0571278 10207.0543391 0.0 0.0 0.0 2255.29868273 0.0 4941.49907081 8938.94246602 0.0 0.0 0.00104564047949 23302.4197421 59450.4657892 0.0 0.0 0.0 69029.5842802 87222.105525 77174.2878585 0.004176099774 0.0 10129.0749829 11296.3794011 34381.8759615 0.0 0.0 0.0 -1 -1 -1 -1 -1 -1 -1 -1 -1 -1 -1 -1 -1 0.0 0.0 0.0 -1 -1 -1 -1 -1 -1 -1 -1 -1 -1 -1 -1 -1 -1 -1 -1 -1 -1 -1 -1 -1 -1 -1
0.0 0.0 3080.65636725 1499.18538435 966.153903165 398.482686007 309.56654808 0.0 0.0 0.0 0.0 0.0 0.0 0.0 0.0 0.0 0.0 11685.1259505 0.0 0.0 1911.6011874 5763.2794401 0.0 0.0 0.0 77796.930666 54247.890879 60261.0897577 0.0 0.0 66340.8093037 60802.7394172 69664.3726515 60043.3693807 108474.814192 23095.4260267 8674.7712675 16913.4288675 15978.6631868 14826.3865695 0.0 0.0 34.636900605 -1 -1 -1 -1 -1 -1 0.0 0.0 0.0 0.0 0.0 0.0 0.0 0.0 0.0 -1 -1 -1 -1 -1 -1 -1 -1 -1 -1 -1 -1 -1 -1 -1 -1 -1 -1 -1 -1 -1 -1 -1
9.8648303355e-05 0.0 0.0 0.0 356.851292606 0.0 0.0 0.0 0.0 0.0 0.0 0.0 0.0 0.0 0.0 0.0 0.0 0.0 0.0 0.0 0.0 0.0 0.0 0.0 52379.3778349 0.0 0.0 0.0036285650226 0.0 0.0 0.0 57170.83896 73135.7008155 65803.455075 66887.5453706 31067.8271209 0.0 17586.7476772 14523.8376221 7012.64792415 10759.3654162 0.0 0.0 57.15023076 -1 0.0 0.0 0.0 0.0 26412.6651458 0.0 0.0 0.0 0.0 0.0 0.0 0.0 0.0 -1 -1 -1 -1 -1 -1 -1 -1 -1 -1 -1 -1 -1 -1 -1 -1 -1 -1 -1 -1 -1 -1 -1
0.0 0.0 0.0 2451.42181462 0.0 0.0 0.0 0.0 0.0 0.0 0.0 0.0 2030.96226252 0.0 0.0 4081.6145574 0.0 0.0 0.0 0.0 0.0 7.93041127436e-05 0.0 70560.285963 64792.029417 0.0 0.0 0.0 0.0 0.00353434480796 0.00323511464677 100293.2319 84933.273411 109257.528105 0.00597272855812 0.0 30410.7814005 21846.9771877 3052.7270475 4070.8359648 30866.9450805 0.0 0.0 0.0 9075.07569938 14423.3821148 0.0 21488.3288977 0.0 0.0 3398.63905972 0.0 0.0 0.0 0.0 0.0 0.0 0.0 -1 -1 -1 -1 -1 -1 -1 -1 -1 -1 -1 -1 -1 -1 -1 -1 -1 -1 -1 -1 -1 -1 -1
40863.8951197 15707.0944272 21972.1526859 7695.93816836 0.0 13683.0221553 0.0 0.0 0.0 0.0 0.0 0.0 0.0 0.0 2214.97299965 2587.46265093 3482.5108206 1989.09963934 6.24091903841e-05 0.0 0.0 5.91574675395e-05 0.0 0.0 0.0 0.0 0.0 0.0 0.0 0.0 0.00489341701275 0.00545166979335 74555.7121714 0.0123714216675 63585.12594 0.0 0.0 0.0 24094.8196369 33286.617651 25064.241489 15874.4190997 0.0012480723864 0.0 0.0 8687.18869425 0.0 0.0 14027.8135635 5009.19403027 0.0 0.0 0.0 0.0 0.0 0.0 0.0 -1 -1 -1 -1 -1 -1 -1 -1 -1 -1 -1 -1 -1 -1 -1 -1 -1 -1 -1 -1 -1 -1 -1 -1
22928.1129685 49400.7720165 35850.932436 11624.1824711 14262.6400665 0.0 0.0 0.0 0.0 0.0 0.0 228.488546601 1924.51683543 0.0 0.0 1814.66569991 1847.70371148 5.53373844735e-05 0.0 0.0 0.0 0.0 0.0 0.0044688676725 0.0 0.0 0.0037961626644 0.0 0.0 0.0 0.0 0.0 0.0 47773.76751 92179.0779626 0.0 0.0 0.00566830597545 0.0 62975.0123276 0.0 0.0 4859.23470975 0.0 0.0 0.0 0.0 0.0 5333.12810145 0.0 0.0 0.0 0.0 0.0 0.0 0.0 0.0 -1 -1 -1 -1 -1 -1 -1 -1 -1 -1 -1 -1 -1 -1 -1 -1 -1 -1 -1 -1 -1 -1 -1 -1
30718.5397785 30393.13494 23259.5796772 29372.0357595 0.0 0.0 0.0 0.0 0.0 0.0 0.0 1787.06228062 0.0 1507.25398158 0.0 1645.84696833 1691.16257646 2037.80665672 0.0 0.0 0.0 0.000145695340346 0.0 0.0023942179488 0.00467955268234 0.0 0.0 0.0 0.0 0.0 0.0 0.00226211690531 0.0027815584806 0.0 0.0 0.0037856894646 0.0 0.0 0.00378376209202 0.0 0.0 0.0 0.0 0.0 0.0 0.0 0.0 0.0 0.0 2328.73287412 0.0 0.0 3671.80634625 0.0 0.0 0.0 -1 -1 -1 -1 -1 -1 -1 -1 -1 -1 -1 -1 -1 -1 -1 -1 -1 -1 -1 -1 -1 -1 -1 -1 -1
7323.2000478 20917.4086954 25054.4962333 0.0 15420.9957739 0.0 0.0 0.0 0.0 0.0 0.0 0.0 0.0 1791.55952985 4.90846198275e-05 1698.18665946 211.934549482 1748.54736046 6.3631593705e-05 0.0 6.36491654205e-05 9.72757991666e-05 0.0 0.0 0.0043965295362 98856.523803 77618.8810181 0.0 0.00362044756552 0.0 0.0 0.0 0.0 0.002745348333 0.0 0.0 0.0 0.0 0.0 23214.5965912 24928.1584898 5191.09647885 5137.0955937 0.0 0.0 0.0 0.0 0.0 0.0 0.0 0.0 0.0 0.0 0.0 7935.75649912 0.0 -1 -1 -1 -1 -1 -1 -1 -1 -1 -1 -1 -1 -1 -1 -1 -1 -1 -1 -1 -1 -1 -1 -1 -1 -1
8970.44149515 22341.3626257 22697.911857 17524.232073 19100.4694857 22495.0836009 0.0 0.0 0.0 0.0 0.0 0.0 0.0 1946.04438736 0.0 0.0 1925.65250309 0.0 0.0 0.0 5.76064083375e-05 0.0 0.0 0.0 70029.1076805 83177.908572 0.0 56744.1502987 55645.0903733 0.0 0.0035549656263 0.0 0.0 0.0 0.0 0.00517778021385 0.0 0.00191607453581 0.0 0.00215361112268 0.0018516654357 0.0 6237.87764212 0.0 0.0 0.0 0.0 0.0 0.0 0.0 0.0 0.0 0.0 0.0 0.0 -1 -1 -1 -1 -1 -1 -1 -1 -1 -1 -1 -1 -1 -1 -1 -1 -1 -1 -1 -1 -1 -1 -1 -1 -1 -1
7627.50712444 21274.0661486 22601.5592017 24500.9187165 21078.7490868 20688.6794821 23820.7435251 0.0 0.0 0.0 0.0 0.0 0.0 0.0 0.0 0.0 1854.84208272 1641.15484188 0.0 0.0 0.0 0.0 0.000181953108861 0.0 0.00294533121405 90334.2552566 76061.6379581 77167.15569 100817.14791 129861.178271 0.004307306283 0.0 0.0 0.00804736277325 0.0 0.00501295726485 60925.2296152 0.0 13930.4614556 0.0 0.0 4403.09679975 6940.2284325 7191.9440775 0.0 0.0 0.0 0.0 0.0 0.0 0.0 0.0 0.0 0.0 0.0 -1 -1 -1 -1 -1 -1 -1 -1 -1 -1 -1 -1 -1 -1 -1 -1 -1 -1 -1 -1 -1 -1 -1 -1 -1 -1
7996.97178292 24741.0451651 23949.6021405 38567.45052 24572.9803005 20131.3546579 21334.9720112 22275.088065 0.0 0.0 0.0 0.0 14399.2915885 0.0 0.0 334.912804606 0.0 2213.87423548 4.889176449e-05 5.23595789483e-05 5.858111592e-05 0.0 3452.94649856 0.0 0.0 100454.322524 0.0 122188.037166 133751.594808 130151.512989 0.00288101103124 0.0 0.0 51175.1974511 53630.0731309 42907.9750605 0.0 17523.8269541 0.00241597592389 0.0 10809.7864402 0.0 4249.9084263 4086.25288886 0.0 0.0 0.0 0.0 742.86974448 0.0 0.0 0.0 0.0 0.0 -1 -1 -1 -1 -1 -1 -1 -1 -1 -1 -1 -1 -1 -1 -1 -1 -1 -1 -1 -1 -1 -1 -1 -1 -1 -1 -1
18316.1125521 25404.1205796 17842.2464377 31432.0522477 26698.0880297 24968.2512237 24035.3286576 23527.5634267 0.0 0.0 0.0 0.0 0.0 0.0 0.0 0.0 0.0 0.0 0.0 0.0 5.01873202912e-05 1932.20145551 9844.09544801 38930.4257726 63814.3664625 0.0035631851178 108955.283929 87142.5076894 104800.753812 84879.073224 0.0 0.0 66174.3190553 104867.054042 55726.2248524 40000.8496466 50401.6174541 16111.4818162 31411.8669862 0.0 0.0 0.0 4490.71956109 0.0 0.0 0.0 0.0 0.0 0.0 0.0 0.0 0.0 0.0 0.0 -1 -1 -1 -1 -1 -1 -1 -1 -1 -1 -1 -1 -1 -1 -1 -1 -1 -1 -1 -1 -1 -1 -1 -1 -1 -1 -1
9693.06357195 20560.2270487 22550.0153783 28589.5582312 18221.5106644 25079.0123628 25682.4680079 23425.587298 22416.9239191 21660.1514425 0.0 0.0 0.0 0.0 0.0 0.0 11679.8893685 0.0 2708.67355328 1642.83703261 0.0 0.0 0.0 27478.3548879 81344.823804 0.0 62264.475306 68340.496455 107320.57644 0.0 0.0 72063.0190627 75904.9919422 67375.285425 0.0 56447.7848899 46534.888152 27895.0830469 0.0 0.0 0.0 0.0 0.0 0.0 2103.34065345 0.0 0.0 0.0 0.0 0.0 1254.68063633 1599.3571482 0.0 -1 -1 -1 -1 -1 -1 -1 -1 -1 -1 -1 -1 -1 -1 -1 -1 -1 -1 -1 -1 -1 -1 -1 -1 -1 -1 -1 -1
26116.7725713 24224.8548006 31403.136216 36819.7212915 39270.773976 29937.6038846 24807.291168 19440.0899077 20324.2151032 0.0 0.0 0.0 0.0 0.0 0.0 0.0 0.0 0.0 12477.2220846 283.675931962 0.0 0.0 0.0 0.0 47945.552337 0.0 0.0 25524.0005524 73554.5594509 76822.4238941 65669.428161 0.00229851499939 67422.8811694 56175.97482 0.0 0.0 0.0 0.0 0.0 3404.62160404 0.0 2327.80231755 3817.4515551 1261.0637685 0.0 0.0 0.0 0.0 0.0 0.0 0.0 0.0 0.0 -1 -1 -1 -1 -1 -1 -1 -1 -1 -1 -1 -1 -1 -1 -1 -1 -1 -1 -1 -1 -1 -1 -1 -1 -1 -1 -1 -1
20100.5207654 20134.9707858 18882.7102703 19674.9004596 19805.2488916 16541.4227569 23403.360213 18753.9342599 14292.3622572 17959.8462705 16675.8998548 0.000494471319592 17301.2047031 0.000541780550876 27774.579597 0.0 0.0 44023.5453645 0.0 0.0 0.00424678854319 0.0 0.0 0.0 0.0 0.0 32124.3670898 0.0 0.0 40797.4832426 22372.5232462 47628.583254 40762.2006855 17012.349756 35451.1427445 34901.633487 0.0 0.0 0.0 3660.45133931 2283.07476323 0.0 1943.27031682 0.0 0.0 0.0 0.0 0.0 0.0 0.0 0.0 0.0 -1 -1 -1 -1 -1 -1 -1 -1 -1 -1 -1 -1 -1 -1 -1 -1 -1 -1 -1 -1 -1 -1 -1 -1 -1 -1 -1 -1 -1
18167.3756878 15562.2383181 17808.676803 16039.6172065 18804.4526486 19206.9422604 16142.0409863 18389.5775474 16224.5346525 10848.3819444 9761.1010464 0.0 12388.3425208 14868.1080379 16921.4074139 0.0 23632.9940071 40414.5927322 0.0 0.0 0.0 0.005388480945 93490.2700875 0.0 4513.04360876 10402.2136398 0.0 0.0 26091.174492 27564.6045675 28593.2080931 49625.024967 23183.0470134 0.0 12086.1092171 7454.31871815 25130.3732314 0.0 0.0 0.0 2825.78877795 0.0 0.0 0.0 0.0 0.0 0.0 0.0 0.0 0.0 1812.651129 -1 -1 -1 -1 -1 -1 -1 -1 -1 -1 -1 -1 -1 -1 -1 -1 -1 -1 -1 -1 -1 -1 -1 -1 -1 -1 -1 -1 -1 -1
16858.3473238 16355.144862 14411.246289 15535.5507924 15712.4376673 15428.5255761 15856.9630333 13442.3702572 15228.7485907 0.000185230715988 0.0 9024.15820178 8550.3343089 0.0 14577.450488 23856.756852 30885.3144697 0.0 65274.8118364 0.0 87100.312713 0.0 0.0 0.0 21636.5241881 13273.7058195 0.0 0.0 18435.91464 3677.7981306 12474.0355992 27339.3440385 45874.0093035 0.0 19612.8466635 6536.7502119 7810.81548319 0.0 0.0 0.0 0.0 0.0 0.0 0.0 0.00010471718178 0.0 0.0 0.0 0.0 1102.24435596 -1 -1 -1 -1 -1 -1 -1 -1 -1 -1 -1 -1 -1 -1 -1 -1 -1 -1 -1 -1 -1 -1 -1 -1 -1 -1 -1 -1 -1 -1 -1
19647.1909343 21356.6467125 14043.5994517 12504.3816645 0.0 14069.6099245 13684.9361391 15372.8700111 12876.1180132 15055.3171514 10685.0966187 12497.3932659 14283.0716279 31580.1874035 26449.4323957 29482.277907 0.000627897425636 0.0 33130.2910372 29071.15593 23665.7080875 0.0 0.0 0.0 50552.786538 16718.908584 0.0 0.0 5727.79206022 0.0 14118.8316534 5630.296239 7591.93669894 24284.229462 16361.06493 5531.56569945 1807.88722721 0.0 0.0 0.0 0.0 0.0 0.0 0.0 0.0 0.0 0.0 0.0 1270.786176 -1 -1 -1 -1 -1 -1 -1 -1 -1 -1 -1 -1 -1 -1 -1 -1 -1 -1 -1 -1 -1 -1 -1 -1 -1 -1 -1 -1 -1 -1 -1 -1
19592.1549111 21387.835887 18590.7750798 13735.9839453 799.128493417 15101.8004911 13266.2723679 12051.0590562 14293.7757369 16051.4046496 13306.9023985 13028.463732 18505.8844152 25054.0802865 34594.1660625 0.0 0.0010466313858 0.00168557917275 17082.5668078 0.0 19378.5650384 16224.4036773 0.0 0.0 48684.3459053 10276.4465685 8482.72414027 0.0 0.0 9655.63392847 6263.76611677 6844.249617 6503.312598 5945.7787677 13795.6592088 0.0 0.0 0.0 0.0 0.0 0.0 0.0 0.0 0.0 0.0 0.0 0.0 846.8117736 100.81544913 -1 -1 -1 -1 -1 -1 -1 -1 -1 -1 -1 -1 -1 -1 -1 -1 -1 -1 -1 -1 -1 -1 -1 -1 -1 -1 -1 -1 -1 -1 -1 -1
16288.4231846 19112.3385715 26617.51353 28091.373249 21489.7381515 13413.6588403 17833.9338844 18896.4921836 26029.9982092 21774.7368259 19893.4431282 15115.2480778 23716.9441583 22158.4262004 28390.311648 0.00111350733375 0.0 0.0 22203.7006914 0.0 0.0 0.0003845637477 0.0 33511.538025 35563.6589812 50038.4528531 23483.7334875 14563.5438139 53608.196709 10310.7380355 14796.3731517 0.0 0.0 0.0 0.0 0.0 0.0 0.0 0.0 0.0 0.0 0.0 0.0 0.0 0.0 2317.55425695 0.0 0.0 -1 -1 -1 -1 -1 -1 -1 -1 -1 -1 -1 -1 -1 -1 -1 -1 -1 -1 -1 -1 -1 -1 -1 -1 -1 -1 -1 -1 -1 -1 -1 -1 -1
26202.6550012 9111.00834877 15549.5585323 27316.8219589 26749.8300679 13308.7085381 13281.1352651 18077.1511689 24599.0167396 30631.6619213 39187.9468013 22910.777091 42433.6323799 27767.8343985 38804.6974114 0.00174950541765 0.0 0.0 27743.468166 0.0 0.0 0.0 0.000365647388362 7827.2055615 53186.04408 102038.337996 40043.201616 29696.4801892 58827.707856 81346.7258396 0.0 0.0 0.0 0.0 0.0 0.0 0.0 0.0 0.0 0.0 0.0 0.000101344651594 0.0 569.97217395 0.0 445.44474468 -1 -1 -1 -1 -1 -1 -1 -1 -1 -1 -1 -1 -1 -1 -1 -1 -1 -1 -1 -1 -1 -1 -1 -1 -1 -1 -1 -1 -1 -1 -1 -1 -1 -1 -1
32478.2308042 32728.16115 11652.5010609 0.0 19432.5514031 11330.6510332 12480.9085508 20627.1855956 26066.5303247 22109.4297598 26703.2412335 29375.5029098 28076.5776757 26362.4514306 0.0 0.0 0.0 31257.3189937 14753.3401651 0.000701095375462 0.0 0.0 0.0 81332.8601625 62132.3147115 68593.7049472 81839.329533 42268.343472 74553.9506722 77142.2001248 0.0 0.0 0.0 0.0 0.0 0.0 0.0 0.0 0.0 0.0 0.0 0.0 0.0 0.0 0.0 -1 -1 -1 -1 -1 -1 -1 -1 -1 -1 -1 -1 -1 -1 -1 -1 -1 -1 -1 -1 -1 -1 -1 -1 -1 -1 -1 -1 -1 -1 -1 -1 -1 -1 -1 -1
30287.2886842 36666.794952 16031.7532944 13538.1330394 18909.7258887 13188.4504086 20065.1785403 20825.6484553 18930.9454294 21779.252803 22054.3557105 39298.5354195 0.0 0.0 0.0 0.00155986216088 40163.0837325 35504.1107595 49208.7906124 24817.782885 0.000863224188938 0.0 0.0 0.000849346166138 0.0 0.0 93223.099314 0.0 0.0 0.0 0.0 0.0 0.0 0.0 0.0 0.0 0.0 0.0 0.0 0.0 0.0 0.0 0.0 -1 -1 -1 -1 -1 -1 -1 -1 -1 -1 -1 -1 -1 -1 -1 -1 -1 -1 -1 -1 -1 -1 -1 -1 -1 -1 -1 -1 -1 -1 -1 -1 -1 -1 -1 -1 -1 -1
31292.947692 35163.5249295 15745.3507645 15131.3833328 20633.1659639 14812.0062911 25162.168967 52435.9131214 22129.1718421 16465.5889627 31663.18107 53995.356207 0.0 0.0030413407827 0.0 70112.5213987 0.0 0.00036522792471 0.0 0.0 0.0 0.0 0.0 0.00113371429215 0.0 7274.00864531 53287.281096 0.0 0.0 0.0 52322.9076094 0.000622861535239 0.0 0.0 0.0 0.0 0.0 0.0 0.0 304.428142706 0.0 0.0 -1 -1 -1 -1 -1 -1 -1 -1 -1 -1 -1 -1 -1 -1 -1 -1 -1 -1 -1 -1 -1 -1 -1 -1 -1 -1 -1 -1 -1 -1 -1 -1 -1 -1 -1 -1 -1 -1 -1
