critload/trunk/input/1999/nsro_ag.asc
ncols 720
nrows 360
xllcorner -180
yllcorner -90
cellsize 0.5
NODATA_value -1
[rows 148 to 184 of 360, columns 332 to 414 of 720]
17587.6303886 67911.695976 67850.6835255 28739.4963462 20630.5464753 14240.497488 24401.8519073 4178.4967194 2362.54396222 2142.89504327 4724.588259 1970.50270816 3248.41760259 3039.3639984 6882.119136 8378.8466637 4942.463841 9661.62269088 3356.53822688 6014.29265495 5383.91776358 3920.44066605 1943.8152521 3049.87357489 3292.58474511 0.0 0.0 7824.98965433 5332.8352932 3401.35047054 7987.7556054 3387.57944748 3466.55705301 0.0 8065.9086381 6514.1582676 5740.17623154 10142.6739226 11414.6425428 7089.1959792 5566.93945738 16544.124099 19126.7934696 0.0 0.0 0.0 0.0 0.0 0.0 0.0 0.0 0.0 0.0 0.0 0.0 0.0 0.0 0.0 0.0 0.0 0.0 0.0 0.0 0.0 0.0 0.0 0.0 0.0 1677.69872102 3510.99482595 7817.26198687 21089.9084261 20310.8341176 7657.3805517 0.0 0.0 0.0 0.0 0.0 0.0 0.0 0.0 0.0
16110.0924251 25236.050674 44643.4505499 66223.6208432 12608.1986578 16975.317807 25549.7283852 23989.793845 4185.0758271 0.0 0.0 0.0 0.0 2623.7315313 6225.2141178 0.0 10209.8878799 2248.96194889 2595.50086658 0.0 15764.7741664 26085.9137094 50590.2976845 47591.5289325 19053.2993499 6262.6437252 5208.0975576 10323.531698 7867.76551302 5352.07811227 8688.7858665 6043.76951703 0.0 4282.99360711 6671.16807732 4343.79163386 0.0 0.0 14783.7056097 14319.3103246 5051.55779708 6407.64442464 10085.8806971 6704.69979432 6268.98605652 7202.6628936 0.0 0.0 0.0 0.0 0.0 0.0 0.0 0.0 0.0 0.0 0.0 0.0 0.0 0.0 0.0 0.0 0.0 0.0 0.0 0.0 500.432294895 469.069632757 814.30273344 3145.2463392 6751.63313077 39033.2976885 7915.3017558 2285.0792112 22046.0815039 43378.0624715 0.0 0.0 0.0 0.0 0.0 0.0 0.0
0.0 0.0 27173.1212117 59148.4995666 93909.8548721 0.0 0.0 36973.5369145 0.0 0.0 0.0 0.0 0.0 0.0 0.0 0.0 10789.2228727 1571.92347847 0.0 0.0 42411.0237018 0.0 10178.61741 3972.4157376 4302.6225375 5085.56262585 36161.5036551 25739.528517 0.0 13030.767243 42208.5889388 18043.9712158 0.0 0.0 11576.1279783 4036.27682556 4148.63539627 27345.0323934 11683.3101655 28839.7204418 15089.1636326 9378.5807424 8694.2760036 8525.76506376 0.0 9761.06780418 0.0 0.0 0.0 5638.88400855 4958.57609351 2612.59509472 1328.97278416 2243.268167 0.0 0.0 2500.78298775 3328.62111682 3997.14924924 5738.29211377 1300.25501232 1177.56434136 973.95456366 592.39251162 733.12973055 738.423643387 632.749701847 684.594819967 622.36818513 4928.87158492 31527.089769 17217.0195456 4790.39613218 14036.2659 15756.3985617 20544.5805401 40263.2898334 35257.0173417 0.0 87827.504214 0.0 0.0 0.0
0.0 0.0 0.0 0.0 0.0 0.0 0.0 0.0 0.0 0.0 0.0 10643.4291573 0.0 0.0 0.0 0.0 4709.90321326 2711.0383509 0.0 8920.1337529 0.0 0.0 1960.39722118 4360.1711625 22175.6866337 34121.3447081 34902.5767351 21915.7218309 38830.5572377 32921.7230857 37960.4096913 10649.9196602 11169.9929903 12933.2093396 9885.91891302 16259.5135952 20424.7242262 32699.0589432 33136.4994884 23366.0790555 15086.87595 7546.47766792 4780.61399738 4845.85802789 0.0 5604.51414226 6645.00074844 20821.1460152 17533.3736388 3983.24353523 2426.35056356 1654.26937328 1661.44517607 1286.8683597 1361.28055073 758.551818765 1065.4402176 734.71821111 2980.549182 2015.5131264 3298.3691346 2834.0815812 428.5575294 369.2256876 737.87789664 685.540557765 926.40773169 418.874638297 2613.02316327 13081.3708333 13846.1610216 11031.5962259 8389.52507542 18905.2457088 14026.2954331 10211.8470394 86253.8247135 51557.6991384 45855.3552219 51395.2933238 17589.4870896 6518.6913915 13960.9647067
0.0 0.0 0.0 0.0 44162.644491 0.0 373393.913329 90796.4230028 0.0 49934.1974129 0.0 40265.1987819 0.0 0.0 0.0 0.0 0.0 3405.72558267 0.0 0.0 0.0 0.0 0.0 39179.6469982 25779.9079426 24612.9233098 34845.0126643 27757.065217 29471.8684918 40479.1118926 34530.413106 32659.9443282 11005.2151067 10921.0960784 11564.4361761 14127.470556 12744.8168781 28270.8034837 25886.8320688 47188.7208581 19969.5585046 17197.6430083 19470.5064666 14550.9095191 18737.6556731 12007.4560553 20091.6590768 5216.96419499 0.0 2238.79862032 2973.58480484 4242.51787892 4336.1418936 5606.07271071 2862.38054964 0.0 1500.68297437 1136.50471794 818.45630592 2498.04779175 5171.76856192 2946.6040032 541.354467307 408.757023097 741.781316025 676.639489597 990.083422335 613.05647904 2394.6947199 7549.1323158 8291.85404175 10856.2399656 32089.0615931 19147.8455139 12898.6796358 19395.1322188 0.0 82090.4939865 47801.170725 21631.0313184 6801.4536975 9857.71797037 10335.4645416
124882.18776 0.0 0.0 0.0 64848.5011659 63824.2531915 60361.5207857 0.0 71082.3578197 37571.6273051 41014.5376218 29872.850648 0.0 40807.6184419 0.0 0.0 0.0 10996.2445727 0.0 130545.882839 10932.5113394 0.0 0.0 0.0 0.0 0.0 0.0 206012.284185 0.0 0.0 59595.1144988 34335.102364 24858.682605 15911.6326749 11818.2215349 15633.1061084 18936.9369875 0.0 0.0 43189.6224908 33849.7405296 13779.1600417 25440.8451158 18218.7724316 8027.52085949 3792.1712971 4450.17629507 3225.01732592 4240.87194831 15203.4582442 20165.9185157 8545.85076765 5032.71800371 2798.95358817 2380.67486556 1233.79455151 0.0 0.0 1917.070722 1192.35485623 1421.61596713 1398.70243695 988.14157632 895.260867638 1402.2471598 483.827958315 967.3101306 3077.8118448 3998.804832 21460.05603 7379.44215285 0.0 0.0 0.0 0.0 0.0 0.0 100377.08412 17745.7751596 4434.80641852 6162.5529648 2857.7034927 3781.08337483
109888.080788 0.0 0.0 0.0 56055.2177313 67603.981815 72879.0773891 60314.4751067 44556.9245531 47174.2529928 66568.6813185 72431.6456801 47233.5748236 0.0 27935.8925485 0.0 21444.8070548 25713.0972403 0.0 0.0 0.0 0.0 0.0 0.0 0.0 0.0 0.0 0.0 0.0 0.0 0.0 44244.0288576 47188.6353075 24225.9418753 19958.5125495 31070.7405147 0.0 0.0 24526.2050181 0.0 0.0 36845.7131453 38855.8492684 17715.8452247 14445.4486252 5140.05329495 8198.88957486 8346.20212305 8001.83865866 7580.2541235 5456.47494223 13249.1159717 5304.35333162 1413.67745175 2961.14358655 2648.40073155 0.0 0.0 6674.42763848 1151.44648504 0.0 0.0 0.0 0.0 0.0 2772.7567488 0.0 3648.8681049 3306.55106775 0.0 0.0 0.0 0.0 0.0 0.0 0.0 0.0 62054.6117672 27101.0580915 12817.3076662 5427.274293 3018.54992843 1550.15066068
25386.0958968 34656.8278906 0.0 0.0 91875.916782 97363.7052465 99939.9506442 87129.557658 97274.7602064 60397.7215875 66421.772564 41385.4469007 38823.7861779 39332.8648933 0.0 0.0 31466.5507165 0.0 0.0 0.0 0.0 0.0 0.0 0.0 40120.1945455 180449.304003 54447.0391249 0.0 0.0 0.0 0.0 0.0 0.0 0.0 57050.9717067 90730.2435863 0.0 0.0 0.0 0.0 0.0 0.0 0.0 0.0 50492.2358112 31995.1276814 9444.74093739 7138.97261596 6490.89667098 3338.36307492 8888.94881398 4281.024131 3495.02858873 3147.04209623 10771.498366 11933.4386688 11408.1369891 10456.8822073 1819.29534982 0.0 0.0 0.0 0.0 0.0 49185.530814 0.0 0.0 12153.1289266 4551.58982899 7887.86668215 35842.965071 21600.5350973 0.0 0.0 95195.0656845 0.0 0.0 23703.7608885 10126.9216156 7109.13773802 4001.35165883 3462.56600209 1421.12257065
0.0 0.0 0.0 125524.01197 115614.342676 109768.714207 98064.9298425 63563.2588717 92883.991542 32269.7491127 35665.0088468 27667.366239 36444.6785515 38198.2841868 0.0 67390.4162343 44476.0117236 0.0 0.0 316102.723107 77219.1975602 0.0 0.0 0.0 45009.5731743 0.0 0.0 0.0 0.0 0.0 0.0 0.0 0.0 0.0 144530.766447 114211.013576 0.0 59114.4369135 121007.650285 34892.3624322 51045.1135527 0.0 0.0 54041.0048544 55945.9200749 58167.3115655 41062.7354072 7801.43175377 8492.1369251 7987.13000178 0.0 0.0 0.0 0.0 0.0 0.0 13216.4079002 12303.3757631 3155.92459789 1370.50024505 2109.61652121 1558.65753054 0.0 11086.0423897 37083.6094886 46095.0774408 26135.737567 11024.5461756 24591.9545826 11586.3982922 13784.3917318 14560.1924003 36227.6206816 123603.623135 171952.139358 0.0 0.0 0.0 2291.56940201 1239.93972715 1178.34004434 1211.9447766 1632.2406619
0.0 0.0 0.0 88695.0371862 88230.9585317 100191.791166 214943.840605 48053.6268155 46472.575712 31480.7094628 31874.0250575 0.0 164998.774627 32581.4600887 169650.064408 314381.321019 183155.500429 140772.42563 525965.201578 124319.591619 0.0 0.0 0.0 0.0 0.0 0.0 73699.6139452 76952.1515242 0.0 0.0 0.0 0.0 0.0 0.0 0.0 89694.9481501 54191.9488881 86452.1861508 75424.8006739 65077.2391329 48650.9004833 68772.7448476 82888.2214513 80159.31945 78868.436392 101472.73574 110391.329131 84477.1345533 71510.6488556 0.0 0.0 0.0 51995.8114235 43336.4181255 5031.55619366 0.0 87748.2199482 0.0 0.0 2595.3014389 3822.91803755 2867.96343134 4419.94750106 53263.4325555 67539.6270803 31617.7164447 34280.9693192 3836.08445782 1828.93209927 10517.9918526 4477.79728282 11402.815095 9097.23817421 17079.6891263 94300.9469556 0.0 0.0 0.0 0.0 0.0 0.0 0.0 975.776701662
0.0 0.0 0.0 112634.946762 103129.297121 120632.330638 600690.091275 173954.656776 44218.0407722 27171.8269306 30906.8802949 58445.595807 0.0 156039.591041 31132.02084 164395.396392 282223.490037 155452.504971 0.0 83519.8732023 0.0 83621.7147853 72955.6421288 19834.1150936 23762.1900906 48787.4592251 125128.717977 72515.2287375 0.0 62493.8226 0.0 173392.90434 0.0 0.0 0.0 0.0 108396.249128 52544.3181522 102238.205417 88913.2769164 100386.808816 102818.995262 107915.220229 98647.4297137 163610.787791 255010.411476 125359.398775 91921.1424886 68406.3841176 130048.443094 0.0 142130.873014 154992.133619 36518.644197 83553.6796895 409110.052576 427951.47827 40646.1676365 2404.59824692 3694.81916562 3209.49646565 2925.81593036 6598.24877088 30068.3607151 33046.2144823 47487.0694284 14260.8935125 3906.35376202 3663.93955328 4417.04895898 15986.5155356 0.0 34611.8515943 11778.1623346 5727.62807231 4138.48389966 2061.6477088 0.0 0.0 0.0 0.0 838.599142777 847.963225154
91661.554365 0.0 0.0 0.0 108851.471708 86959.7938745 42805.9423583 207065.248106 95488.293939 31861.9950821 38482.5180659 0.0 0.0 0.0 36479.8834483 24034.8264084 123337.588023 125323.791129 75459.0303938 0.0 0.0 0.0 91936.0869261 22650.0480461 0.0 38794.248954 31138.6044555 19648.4941513 18847.5119686 89892.7899055 0.0 0.0 0.0 80333.8159925 0.0 0.0 63353.6646529 78052.1770129 91907.2432524 124404.431696 110394.52311 150598.32164 180441.315234 127139.809007 258256.317599 315402.088426 163780.506947 104830.577714 128009.206885 121347.098721 71451.4782154 0.0 158158.912162 95582.6514393 318775.280996 0.0 149997.687964 53693.3023118 28435.5820365 4761.35676203 4008.86726301 19443.7172351 19787.3890039 0.0 0.0 0.0 0.0 3849.01806857 20827.0033431 0.0 0.0 17732.223943 47113.5683403 73123.7747027 21869.0494939 38005.2143589 0.0 14150.2381819 0.0 1230.1707836 1259.42032868 2263.7796161 1083.9821652
21017.2355316 0.0 240956.930311 0.0 0.0 0.0 33269.2667785 112590.616613 0.0 54825.2132349 0.0 0.0 194112.445754 0.0 288550.615781 27989.174086 23906.9769007 73847.4674103 0.0 111935.77711 0.0 166381.439107 125847.182248 0.0 0.0 0.0 32039.101065 69801.8816536 60608.0147121 113647.898242 209971.683648 0.0 0.0 0.0 0.0 89277.7306987 76688.5447498 84246.2900408 85255.5128676 169109.616547 86986.5349125 103290.463546 151950.968867 134352.617099 253770.589238 350118.59123 239986.691702 183470.74035 174481.073569 132480.747092 250293.66838 261527.592051 134866.657383 136618.162877 417764.157821 456377.883143 27353.8346358 0.0 6434.22076387 18503.8127496 3976.42112207 3921.51803615 0.0 43572.2635299 0.0 0.0 7425.6186456 0.0 0.0 0.0 9438.2493143 0.0 0.0 0.0 0.0 0.0 0.0 0.0 0.0 33269.0859478 10642.597346 3223.63670819 2871.84106912
-1.0 0.0 55314.4922907 0.0 0.0 0.0 0.0 0.0 0.0 0.0 0.0 0.0 0.0 0.0 0.0 23597.597935 79533.5338991 155591.880345 69197.8421873 0.0 0.0 0.0 0.0 0.0 59850.5377252 24369.0867203 48055.2804996 0.0 105759.903942 170313.679478 0.0 0.0 0.0 98329.9736805 145034.512686 109090.664612 130541.658977 103662.745519 128543.767397 216239.839877 115933.253183 137689.09369 148011.741307 0.0 233994.375303 279236.510684 0.0 222547.742911 67067.7040832 139319.15697 164874.868831 248329.563073 143026.885029 161885.532612 278010.712386 176209.423429 77823.9759885 18075.373748 59107.156684 10781.6240282 9594.3428136 11871.4681856 10936.238729 0.0 0.0 0.0 7349.08511754 0.0 0.0 39718.7779004 0.0 0.0 0.0 0.0 0.0 0.0 0.0 0.0 37592.070295 24153.6819137 16968.0780423 7017.759504 3296.67929348
-1.0 4169.87474179 30479.7539772 0.0 0.0 0.0 0.0 90632.3641177 0.0 143535.01538 0.0 0.0 0.0 0.0 0.0 0.0 98553.6283908 87496.7874814 0.0 0.0 0.0 0.0 0.0 0.0 0.0 39412.9939418 0.0 0.0 103233.796848 146012.510547 0.0 0.0 117700.1083 0.0 139284.498224 0.0 142716.166445 174033.566438 166462.407135 144229.015716 140726.547539 120453.735516 236494.673621 191581.207271 115476.826958 109814.306027 0.0 56768.8975162 69445.7313767 97112.0898624 336388.017925 0.0 235952.501556 690545.132712 0.0 0.0 0.0 0.0 0.0 19704.6091819 19263.2627952 12096.2833868 15559.2544649 20365.2957592 9783.65020562 28718.2200586 0.0 0.0 0.0 0.0 0.0 0.0 0.0 0.0 0.0 0.0 0.0 62258.1587648 55468.1659848 30657.3941088 26401.1649024 21537.6786432 14931.2449947
-1.0 17504.2138725 0.0 40730.0536418 186267.967866 115803.850827 247358.163825 310805.974189 0.0 0.0 0.0 445287.600335 0.0 245783.81106 52665.953534 32098.1734582 107056.328296 28908.7143476 0.0 0.0 0.0 58465.7481718 0.0 0.0 0.0 0.0 33838.4685233 61744.0119941 59376.3934152 0.0 0.0 0.0 0.0 0.0 100872.447271 124581.510493 123168.762021 142287.5448 244353.032264 220066.07054 278970.417777 0.0 135399.370064 125863.963903 132308.15241 89944.7377264 92394.7656538 71903.3956669 73281.6945812 154992.008979 320851.652418 0.0 0.0 0.0 0.0 0.0 380969.064288 0.0 0.0 24505.2683483 24314.6501736 74069.7596613 71076.858228 40281.5291665 0.0 14853.3664979 0.0 0.0 0.0 0.0 0.0 0.0 0.0 0.0 0.0 0.0 61865.7538995 0.0 42923.3173329 39897.1333343 29920.7828552 31489.1482042 26261.113188
-1.0 -1.0 0.0 0.0 149127.898098 68628.7322775 105665.388988 0.0 0.0 0.0 0.0 0.0 0.0 122291.054771 165655.182842 0.0 56162.35338 51269.7923352 182267.485648 27838.7746768 24823.6099247 31317.5909033 66313.8985617 0.0 0.0 0.0 0.0 61649.3901249 0.0 0.0 143029.19484 0.0 0.0 0.0 95017.4376804 93792.6020062 141999.036385 0.0 201673.438412 193079.018387 325861.829778 532443.601313 314599.678244 213614.389672 99833.341095 113070.217417 126123.837879 88966.5481558 149189.538452 0.0 0.0 0.0 0.0 0.0 371595.15516 0.0 0.0 0.0 245970.851461 0.0 0.0 0.0 42516.5766912 0.0 0.0 0.0 49809.0815226 0.0 0.0 0.0 0.0 0.0 0.0 0.0 0.0 0.0 0.0 0.0 0.0 57186.256006 42755.046906 40690.4706711 34593.3436088
-1.0 -1.0 -1.0 3735.03045512 83194.1506636 0.0 0.0 0.0 0.0 65207.8010124 0.0 0.0 0.0 339280.225849 25654.349724 115517.135396 40101.4206375 31327.4872132 39608.9956367 28167.9316772 26429.8521464 28257.3051203 36389.6038569 59169.9206924 0.0 0.0 0.0 62258.9033539 0.0 246405.217149 89349.5710805 0.0 237024.342878 205688.611559 105489.006248 116192.443118 116408.504194 0.0 0.0 117934.609931 348242.358601 251982.0292 226034.551188 150236.343551 94494.6769195 100529.672643 121754.028659 343301.003613 0.0 0.0 0.0 0.0 0.0 0.0 0.0 0.0 0.0 0.0 0.0 0.0 0.0 0.0 0.0 0.0 0.0 0.0 0.0 0.0 0.0 0.0 0.0 0.0 0.0 0.0 0.0 0.0 0.0 0.0 0.0 0.0 51178.1339891 42333.1968725 39062.6957679
-1.0 -1.0 -1.0 -1.0 0.0 0.0 20550.3216651 0.0 150585.532268 41935.3244049 0.0 0.0 0.0 0.0 60848.0291141 60291.8611381 42310.883282 44074.2206565 29511.0084007 37706.1939517 22884.1668541 0.0 57476.9231783 0.0 37396.5321932 76668.8728464 67730.8733966 51295.5789102 88993.1632157 193766.960222 99612.9462677 234415.688243 240081.946889 231340.148136 73294.9893031 66143.9877881 0.0 0.0 0.0 106099.238479 164967.195952 46435.4815286 169831.452252 86193.6338356 146501.349341 95226.4777284 519843.310646 0.0 0.0 0.0 0.0 624284.452842 289378.599667 0.0 0.0 0.0 0.0 0.0 0.0 0.0 114514.67483 78879.6695123 0.0 0.0 0.0 0.0 0.0 0.0 0.0 0.0 0.0 0.0 0.0 0.0 0.0 0.0 0.0 0.0 0.0 0.0 0.0 47564.4857074 46422.2877034
-1.0 -1.0 -1.0 -1.0 -1.0 -1.0 0.0 84119.1301777 0.0 0.0 0.0 0.0 0.0 0.0 39535.3309455 31592.7389846 35805.8188841 43855.7036858 47044.2800955 31443.501989 22335.1738335 23859.7923691 0.0 0.0 0.0 0.0 85416.9476247 111323.650122 80162.9882068 26804.6357739 65706.7137195 27032.9399205 19793.4166634 3510.13117137 2278.4828422 582.80623749 0.0 17661.2114474 0.0 0.0 146273.767207 126563.209228 191261.902984 73981.6444661 63819.4280989 0.0 0.0 0.0 0.0 0.0 0.0 0.0 0.0 0.0 0.0 0.0 0.0 0.0 132794.331797 107544.8457 0.0 0.0 0.0 0.0 0.0 0.0 0.0 0.0 0.0 0.0 0.0 0.0 0.0 0.0 0.0 0.0 0.0 0.0 0.0 0.0 0.0 60481.97191 55817.7992216
-1.0 -1.0 -1.0 -1.0 -1.0 -1.0 -1.0 0.0 0.0 0.0 72631.8452408 0.0 0.0 0.0 0.0 34421.9778066 0.0 29047.7810015 19037.2277487 18474.5826698 0.0 0.0 0.0 0.0 0.0 0.0 51859.7392414 68264.7534828 10131.8162471 2379.6383591 -1.0 -1.0 -1.0 -1.0 -1.0 -1.0 -1.0 376.61550271 0.0 22074.284607 33883.7747341 75897.6062565 164733.309948 118776.867155 0.0 0.0 0.0 0.0 699340.988142 637612.618219 0.0 0.0 0.0 0.0 0.0 0.0 0.0 232152.402712 0.0 0.0 0.0 0.0 0.0 0.0 0.0 0.0 0.0 0.0 0.0 0.0 80323.6163621 66367.6654669 0.0 0.0 0.0 0.0 0.0 0.0 0.0 0.0 0.0 0.0 0.0
-1.0 -1.0 -1.0 -1.0 -1.0 -1.0 -1.0 -1.0 0.0 0.0 0.0 0.0 0.0 0.0 0.0 0.0 0.0 0.0 0.0 6740.71538107 14686.9241387 16623.6323743 31442.8901284 72290.19567 150596.11494 31262.7365941 17176.3028934 1916.20482593 -1.0 -1.0 -1.0 -1.0 -1.0 -1.0 -1.0 -1.0 -1.0 -1.0 0.0 24227.0684873 27884.2367727 25803.8264991 54067.091296 98037.0444119 0.0 0.0 0.0 0.0 941531.842961 484305.058224 0.0 0.0 0.0 0.0 0.0 0.0 199061.135775 206626.216389 0.0 0.0 0.0 0.0 0.0 0.0 0.0 0.0 0.0 0.0 0.0 0.0 0.0 0.0 0.0 0.0 0.0 0.0 0.0 0.0 0.0 0.0 0.0 0.0 83055.1964048
-1.0 -1.0 -1.0 -1.0 -1.0 -1.0 -1.0 -1.0 -1.0 0.0 0.0 0.0 167758.078864 0.0 0.0 0.0 -1.0 -1.0 -1.0 -1.0 -1.0 -1.0 -1.0 8747.93648285 4326.3934025 -1.0 -1.0 -1.0 -1.0 -1.0 -1.0 -1.0 -1.0 -1.0 -1.0 -1.0 -1.0 -1.0 0.0 0.0 20448.0084216 55214.4245634 16684.7837184 34897.2303884 21068.9979639 0.0 0.0 0.0 0.0 0.0 300062.120628 0.0 0.0 0.0 0.0 0.0 174640.443735 0.0 0.0 0.0 0.0 0.0 0.0 0.0 0.0 0.0 0.0 0.0 0.0 0.0 0.0 0.0 0.0 0.0 0.0 0.0 0.0 0.0 0.0 0.0 0.0 0.0 0.0
-1.0 -1.0 -1.0 -1.0 -1.0 -1.0 -1.0 -1.0 -1.0 -1.0 -1.0 -1.0 8074.45598988 669.619603471 -1.0 -1.0 -1.0 -1.0 -1.0 -1.0 -1.0 -1.0 -1.0 -1.0 -1.0 -1.0 -1.0 -1.0 -1.0 -1.0 -1.0 -1.0 -1.0 -1.0 -1.0 -1.0 -1.0 -1.0 -1.0 0.0 0.0 0.0 0.0 0.0 -1.0 15344.2715529 0.0 156629.872219 0.0 0.0 298444.899402 247700.760321 0.0 0.0 0.0 0.0 0.0 0.0 0.0 0.0 0.0 0.0 0.0 0.0 0.0 0.0 0.0 0.0 0.0 150984.66352 73622.7232241 0.0 0.0 0.0 0.0 0.0 0.0 0.0 0.0 0.0 0.0 0.0 0.0
-1.0 -1.0 -1.0 -1.0 -1.0 -1.0 -1.0 -1.0 -1.0 -1.0 -1.0 -1.0 -1.0 -1.0 -1.0 -1.0 -1.0 -1.0 -1.0 -1.0 -1.0 -1.0 -1.0 -1.0 -1.0 -1.0 -1.0 -1.0 -1.0 -1.0 -1.0 -1.0 -1.0 -1.0 -1.0 -1.0 -1.0 -1.0 -1.0 -1.0 -1.0 -1.0 -1.0 -1.0 -1.0 0.0 -1.0 79039.2747752 316409.86944 0.0 0.0 0.0 0.0 0.0 0.0 0.0 0.0 0.0 0.0 0.0 0.0 0.0 0.0 0.0 0.0 0.0 0.0 0.0 0.0 0.0 0.0 0.0 0.0 0.0 0.0 0.0 0.0 0.0 0.0 0.0 0.0 0.0 30033.3997968
-1.0 -1.0 -1.0 -1.0 -1.0 -1.0 -1.0 -1.0 -1.0 -1.0 -1.0 -1.0 -1.0 -1.0 -1.0 -1.0 -1.0 -1.0 -1.0 -1.0 -1.0 -1.0 -1.0 -1.0 -1.0 -1.0 -1.0 -1.0 -1.0 -1.0 -1.0 -1.0 -1.0 -1.0 -1.0 -1.0 -1.0 -1.0 -1.0 -1.0 -1.0 -1.0 -1.0 -1.0 0.0 0.0 -1.0 24756.5748664 0.0 0.0 0.0 0.0 0.0 0.0 0.0 0.0 0.0 0.0 0.0 0.0 0.0 0.0 0.0 0.0 0.0 0.0 0.0 0.0 0.0 0.0 0.0 0.0 0.0 0.0 0.0 0.0 0.0 30832.7982129 0.0 0.0 0.0 0.0 0.0
-1.0 -1.0 -1.0 -1.0 -1.0 -1.0 -1.0 -1.0 -1.0 -1.0 -1.0 -1.0 -1.0 -1.0 -1.0 -1.0 -1.0 -1.0 -1.0 -1.0 -1.0 -1.0 -1.0 -1.0 -1.0 -1.0 -1.0 -1.0 -1.0 -1.0 -1.0 -1.0 -1.0 -1.0 -1.0 -1.0 -1.0 -1.0 -1.0 -1.0 -1.0 -1.0 -1.0 -1.0 -1.0 -1.0 -1.0 54476.692185 0.0 0.0 0.0 0.0 0.0 0.0 153171.302712 0.0 0.0 0.0 0.0 0.0 0.0 0.0 0.0 0.0 0.0 0.0 0.0 0.0 0.0 0.0 0.0 0.0 0.0 0.0 0.0 0.0 0.0 26342.4893662 0.0 0.0 0.0 0.0 0.0
-1.0 -1.0 -1.0 -1.0 -1.0 -1.0 -1.0 -1.0 -1.0 -1.0 -1.0 -1.0 -1.0 -1.0 -1.0 -1.0 -1.0 -1.0 -1.0 -1.0 -1.0 -1.0 -1.0 -1.0 -1.0 -1.0 -1.0 -1.0 -1.0 -1.0 -1.0 -1.0 -1.0 -1.0 -1.0 -1.0 -1.0 -1.0 -1.0 -1.0 -1.0 -1.0 -1.0 -1.0 -1.0 -1.0 -1.0 0.0 0.0 0.0 0.0 0.0 0.0 0.0 0.0 0.0 0.0 0.0 0.0 0.0 0.0 0.0 0.0 0.0 13359.1984004 0.0 0.0 0.0 18879.1336947 0.0 0.0 0.0 35139.8789833 0.0 0.0 0.0 0.0 0.0 0.0 0.0 0.0 0.0 0.0
-1.0 -1.0 -1.0 -1.0 -1.0 -1.0 -1.0 -1.0 -1.0 -1.0 -1.0 -1.0 -1.0 -1.0 -1.0 -1.0 -1.0 -1.0 -1.0 -1.0 -1.0 -1.0 -1.0 -1.0 -1.0 -1.0 -1.0 -1.0 -1.0 -1.0 -1.0 -1.0 -1.0 -1.0 -1.0 -1.0 -1.0 -1.0 -1.0 -1.0 -1.0 -1.0 0.0 -1.0 -1.0 -1.0 -1.0 27150.5990773 0.0 0.0 30262.0267097 0.0 0.0 0.0 0.0 0.0 0.0 0.0 0.0 0.0 0.0 0.0 0.0 0.0 0.0 0.0 0.0 0.0 46827.2003188 0.0 26639.6519672 0.0 57827.8661603 0.0 0.0 0.0 0.0 0.0 0.0 0.0 0.0 0.0 0.0
-1.0 -1.0 -1.0 -1.0 -1.0 -1.0 -1.0 -1.0 -1.0 -1.0 -1.0 -1.0 -1.0 -1.0 -1.0 -1.0 -1.0 -1.0 -1.0 -1.0 -1.0 -1.0 -1.0 -1.0 -1.0 -1.0 -1.0 -1.0 -1.0 -1.0 -1.0 -1.0 -1.0 -1.0 -1.0 -1.0 -1.0 -1.0 -1.0 -1.0 -1.0 -1.0 -1.0 -1.0 -1.0 -1.0 0.0 119888.940175 94290.0422544 0.0 0.0 0.0 0.0 0.0 0.0 0.0 0.0 0.0 0.0 0.0 0.0 0.0 0.0 0.0 0.0 0.0 0.0 0.0 0.0 0.0 0.0 0.0 0.0 0.0 0.0 0.0 27868.2323387 0.0 0.0 0.0 0.0 0.0 0.0
-1.0 -1.0 -1.0 -1.0 -1.0 -1.0 -1.0 -1.0 -1.0 -1.0 -1.0 -1.0 -1.0 -1.0 -1.0 -1.0 -1.0 -1.0 -1.0 -1.0 -1.0 -1.0 -1.0 -1.0 -1.0 -1.0 -1.0 -1.0 -1.0 -1.0 -1.0 -1.0 -1.0 -1.0 -1.0 -1.0 -1.0 -1.0 -1.0 -1.0 -1.0 -1.0 -1.0 -1.0 -1.0 -1.0 52058.9242317 14776.0096513 0.0 0.0 0.0 0.0 0.0 0.0 0.0 0.0 0.0 0.0 0.0 0.0 0.0 0.0 0.0 0.0 0.0 0.0 0.0 0.0 0.0 0.0 0.0 0.0 0.0 0.0 0.0 0.0 0.0 0.0 0.0 0.0 0.0 0.0 0.0
-1.0 -1.0 -1.0 -1.0 -1.0 -1.0 -1.0 -1.0 -1.0 -1.0 -1.0 -1.0 -1.0 -1.0 -1.0 -1.0 -1.0 -1.0 -1.0 -1.0 -1.0 -1.0 -1.0 -1.0 -1.0 -1.0 -1.0 -1.0 -1.0 -1.0 -1.0 -1.0 -1.0 -1.0 -1.0 -1.0 -1.0 -1.0 -1.0 -1.0 -1.0 0.0 -1.0 -1.0 -1.0 -1.0 1945.91317603 16224.8528396 98699.791785 88717.1617792 0.0 0.0 0.0 0.0 0.0 0.0 0.0 0.0 0.0 0.0 0.0 0.0 0.0 0.0 0.0 0.0 0.0 0.0 0.0 0.0 0.0 0.0 0.0 0.0 0.0 0.0 0.0 0.0 0.0 0.0 0.0 0.0 0.0
-1.0 -1.0 -1.0 -1.0 -1.0 -1.0 -1.0 -1.0 -1.0 -1.0 -1.0 -1.0 -1.0 -1.0 -1.0 -1.0 -1.0 -1.0 -1.0 -1.0 -1.0 -1.0 -1.0 -1.0 -1.0 -1.0 -1.0 -1.0 -1.0 -1.0 -1.0 -1.0 -1.0 -1.0 -1.0 -1.0 -1.0 -1.0 -1.0 -1.0 -1.0 -1.0 -1.0 -1.0 -1.0 -1.0 8814.5550801 0.0 12865.9685745 73933.6183412 0.0 0.0 0.0 0.0 0.0 0.0 0.0 0.0 0.0 0.0 0.0 0.0 0.0 0.0 0.0 10824.7621577 0.0 0.0 0.0 0.0 0.0 0.0 0.0 0.0 0.0 15765.1177704 0.0 0.0 0.0 0.0 0.0 0.0 0.0
-1.0 -1.0 -1.0 -1.0 -1.0 -1.0 -1.0 -1.0 -1.0 -1.0 -1.0 -1.0 -1.0 -1.0 -1.0 -1.0 -1.0 -1.0 -1.0 -1.0 -1.0 -1.0 -1.0 -1.0 -1.0 -1.0 -1.0 -1.0 -1.0 -1.0 -1.0 -1.0 -1.0 -1.0 -1.0 -1.0 -1.0 -1.0 -1.0 -1.0 -1.0 -1.0 -1.0 -1.0 -1.0 2278.37595986 0.0 0.0 22245.3296398 86069.3150941 0.0 0.0 0.0 0.0 0.0 0.0 30378.2769816 13837.3466112 29457.8497104 53648.7378968 0.0 0.0 0.0 0.0 0.0 0.0 0.0 0.0 0.0 0.0 0.0 0.0 0.0 0.0 0.0 16159.9065621 31263.4098192 17565.2127016 0.0 0.0 0.0 0.0 0.0
-1.0 -1.0 -1.0 -1.0 -1.0 -1.0 -1.0 -1.0 -1.0 -1.0 -1.0 -1.0 -1.0 -1.0 -1.0 -1.0 -1.0 -1.0 -1.0 -1.0 -1.0 -1.0 -1.0 -1.0 -1.0 -1.0 -1.0 -1.0 -1.0 -1.0 -1.0 -1.0 -1.0 -1.0 -1.0 -1.0 -1.0 -1.0 -1.0 -1.0 -1.0 -1.0 -1.0 -1.0 -1.0 0.0 0.0 0.0 0.0 0.0 0.0 0.0 0.0 0.0 0.0 0.0 27860.3884056 20102.330997 50436.3752405 0.0 19893.1873132 0.0 0.0 0.0 0.0 0.0 0.0 0.0 0.0 0.0 0.0 0.0 0.0 0.0 22083.3626256 0.0 0.0 46321.7398739 0.0 0.0 0.0 0.0 0.0
-1.0 -1.0 -1.0 -1.0 -1.0 -1.0 -1.0 -1.0 -1.0 -1.0 -1.0 -1.0 -1.0 -1.0 -1.0 -1.0 -1.0 -1.0 -1.0 -1.0 -1.0 -1.0 -1.0 -1.0 -1.0 -1.0 -1.0 -1.0 -1.0 -1.0 -1.0 -1.0 -1.0 -1.0 -1.0 -1.0 -1.0 -1.0 -1.0 -1.0 -1.0 -1.0 -1.0 -1.0 -1.0 -1.0 0.0 0.0 40976.6895882 0.0 0.0 0.0 0.0 0.0 60145.868439 0.0 16934.8442303 0.0 33237.3934238 50132.9660076 34783.7344456 0.0 0.0 0.0 0.0 0.0 0.0 0.0 0.0 0.0 0.0 0.0 0.0 0.0 0.0 0.0 0.0 0.0 0.0 0.0 0.0 0.0 0.0
-1.0 -1.0 -1.0 -1.0 -1.0 -1.0 -1.0 -1.0 -1.0 -1.0 -1.0 -1.0 -1.0 -1.0 -1.0 -1.0 -1.0 -1.0 -1.0 -1.0 -1.0 -1.0 -1.0 -1.0 -1.0 -1.0 -1.0 -1.0 -1.0 -1.0 -1.0 -1.0 -1.0 -1.0 -1.0 -1.0 -1.0 -1.0 -1.0 -1.0 -1.0 -1.0 -1.0 -1.0 -1.0 -1.0 463.190586104 0.0 39743.0749307 0.0 35466.0687728 0.0 0.0 0.0 0.0 0.0 25099.1044762 50906.5954407 20347.6894608 16535.870439 16662.8428939 0.0 0.0 0.0 0.0 0.0 0.0 0.0 0.0 0.0 0.0 0.0 0.0 0.0 0.0 0.0 0.0 0.0 0.0 0.0 0.0 0.0 0.0
