critload/trunk/input/1999/nsro_nat.asc
ncols 720
nrows 360
xllcorner -180
yllcorner -90
cellsize 0.5
NODATA_value -1
[rows 60 to 89 of 360, columns 201 to 267 of 720]
-1.0 -1.0 -1.0 -346.3749784875 -3727.114577918 -6073.04119196 -5991.049245929999 -5316.164327050001 -5729.43080548 -5066.68274751 -6218.5714864599995 -5696.52872419 -6331.970632119999 -7834.422902599999 -7859.8380896 -6211.94660886 -5567.4545640100005 -5752.73013761 -5398.04630462 -3555.8788768099994 -1.0 -1.0 -1.0 -1.0 -1.0 -1.0 -1.0 -65.9084305555 -4175.310209179999 -20644.350713810003 -22967.761612000002 370.03312297 -1.0 -1.0 -1.0 -1.0 -1.0 -1.0 -1.0 -1.0 -1.0 -1.0 -1.0 -1.0 -1.0 -1.0 -1.0 -1.0 -1.0 -1.0 -1.0 -1.0 -1.0 -1.0 -1.0 -1.0 -1.0 -1.0 -1.0 -1.0 -1.0 -1.0 -1.0 -1.0 -1.0 -1.0 -1.0
-1.0 -474.705588431 -1404.996303888 -3856.0143450050005 -6191.71866484 -5929.632128 -5907.73335024 -5157.081494966 -5174.86816448 -5355.2138629500005 -4530.0243520700005 -4726.57367541 -6503.513927710001 -7419.270637399999 -5798.8236118899995 -4867.497959857001 -4944.363795153 -5039.43436023 -6643.06523183 -4283.82357369 -789.4562759200002 -1.0 -1.0 -1.0 -1.0 -1.0 -1.0 -13.644846029999826 -15625.2144809 -27446.35661965 -47097.2234545 -39151.57782976 -75.76847696000004 -1.0 -1.0 -1.0 -1.0 -1.0 -1.0 -1.0 -1.0 -1.0 -1.0 -1.0 -1.0 -1.0 -1.0 -1.0 -1.0 -1.0 -1.0 -1.0 -1.0 -1.0 -1.0 -1.0 -1.0 -1.0 -1.0 -1.0 -1.0 -1.0 -1.0 -1.0 -1.0 -1.0 -1.0
-1.0 -779.8672717700001 -5433.22090155 -5264.88696052 -5724.16291174 -5735.371062599999 -5150.59851197 -5410.233376820001 -5953.29674693 -6677.48526902 -6803.44663424 -5612.8942759 -5020.089006564 -5212.4583724799995 -5589.21827779 -5236.0003429 -5999.925407860001 -6966.97400782 -8069.364489959999 -4007.79472009 -3726.58179878 -3513.68577677 -561.1183881029999 -1.0 -1.0 -179.18229787500002 -3390.9075831500004 -9569.9804881 -17864.47249444 -22011.112503199998 -41427.6875234 -60494.68102019999 -55208.30250820001 244.51936058399997 -1.0 -1.0 -1.0 -1.0 -1.0 -1.0 -1.0 -1.0 -1.0 -1.0 -1.0 -1.0 -1.0 -1.0 -1.0 -1.0 -1.0 -1.0 -1.0 -1.0 -1.0 -1.0 -1.0 -1.0 -1.0 -1.0 -1.0 -1.0 -1.0 -1.0 -1.0 -1.0 -1.0
-1.0 -1.0 -42.36568869499999 -1484.4951845689998 -7706.59429386 -8706.48122821 -6997.611250600001 -6963.738389960001 -5530.66764605 -7228.08089075 -6644.518404279999 -6744.76998005 -6366.97251084 -8741.9001584 -9201.51974155 -9868.5065948 -8641.220325499999 -6467.035716559999 -6949.198177269999 -9596.813780969998 -6591.52622245 -6883.91990487 -5813.90439316 -2103.750942911 -2418.7397629750003 -5224.37199607 -7711.90211 -11866.757563250001 -14555.115192950001 -13727.753456900002 -12499.647502750002 -30136.420209000004 -32383.302892600004 -9746.00456218 276.6780994630001 -1.0 -1.0 -1.0 -1.0 -1.0 -1.0 -1.0 -1.0 -1.0 -1.0 -1.0 -1.0 -1.0 -1.0 -1.0 -1.0 -1.0 -1.0 -1.0 -1.0 -1.0 -1.0 -1.0 -1.0 -1.0 -1.0 -1.0 -1.0 -1.0 -1.0 -1.0 -1.0
-1.0 -1.0 -1.0 -1.0 -91.19133395 -10190.96769795 -8540.806632869999 -8369.4615852 -8690.081599699999 -8150.50616535 -8190.585440269999 -9638.25879767 -8882.68852393 -7536.31599032 -7028.7075462699995 -6274.88212056 -6849.029901829999 -7277.60740074 -5609.87160862 -7333.125817349999 -7681.6106681500005 -5094.9069856 -4404.760840559999 -4550.03050085 -4555.82126359 -5364.959729370001 -6061.56959911 -9143.6947676 -12115.7975129 -11661.5396453 -6850.8602754 -14521.0288007 -17265.7718336 -15043.4302338 -13360.36664678 -165.1517519500003 -1.0 -1.0 -1.0 -1.0 -1.0 -1.0 -1.0 -1.0 -1.0 -1.0 -1.0 -1.0 -1.0 -1.0 -1.0 -1.0 -1.0 -1.0 -1.0 -1.0 -1.0 -1.0 -1.0 -1.0 -1.0 -1.0 -1.0 -1.0 -1.0 -1.0 -1.0
-1.0 -1.0 -1.0 -1.0 -1.0 -1250.62183063 -11614.661544550001 -8448.9770292 -7932.863272 -8042.421117 -10368.0216284 -6507.734601029999 -5923.20201367 -5559.03030314 -9237.76980427 -10425.32699369 -8060.77529608 -7923.88554593 -6925.952265650001 -6903.61328582 -13193.98994835 -5154.52543332 -3820.4763304 -4297.32117835 -5616.393269669999 -4918.317771970001 -4416.36918495 -5650.9278011199995 -11511.805663979998 -9736.78960065 -7235.906138899999 -5176.35756248 -11699.814427050002 -20999.32156556 -17184.041889 -3313.1441811800005 508.699076471 -1.0 -1.0 -1.0 -1.0 -1.0 -1.0 -1.0 -1.0 -1.0 -1.0 -1.0 -1.0 -1.0 -1.0 -1.0 -1.0 -1.0 -1.0 -1.0 -1.0 -1.0 -1.0 -1.0 -1.0 -1.0 -1.0 -1.0 -1.0 -1.0 -1.0
-49.23209705800001 -1.0 -1.0 -1.0 -1.0 -1.0 -10829.16407297 -8059.330754600001 -9523.7956412 -7663.303555660001 -7957.3149398099995 -8024.88834381 -9260.08374628 -6531.43915057 -7811.08582475 -7450.64243914 -8066.310686950001 -4695.12281632 -4919.59341083 -5793.71832174 -14889.3048942 -14744.8317567 -5893.935133289999 -4719.80808053 -71611.19557312 -66976.11092444 -83836.19123269999 -4833.98167571 -7157.92939438 -9407.60194687 -5802.602886940001 -3931.37690767 -3674.9067174499996 -13235.331983400001 -21087.0038172 -8373.838834400001 -108.79566918899991 -1.0 -1.0 -1.0 -1.0 -1.0 -1.0 -1.0 -1.0 -1.0 -1.0 -1.0 -1.0 -1.0 -1.0 -1.0 -1.0 -1.0 -1.0 -1.0 -1.0 -1.0 -1.0 -1.0 -1.0 -1.0 -1.0 -1.0 -1.0 -1.0 -1.0
-2120.05831597 -871.83219016 -1.0 -1.0 -1.0 23.985560036000038 -2680.9603544399997 -12908.36767796 -8606.63350874 -3532.4113358400004 -1800.481145918 -6344.196957169999 -5688.10037018 -5044.01544979 -5251.29760644 -5542.83954936 -5958.689374 -5316.08747262 -5044.67853524 -6556.071159179999 -9629.644906099998 -10120.4173554 -8846.6100312 -119279.34768545 -80571.06868162 -59279.37979912 -64820.69579248 -88384.03417340001 -6192.75588787 -7701.928384299999 -5170.77996729 -4490.0740784 -4451.606422959999 -11158.0897552 -15893.618299099999 -6735.20039403 -734.19234983 -9.8306469825 -1.0 -1.0 -1.0 -1.0 -1.0 -1.0 -1.0 -1.0 -1.0 -1.0 -1.0 -1.0 -1.0 -1.0 -1.0 -1.0 -1.0 -1.0 -1.0 -1.0 -1.0 -1.0 -1.0 -1.0 -1.0 -1.0 -1.0 -1.0 -1.0
-19.564938500999972 -1.0 -1.0 -1.0 -310.052382181 -5788.72103546 -6274.24796103 -5778.36021861 -5115.11121649 -10154.22743245 -4753.24261763 -5505.134202020001 -4084.50600778 -5238.980117429999 -5093.14989657 -5742.76440276 -6138.59527498 -5867.4051336699995 -5745.3411354 -6224.692736629999 -8619.6370954 -8613.177864899999 -10520.50115285 -6685.20928743 -124072.34142688 -70672.85446005 -88470.06110288 -84292.18619570001 -8167.5685791 -6624.915385569999 -4682.4317255000005 -6903.8033075799995 -5635.908521360001 -8582.95928065 -16632.313451949998 -20666.9872818 -12147.100877599998 -3637.2956257400006 64.17292695099991 -1.0 -1.0 -1.0 -1.0 -1.0 -1.0 -1.0 -1.0 -1.0 -1.0 -1.0 -1.0 -1.0 -1.0 -1.0 -1.0 -1.0 -1.0 -1.0 -1.0 -1.0 -1.0 -1.0 -1.0 -1.0 -1.0 -1.0 -1.0
-1.0 -1.0 -318.5769354615 -2500.4906258749998 -6014.7085205700005 -6085.09863647 -6897.322475270001 -5654.588681470001 -5470.17311842 -5636.464050930001 -5225.1990393099995 -5685.97717805 -5300.81807766 -3023.6422390810003 -3801.1517984849997 -4641.034041086 -4669.85904086 -5408.96841819 -97251.77418009001 -7960.49313315 -8724.4237657 -9677.07502772 -9537.079570490001 -8851.404618600001 -8351.4138147 -5066.33263672 -103610.51969095 -105965.04701773 -8309.86002133 -5698.851504286 -3612.59019805 -5509.9638723200005 -4409.10871719 -6188.404829699999 -13271.47831807 -20810.64470189 -13473.26803046 -10329.482020430001 -4019.5717424399995 -1303.14200313 -215.9963766799999 -1.0 -1.0 -1.0 -1.0 -1.0 -1.0 -1.0 -1.0 -1.0 -1.0 -1.0 -1.0 -1.0 -1.0 -1.0 -1.0 -1.0 -1.0 -1.0 -1.0 -1.0 -1.0 -1.0 -1.0 -1.0 -1.0
-2026.5245442760001 -3928.3292758999996 -4721.686053808 -6147.11353911 -5845.257922289999 -5169.91204245 -6388.635133900001 -5812.8213124700005 -5211.99292775 -7100.089592439999 -5983.110307624 -5627.630144849 -4601.279992876 -4121.515146562 -4337.952226168 -4635.01846806 -5129.472184710001 -5777.9171908299995 -93885.86419154001 -55488.5003568 -73725.2067118 -6762.456647450001 -7653.522229499999 -6022.90756355 -8158.843574350001 -5463.66924021 -2201.41683622 -63369.03947059 -5076.296502865001 -5514.3812563110005 -4740.199884646 -5241.10400014 -6880.96663467 -7621.64419171 -11489.28504788 -14029.162372300001 -11824.31922035 -10148.20330419 -9277.56758822 -8443.02300928 -13554.327405819999 -5915.10489911 -3612.99199641 -1490.8561155199998 -36.17395997700001 -1.0 -1.0 -1.0 -1.0 -1.0 -1.0 -1.0 -1.0 -1.0 -1.0 -1.0 -1.0 -1.0 -1.0 -1.0 -1.0 -1.0 -1.0 -1.0 -1.0 -1.0 -1.0
-2264.974649548 -5199.888066 -5372.96299883 -5398.96584007 -5552.759981040001 -4955.033826707 -4961.440112959999 -6586.18463912 -6351.0175869899995 -6438.47899453 -6129.549875109999 -5470.76975231 -3702.551403667 -5198.863509254 -3986.2998743299995 -3608.5787892240005 -6674.33960731 -6811.04466636 -4547.61214802 -37576.6982513 -61558.570170930005 -77272.53288299999 -5713.066269430001 -5986.779039970001 -7444.617952500001 -5879.32040053 -2965.86416016 -3825.4759407700003 -3180.45654277 -3724.610155715 -1661.148529215 -2925.802937205 -3403.305597745 -8656.179791999999 -8357.842756459999 -8875.798531600001 -10944.6522395 -7213.839366189999 -5646.04937442 -8942.84060693 -7085.76546458 -8230.16500892 -4402.168972289999 -1909.0483728400002 -95.20363073899995 -1.0 -1.0 -1.0 -1.0 -1.0 -1.0 -1.0 -1.0 -1.0 -1.0 -1.0 -1.0 -1.0 -1.0 -1.0 -1.0 -1.0 -1.0 -1.0 -1.0 -1.0 -1.0
-1899.6931725797 -53480.4291689 -4591.068889542999 -5314.063897278 -4012.79415605 -3325.9885925199997 -4266.6945333799995 -3790.21093658 -4997.546177505 -5304.22668495 -6671.60949292 -7254.49394848 -4862.11100287 -5267.277297117999 -5545.709399595 -4337.270480454999 -5668.390409760001 -6923.58713831 -5746.553998379999 -4255.37671047 -3508.52859369 -2279.02102458 -79879.38561669999 -5508.83554161 -8339.912877440001 -8621.5506483 -4770.850376322 -5919.618706423 -1994.0698300850001 -3217.983641532 -4713.288958695 -3459.9092987500003 -4776.8462809699995 -4566.44196021 -8887.2447935 -8261.10371693 -10653.668275069998 -9446.29680075 -7968.2971139 -1953.084514655 -4008.2262594100002 -17276.554236589996 -7585.029556189999 -10831.749783160001 -3413.8073635400006 -2097.64010843 -104.99958637499998 -1.0 -1.0 -1.0 -1.0 -1.0 -1.0 -1.0 -1.0 -1.0 -1.0 -1.0 -1.0 -1.0 -1.0 -1.0 -1.0 -1.0 -1.0 -1.0 -1.0
-919.8316118397 -47006.000280515 -64306.25639139 -65694.44601373999 -4567.722670285 -2750.7221844879996 -5249.90118572 -5692.91600893 -5442.26613215 -4781.476106550001 -5429.28555823 -5413.25937288 -4912.66551076 -5194.0416430099995 -5650.133084795 -5490.494420195 -4956.354467925 -4313.91895382 -9051.83303005 -9384.941757460001 -7700.0828905 -6444.39868235 -4755.73521709 -7175.7878836 -6078.9007458 -7196.4321693 -5899.615623633 -6991.358247376 -6882.097329476001 -4954.584936527999 -6330.99809111 -7197.51148557 -7482.982322290001 -7782.915938010001 -7462.166003570001 -7423.06695051 -9782.283349199999 -12501.14589 -5669.68443868 -9177.916498989998 -8276.98490483 -8003.6244902299995 -5024.62138714 -9157.806994030001 -10117.3427811 -8751.05339365 -7523.6993618 -909.461476118 -1.0 -1.0 -1.0 -1.0 -1.0 -1.0 -1.0 -1.0 -1.0 -1.0 -1.0 -1.0 -1.0 -1.0 -1.0 -1.0 -1.0 -1.0 -1.0
-1.0 -24274.40654927 -65210.466682239996 -66819.12220125 -75848.86871555 -66085.56462825999 -3791.7211342499995 -5444.72440445 -5736.302810030001 -4980.20322426 -6235.94646859 -4638.06958983 -6683.109199119999 -5966.609917639 -6122.558367835 -7183.48090047 -5018.04160117 -3051.052019764 -6755.41783476 -8277.59420045 -8744.751852360001 -7219.9135642500005 -6344.758557609999 -6713.130000130001 -9449.30774905 -6765.4886079200005 -2816.81597678 -3632.3358541099997 -40978.021488325 -4431.780040981 -5856.74308386 -8371.746910450001 -6998.44984089 -7974.942854149999 -7802.85802636 -8911.72838269 -7297.15310817 -6457.80828096 -6423.67499145 -6890.9782777499995 -6905.86773659 -4897.92629284 -3486.91566397 -5427.96809432 -6974.93983712 -10370.68302304 -10309.1355891 -194.12687648400004 -1.0 -1.0 -1.0 -1.0 -1.0 -1.0 -1.0 -1.0 -1.0 -1.0 -1.0 -1.0 -1.0 -1.0 -1.0 -1.0 -1.0 -1.0 -1.0
-1904.6474426425 -2849.4530573300003 -62341.62246693 -67050.16872992 -63302.80745298 -62459.46831168 -4949.209715280001 -5754.95331301 -4705.22532581 -5276.77159758 -5380.62671878 -6678.14227185 -5439.29528246 -5377.95546542 -6706.540376250001 -6304.90866841 -7347.79999434 -8424.3054598 -9912.000871209999 -10304.97055022 -11568.92395405 -10553.955245480001 -8153.97085368 -8352.4877834 -8138.655528429999 -8520.719055509999 -6499.841649105 -8431.61482681 -6490.760431640001 -7600.057578829999 -6070.191357329999 -6447.4438263990005 -5174.11987199 -7254.227984759999 -9889.490964100001 -9314.87544647 -8940.03037435 -7348.280431499999 -7535.092581135 -7292.84429832 -9310.14117943 -7852.865906061001 -7151.4091775 -8179.110686398 -5824.6624159 -9661.737862779999 -10131.69812335 -2893.6139043499998 -1.0 -1.0 -1.0 -1.0 -1.0 -1.0 -1.0 -1.0 -1.0 -1.0 -1.0 -1.0 -1.0 -1.0 -1.0 -1.0 -1.0 -1.0 -1.0
-7935.276069670999 -30983.483904505 -56213.502393380004 -67608.34799128 -68363.43157142 -4163.23355499 -6358.084518765 -5813.650947975 -6089.8946166099995 -7160.07947349 -6299.15392875 -6337.863646489999 -5829.28080131 -8555.607862910001 -7718.692683693 -7939.88696504 -7358.467970860001 -11505.17565577 -6458.90132743 -10664.20069405 -11308.7437571 -11525.05746229 -14462.125120519999 -13743.315635050001 -14570.54967056 -14062.2926242 -13189.41809485 -8927.25034255 -7493.34121387 -11318.575263429999 -9690.87352249 -11800.707363900001 -9939.05054633 -11763.34553808 -14359.30229643 -16584.68559403 -9874.87175947 -9665.81940575 -9845.86495269 -8232.74161647 -10221.31834161 -12936.0603797 -13368.15923648 -15180.326738229998 -10294.74263729 -9324.03652589 -3000.248640114 -491.21850235399995 -54.874190601 -1.0 -1.0 -1.0 -1.0 -1.0 -1.0 -1.0 -1.0 -1.0 -1.0 -1.0 -1.0 -1.0 -1.0 -1.0 -1.0 -1.0 -1.0
-2950.62669379 -2332.9628231999995 -3406.9628824400006 -3788.5522034899996 -3996.77305222 -4541.70258811 -6348.404961745 -6474.567252867 -5617.583365488001 -5186.9472856 -5496.44687309 -5137.5096249 -2731.358884635 -5753.93572632 -9847.49909351 -9603.50735073 -7597.77547828 -10445.271892609999 -16608.44531601 -12559.946749890001 -12250.92880076 -11299.522201 -13785.34623246 -22578.86886038 -20189.417642 -20168.14849318 -23065.21906359 -19555.889558619998 -17865.68584358 -20036.7049686 -19609.0913923 -13915.590038910002 -18966.773110489998 -15961.119213080001 -18045.056209669998 -15694.040348310002 -13687.710728600001 -14062.89733112 -11847.72843161 -10275.716361899998 -8869.380802380001 -5845.098962669999 -1380.78818374 -265.43520431 50.71542731300002 -1674.709382505 -4179.588149674 -2721.05260799 0.0 -1.0 -1.0 -1.0 -1.0 -1.0 -1.0 -1.0 -1.0 -1.0 -1.0 -1.0 -1.0 -1.0 -1.0 -1.0 -1.0 -1.0 -1.0
-1437.61092517 -3287.0206694999997 -3522.1439629199995 -3878.8453099200005 -4440.230052621 -4055.164647504 -6389.92744879 -6495.1133182 -6320.03936194 -5839.675917529999 -5140.4518381 -1631.122394289 -5068.503360345 -7844.233072200001 -7473.267610940001 -6958.09870533 -10469.18756379 -5674.70961679 -11869.767886999998 -17475.84771102 -19964.74447671 -17938.64184056 -20790.484433100002 -19999.69234104 -19200.639550800002 -21149.3742814 -22905.725608300003 -16210.657200359998 -20319.525567770004 -18574.896138 -19375.8971096 -18593.86873476 -13451.084102150002 -13859.419031820002 -12097.20156916 -12557.37422894 -9228.65156888 -11209.89918959 -9686.99567718 -8382.75068874 -2484.7594718 54.252059481100005 -1.0 -1.0 -1808.6919528540002 -12746.194512170001 -8132.3655447599995 -145.93150370399997 -1.0 -1.0 -1.0 -1.0 -1.0 -1.0 -1.0 -1.0 -1.0 -1.0 -1.0 -1.0 -1.0 -1.0 -1.0 -1.0 -1.0 -1.0 -1.0
-2084.08240554 -1363.9527392899995 -2108.22592386 -3522.9963845899997 -4283.822730190001 -5191.128948738 -5770.468594510001 -5410.542940200001 -3988.7931738300003 -3202.6089094199997 -5710.75885812 -5439.63243379 -6808.40720894 -11270.489914509999 -10668.79243201 -13303.84827468 -14063.664112679999 -14929.1030691 -12269.56694036 -12788.72813711 -13147.52469544 -16155.383302600001 -19978.77648266 -20037.32105213 -18939.19212223 -6675.04164865 -5142.419854469999 -3143.249759891 -2416.13960666 -2719.82484187 -2158.6345867950004 -2410.019437983 -2079.34433158 -2121.0663563949997 -2230.6864245799998 -3451.1893634199996 -2890.0654131100005 -2183.86550659 -2054.85857968 -782.4186828200001 -1.0 -1.0 -1.0 -486.95689926 -14815.2775514 -10682.52843563 -736.3232413 -1.0 -1.0 -1.0 -1.0 -1.0 -1.0 -1.0 -1.0 -1.0 -1.0 -1.0 -1.0 -1.0 -1.0 -1.0 -1.0 -1.0 -1.0 -1.0 -1.0
-1724.1038919500002 -1528.0745822499998 39.60823798000001 116.87650497999994 929.7583771800005 -3002.73965289 -4589.526644840001 -3733.8889218699996 -3806.6348655300003 -3921.36563471 -4256.78320721 -5662.61152022 -10112.8342057 -14799.5968612 -15986.482717299998 -12538.568648400002 -12313.456555499997 -9421.344124160001 -10005.98519752 -12093.61218945 -10582.22529589 -12764.2100456 -13532.604675500002 -14856.27460557 -5996.1303946299995 5.19358536179999 -1.0 -1.0 -1.0 -1.0 -81.12040984999999 -612.5382003099999 -2674.6576955899995 -809.8728717200001 80.611163808 -1.0 -1.0 -1.0 -1.0 -1.0 -1.0 -1.0 -1.0 -8307.757458600001 -16591.81906786 -5364.780369010001 -9442.91819972 0.0 -1 1.96784583298e-05 7.664286596899998e-06 -1.0 -1.0 -1.0 -1.0 -1.0 -1.0 -1.0 -1.0 -1.0 -1.0 -1.0 -1.0 -1.0 -1.0 -1.0 -1.0
403.68894757 490.78928456999984 920.10107711 -157.0476284199999 421.9766448099999 -3901.9139018799997 -3589.9714608199997 -1621.32985148 -2756.1390501399997 -5031.45927868 -4338.72907791 -5769.474503250001 -8238.66976064 -9732.8593163 -6883.4471277 -5186.73066565 -9317.274318500002 -7515.308389400001 -13660.570362489998 -13747.478019050002 -14032.04215713 -12194.11754809 -4688.215241939999 -1148.63915387 -158.51113678900003 108.92019069200006 -1762.6939220499999 -4129.14906074 -3540.5145586999997 -652.8607922200001 -1.0 259.774767018 -326.5278729400002 -4321.545454290001 -1946.5167253200002 -369.7177296420001 -1.0 -1.0 -1.0 -1.0 -1.0 -1.0 -2085.73256483 -20553.3989712 -7263.937621099999 -9475.23732074 -8884.47852277 -8136.61217885 -3974.60534587 0.0 -3841.04780632 -2642.34449319 -1.0 -1.0 -1.0 -1.0 -1.0 -1.0 -1.0 -1.0 -1.0 -1.0 -1.0 -1.0 -1.0 -1.0 -1.0
0.0 1170.2570287900003 328.14323453 503.55764534000036 -301.61015223999993 -5379.29739802 -5757.61508232 -4156.859705190001 -4698.66294674 -3700.58092069 -6638.240144199999 -7962.659281729999 -7201.73170212 -5872.702025479999 -1748.47872583 -4008.02732296 -7671.405333950001 -7202.167189250002 -8316.208724099999 -16329.448722850002 -9346.845518240001 -185.42929073699997 -242.686505248 -2084.31437666 -8583.372157950002 -18250.69235823 -31017.2394866 -21935.023096950004 -18534.759801829998 -18933.5532781 518.22332663 -1.0 -1.0 -1.0 -1.0 -1.0 -1.0 -1.0 -1.0 -1.0 -2.5125427714e-07 2156.59128925 -16009.401658700002 -15764.377379780002 -9134.71593558 -6794.290249379999 -6538.68598908 -6810.89788783 -8438.68740965 -7909.33506605 -7166.632422710001 -751.6365071750001 0.0001015573414237 -1.0 -1.0 -1.0 -1.0 -1.0 -1.0 -1.0 -1.0 -1.0 -1.0 -1.0 -1.0 -1.0 -1.0
-5306.735936609999 -4561.28617014 -3075.2125865200005 -2713.4356710300003 -3901.7616329 -5968.169583020001 -6258.8327479 -4820.48721675 -4382.11665444 -5760.573049219999 -7795.28993898 -10149.04920833 -8739.99902748 -9287.71681397 -5123.4138105 -3414.31856145 -6795.272968399999 -4689.659833399999 -6304.509183699996 -8517.2801879 -652.1375961599999 -1300.4961824399998 -3130.265293800001 -3774.0109857999996 -6392.822785600001 -11493.117047099999 -6615.836129799998 -11728.297831799999 -12396.39738775 0.0 108.33865950799998 -1.0 -1.0 -1.0 -1.0 -1.0 -1.0 -1.0 -1.0 -1.0 1226.028489929 -1333.28399162 -9895.378558400002 -13251.53414393 -6825.287942699999 -5480.9748254900005 -5449.98533827 -5818.72248802 -5628.818892570001 -5410.72869255 -8291.85158302 -6545.9634364 0.0 0.0 -1.0 -1.0 -1.0 -1.0 -1.0 -1.0 -1.0 -1.0 -1.0 -1.0 -1.0 -1.0 -1.0
697.47970128 -3869.7311291000005 -4974.75618227 -4257.37474971 -6006.426634619999 -5949.3321637 -6762.8544525 -5698.74179647 -7794.14991617 -9457.4462619 -7995.954924399999 -8602.97576871 -9510.00346073 -10510.96751739 -8828.865590200001 -11499.379088909998 -7863.5539345 -4616.488253299998 -7464.582202900001 -835.2752879200002 -5583.90193788 -2347.0760696000016 -9295.090085400001 -16863.75026408 -7113.660459600002 -13661.28636945 -7163.07081838 -2094.54023449 0.0001449282664638 0.0 -1.0 -1.0 -1.0 -1.0 -1.0 -1 -1.0 -1.0 -1.0 -1.0 -4359.227316819999 -9431.7909096 -4411.539433339999 -7729.470578570001 -6761.73789636 -6967.60070479 -4158.2187336199995 -14235.006466910001 -5043.43593793 -7373.935607050001 -3685.53773063 0.0 -3302.86465315 4.45222283322e-05 -1.0 -1.0 -1.0 -1.0 -1.0 -1.0 -1.0 -1.0 -1.0 -1.0 -1.0 -1.0 -1.0
-5645.24640824 -5943.20755121 -5841.77928271 -5497.365490269999 -5410.30517543 -4326.6366672700005 -7584.478542350001 -7679.9814524799995 -5484.01219007 -7708.254423550001 -6942.4532553399995 -7522.39007969 -10198.17680203 -11242.518136900002 -11570.2155715 -13895.153624900002 -10030.248321000003 -4773.2315812000015 -1682.81409591 -4713.351862150001 -9904.1978539 -12841.9444561 -10625.23791183 -8907.403865029999 -9731.046056390001 -15072.044789200001 -12300.31545876 -789.3586360100007 0.0 -297.20834388599997 -1.0 -1.0 -1.0 -1.0 -1.0 1.4584503111199995e-06 -1.0 -1.0 -1.0 -1.0 -1.0 -1.0 -1.0 -1.0 -1.0 -1.0 14.836703710799995 -211.53858891000004 -3263.2405522400004 -337.5098905699999 150.03013128600003 0.0 -6978.83373513 3.243681009629999e-05 -1.0 -1.0 -1.0 -1.0 -1.0 -1.0 -1.0 -1.0 -1.0 -1.0 -1.0 -1.0 -1.0
-4790.352888779999 -6053.05546869 -5510.2311299699995 -7036.906046630001 -6998.5472472 -7192.329667350001 -8166.330274149999 33.58821700000044 -1313.341401499998 -8326.6302025 -7510.5270992099995 -9490.012198350001 -11283.6568438 -8818.443216 -5941.037632189999 -4965.9115286100005 -3917.4834301499995 -6709.0961574 -8877.7894283 -7046.918713600001 -11720.1693801 -10283.123969639999 -6283.350878 -9163.646347139998 -8556.3828795 -11411.306868950001 -5676.8746129500005 652.5258889699999 -890.39250167 0.0 -1397.705263455 -183.08525045599998 -1.0 -1.0 -1.0 -1.0 0.0 -4955.0659135999995 222.27860266999983 -1.0 -1.0 -1.0 -1.0 -1.0 -1.0 -1.0 0.0 0.0 0.0 -1.0 5.866577431089999e-05 0.0 0.0 0.0 -1.0 -1.0 -1.0 -1.0 -1.0 -1.0 -1.0 -1.0 -1.0 -1.0 -1.0 -1.0 -1.0
-5868.50675089 -8047.9315736300005 -7637.17631632 -8125.4550663 -4471.0956738 -4782.691465799999 -3064.086860700001 3148.8839217999994 -1758.3387034000007 -6797.063848500002 -752.2336910000013 -2171.3828087 -2643.54447352 -1914.2835042799998 -3402.3302713699995 -6594.727275449999 -10412.821880700001 -9457.544773900001 -7693.53385583 -8737.28130305 -6539.074618499999 -7263.8544378100005 -6838.08956569 -6329.216327 -8534.25349065 -6742.487941339999 1204.02536393 788.0073804600006 390.70177386999967 -0.000136599008668 0.0 0.0 0.0 0.0 0.0 -1.0 0.0 -10196.43132915 0.0 0.0 -1.0 -1.0 -1.0 -1.0 -1.0 -1.0 -1.0 -1.0 -1.0 -1.0 -1.0 -1.0 -1.0 -1.0 -1.0 -1.0 -1.0 -1.0 -1.0 -1.0 -1.0 -1.0 -1.0 -1.0 -1.0 -1.0 -1.0
-6484.060501 -6502.643865110001 -7197.82014434 -6785.24062528 0.001597609253182 0.004059013723624 3621.4785338 4921.973720499998 6629.0116531 -1203.1206273999996 0.0 0.0 0.0007571923958450001 -7.03460252625e-06 -4861.17151993 -8010.71401232 -7289.97582489 -9684.18053525 -10172.333978699999 -4556.421935549999 -11113.69911268 -8721.965733500001 -5290.58834875 -5283.93481666 -5259.4218257699995 0.0 0.0 -6338.217743859999 -7805.746820649998 -2782.9945998600006 -3511.30974384 -2047.0528547699996 -1287.3592578499997 0.0 0.0 0.0 0.0 0.0 0.0 0.0 -1.0 -1.0 -1.0 -1.0 -1.0 -1.0 -1.0 -1.0 -1.0 -1.0 -1.0 -1.0 -1.0 -1.0 -1.0 -1.0 -1.0 -1.0 -1.0 -1.0 -1.0 -1.0 -1.0 -1.0 -1.0 -1.0 -1.0
-5328.87615106 -6748.941007020001 -7624.252886270001 -7735.99884225 -6743.131919900001 1735.5961442000007 0.0 0.0008259723865096 -1.62004233736e-05 0.0 0.0005386381296020001 0.0 0.0007622646042573 -3.60670276626e-05 -7611.259494849999 -9023.8880789 -18193.668894349998 -17616.029794199996 -14903.4445574 -10274.96861146 -5972.593021250001 -4453.6265343 -6104.77106288 -4613.02787247 0.0 0.0 0.0 -1468.0960213500002 342.593179223 0.0 -1186.0953994400006 0.001255307173902 1693.4708777200003 0.0 0.0 -4222.72261812 -544.6145208 -1.0 -1.0 -1.0 -1.0 -1.0 -1.0 -1.0 -1.0 -1.0 -1.0 -1.0 -1.0 -1.0 -1.0 -1.0 -1.0 -1.0 -1.0 -1.0 -1.0 -1.0 -1.0 -1.0 -1.0 -1.0 -1.0 -1.0 -1.0 -1.0 -1.0
