critload/trunk/input/1999/nsro_ag.asc
ncols 720
nrows 360
xllcorner -180
yllcorner -90
cellsize 0.5
NODATA_value -1
[rows 74 to 110 of 360, columns 83 to 165 of 720]
-1.0 -1.0 -1.0 -1.0 -1.0 -1.0 -1.0 -1.0 -1.0 -1.0 -1.0 -1.0 0.0 0.0 0.0 -1.0 -1.0 -1.0 0.0 0.0 0.0 0.0 0.0 0.0 0.0 0.0 0.0 0.0 0.0 0.0 0.0 0.0 0.0 0.0 0.0 0.0 0.0 0.0 0.0 0.0 0.0 0.0 0.0 0.0 0.0 0.0 0.0 0.0 174764.196009 109351.873268 116706.7165 105608.316023 0.0 78791.497742 158711.891445 114907.23523 152431.606955 153521.769812 134725.900624 136178.506965 155425.345616 118506.415259 112448.485055 118829.84188 0.0 106003.944722 128069.765795 66119.5827748 71070.9478166 0.0 0.0 0.0 0.0 0.0 0.0 0.0 0.0 0.0 0.0 0.0 0.0 0.0 0.0
-1.0 -1.0 -1.0 -1.0 -1.0 -1.0 -1.0 -1.0 -1.0 -1.0 -1.0 -1.0 -1.0 0.0 0.0 -1.0 -1.0 -1.0 -1.0 0.0 0.0 0.0 0.0 0.0 0.0 0.0 0.0 0.0 0.0 0.0 0.0 0.0 0.0 0.0 0.0 0.0 0.0 0.0 0.0 0.0 0.0 0.0 0.0 0.0 0.0 0.0 0.0 141663.175842 137977.050157 180710.685363 221462.949937 89805.6514845 0.0 0.0 119611.629276 138283.969878 126396.891484 133245.09152 109944.577565 92410.4199617 71037.7044111 121773.045163 84842.0250077 59801.786667 85599.0673338 90573.5036203 62607.6672152 34098.0847382 31255.8636701 42225.5779863 0.0 0.0 0.0 0.0 0.0 0.0 0.0 0.0 0.0 0.0 0.0 0.0 0.0
-1.0 -1.0 -1.0 -1.0 -1.0 -1.0 -1.0 -1.0 -1.0 -1.0 -1.0 -1.0 -1.0 -1.0 -1.0 -1.0 -1.0 -1.0 -1.0 -1.0 0.0 0.0 0.0 0.0 0.0 0.0 0.0 0.0 0.0 0.0 0.0 0.0 0.0 0.0 0.0 0.0 0.0 0.0 0.0 0.0 0.0 0.0 0.0 0.0 0.0 0.0 0.0 0.0 127521.938906 175433.728627 250866.851706 186360.493073 104855.978235 118492.439537 0.0 98647.3895756 125099.18054 95383.6877602 91222.313965 108072.76256 113614.878194 84932.6801116 59756.5972293 62871.8285807 75972.0817762 88322.7023585 38999.3881867 28213.1530661 36858.8791581 32879.9745391 38330.4392734 39753.7397327 0.0 0.0 0.0 0.0 0.0 0.0 0.0 0.0 0.0 0.0 0.0
-1.0 -1.0 -1.0 -1.0 -1.0 -1.0 -1.0 -1.0 -1.0 -1.0 -1.0 -1.0 -1.0 -1.0 -1.0 -1.0 -1.0 -1.0 -1.0 -1.0 -1.0 0.0 0.0 0.0 0.0 0.0 0.0 0.0 0.0 0.0 0.0 0.0 0.0 0.0 0.0 0.0 0.0 0.0 0.0 0.0 0.0 0.0 0.0 0.0 0.0 0.0 0.0 0.0 0.0 96462.4257935 209099.771232 309158.243106 171728.464546 0.0 0.0 85632.474261 87614.0772699 120152.844488 113241.667789 94131.6943472 130928.62675 98043.9135156 137616.697642 75990.1324373 39999.2017207 93935.6200612 40187.8658072 62575.8806275 76241.5725027 50803.5195622 46481.1062346 41979.5886763 31396.5094245 111812.225394 0.0 0.0 0.0 23093.4932621 0.0 21208.7072434 0.0 47940.4367348 44953.4726236
-1.0 -1.0 -1.0 -1.0 -1.0 -1.0 -1.0 -1.0 -1.0 -1.0 -1.0 -1.0 -1.0 -1.0 -1.0 -1.0 -1.0 -1.0 -1.0 -1.0 0.0 0.0 0.0 0.0 0.0 0.0 0.0 0.0 0.0 0.0 0.0 0.0 0.0 0.0 0.0 0.0 0.0 0.0 0.0 0.0 0.0 0.0 0.0 0.0 0.0 0.0 0.0 0.0 358796.976281 0.0 156639.914857 210066.792231 97970.3779982 0.0 18022.7884419 153416.22351 209436.367821 118918.229218 89193.9523907 122101.52806 145691.225427 205250.98914 192822.183352 120590.744075 96318.8375666 125465.227159 137295.039843 135963.264355 121250.637174 141082.331043 130618.066797 133513.002322 110696.333728 111107.633018 166428.117027 0.0 0.0 0.0 91492.7344106 0.0 9463.96001754 31571.2417414 28725.8499559
-1.0 -1.0 -1.0 -1.0 -1.0 -1.0 -1.0 -1.0 -1.0 -1.0 -1.0 -1.0 -1.0 -1.0 -1.0 -1.0 -1.0 -1.0 -1.0 -1.0 -1.0 0.0 0.0 0.0 0.0 0.0 0.0 0.0 0.0 0.0 0.0 0.0 0.0 0.0 0.0 0.0 0.0 0.0 0.0 0.0 0.0 0.0 0.0 0.0 0.0 0.0 0.0 0.0 0.0 0.0 122754.461131 174769.675789 69157.1844613 73578.9493517 105959.799825 195307.599376 151064.707958 104295.576614 82308.1048583 113684.944304 130652.858712 148072.897831 166446.013603 85673.3628713 131090.776867 109828.169922 82080.2159281 26174.3777099 33736.7376039 60113.3173659 85131.8355049 60496.2660445 78592.3640559 90837.6205178 155772.035985 67633.4285969 87479.6456737 0.0 70624.4725741 45574.3824038 6998.33538439 24319.409113 29354.0631245
-1.0 -1.0 -1.0 -1.0 -1.0 -1.0 -1.0 -1.0 -1.0 -1.0 -1.0 -1.0 -1.0 -1.0 -1.0 -1.0 -1.0 -1.0 -1.0 -1.0 -1.0 -1.0 36993.2076756 0.0 0.0 0.0 0.0 0.0 0.0 688504.46595 847498.176972 0.0 1179527.97584 625740.193058 0.0 0.0 0.0 0.0 0.0 0.0 0.0 0.0 0.0 0.0 0.0 0.0 0.0 0.0 0.0 0.0 150499.673515 172660.180691 0.0 132720.40794 140514.726558 189335.054364 289590.878258 267631.246593 212830.989562 226398.53706 154162.392525 169573.045188 123564.465688 99201.935331 85583.3131478 122859.586735 116860.511627 0.0 30828.1870659 0.0 38591.3261028 90139.5531079 87601.3621984 52694.7446051 67767.7050307 87335.3519986 99202.1276159 88320.7726841 72622.2205812 121058.301685 50109.0096689 16466.8340611 17890.7321049
-1.0 -1.0 -1.0 -1.0 -1.0 -1.0 -1.0 -1.0 -1.0 -1.0 -1.0 -1.0 -1.0 -1.0 -1.0 -1.0 -1.0 -1.0 -1.0 -1.0 -1.0 -1.0 -1.0 -1.0 0.0 0.0 0.0 0.0 0.0 116845.602431 278753.338291 750042.190255 990288.170474 1320792.20923 1669716.91973 1271988.68328 1275925.59082 0.0 0.0 0.0 0.0 0.0 0.0 0.0 0.0 0.0 0.0 0.0 0.0 0.0 228754.158829 0.0 0.0 121585.495053 136848.187222 189562.618699 133427.129042 139622.452167 143000.508633 126260.664785 150453.32427 185557.126454 220375.341707 181345.252557 183205.814628 200768.503145 185398.984851 157281.919327 104324.020606 61439.7992805 38406.3143648 48904.9220606 102697.738534 51875.9195337 39706.4249408 56246.0150265 73069.4329057 85903.4228144 106528.463653 143062.78283 141700.183389 18055.3243452 22046.5447001
-1.0 -1.0 -1.0 -1.0 -1.0 -1.0 -1.0 -1.0 -1.0 -1.0 -1.0 -1.0 -1.0 -1.0 -1.0 -1.0 -1.0 -1.0 -1.0 -1.0 -1.0 -1.0 -1.0 -1.0 -1.0 -1.0 0.0 0.0 0.0 0.0 94861.8948969 162050.517626 0.0 0.0 0.0 0.0 0.0 0.0 0.0 0.0 0.0 0.0 0.0 0.0 0.0 0.0 0.0 0.0 0.0 0.0 0.0 369506.564186 426547.345365 372528.414702 494910.9933 228970.028567 204709.403272 232322.703377 224408.325861 270854.508124 335246.924699 387727.050772 441993.479847 335213.491536 259623.6956 278653.990923 352337.05389 351140.983134 228552.674904 0.0 0.0 0.0 146295.173887 0.0 0.0 0.0 0.0 0.0 0.0 0.0 0.0 0.0 0.0
-1.0 -1.0 -1.0 -1.0 -1.0 -1.0 -1.0 -1.0 -1.0 -1.0 -1.0 -1.0 -1.0 -1.0 -1.0 -1.0 -1.0 -1.0 -1.0 -1.0 -1.0 -1.0 -1.0 -1.0 -1.0 -1.0 -1.0 0.0 0.0 0.0 0.0 285231.825736 675443.253196 0.0 0.0 0.0 0.0 1955671.75934 1101160.7457 0.0 0.0 1390120.79376 0.0 0.0 3552304.27113 0.0 0.0 0.0 0.0 0.0 0.0 0.0 471705.366997 339091.357909 349906.872706 355675.258632 216810.217155 799623.922205 696137.654639 359136.574295 208825.840451 262837.582729 208488.024882 262190.408499 342932.621324 340598.340032 357748.685761 369055.131796 405447.0769 269225.592361 237381.593821 275475.612325 786082.268858 161620.903553 131741.679612 74798.6838039 79336.3575319 117083.680041 0.0 0.0 0.0 0.0 26496.068774
-1.0 -1.0 -1.0 -1.0 -1.0 -1.0 -1.0 -1.0 -1.0 -1.0 -1.0 -1.0 -1.0 -1.0 -1.0 -1.0 -1.0 -1.0 -1.0 -1.0 -1.0 -1.0 -1.0 -1.0 -1.0 -1.0 -1.0 0.0 0.0 0.0 0.0 0.0 214574.440576 0.0 0.0 2530031.53691 1382042.231 126142.355004 309856.888028 936113.520831 1059253.23431 574030.996155 869342.173839 0.0 0.0 0.0 0.0 0.0 917893.475504 0.0 0.0 0.0 468416.617675 371829.204059 395373.347686 696923.884653 531248.984503 480157.002684 417953.346599 627404.771578 260193.831485 136163.624927 67668.7136721 167237.324098 137596.880578 252666.656702 327899.551169 363996.169783 335484.245778 303274.603447 346445.007518 359822.101839 302084.531482 0.0 128400.937274 157839.24325 156201.297402 0.0 0.0 0.0 0.0 0.0 53179.7854066
-1.0 -1.0 -1.0 -1.0 -1.0 -1.0 -1.0 -1.0 -1.0 -1.0 -1.0 -1.0 -1.0 -1.0 -1.0 -1.0 -1.0 -1.0 -1.0 -1.0 -1.0 -1.0 -1.0 -1.0 -1.0 -1.0 -1.0 -1.0 0.0 0.0 0.0 342530.698809 417305.818029 0.0 0.0 0.0 307947.472632 228316.345904 188980.842352 112238.51765 416538.746251 293603.513817 491016.335534 0.0 0.0 0.0 0.0 0.0 1543191.26197 0.0 0.0 0.0 1099557.22433 1129397.9183 1208906.33338 1421596.04186 680377.924552 629054.824608 824032.541636 299859.690166 193300.727686 0.0 493424.398291 464775.907689 235170.523915 314460.919859 306314.581155 339449.22692 187725.996141 211254.792371 250477.671435 274253.914643 270228.636361 264756.853824 260383.571413 200195.514935 145929.971015 131339.666835 0.0 0.0 0.0 0.0 54181.8073413
-1.0 -1.0 -1.0 -1.0 -1.0 -1.0 -1.0 -1.0 -1.0 -1.0 -1.0 -1.0 -1.0 -1.0 -1.0 -1.0 -1.0 -1.0 -1.0 -1.0 -1.0 -1.0 -1.0 -1.0 -1.0 -1.0 -1.0 -1.0 0.0 0.0 0.0 0.0 0.0 0.0 0.0 1026735.50275 215088.827561 326250.842395 199512.988037 623974.414624 484132.904049 0.0 807681.981454 0.0 0.0 0.0 0.0 0.0 0.0 0.0 0.0 0.0 0.0 1222632.90103 0.0 0.0 0.0 541061.593617 0.0 407790.991258 195302.264466 224854.739954 34124.988516 30844.0011509 28538.7385733 207463.106705 215506.929968 260033.260485 242169.357145 0.0 77753.0570406 214334.721158 253340.570784 245811.001611 270891.134476 247273.446446 167266.510907 0.0 146271.678308 0.0 0.0 72659.00592 73496.2327663
-1.0 -1.0 -1.0 -1.0 -1.0 -1.0 -1.0 -1.0 -1.0 -1.0 -1.0 -1.0 -1.0 -1.0 -1.0 -1.0 -1.0 -1.0 -1.0 -1.0 -1.0 -1.0 -1.0 -1.0 -1.0 -1.0 -1.0 -1.0 0.0 0.0 0.0 0.0 0.0 0.0 430253.598994 959733.851801 172179.71253 284301.364896 286341.084228 432906.622482 0.0 0.0 1462799.61233 0.0 0.0 0.0 0.0 0.0 0.0 0.0 0.0 0.0 0.0 1271950.61056 1375374.13189 1142915.61538 1305904.05228 405752.004402 471126.412298 329651.099556 313222.900053 235188.129022 271591.21908 280714.526526 234086.019508 244427.875808 278073.374479 278271.701705 280775.017581 0.0 199310.435182 33325.4295336 195031.658352 221364.378404 212991.921363 0.0 225216.897175 0.0 157119.366197 0.0 0.0 0.0 0.0
-1.0 -1.0 -1.0 -1.0 -1.0 -1.0 -1.0 -1.0 -1.0 -1.0 -1.0 -1.0 -1.0 -1.0 -1.0 -1.0 -1.0 -1.0 -1.0 -1.0 -1.0 -1.0 -1.0 -1.0 -1.0 -1.0 -1.0 -1.0 -1.0 0.0 0.0 666684.147696 0.0 0.0 0.0 0.0 92610.8623314 138252.477502 532195.683434 518980.223235 0.0 0.0 0.0 0.0 0.0 0.0 0.0 0.0 0.0 0.0 0.0 0.0 1508199.58672 1163048.13575 1067518.11767 0.0 1478571.44464 875038.546833 490953.936755 456016.03791 314503.710318 296374.358533 358373.682011 364483.5527 350030.704814 473299.99344 334937.618086 0.0 0.0 187498.209456 0.0 0.0 0.0 0.0 0.0 0.0 280638.942941 139987.194871 117803.497068 0.0 52351.1264023 123581.538608 193903.351269
-1.0 -1.0 -1.0 -1.0 -1.0 -1.0 -1.0 -1.0 -1.0 -1.0 -1.0 -1.0 -1.0 -1.0 -1.0 -1.0 -1.0 -1.0 -1.0 -1.0 -1.0 -1.0 -1.0 -1.0 -1.0 -1.0 -1.0 -1.0 -1.0 0.0 1103726.12405 342860.017098 0.0 0.0 0.0 0.0 1451122.99704 0.0 0.0 1007258.55827 0.0 0.0 0.0 0.0 0.0 0.0 0.0 0.0 0.0 0.0 0.0 1366427.80367 1210666.7165 0.0 0.0 0.0 0.0 0.0 927312.31848 790481.7186 974459.781783 765909.178925 747811.42288 427828.107684 406866.876317 567208.885932 363430.762704 0.0 188786.75016 342825.208372 365771.485647 288330.835119 295788.80693 361392.010359 94291.7902072 61299.5797351 262746.140609 131728.746926 81637.6890798 0.0 0.0 153607.058741 211797.109142
-1.0 -1.0 -1.0 -1.0 -1.0 -1.0 -1.0 -1.0 -1.0 -1.0 -1.0 -1.0 -1.0 -1.0 -1.0 -1.0 -1.0 -1.0 -1.0 -1.0 -1.0 -1.0 -1.0 -1.0 -1.0 -1.0 -1.0 -1.0 0.0 0.0 885707.50455 0.0 0.0 0.0 0.0 0.0 0.0 0.0 0.0 0.0 0.0 807888.1194 0.0 0.0 0.0 0.0 0.0 0.0 0.0 0.0 0.0 0.0 0.0 0.0 0.0 0.0 0.0 0.0 988759.818395 55080.2032209 113021.178876 0.0 0.0 468158.749331 366866.312198 0.0 0.0 379788.146393 481743.285932 327836.431516 252445.198627 319113.500848 328016.060704 100610.032198 101644.984613 309289.594994 195571.23057 144186.953573 102714.425258 68746.0737685 0.0 108796.258683 107199.638315
-1.0 -1.0 -1.0 -1.0 -1.0 -1.0 -1.0 -1.0 -1.0 -1.0 -1.0 -1.0 -1.0 -1.0 -1.0 -1.0 -1.0 -1.0 -1.0 -1.0 -1.0 -1.0 -1.0 -1.0 -1.0 -1.0 -1.0 -1.0 0.0 0.0 777297.142755 0.0 0.0 0.0 432089.097526 0.0 0.0 0.0 0.0 0.0 0.0 0.0 765467.956127 0.0 0.0 0.0 0.0 0.0 0.0 0.0 0.0 0.0 0.0 0.0 0.0 0.0 0.0 0.0 0.0 74876.7267045 55190.5763592 97858.166344 0.0 542884.389068 272090.758112 192992.65377 140400.239914 268230.083626 638653.473314 0.0 518418.07502 377918.532546 493530.051972 274059.671856 274932.911697 408434.736553 388667.365394 348906.335903 241695.837133 203039.342482 89055.0114033 82487.1641145 0.0
-1.0 -1.0 -1.0 -1.0 -1.0 -1.0 -1.0 -1.0 -1.0 -1.0 -1.0 -1.0 -1.0 -1.0 -1.0 -1.0 -1.0 -1.0 -1.0 -1.0 -1.0 -1.0 -1.0 -1.0 -1.0 -1.0 -1.0 -1.0 0.0 0.0 0.0 0.0 0.0 0.0 0.0 0.0 0.0 0.0 0.0 0.0 0.0 0.0 116691.914322 532637.025193 1918841.98737 0.0 0.0 0.0 0.0 0.0 0.0 0.0 0.0 1062519.21211 0.0 0.0 0.0 0.0 0.0 192450.101067 80895.2610289 69361.694392 1094686.87473 406111.289409 185395.069475 126547.700449 124320.751786 229948.978621 469195.398591 1057678.81521 614743.875484 444182.848535 519945.634415 532379.511525 108311.077098 379220.127633 332503.133435 348801.607635 500065.916946 132527.895996 130922.683959 143029.490299 0.0
-1.0 -1.0 -1.0 -1.0 -1.0 -1.0 -1.0 -1.0 -1.0 -1.0 -1.0 -1.0 -1.0 -1.0 -1.0 -1.0 -1.0 -1.0 -1.0 -1.0 -1.0 -1.0 -1.0 -1.0 -1.0 -1.0 -1.0 -1.0 0.0 0.0 0.0 0.0 0.0 0.0 0.0 0.0 0.0 0.0 0.0 0.0 0.0 0.0 0.0 0.0 0.0 0.0 0.0 0.0 0.0 0.0 0.0 0.0 601333.251262 0.0 0.0 0.0 0.0 0.0 0.0 216745.428288 59098.7430224 72379.0800677 432086.60685 182337.525588 207771.153009 186125.180369 124673.117349 153469.051418 314017.081727 580180.885197 465139.522028 91675.328823 464565.259296 363009.559135 337257.862941 355953.629854 325577.418911 326135.193586 505389.3672 484861.932387 220943.518916 201575.151074 232702.574243
-1.0 -1.0 -1.0 -1.0 -1.0 -1.0 -1.0 -1.0 -1.0 -1.0 -1.0 -1.0 -1.0 -1.0 -1.0 -1.0 -1.0 -1.0 -1.0 -1.0 -1.0 -1.0 -1.0 -1.0 -1.0 -1.0 -1.0 0.0 0.0 0.0 0.0 0.0 0.0 0.0 0.0 0.0 0.0 0.0 0.0 0.0 0.0 58455.3743917 0.0 0.0 0.0 0.0 0.0 325806.367792 379114.830531 326494.242736 0.0 0.0 0.0 0.0 0.0 0.0 0.0 0.0 0.0 139496.123219 65626.4381241 60195.0381945 42821.3383409 35309.3682276 741999.587232 678703.80597 359764.759881 517080.608517 447278.999913 516306.889737 453456.187657 430831.006894 316364.393051 401139.091339 481427.802712 461998.927918 232638.721178 362881.902118 255505.15531 318444.173757 444815.877292 356866.361601 296645.942981
-1.0 -1.0 -1.0 -1.0 -1.0 -1.0 -1.0 -1.0 -1.0 -1.0 -1.0 -1.0 -1.0 -1.0 -1.0 -1.0 -1.0 -1.0 -1.0 -1.0 -1.0 -1.0 -1.0 -1.0 -1.0 -1.0 -1.0 -1.0 0.0 0.0 0.0 0.0 0.0 0.0 0.0 0.0 0.0 0.0 0.0 0.0 0.0 0.0 0.0 0.0 0.0 0.0 0.0 0.0 0.0 0.0 0.0 0.0 0.0 0.0 0.0 0.0 139055.336295 29353.542656 46734.3752489 38728.1446297 32682.325837 43369.1449279 83781.3135216 98418.3719073 181357.7859 837574.308387 1034297.88138 654009.287622 421938.179118 385575.84091 272177.138598 234470.164736 528507.330124 521199.287243 477146.131601 428915.308601 345475.542774 296764.872774 215430.197381 151816.780641 190504.952531 233841.551908 269037.676858
-1.0 -1.0 -1.0 -1.0 -1.0 -1.0 -1.0 -1.0 -1.0 -1.0 -1.0 -1.0 -1.0 -1.0 -1.0 -1.0 -1.0 -1.0 -1.0 -1.0 -1.0 -1.0 -1.0 -1.0 -1.0 -1.0 -1.0 -1.0 0.0 0.0 0.0 0.0 0.0 0.0 0.0 0.0 0.0 0.0 0.0 0.0 0.0 0.0 0.0 0.0 0.0 0.0 0.0 0.0 0.0 0.0 0.0 0.0 0.0 0.0 0.0 167599.471024 50613.3661126 16850.6961148 35789.6012435 20653.1933143 17391.192451 26353.4125635 78536.9543405 80425.8503819 70359.8450449 130923.62532 908857.443758 503925.833463 448886.466309 533044.612929 446306.495208 269729.093247 474456.245401 649798.748093 503006.453397 441615.758852 339332.489616 232670.953621 271117.919951 214046.275884 273565.864282 271184.640921 283938.769409
-1.0 -1.0 -1.0 -1.0 -1.0 -1.0 -1.0 -1.0 -1.0 -1.0 -1.0 -1.0 -1.0 -1.0 -1.0 -1.0 -1.0 -1.0 -1.0 -1.0 -1.0 -1.0 -1.0 -1.0 -1.0 -1.0 -1.0 -1.0 0.0 0.0 0.0 0.0 0.0 0.0 0.0 0.0 0.0 0.0 0.0 0.0 0.0 0.0 0.0 0.0 0.0 0.0 0.0 0.0 0.0 0.0 0.0 0.0 461387.03919 7938875.22427 0.0 165971.695558 76477.0504177 30845.3592148 41441.8028579 42529.8045174 25056.0417453 56191.018235 0.0 0.0 0.0 72406.1215094 604503.842115 311188.570369 306434.352118 265067.647842 316717.079582 290894.781196 347933.868708 383921.906504 262924.272306 416001.468355 318030.139869 398590.067653 334693.479445 309756.949427 233322.45191 200991.376175 211922.020875
-1.0 -1.0 -1.0 -1.0 -1.0 -1.0 -1.0 -1.0 -1.0 -1.0 -1.0 -1.0 -1.0 -1.0 -1.0 -1.0 -1.0 -1.0 -1.0 -1.0 -1.0 -1.0 -1.0 -1.0 -1.0 -1.0 -1.0 -1.0 0.0 0.0 0.0 0.0 0.0 0.0 0.0 0.0 0.0 0.0 0.0 0.0 0.0 0.0 0.0 0.0 0.0 0.0 0.0 0.0 0.0 0.0 0.0 0.0 0.0 0.0 0.0 0.0 0.0 0.0 0.0 122972.313197 67474.3779104 790092.984962 0.0 0.0 0.0 0.0 1162074.42752 399431.883273 335893.681203 305232.941749 377128.499007 249416.709252 183254.735469 151599.919414 302432.304903 295609.529153 382120.469831 263594.166289 203751.077338 146118.408634 126977.268736 156587.940821 205611.619921
-1.0 -1.0 -1.0 -1.0 -1.0 -1.0 -1.0 -1.0 -1.0 -1.0 -1.0 -1.0 -1.0 -1.0 -1.0 -1.0 -1.0 -1.0 -1.0 -1.0 -1.0 -1.0 -1.0 -1.0 -1.0 -1.0 -1.0 -1.0 0.0 0.0 0.0 0.0 825501.715344 0.0 0.0 0.0 0.0 0.0 0.0 0.0 0.0 0.0 0.0 0.0 0.0 0.0 0.0 0.0 0.0 0.0 0.0 0.0 0.0 0.0 0.0 0.0 0.0 0.0 0.0 207298.101515 0.0 0.0 0.0 0.0 0.0 0.0 1192060.28385 314577.69999 233834.430946 282611.547848 213029.566977 163854.625578 254274.369848 238785.56837 423843.223743 384895.540696 338527.9254 339211.381373 245940.203498 248171.164537 234078.734779 175715.220369 254514.584933
-1.0 -1.0 -1.0 -1.0 -1.0 -1.0 -1.0 -1.0 -1.0 -1.0 -1.0 -1.0 -1.0 -1.0 -1.0 -1.0 -1.0 -1.0 -1.0 -1.0 -1.0 -1.0 -1.0 -1.0 -1.0 -1.0 -1.0 -1.0 -1.0 0.0 0.0 0.0 520797.921245 1221116.39704 0.0 0.0 0.0 0.0 0.0 0.0 0.0 0.0 0.0 0.0 0.0 0.0 0.0 0.0 0.0 0.0 0.0 0.0 0.0 0.0 0.0 0.0 0.0 0.0 0.0 0.0 1604732.36105 0.0 0.0 0.0 0.0 0.0 967253.266913 276204.279199 353029.166682 420998.239649 241199.140746 158744.243216 366932.71558 300218.696624 296099.698882 317589.477189 272481.19573 286713.614179 278460.136954 281351.648662 258701.7371 243693.544297 225699.204947
-1.0 -1.0 -1.0 -1.0 -1.0 -1.0 -1.0 -1.0 -1.0 -1.0 -1.0 -1.0 -1.0 -1.0 -1.0 -1.0 -1.0 -1.0 -1.0 -1.0 -1.0 -1.0 -1.0 -1.0 -1.0 -1.0 -1.0 -1.0 -1.0 0.0 0.0 0.0 1085964.02833 342346.16841 1545221.80786 0.0 0.0 0.0 0.0 0.0 0.0 0.0 0.0 0.0 0.0 0.0 0.0 0.0 0.0 0.0 0.0 0.0 0.0 0.0 0.0 0.0 0.0 0.0 0.0 172273.6908 0.0 0.0 0.0 0.0 0.0 0.0 2231079.94118 780301.782996 586520.923176 290476.076717 280123.129999 278171.336024 228537.784849 205870.744665 165522.0226 169625.316058 222652.59364 268207.288493 328788.741671 358141.77616 304478.141505 236060.307863 219773.615719
-1.0 -1.0 -1.0 -1.0 -1.0 -1.0 -1.0 -1.0 -1.0 -1.0 -1.0 -1.0 -1.0 -1.0 -1.0 -1.0 -1.0 -1.0 -1.0 -1.0 -1.0 -1.0 -1.0 -1.0 -1.0 -1.0 -1.0 -1.0 -1.0 0.0 0.0 0.0 0.0 117199.435065 569507.888842 0.0 0.0 0.0 0.0 0.0 0.0 0.0 0.0 0.0 0.0 0.0 0.0 0.0 0.0 0.0 0.0 0.0 0.0 0.0 0.0 0.0 0.0 0.0 0.0 0.0 478359.007739 0.0 0.0 0.0 0.0 0.0 0.0 692806.112017 23386.1839502 185714.082113 258189.059498 161158.21266 217515.609572 206128.419259 255727.25988 206520.298134 223221.489132 222991.058202 211392.158748 305560.844311 272264.70504 215681.802481 206994.897891
-1.0 -1.0 -1.0 -1.0 -1.0 -1.0 -1.0 -1.0 -1.0 -1.0 -1.0 -1.0 -1.0 -1.0 -1.0 -1.0 -1.0 -1.0 -1.0 -1.0 -1.0 -1.0 -1.0 -1.0 -1.0 -1.0 -1.0 -1.0 -1.0 -1.0 0.0 1459595.74509 1324266.39247 251062.215705 146203.226303 0.0 0.0 0.0 0.0 0.0 0.0 0.0 0.0 0.0 0.0 0.0 0.0 0.0 0.0 0.0 0.0 0.0 0.0 0.0 0.0 0.0 0.0 0.0 0.0 324771.5394 0.0 0.0 0.0 0.0 0.0 0.0 0.0 82885.725609 38822.7265264 45845.0065298 38774.8036253 262484.47055 235524.822265 132654.520381 146177.416196 129627.168891 233095.316964 212214.371684 175571.081329 95890.705657 95022.7988256 132686.496665 144772.307941
-1.0 -1.0 -1.0 -1.0 -1.0 -1.0 -1.0 -1.0 -1.0 -1.0 -1.0 -1.0 -1.0 -1.0 -1.0 -1.0 -1.0 -1.0 -1.0 -1.0 -1.0 -1.0 -1.0 -1.0 -1.0 -1.0 -1.0 -1.0 -1.0 -1.0 -1.0 0.0 226411.426197 1397879.23339 342522.945658 529153.246817 0.0 0.0 0.0 0.0 0.0 0.0 0.0 0.0 0.0 0.0 0.0 0.0 0.0 0.0 0.0 0.0 0.0 0.0 0.0 0.0 0.0 0.0 0.0 0.0 0.0 0.0 0.0 0.0 0.0 0.0 0.0 103589.9815 55218.366911 122956.549835 97366.6300385 90709.9685332 172258.521232 164050.809799 156266.698815 122500.823611 142384.687989 168617.0099 101360.359089 109183.582285 154575.531426 123130.715341 111181.922021
-1.0 -1.0 -1.0 -1.0 -1.0 -1.0 -1.0 -1.0 -1.0 -1.0 -1.0 -1.0 -1.0 -1.0 -1.0 -1.0 -1.0 -1.0 -1.0 -1.0 -1.0 -1.0 -1.0 -1.0 -1.0 -1.0 -1.0 -1.0 -1.0 -1.0 -1.0 -1.0 0.0 0.0 0.0 109390.539746 553960.048668 0.0 0.0 0.0 0.0 0.0 0.0 0.0 0.0 0.0 0.0 0.0 0.0 0.0 0.0 0.0 0.0 0.0 0.0 0.0 0.0 0.0 0.0 248186.550258 0.0 0.0 0.0 0.0 0.0 124791.165117 0.0 0.0 58493.1892087 99591.2912826 598269.716888 192834.923866 127853.360373 148335.072826 153046.588296 159000.057325 227131.288115 209768.104078 199414.142946 736481.43198 184447.259318 135157.265496 157859.446303
-1.0 -1.0 -1.0 -1.0 -1.0 -1.0 -1.0 -1.0 -1.0 -1.0 -1.0 -1.0 -1.0 -1.0 -1.0 -1.0 -1.0 -1.0 -1.0 -1.0 -1.0 -1.0 -1.0 -1.0 -1.0 -1.0 -1.0 -1.0 -1.0 -1.0 -1.0 -1.0 0.0 1143654.05313 0.0 0.0 76989.7563352 278035.688324 0.0 0.0 0.0 0.0 0.0 0.0 0.0 0.0 0.0 0.0 0.0 0.0 0.0 30670.5192054 0.0 38199.911592 22101.225426 29971.0414687 31258.7873473 17421.1281836 38227.2456006 38771.2084554 43299.269596 56232.7345377 53439.9283712 0.0 0.0 93036.8878708 0.0 930457.188532 1094016.46442 746243.808694 559252.812836 150757.733289 83630.3131428 181579.068508 156221.377157 167391.754647 209279.406748 232609.378418 320317.301299 205616.890499 157651.046687 91430.9003469 140787.559146
-1.0 -1.0 -1.0 -1.0 -1.0 -1.0 -1.0 -1.0 -1.0 -1.0 -1.0 -1.0 -1.0 -1.0 -1.0 -1.0 -1.0 -1.0 -1.0 -1.0 -1.0 -1.0 -1.0 -1.0 -1.0 -1.0 -1.0 -1.0 -1.0 -1.0 -1.0 -1.0 -1.0 0.0 0.0 0.0 0.0 62249.3681332 480934.515339 0.0 0.0 0.0 0.0 0.0 0.0 0.0 0.0 0.0 0.0 47978.8477003 0.0 0.0 0.0 0.0 14740.53168 16349.746347 20361.401619 24872.6953215 0.0 48463.8948203 28613.4045401 33892.3314158 22268.3381572 0.0 77006.6449547 591755.82471 0.0 362952.60435 232245.13362 388838.642494 156714.30929 66385.7770417 140447.927165 130200.919571 234816.090047 235021.775913 193922.952575 235489.307283 262852.144298 282368.215046 146660.420096 150686.778351 203908.544132
-1.0 -1.0 -1.0 -1.0 -1.0 -1.0 -1.0 -1.0 -1.0 -1.0 -1.0 -1.0 -1.0 -1.0 -1.0 -1.0 -1.0 -1.0 -1.0 -1.0 -1.0 -1.0 -1.0 -1.0 -1.0 -1.0 -1.0 -1.0 -1.0 -1.0 -1.0 -1.0 -1.0 -1.0 0.0 1792659.1112 0.0 0.0 150163.748459 0.0 0.0 0.0 0.0 0.0 0.0 0.0 0.0 0.0 45532.164413 55627.4777809 0.0 12692.950728 0.0 0.0 21281.3563538 13415.1583282 0.0 16489.61524 17919.3614736 32262.0076375 17610.5925578 14963.3970125 31412.6012347 0.0 392180.096621 0.0 0.0 271149.999435 50316.9624048 27359.7953026 15891.164784 83435.6103628 228782.339184 173478.409619 341074.66633 322561.84925 265636.956245 327175.676979 311107.194692 264483.610758 228087.830856 158811.225242 219258.381318
-1.0 -1.0 -1.0 -1.0 -1.0 -1.0 -1.0 -1.0 -1.0 -1.0 -1.0 -1.0 -1.0 -1.0 -1.0 -1.0 -1.0 -1.0 -1.0 -1.0 -1.0 -1.0 -1.0 -1.0 -1.0 -1.0 -1.0 -1.0 -1.0 -1.0 -1.0 -1.0 -1.0 -1.0 -1.0 1541128.51572 0.0 0.0 351947.426465 638156.820147 0.0 0.0 0.0 0.0 0.0 0.0 0.0 0.0 47768.464733 45703.5236269 22739.5994364 22746.7767115 0.0 0.0 14811.9560977 11312.7140773 0.0 0.0 15822.8718365 23145.696969 89906.769612 452839.075387 68516.4471998 26205.8720031 361530.983006 354234.376856 282778.020137 28221.1574755 35102.2691264 45408.9973295 20346.9090061 62874.8214892 301655.822515 269170.771008 211334.088196 352158.295547 281683.234223 263703.377065 208441.397564 235565.640807 329288.030525 184415.017484 173278.498274
-1.0 -1.0 -1.0 -1.0 -1.0 -1.0 -1.0 -1.0 -1.0 -1.0 -1.0 -1.0 -1.0 -1.0 -1.0 -1.0 -1.0 -1.0 -1.0 -1.0 -1.0 -1.0 -1.0 -1.0 -1.0 -1.0 -1.0 -1.0 -1.0 -1.0 -1.0 -1.0 -1.0 -1.0 -1.0 0.0 1932552.83838 0.0 0.0 0.0 0.0 0.0 0.0 0.0 0.0 0.0 0.0 0.0 29793.6151836 51996.9693841 42312.1152186 515689.271959 665036.448554 0.0 0.0 11478.7915227 10193.7030252 0.0 16690.5472021 17256.7985126 25805.5926479 61053.8518537 34117.8631765 36791.2896484 95182.2302645 24157.710403 32688.2099373 25074.6111115 20956.9663541 55224.9978118 106935.755662 107661.136603 121783.43099 362522.204166 803965.528562 324476.879664 247062.630824 202994.900882 261180.780383 461878.666103 229556.846264 208765.802755 217083.107207
