critload/trunk/input/1999/nsro_nat.asc
ncols 720
nrows 360
xllcorner -180
yllcorner -90
cellsize 0.5
NODATA_value -1
[rows 150 to 179 of 360, columns 402 to 468 of 720]
0.0 0.0 0.0 0.0 0.0 0.0 0.0 0.0 -2813.6175126900007 0.0 -1354.7532116099992 1300.9698873099999 -1789.8508565900001 -2691.0618793999997 -1242.44254848 -2839.0633592999993 0.0 0.0 0.0 -4262.47721608 0.0 0.0 -1040.01665279 0.0 -8.85566890958e-05 -9.23067388697e-05 0.0 0.0 0.0 0.0 0.00010309149961670001 0.0 0.0 0.0 -0.00125994959509 0.0 0.0 0.0 0.0 0.0 0.0 -1.0 -1.0 0.0 0.0 11172.393362200004 0.0 -0.00019454483581 0.0 0.001499295561753 14891.49432728 -4082.71198092 0.0010618424063615 0.0 5883.822005900001 0.0 8190.423938740001 -1612.32693406 -322.94086806 -1.0 -1.0 -1.0 -1.0 -1.0 -1.0 -1.0 -1.0
0.0 0.0 0.0 0.0 0.0 0.0 0.0 0.0 0.0 0.0 0.0 0.0 0.0 0.0 0.0 0.0 0.0 0.0 0.0 0.0 0.0 0.0 0.0 0.0 -8.98708842824e-05 0.0 -0.000146403392916 0.0 0.00019445056291020004 -0.000270602093618 0.0 -1.82463492595e-05 0.0026200614462764003 0.0 0.003077071667169 -0.00345916884609 -18680.309616399998 -241174.15274600004 527.2652856999994 0.0 0.0 0.0 -1.0 -49.3273382439 -2632.29911316 18621.7804215 0.001579606853162 0.0 0.0 0.0 -0.000124604799624 0.000913482794593 20281.4869749 -10387.4891984 -14440.4324789 -8485.37455261 -1.0 -1.0 -1.0 -1.0 -1.0 -1.0 -1.0 -1.0 -1.0 -1.0 -1.0
0.0 0.0 0.0 -3.67573010577e-05 0.0 0.0 -3897.60344971 0.0 0.0 0.0 0.0 0.0 0.0 0.0 0.0 0.0 0.0 0.0 0.0 0.0 0.0 0.0 -2.923697747e-05 -9.13136187159e-05 0.00040412557864299997 0.0001772251754046 -3.06348603009e-05 -325.30134420000013 -198.53888932000064 -2211.2272554700003 -293.6793950800002 -7.23986355081e-05 11557.686275900007 -0.00275912222408 -36934.188067200004 0.0 0.0 -79723.81527630001 5535.565480199999 8935.06097072 0.0 0.0 0.0 -53.4388062254 -2.15837046256e-05 0.0 10434.232424000002 0.0 0.0 -2.49804944009e-05 0.0 -7209.04851699 -4350.04700796 -875.556740235 -1.0 -1.0 -1.0 -1.0 -1.0 -1.0 -1.0 -1.0 -1.0 -1.0 -1.0 -1.0 -1.0
0.0 -7544.47731502 -1966.58790502 5506.21793768 -2003.51612022 -11089.9623189 -1001.9551640999998 0.0 0.0 0.0 0.0 0.0 0.0 0.0 0.0 0.0 0.0 0.0 0.0 0.0 0.0 0.0 0.0 0.0 0.0 0.0 0.0 3.8079298584500006e-05 1341.39570077 -1653.2841296300003 -0.000249945605489 0.001259707465474 20522.231716500006 1204.0067934000108 -38454.06675849999 -45239.50600369999 34842.75776244 33003.170394969995 10371.636689300001 10312.125442249999 7548.97713114 17491.3802904 0.0 0.0 0.0 0.0 0.0 -8642.87551632 -9588.6186163 -1394.40023299 -757.011767299 -299.646267008 -1.0 -1.0 -1.0 -1.0 -1.0 -1.0 -1.0 -1.0 -1.0 -1.0 -1.0 -1.0 -1.0 -1.0 -1.0
-5413.79669556 1587.8366476 9922.27767401 18195.405395100002 18406.232297669998 947.4665803799999 -1758.8099441999984 0.0 0.0 0.0 0.0 0.0 0.0 0.0 -1.85901694328e-05 0.0 -5.92009885392e-05 0.0 0.0 -7.19419828332e-05 -1.63807392717e-05 0.0 -8.66168790141e-06 0.0 -4561.11550013 -2043.02183681 0.0 -2062.6002206699995 -1270.04812682 4903.1961840700005 0.00170457651235 16089.647609 0.00379306795528 49868.1995148 -0.000499441714204 -22800.9618471 -36233.1585052 9738.1205787 18350.47178135 13899.81501507 16037.902038600001 16084.50483881 0.0 0.0 789.2107917229999 -2591.85489417 -3087.1088612 -1107.54668852 704.390925428 -1.0 -1.0 -1.0 -1.0 -1.0 -1.0 -1.0 -1.0 -1.0 -1.0 -1.0 -1.0 -1.0 -1.0 -1.0 -451.49587487 -3683.15548697 -2747.66317495
-0.000148021705384 0.0 -6163.66790793 5078.8383802200005 0.0 8360.993191700001 -888.8666944099996 -6.4616691799999914e-06 0.0 0.0 0.0 0.0 0.0 0.0 0.0 0.0 -4.24035651686e-05 0.0 -1153.48514354 -1592.72353884 14957.35604649 -4918.48049974 0.0 -3707.87579325 1381.5046372899997 -1195.0484240300002 -888.2830253699999 0.0002455094803171 -1068.1252463599994 5738.768509400001 0.0 38243.6204079 0.0 0.002364512210063 26822.673234700007 24886.937254999997 0.0 0.0 8534.54816102 13230.13563978 9603.353270239999 27940.39073339 17576.74968298 0.0 0.0 -1.0 -1.0 -1.0 -1.0 -1.0 -1.0 -1.0 -1.0 -1.0 -1.0 -1.0 -1.0 -1.0 -1.0 -1.0 -1.0 -1.0 -97.6298159336 -1.0 -104.880825306 3349.3244667400004 -894.277774292
0.0 0.0 0.0 0.0 0.0013241889722939999 135.10612503999982 -2392.79281988 707.7830488010001 0.0 0.0 0.0 0.0 0.0 0.0 0.0 -1.4957105939e-05 0.0 12806.357713549998 3267.011071529999 0.0 -14256.7808179 -6211.24623582 -1869.5934683799996 -3789.78758535 -117.35798503999922 3219.9002031600003 -7.8125404727e-05 -4.11483389916e-05 0.0010118099344859 13057.5786491 38926.277614700004 -0.000202189834572 -0.000169858145986 0.0 -2679.3959343000024 11030.275208000006 54.75289720000001 0.003997350229353 0.0 7951.27045776 6365.705233380001 29819.77574914 0.0 0.0 0.0 -1.0 -1.0 -1.0 -1.0 -1.0 -1.0 -1.0 -1.0 -1.0 -1.0 -1.0 -1.0 -1.0 0.0 0.0 0.0 -1.0 -1.0 -1.0 -1.0 -1.0 -1.0
-4.91163087529e-05 0.0 -2.77289191224e-05 0.0 0.0 -1179.3207477299998 -3129.1249970199997 252.078343947 -229.55043038600002 -289.927002073 -615.797451641 -716.701445015 0.0 0.0 -915.648628601 -1055.45239356 -0.000162462043174 0.0 0.0 0.0 6081.04458393 0.0 0.0 -1828.21759162 790.5491135100001 -0.000149166048435 0.0 0.0 72903.7272659 49822.59893743 36858.602859499995 0.0 0.0 59142.95866039001 48933.5699566 55819.920947000006 -44609.8504973 30828.792292700004 19436.95053257 6787.001069960001 13206.88383023 13590.841154220001 11705.05791284 0.0 0.0 -259.319172916 -1.0 -1.0 -1.0 -1.0 -1.0 -1.0 -1071.81680152 -2284.26254927 -7528.35991273 -4303.78611064 -10736.2288927 0.0 0.0 0.0 0.0 -1.0 -1.0 -1.0 -1.0 -1.0 -1.0
3.358490530709999e-05 -3251.2632876800008 0.0 9.124712436365e-05 -6.05708725833e-06 0.0 -9.50019613669e-06 -252.06283726599997 -577.646922609 -560.873779462 -580.669027158 0.0 0.0 -640.9986051 -725.382967262 0.0 0.0 0.0 0.0 0.0 0.0 -4.41147488997e-05 0.0 0.0 0.0 -7.66428425574e-05 -6.43020753365e-05 48710.73604738 0.0 0.0 0.0008615908048699998 0.0 0.0 -0.000546902372939 1306.227548200004 -17624.295442500006 735.8481405000057 -3433.624828500004 26579.717100560003 0.0 7006.417808100001 11987.96807927 5127.16860282 7335.64373485 0.0 0.0 -240.44561954699998 -1.0 -615.862041865 -7813.36665543 -6463.60401467 -9297.65316264 -7035.065080299999 0.0 -9658.36464275 -18403.0344858 -9807.72758355 -16585.364678 0.0 -4894.22552486 -437.581601143 -1.0 -1.0 -1.0 -1.0 -1.0 -1.0
-2647.3028377399996 -7.5651152133e-05 0.0 0.0 -3.29983938737e-05 -1.42852073432e-05 1729.3233389490001 -137.491064129 -644.528617161 -1.30075146848e-05 -1.27463428458e-05 0.0 0.0 -0.000165921317064 -5.09688369732e-06 -4221.14825039 -9.85933567544e-06 -6.45540927869e-05 346.3615614100004 0.0 -0.000162369182815 0.0 -3584.59719704 0.0 2.8864311910000005e-05 0.0 8951.532650600006 60179.96141775 0.0 0.0 0.0 0.0 0.002996492148698 0.0020775518311199996 27674.390402699995 16965.4993064 6183.337880000006 0.0038445619065 0.0 27670.36531144 14791.34120494 -1458.68562246 -1349.0685693199998 -5138.304890499996 0.0 0.0 0.0 -647.1011088699997 -1076.8580782999998 -16190.458652 -1220.4108326999994 -20519.8282141 0.0 -2371.0953305999997 0.0 0.0 0.0 -7382.65815575 -5020.47969803 -4232.1701183 -426.058947181 -1.0 -1.0 -1.0 -1.0 -1.0 -1.0
-8.92722823562e-05 -46.67672375999973 9893.41241411 33123.76146432 10307.03769508 15567.655581250001 1.6207478400001492 -6965.45629828 5973.726757029999 0.0 0.0 0.0 0.0 0.0 -5871.64462067 -5871.64462067 -5841.76556885 -1668.8868910699998 -3817.72679296 -3200.25926631 -3912.42848057 -8.118794680689999e-05 0.0 0.0 -2.03878744436e-05 0.0 0.0 0.0 0.0 0.0 0.0 0.0 -1.54722096803e-05 0.004880000315418499 0.00444688350873 68215.22260508999 0.01043632209673 -2157.333346600004 0.0 0.0 0.0 14099.57906896 21795.6473318 13000.912299 6034.676109460001 0.0010875266573119999 0.0 0.0 -2273.407213549999 0.0 0.0 4162.7482698 336.87553707000006 0.0 0.0 0.0 0.0 0.0 0.0 0.0 -1.0 -1.0 -1.0 -1.0 -1.0 -1.0 -1.0
-702.2000151299999 1173.8305986199994 9542.988743560001 12444.178566600001 29658.975984 20897.643756100002 2322.6274399100002 4131.5844012 0.0 0.0 0.0 0.0 0.0 0.0 -993.2250603489999 -4147.1594145 -9.37245018479e-05 0.0 -2400.769648 -1837.6376744099998 4.10946664172e-05 0.0 -0.000107509125385 -2.9024846031e-05 -0.000187864648387 0.0 0.0036412765698089996 0.0 0.0 0.0037398389960601 0.0 0.0 0.0 0.0 -0.000392844198371 0.0 -1365.6439771000005 40136.5884552 -3.20476338377e-05 -0.00035465064627 0.0028364372289799997 0.0 -27503.581824899993 -20114.0588816 0.0 -330.88702937000016 0.0 -4201.18627863 0.0 0.0 0.0 1090.3983384000003 0.0 0.0 0.0 0.0 -5056.38714237 0.0 -3609.99255607 0.0 -1.0 -1.0 -1.0 -1.0 -1.0 -1.0 -1.0
956.9722650799995 6569.410825200002 12253.1438689 14526.002850699999 15647.8045285 9602.7072997 13706.589609899998 0.0 0.0 0.0 0.0 0.0 0.0 0.0 -4006.39907244 -6.41817509557e-05 -2483.8573025299997 0.0 -1899.2503426899998 -1853.5577716 -1709.9158625499997 0.0 0.0 0.0 4.207388419099999e-05 0.0 0.002091746173366 0.0038689614214619996 0.0 0.0 0.0 0.0 -0.000394878540094 -0.000754482675817 0.0022464890831346 0.001961047577725 -0.000536412147299 0.0 0.0037530358532527 -0.000168818868936 0.0 0.003313807772195 -15220.9219409 -16907.6389121 -10206.1203173 0.0 -4234.22592581 0.0 -2626.59038418 0.0 0.0 0.0 -1105.08423692 -3511.17747117 -3688.82676505 -229.21151164000003 -5051.65795404 0.0 0.0 -1.0 -1.0 -1.0 -1.0 -1.0 -1.0 -1.0 -1.0
3761.94859067 5059.787837 3783.7185844200003 5448.0939363 18774.282084000002 7026.283336100001 0.0 2775.0943100999993 0.0 0.0 0.0 0.0 0.0 0.0 0.0 0.0 -4217.6467423799995 -3.1259369759999996e-05 -4044.499932 -494.36751939600003 -1966.3752326800002 -6.5660053845e-05 -0.000112664912198 4.92688552165e-05 9.228843744605e-05 0.0 -0.000107979947726 0.00218394135118 -9100.95631699999 -5939.344023199999 0.0 0.003038632603979 0.0 0.0 -0.00111506431951 -0.000174739645504 0.0025284869111769997 -0.000899867845234 -0.000640520254052 0.0 0.0 -0.000170822622071 10284.6381649 9995.6522927 -4449.363416430001 -3645.85835909 -6388.99120086 -5280.5286564 0.0 0.0 0.0 0.0 0.0 0.0 0.0 -4364.9269665 0.0 2010.81273943 0.0 -1.0 -1.0 -1.0 -1.0 -1.0 -1.0 -1.0 -1.0
5655.41978089 3582.4547247500004 3799.8256304399997 7166.36499301 3024.284096399999 5623.188809299998 2216.6129633 3320.2429844 5722.304539700002 0.0 0.0 0.0 0.0 0.0 0.0 0.0 -4106.64894689 0.0 -3.36312979672e-05 -3886.70066135 0.0 0.0 -7.90235620597e-06 3.37767090082e-05 -4.54393826095e-05 0.0 0.0 48536.619382100005 31803.5265612 -0.000243223627826 24239.3530028 27731.926702300003 0.0 0.00244947365894 0.0 -9.63819243694e-05 0.0 0.0 0.00297877168873 0.0 0.0017603515670999998 0.0 0.002016352425805 0.00164438350004 -0.000191361237344 -3002.27315895 -7444.80855529 -5769.6889866 -5115.44223202 -2460.55228605 -3347.19900511 -3312.27597204 -3630.28328961 -4143.19009508 0.0 0.0 0.0 0.0 -1.0 -1.0 -1.0 -1.0 -1.0 -1.0 -1.0 -1.0 -1.0
6488.674640100002 12345.49774763 3326.32977351 5938.75729239 4777.9753423 5652.5601497000025 7190.369858500002 5340.947531599999 4048.8357816999996 5575.0502633 0.0 0.0 0.0 0.0 0.0 0.0 0.0 0.0 0.0 -4023.3010078200005 -1416.4137186300002 0.0 0.0 -8.03875175792e-06 -6.80057848501e-05 0.0001465232423199 -0.00016496593496 0.002530450643841 63684.987808399994 35092.61583209999 35926.1044306 24942.0992004 47061.1959851 0.003479057022716 -4.03161103113e-05 -0.000108167948557 0.00738805759509 0.0 0.004077499312007 45009.1988311 0.0 5887.61922591 0.0 0.0 -3791.3951967700004 -4233.8980288 -4113.940978299999 -6526.66255223 0.0 -2370.63429907 -2435.31099334 -3198.83678405 -3046.47975655 0.0 0.0 0.0 0.0 0.0 -1.0 -1.0 -1.0 -1.0 -1.0 -1.0 -1.0 -1.0 -1.0
13938.872146100002 13275.010561 8908.59919413 6498.20912124 8408.0058023 7459.4611453 17402.817220099998 7964.983436099999 4300.719202499999 4725.734722199999 5033.0723712 0.0 0.0 0.0 0.0 1135.4719306999996 0.0 0.0 -943.891420314 0.0 -2024.5574024699995 -1.3826834345500003e-05 -4.2762474995800005e-05 1.82796349804e-05 -7.12058561584e-05 -631.1890639400003 0.0 0.0 55473.871450800005 0.0 44111.18143859999 25156.287213999996 28088.933143000002 0.00215532208209 0.0 0.0 4371.7387979999985 8932.151833199998 2908.8525897 0.0 6758.557743400001 0.002221955092976 0.0 -2099.098875200001 0.0 -5369.654628009999 -3679.60484172 -6797.59404962 -1379.02177595 -4998.65865553 -2171.03179343 -1354.72183116 0.0 0.0 0.0 0.0 0.0 -1.0 -1.0 -1.0 -1.0 -1.0 -1.0 -1.0 -1.0 -1.0 -1.0
6980.923137900001 6991.979352299999 2330.7618003999996 3102.3237450999986 8604.053852000001 16099.88375579 13373.8903899 9071.7922493 8687.072055800001 7765.722460399998 7324.9634615999985 0.0 0.0 0.0 0.0 0.0 0.0 0.0 0.0 0.0 -4.9372510485e-05 -2.4497236006e-05 0.0 -9.076583912999989e-07 -1633.21344744 5528.800962780001 29840.74450444 46976.7073462 0.0034776194486252003 66043.8605673 51911.38114129999 -2664.877093000003 -323387.55841500004 -128019.624876 0.0 22508.750344300002 39648.76378650001 45570.092304800004 24021.1832807 31247.0513829 6514.256037929999 11179.5117201 0.0 0.0 0.0 855.0831471799997 -7331.84883994 -5802.75389934 -5205.82897732 -5056.31283194 -2082.28821803 0.0 0.0 0.0 -2301.97018879 0.0 0.0 -1.0 -1.0 -1.0 -1.0 -1.0 -1.0 -1.0 -1.0 -1.0 -1.0
0.0006327374572199999 -3.18554569045e-06 7827.629531959999 7831.54716111 18660.544776849998 5142.9093302 12312.7778519 4267.7818969 7649.390265499998 9435.163722 7731.248879899998 7094.757384000002 5967.041498599998 0.0 0.0 0.0 0.0 0.0 0.0 4417.16813285 -5.23434839548e-05 -1120.04111357 -1906.49687853 -2.74448975959e-05 -3754.94876359 -3848.0098338 20981.28417943 62199.3008598 -0.000163717848164 49735.6954042 46082.616014800005 86667.4636454 0.0 -0.00219793166318 40977.2804748 60791.96759259999 53229.94730949999 -14627.71053 28410.3082923 11124.705337699997 12955.6427245 -11610.8576833 -3768.17544434 -769.203966163 0.0 0.0 0.0 -3816.07408604 -5509.0784817 -4576.17318042 0.0 0.0 0.0 -1057.3022361199999 -1513.82898504 0.0 -1.0 -1.0 -1.0 -1.0 -1.0 -1.0 -1.0 -1.0 -1.0 -1.0 -1.0
10294.318531900002 14767.23072701 10434.19643434 8975.3021243 9260.762645299998 13604.494980799998 17327.933739599997 18714.258060899996 13718.954331300001 8811.516509199999 5157.177348499999 10680.03824685 0.0 0.0 0.0 0.0 0.0 0.0 0.0 0.0 0.0 8315.55057657 -497.80879214099997 -3.02318294472e-05 0.0 -4751.99900018 -4791.16730435 33171.3819578 -0.000156030004183 -0.000227592037619 19209.62932002 62297.38526219999 61251.64731159999 46271.750449900006 0.002059325873922 53845.260660800006 44986.498568400006 -0.00015563360838 -0.000555227919905 0.0 -20033.4780105 -2121.49559896 -224.50797229 -3826.12663986 -567.6247257699997 -18.84784540999999 -1411.09033699 0.0 0.0 0.0 0.0 0.0 0.0 0.0 0.0 0.0 -1.0 -1.0 -1.0 -1.0 -1.0 -1.0 -1.0 -1.0 -1.0 -1.0 -1.0
8470.0713914 19680.5293819 9610.59064604 4676.516109600001 4825.0750997 4021.2292571999988 3796.090498400001 3308.1463016999987 1720.2712250000004 5247.218592500001 2657.386767600001 550.2394235000011 5228.907261199998 4296.747867500002 0.000347391937583 3818.0762864999997 0.00011295233837400003 11677.5945324 0.0 0.0 35829.36545728 -2.90632274905e-05 0.0 0.004086832540878001 -9.08455723784e-05 -7969.32786528 -5349.95084475 -9664.52932144 0.0 19675.850730699996 -3937.77526036 -5157.85394849 29646.533521899997 12761.415144609999 32030.950570099998 26370.0371353 11124.69394265 23650.5822326 9359.3790791 0.0 0.0 0.0 165.70131100000026 -848.8868302800001 0.0 -1325.6340820699997 0.0 0.0 0.0 0.0 0.0 0.0 0.0 0.0 0.0 -1.0 -1.0 -1.0 -1.0 -1.0 -1.0 -1.0 -1.0 -1.0 -1.0 -1.0 -1.0
-4.01925647854e-05 2578.9231406 5975.912332219999 3017.933600299999 2202.663693800001 2750.6479962999983 1574.886932899999 2826.1640467999987 2771.2546784000006 1482.0503050999996 3038.2287651999995 2114.3760896000003 -725.135053 -1006.4697899000003 0.0 1558.7294769 2911.9156810000004 4220.0513749 0.0 9647.064748999997 18662.0063098 0.0 0.0 -0.000278077379918 0.004928769521414 68766.3517565 -13755.0347954 -94.8489098 8799.3328915 -2963.81532951 -1643.38895283 16746.885506169998 14315.7462611 17738.4341779 34552.542683 13850.810535229999 -4.54102496889e-05 3706.6040876999996 162.14948068000012 5852.6729036 0.0 0.0 0.0 -690.14170147 0.0 0.0 0.0 0.0 0.0 0.0 0.0 0.0 -1191.98477485 -97.59826092999992 -1.0 -1.0 -1.0 -1.0 -1.0 -1.0 -1.0 -1.0 -1.0 -1.0 -1.0 -1.0 -1.0
6793.158697299998 3120.885539599998 1675.8672836999995 1754.8771066999998 2535.3232565 1352.2118588000012 2173.4110101999995 1732.3743491000005 2196.7889589000006 2460.554268600001 1119.7487254999996 3683.9729948999993 0.00013780018707789998 0.0 -1135.4098051199999 -1826.5032313999982 0.0 2579.763471100001 8182.753405299998 11744.9131762 0.0 61389.36441273 -0.000173197673788 59309.9873873 -0.001050117655 0.0 0.0 19619.74181347 10655.72252277 -1530.74148063 -3614.64100258 9208.227247899998 -834.5209223299998 3707.508311630001 21162.11091312 33043.062307600005 0.0 15132.7543112 2984.71626836 3864.57661031 -1757.89629963 -1191.74262068 0.0 0.0 0.0 0.0 0.0 2.9141470208799995e-05 0.0 0.0 0.0 0.0 -916.7501679100001 -1.0 -1.0 -1.0 -1.0 -1.0 -1.0 -1.0 -1.0 -1.0 -1.0 -1.0 -1.0 -1.0 -1.0
4212.554736000002 3008.1839999000003 3545.7387605000004 4517.0304139 3944.728748200003 612.3247623000007 436.9087478000001 0.0 1256.1132612000001 877.5361031000011 1876.0997836000006 1131.9097235000008 1884.1200599000003 -636.8214564999998 302.0568115999995 1988.4971765999999 14964.6657083 9834.896677700002 12734.082282 0.0004864852214649999 -0.000120744517866 30498.292901629997 26313.87930425 6994.247655899999 -16299.6963258 -18944.6363626 -9586.41898925 44911.85942142 6053.8789041 0.0 -2491.04522382 -1932.4356623499998 -1681.11510031 11053.317292790001 2729.0083962000003 4758.59896327 19163.32562774 12140.65132695 2935.8690262099994 357.8668365000001 0.0 0.0 0.0 0.0 0.0 0.0 -0.000119428574559 0.0 0.0 0.0 0.0 -1242.6710537599997 -1.0 -1.0 -1.0 -1.0 -1.0 -1.0 -1.0 -1.0 -1.0 -1.0 -1.0 -1.0 -1.0 -1.0 -1.0
8104.967823899999 6705.663009899999 5798.781511600002 5949.599941599998 6767.156443500002 6524.440569700002 918.2707104000001 -1284.392310313 1437.9635144000003 317.9824829999998 723.1294655999991 1184.100712899999 1897.0171215999999 1499.7673950000008 1087.3396907999995 5816.052890099998 10014.2717715 15446.340729 0.0 -0.00152479387233 0.0016549575448025 14537.071105980001 -0.000241683231742 4962.4853179 3816.3129522 -21232.5795669 -10811.0968337 43384.06285381 3595.8245281499994 6289.197472440001 -1497.66536316 -13450.7822748 4401.756356510001 4754.54979062 5177.347917210001 5070.2834198 3305.9912609599996 10078.36038722 -3059.40659096 0.0 0.0 0.0 0.0 0.0 -3.9757276694e-05 -0.00013944087282 0.0 -6.82063394031e-05 0.0 0.0 -1725.0343168100003 31.424028059500003 -1.0 -1.0 -1.0 -1.0 -1.0 -1.0 -1.0 -1.0 -1.0 -1.0 -1.0 -1.0 -1.0 -1.0 -1.0
17108.351066950003 10872.124538659999 -0.00012620505867 8585.57057464 8245.3335416 12254.6872307 12971.221917500001 6150.856091600002 1404.2194602 4328.973277300001 5782.3709934 10888.9535513 7780.435685499999 8446.3409124 2264.753926200001 7290.7450202 7017.333440900002 11367.930604999998 0.000959357877837 0.0 -0.000173118602991 19469.86006852 -4.05620707408e-05 0.0 0.0003244877561969 0.0 18434.908291 25052.245119900002 43941.18950015 20892.81196554 11230.03821436 46393.035062840005 6799.36927481 11833.780269859999 -2325.63158096 0.0 0.0 0.0 0.0 0.0 0.0 0.0 0.0 0.0 0.0 -8.97137530483e-05 -9.89651803075e-05 0.0 -2696.2013214000003 -471.195699275 0.0 -1.0 -1.0 -1.0 -1.0 -1.0 -1.0 -1.0 -1.0 -1.0 -1.0 -1.0 -1.0 -1.0 -1.0 -1.0 -1.0
0.0 13468.343991900001 0.0 15464.287860400002 3280.1759244799996 6291.717553029999 12585.4000241 12305.124014599998 2427.726770699999 2818.569440699999 5772.946227 11807.8391139 16960.562937200004 21064.749878900002 8488.5669561 23377.765985000002 10709.6019214 16581.842132099995 0.00011545972569999992 0.0 -6.40988180767e-05 10816.8431766 -8.37547868848e-05 0.0 -0.00020614255369 3.8604083057999956e-05 -235.69657020999966 22533.4035932 93225.75282703 35536.206106159996 26231.43780875 53705.97571583 64879.907005099994 -3.48087605656e-05 0.0 0.0 0.0 0.0 0.0 0.0 0.0 0.0 0.0 -0.000131511005392 -2.0181630410000056e-06 0.0 -2656.67356191 0.0 369.7297935035 -1.0 -1.0 -1.0 -1.0 -1.0 -1.0 -1.0 -1.0 -1.0 -1.0 -1.0 -1.0 -1.0 -1.0 -1.0 -1.0 -1.0 -1.0
12368.162440099999 14680.795914999999 14801.809895600001 17901.348287 19502.093741 5567.90090342 0.0 8929.0809841 3205.60456746 1726.6774944000008 8256.3090704 13240.9413308 8403.5018445 12605.314282500001 13041.810854800002 12962.505928499999 11215.092853399998 0.0 0.0 0.0 14544.0918532 2821.0204364 0.000468905130697 0.0 -3.48909903914e-05 -5.5251678449e-05 33724.4150888 -49373.09452649999 4882.070754500004 74490.44703781999 36724.86954119 67216.00962956999 59469.3930973 0.0 0.0 0.0 0.0 0.0 0.0 0.0 0.0 0.0 0.0 0.0 -3471.59681455 -3390.14296094 -2.33448437428e-06 -17.3812107749 -1.0 -1.0 -1.0 -1.0 -1.0 -1.0 -1.0 -1.0 -1.0 -1.0 -1.0 -1.0 -1.0 -1.0 -1.0 -1.0 -1.0 -1.0 -1.0
6901.411536299998 6036.193318399999 11023.453461600002 15891.5435266 19195.809392599996 6689.11265544 5009.74363531 8051.399134099998 4913.241888189999 7498.0199791 9651.0271623 6428.7988713999985 8952.1247472 8673.5583075 21770.549898600002 0.0 -6.15480062794e-05 -0.000493953260384 0.00033899321446 -8129.4538407999935 17780.9532574 23152.1275633 8117.4950627 0.000506097544993 0.0 0.0 0.00026978977551499997 -0.0027033968141 0.0 86624.63333571001 -3900.27566075 0.0 0.0 -5512.78931578 -2170.65000645 0.0 0.0 0.0 -2457.59030312 -2090.24705482 0.0 0.0 -3.60761068328e-06 -3065.98863419 -757.497342739 -342.543058074 -1.0 -1.0 -1.0 -1.0 -1.0 -1.0 -1.0 -1.0 -1.0 -1.0 -1.0 -1.0 -1.0 -1.0 -1.0 -1.0 -1.0 -1.0 -1.0 -1.0 -1.0
4137.452248789999 6329.64928243 9727.1139728 16609.5336531 18036.066347000004 6458.917920250002 5844.95496198 8437.757583999999 5602.491330270001 13275.555561500001 35835.4255071 9106.045883300001 5483.9250152 17563.1103735 31767.215324499997 -0.000422779321806 0.002422956045104 0.0 42001.4584628 -14047.9648659 0.00034558250360320003 -0.000384705732154 -4.68287788639e-05 -0.000400453907182 -9.69652071757e-05 0.0 0.000496362101988 0.0 -5021.56857509 46122.35547049 0.0 0.0 -0.000103472263763 47062.23589307 0.0005905434955451999 -3839.15738381 0.0 0.0 0.0 0.0 0.0 0.0 -347.695942062 -780.531668504 -363.971910934 -1.0 -1.0 -1.0 -1.0 -1.0 -1.0 -1.0 -1.0 -1.0 -1.0 -1.0 -1.0 -1.0 -1.0 -1.0 -1.0 -1.0 -1.0 -1.0 -1.0 -1.0 -1.0
