critload/trunk/input/1999/nsro_ag.asc
ncols 720
nrows 360
xllcorner -180
yllcorner -90
cellsize 0.5
NODATA_value -1
[rows 99 to 131 of 360, columns 375 to 449 of 720]
-1.0 52021.3253389 833082.668412 901251.6903 194374.131509 -1.0 -1.0 -1.0 -1.0 -1.0 -1.0 -1.0 -1.0 -1.0 0.0 534586.862867 988742.452786 1316450.32318 571733.74401 48228.544415 91491.9050413 201998.965976 0.0 38475.3963846 374476.033523 395733.257334 329790.418157 855673.907071 540747.805285 852045.149475 146029.84117 245676.966128 223069.142712 36393.7694558 -1.0 -1.0 130085.384022 181219.66993 408174.483168 633641.866465 802029.451802 700923.80474 477473.592118 628737.321859 761687.850134 589722.289371 474183.626023 432803.577556 300826.046713 595187.791758 528425.060832 359105.33867 625299.002662 751715.647836 577521.196965 363132.551967 503048.446506 520103.743919 257130.850193 251377.111495 279080.562063 320945.259987 157309.721702 318159.811552 419220.923187 531940.636493 321681.416734 578410.076246 316351.015259 291608.900532 628989.626489 607865.780642 149543.249743 415278.600523 370320.789789
-1.0 28835.3899619 812555.575605 762126.467021 200468.613515 -1.0 -1.0 -1.0 -1.0 -1.0 -1.0 -1.0 -1.0 -1.0 -1.0 -1.0 187831.043568 1333731.31198 241235.979408 -1.0 -1.0 117890.814277 -1.0 -1.0 108889.781368 595476.497384 645621.363828 539406.606814 933053.34952 764748.1314 557339.852465 13157.578766 41712.6147693 -1.0 -1.0 105610.658627 -1.0 367085.902974 403697.582136 497489.720677 662404.453885 608130.854884 356127.498471 319398.969275 491666.642985 465100.063677 593835.451373 497719.253931 519308.287308 687183.853175 580708.028736 768887.6076 725656.814302 701128.803698 613967.214831 558302.639457 464098.632858 256502.981083 486411.94467 565896.436999 214593.879745 219994.23012 189832.253122 349994.39861 394072.980979 454439.21517 335164.163282 365043.131556 418203.173711 200171.916227 491624.873368 741246.072888 666739.360061 713008.296505 484621.85583
-1.0 80935.8760944 866960.995901 352469.494265 76564.97754 -1.0 -1.0 -1.0 -1.0 -1.0 -1.0 -1.0 -1.0 -1.0 -1.0 -1.0 -1.0 656461.64944 825183.508207 254916.374349 -1.0 -1.0 -1.0 -1.0 16583.0275224 3721.7590278 761745.350925 680422.755212 911744.530788 764366.301357 549404.1225 111924.567038 14073.6952348 -1.0 -1.0 -1.0 2445.41805511 344777.434767 250014.950325 623223.036581 460812.308781 369368.405155 410621.321599 667163.195858 608194.984172 636290.15699 346332.182978 544959.2148 569384.657613 876628.226486 814049.464088 557781.899074 774259.867169 680815.192946 621205.513475 712377.566843 610301.315711 687712.576687 570620.3232 355910.028408 433740.53829 490217.864674 520183.861344 449281.520344 335169.185731 311476.567428 290104.232423 345088.483392 621872.25399 686577.969862 772981.228267 624020.520183 470885.345113 768816.345707 838020.494779
-1.0 -1.0 37886.3328898 0.0 -1.0 -1.0 -1.0 -1.0 -1.0 -1.0 -1.0 -1.0 -1.0 -1.0 -1.0 -1.0 108467.09453 601957.449137 392163.160827 44159.8952396 -1.0 -1.0 -1.0 -1.0 -1.0 -1.0 176815.126147 613669.106156 403834.667031 610081.164145 640731.463911 420758.176427 370734.304298 110891.548272 23665.7309281 -1.0 49254.3281732 37495.6863259 283575.860016 645076.057854 904318.584274 632698.228398 461200.864832 853116.781914 683460.77915 770658.550578 744387.829898 563636.827631 814416.514099 457768.206089 493554.115771 79725.466772 656129.809688 690875.163437 734974.917142 634446.471238 515138.666952 655400.126295 357697.588687 572017.254156 566188.026469 697123.880751 678269.568711 848957.695536 908774.677368 693726.299036 440467.801817 423081.518991 802219.302673 881831.747086 204379.252228 102593.273329 463543.034958 474181.55036 387492.518195
-1.0 -1.0 -1.0 -1.0 -1.0 -1.0 -1.0 -1.0 -1.0 -1.0 129225.253097 279750.633496 32104.0590721 -1.0 203293.690751 187689.776624 242037.08832 474116.716253 39526.5781419 -1.0 -1.0 -1.0 -1.0 -1.0 -1.0 28693.9811695 38981.7850899 236175.211227 555566.195334 523590.890589 514295.866674 789298.31481 527642.654191 240499.137175 53136.7237034 -1.0 59966.7815089 169995.245293 154095.443229 624925.963041 554889.451953 716998.050973 566008.047871 742397.587273 918219.963008 970626.249225 606076.74657 916389.877194 733641.585171 668557.073992 599023.090868 195919.026849 171202.902198 1115475.46778 766117.756305 509875.59402 877632.788996 460761.213242 889708.097123 744517.694432 784803.194016 842116.994991 431331.710687 892902.378373 823082.479514 1015807.84884 996079.058537 1070887.54928 561774.084072 379013.019625 270385.59014 421139.225945 387364.787603 443339.895262 1283788.00675
-1.0 -1.0 -1.0 -1.0 -1.0 -1.0 -1.0 -1.0 -1.0 4777.50253907 682031.872399 1124528.4304 1089378.4004 1165085.41391 1088061.09466 204587.892831 141700.600036 39925.4944431 -1.0 -1.0 -1.0 -1.0 -1.0 -1.0 -1.0 -1.0 38367.8997505 201795.610338 799018.771332 711283.622843 906940.178088 255598.292779 178473.784196 82106.6325605 125852.827621 43293.0398147 -1.0 63733.7480294 129693.149677 460469.25806 788565.100835 610413.950673 595993.853266 901089.724191 603584.797855 481489.569922 513163.293176 368212.817215 526356.622708 418835.864498 203219.397803 362439.493094 453900.087181 435153.528634 616850.834418 303800.084821 280102.351186 357531.333892 540037.44203 598586.58363 951130.49575 1075252.4911 801642.500831 561392.777825 506681.653955 510885.28146 762690.478385 991608.463206 784369.410611 831727.82097 358383.338039 313290.182948 494756.635444 633792.317049 986290.692624
0.0 -1.0 4680.7259152 195621.561236 287083.67177 67991.304478 3645.61455066 15479.1257727 -1.0 -1.0 -1.0 239700.66392 1022229.07595 982386.294235 1161936.9231 308438.294731 -1.0 -1.0 -1.0 -1.0 -1.0 -1.0 -1.0 -1.0 -1.0 -1.0 -1.0 -1.0 555785.649178 509053.712707 454100.205743 141661.53746 -1.0 0.0 3457.95139179 119221.87884 55466.1130365 -1.0 11952.3722247 169124.589834 217903.404538 285871.200473 162748.159908 359708.321699 957066.501432 782972.975511 422759.508613 186764.815241 351313.083356 413488.539422 671639.335663 771081.598858 631271.62362 316173.111425 403634.400328 632858.661818 733215.083024 964025.72982 925531.766554 793887.603232 782790.55899 469951.801776 453085.820812 356678.785836 284714.864156 587880.237906 589280.111568 549146.942736 789487.470057 1042035.99403 681249.564072 302684.780028 424359.938386 541658.722658 465074.374977
427579.194717 436721.298111 565283.49 694000.703166 408486.007401 252055.763102 211233.012234 14570.9719493 2267.44736899 -1.0 -1.0 -1.0 -1.0 34715.3268338 679083.166979 124762.188107 -1.0 -1.0 -1.0 -1.0 -1.0 -1.0 -1.0 -1.0 -1.0 -1.0 -1.0 -1.0 179584.410389 238233.539488 411863.631678 84065.6103342 -1.0 29528.2459348 35655.9192851 36120.2460586 4054.71712021 9623.91411967 0.0 68642.1737235 42931.8281516 201346.273542 367106.157181 330144.849298 619224.218333 453959.823653 453223.226078 261397.716425 287737.378532 395248.99003 500005.243273 419767.530336 236108.38977 412118.678785 335767.650452 91531.530918 445559.489747 552421.76606 615804.910386 732934.871877 360174.521918 195457.945077 223665.659604 164868.608188 90005.9892589 131212.807117 131133.053987 87721.8565628 92100.5276745 48784.9118026 77314.6366735 267481.256063 116086.376858 105646.701913 216887.646724
531413.203361 504361.907099 423131.731269 374603.293225 401009.465642 289204.490404 19371.5824406 -1.0 -1.0 -1.0 -1.0 -1.0 -1.0 0.0 -1.0 -1.0 -1.0 -1.0 -1.0 -1.0 -1.0 -1.0 -1.0 -1.0 -1.0 -1.0 -1.0 -1.0 -1.0 15366.3494969 51607.6659731 51939.5124278 -1.0 -1.0 -1.0 27436.454452 -1.0 -1.0 -1.0 0.0 168225.51343 107887.87934 -1.0 252559.654853 155958.796665 344812.016289 0.0 -1.0 -1.0 354160.928815 473153.756963 337610.937913 302221.714311 107852.378468 -1.0 -1.0 162853.67904 1372700.33906 413426.768767 321013.730269 169029.552062 242896.143204 49649.9999179 37876.92053 141180.89674 250229.370846 159850.32935 113140.875617 155886.291829 85556.4051635 110684.780275 253778.195614 214801.000939 435508.640321 619226.058627
80129.1820377 292327.861871 290854.671558 339315.209541 323665.047579 67175.6443069 82524.1797101 -1.0 -1.0 -1.0 -1.0 -1.0 -1.0 61796.6303173 17820.511059 -1.0 -1.0 -1.0 -1.0 -1.0 -1.0 -1.0 -1.0 -1.0 -1.0 -1.0 -1.0 -1.0 -1.0 -1.0 -1.0 -1.0 78646.4905417 44634.1829624 -1.0 -1.0 -1.0 -1.0 -1.0 62051.4322415 36435.1067842 -1.0 -1.0 -1.0 -1.0 -1.0 -1.0 -1.0 -1.0 -1.0 -1.0 -1.0 -1.0 0.0 -1.0 -1.0 397299.188095 1272784.54797 246701.374004 403854.370509 79828.245315 45660.8996733 53402.2287197 97875.8926926 147610.153217 31641.1198998 69617.4917865 15006.76488 9255.99373842 8901.36644874 11896.3807775 36744.5307983 101164.974881 184744.885515 454525.20972
89500.8406234 94475.7857985 333145.60268 249234.617131 257846.484546 107096.69407 115714.550691 6301.103139 -1.0 -1.0 -1.0 -1.0 -1.0 -1.0 -1.0 -1.0 -1.0 -1.0 -1.0 -1.0 -1.0 -1.0 -1.0 -1.0 -1.0 -1.0 -1.0 -1.0 -1.0 -1.0 -1.0 -1.0 491535.910932 478110.584803 722150.645921 858677.949741 519919.613005 188622.055039 0.0 25745.0837565 -1.0 -1.0 -1.0 -1.0 -1.0 -1.0 -1.0 -1.0 -1.0 0.0 102335.267012 312404.319599 214592.579201 6414.3832203 -1.0 -1.0 185684.567673 1108247.94291 242521.14112 83019.5559818 33042.2128908 20858.0254319 16862.7201473 12466.7686681 6371.29116142 56384.3091374 10135.2014659 4690.93027931 716.70004557 871.051465613 1406.5965573 49707.4302053 105134.617381 64258.470261 208975.165419
29858.270017 75016.1419573 177630.03054 238838.206457 47366.9720062 122991.891176 43378.4035894 667.01625312 -1.0 -1.0 -1.0 -1.0 -1.0 -1.0 -1.0 -1.0 -1.0 -1.0 -1.0 -1.0 -1.0 -1.0 -1.0 -1.0 -1.0 -1.0 -1.0 -1.0 -1.0 -1.0 -1.0 -1.0 -1.0 -1.0 72335.3814269 0.0 -1.0 -1.0 -1.0 -1.0 -1.0 -1.0 -1.0 -1.0 -1.0 -1.0 -1.0 -1.0 -1.0 35054.936848 93177.9852759 47336.8175924 162096.853953 -1.0 -1.0 -1.0 98721.924196 727773.400072 229255.753139 139116.014175 32825.4958613 37891.8537523 14684.055103 4627.60713891 4024.61794091 2428.22552757 57994.2554672 3005.44834181 1201.09177406 612.983951573 819.597526777 3539.11777025 39230.306019 17265.1755 67681.8442852
20912.2345123 38726.3259515 70271.5064491 77210.250076 149962.787793 19086.8534443 -1.0 -1.0 -1.0 -1.0 -1.0 -1.0 -1.0 -1.0 -1.0 -1.0 -1.0 -1.0 -1.0 -1.0 -1.0 -1.0 -1.0 -1.0 -1.0 -1.0 -1.0 -1.0 -1.0 -1.0 -1.0 -1.0 -1.0 -1.0 -1.0 -1.0 -1.0 -1.0 -1.0 -1.0 -1.0 -1.0 -1.0 -1.0 -1.0 -1.0 -1.0 -1.0 -1.0 -1.0 -1.0 -1.0 -1.0 -1.0 -1.0 -1.0 111865.3119 393238.002148 110305.37182 25515.6764819 18175.9881262 7192.45086975 5360.02571812 7835.20933129 4782.47956873 3923.54342241 8661.57315694 8966.18698785 2686.19959303 5515.45333724 544.686408419 1272.7777335 7334.95710712 29164.6349508 39225.6927537
2447.33903135 1687.93870273 3093.81874556 5521.80503511 80113.619156 51637.4306705 20988.4332751 4483.38801661 -1.0 -1.0 -1.0 -1.0 -1.0 -1.0 -1.0 -1.0 -1.0 -1.0 -1.0 -1.0 -1.0 -1.0 -1.0 -1.0 -1.0 -1.0 -1.0 -1.0 -1.0 -1.0 -1.0 -1.0 -1.0 -1.0 -1.0 -1.0 -1.0 -1.0 -1.0 -1.0 -1.0 -1.0 -1.0 -1.0 -1.0 -1.0 -1.0 -1.0 -1.0 -1.0 -1.0 -1.0 -1.0 -1.0 -1.0 104681.64768 1115618.38599 294439.088406 155723.592243 15095.7525275 8965.81405237 7912.49988674 3237.1471059 2745.71941462 2935.80849266 1057.2158115 681.4390077 265.364072077 378.00891258 1440.13589577 7139.94475298 3301.14345132 2429.22320344 33802.5246912 26108.1720815
0.0 99.55429605 350.907745303 351.405600252 1494.85828221 153269.569284 38791.6729526 16645.0792197 106.978009586 -1.0 -1.0 -1.0 -1.0 -1.0 -1.0 -1.0 -1.0 -1.0 -1.0 -1.0 -1.0 -1.0 -1.0 -1.0 -1.0 -1.0 -1.0 -1.0 -1.0 -1.0 -1.0 -1.0 -1.0 -1.0 -1.0 -1.0 -1.0 -1.0 -1.0 -1.0 -1.0 -1.0 -1.0 -1.0 -1.0 -1.0 -1.0 -1.0 -1.0 -1.0 -1.0 -1.0 -1.0 -1.0 -1.0 1781703.1793 611035.058205 201614.972966 14819.5827877 3871.10622195 2482.56015975 2987.38363448 1338.93214647 343.073302252 662.90048301 1199.25970053 536.43723924 317.231240227 238.66034379 455.929932967 847.062470347 7347.64803801 20057.0696871 22608.889248 16652.0173905
0.0 0.0 0.0 125.757494184 0.0 15832.0947382 25134.2521022 5621.8492535 3493.83218852 14348.9500631 24683.5785725 63686.0517981 136577.517469 23807.1227802 -1.0 -1.0 -1.0 -1.0 -1.0 -1.0 -1.0 -1.0 -1.0 -1.0 -1.0 -1.0 141562.549332 59197.9474616 223182.28062 52970.4268998 34497.3818988 815.916467653 -1.0 -1.0 -1.0 -1.0 -1.0 -1.0 -1.0 -1.0 -1.0 -1.0 -1.0 -1.0 -1.0 -1.0 -1.0 -1.0 -1.0 -1.0 -1.0 -1.0 -1.0 -1.0 228519.093672 494320.1674 805465.055458 237473.162193 483343.245674 6358.9913295 2312.1987094 396.2610489 301.812762112 347.21988525 642.1024782 816.38216358 271.872074058 488.32039464 315.7922745 173.11401993 1043.07622864 479.60451 2526.70758239 30234.3786281 23710.424363
0.0 0.0 0.0 0.0 0.0 2341.37291369 3230.33003636 2173.21810341 2687.48205517 14334.4453382 144128.126726 215309.185937 126855.367414 17036.2243659 39007.6071021 10003.4756057 -1.0 -1.0 -1.0 -1.0 -1.0 -1.0 -1.0 -1.0 -1.0 109709.999723 237037.039621 15547.8250636 12585.5762975 31455.9795561 17593.8539268 11856.8909202 10809.5528901 -1.0 -1.0 -1.0 -1.0 -1.0 -1.0 -1.0 -1.0 -1.0 -1.0 -1.0 -1.0 -1.0 -1.0 -1.0 -1.0 -1.0 -1.0 -1.0 -1.0 -1.0 241105.439525 331486.367642 1582723.66211 16320.56478 10992.8461046 1301.9514372 1298.5444546 238.319555175 480.238970107 1069.27775068 1262.90153791 708.48377376 786.91995693 531.03122016 387.27066096 193.88755188 268.503196552 713.402478847 651.22630239 29382.1464874 15835.9997655
0.0 0.0 0.0 0.0 388.941108526 246.286750935 3890.86387334 13292.6854909 12202.1722561 6141.06132971 6984.63821777 4299.33983419 3380.1371657 7392.34202629 3418.34006239 4692.49004281 0.0 -1.0 -1.0 -1.0 -1.0 -1.0 -1.0 -1.0 2916.47413364 74268.3284532 18857.8278715 6229.48049633 3032.21655907 2676.17064775 431.74642056 369.076514818 1409.50925113 2344.58301608 3756.46801238 14438.1669821 73022.3895058 0.0 -1.0 -1.0 -1.0 -1.0 -1.0 -1.0 -1.0 -1.0 0.0 24755.9258574 -1.0 -1.0 -1.0 -1.0 -1.0 -1.0 651189.456646 463336.741125 834998.851575 6414.30893942 1255.35905291 1407.22980406 3889.10993307 2204.38740431 443.13971709 0.0 0.0 157.468826707 2402.27079624 646.14083568 209.21427072 342.900512842 579.4901415 290.453938725 289.39419228 11033.3204168 12477.2020098
0.0 0.0 74.7720624 0.0 0.0 1007.90396747 454.521343084 0.0 163.786276962 259.059794189 274.234682529 1955.98130049 4151.05925715 1432.04829594 0.0 1658.1510824 1969.3538786 4511.29814669 5490.40522034 2389.07935365 -1.0 -1.0 -1.0 -1.0 -1.0 3386.08189969 1265.83462039 893.677681486 0.0 0.0 0.0 0.0 0.0 0.0 0.0 0.0 0.0 0.0 0.0 1072.93571388 0.0 2480.8167972 0.0 -1.0 89194.2317552 122523.090589 143967.259864 125839.990407 93677.7228504 53482.9044667 26703.1495585 37773.292392 140866.803304 168671.17321 137862.358388 225161.545117 243543.00259 1751.03954356 1001.76889031 2575.88483296 2369.39276759 5710.3594578 3554.04893017 1945.84279018 50.624110548 0.0 0.0 587.70140004 1576.59577472 402.71003244 431.04536475 415.60294041 244.40376456 102.282839302 4313.31162862
0.0 0.0 0.0 0.0 0.0 0.0 0.0 0.0 0.0 0.0 74.00989311 2844.38874964 870.833794689 0.0 0.0 0.0 0.0 1000.57509841 1258.42490077 1638.89448307 2742.06593002 2884.97079196 -1.0 -1.0 563.611661508 3741.2415268 625.116311466 0.0 0.0 0.0 0.0 0.0 113.376779623 0.0 0.0 0.0 0.0 0.0 0.0 0.0 0.0 0.0 61.2805500615 6737.35852098 51025.7906741 117326.408291 227943.794315 218502.57163 303432.061596 85564.822288 632.513810197 0.0 0.0 3873.5241795 3550.52314575 12315.4505131 13228.4298269 1389.04549429 1349.27327619 668.00435271 0.0 0.0 2960.30048436 4198.19099737 318.4475904 0.0 1945.54314751 1531.11352486 1197.993792 1163.0786625 744.608855805 190.72718037 135.007779571 89.457981459 116.25891659
0.0 0.0 0.0 176.645344497 0.0 0.0 0.0 87.2490028965 89.3772091125 93.902414802 0.0 0.0 230.350754991 178.545845151 0.0 0.0 0.0 0.0 0.0 0.0 0.0 431.357737998 1353.99874617 2189.41394924 2454.33418432 660.87431697 0.0 0.0 0.0 0.0 0.0 0.0 62.658520485 0.0 0.0 0.0 0.0 0.0 0.0 0.0 0.0 0.0 0.0 0.0 0.0 0.0 235340.018691 678520.601348 120955.617089 106238.490414 12271.1765999 0.0 0.0 0.0 0.0 2694.6125535 1983.76968314 172.18007352 467.666480467 882.59008122 0.0 0.0 0.0 0.0 266.46545254 1456.29074642 1008.592767 1412.59768813 1545.43983552 1255.49708823 637.00724592 1627.3040832 691.011992318 137.700267765 185.469422589
0.0 0.0 0.0 0.0 0.0 0.0 285.476696629 1021.48797608 246.757428084 0.0 0.0 0.0 0.0 307.569645339 0.0 0.0 0.0 0.0 0.0 0.0 198.639205489 0.0 0.0 0.0 0.0 0.0 0.0 0.0 0.0 0.0 0.0 0.0 0.0 0.0 460.002372912 0.0 0.0 0.0 0.0 0.0 0.0 0.0 0.0 0.0 0.0 0.0 3462.7594821 287884.908909 0.0 0.0 0.0 0.0 0.0 0.0 14752.229887 3663.6022374 2623.9903917 432.90049005 1691.23832586 749.9153388 0.0 0.0 0.0 0.0 0.0 4637.10701696 1031.45754348 2206.48704783 1936.49801987 2535.08319997 1472.97959428 1156.89843852 855.35827485 111.038555768 92.6592769237
0.0 0.0 0.0 0.0 261.909784597 0.0 569.139965527 784.69052805 793.283696205 323.975378265 312.03800472 51.2187781237 0.0 0.0 0.0 431.6264154 3884.77631539 1107.79693234 0.0 0.0 206.035488612 0.0 0.0 0.0 0.0 0.0 0.0 304.426688906 0.0 0.0 0.0 0.0 37.731670935 0.0 0.0 0.0 0.0 0.0 0.0 0.0 0.0 0.0 0.0 0.0 0.0 0.0 530301.435287 716060.303938 0.0 0.0 0.0 0.0 0.0 0.0 21840.6609571 31447.8209664 8923.5098463 4276.20298307 0.0 0.0 0.0 0.0 0.0 0.0 102.671294459 2054.9271141 1667.7614856 2177.4976587 3237.09984037 4695.2376282 2894.05712145 2649.9058773 1501.3846125 643.664852738 1589.53978003
0.0 0.0 0.0 358.393999563 618.113334667 420.740345475 469.915623435 236.145383977 1371.4875004 2567.21795329 2926.95522368 874.638351337 0.0 0.0 219.001871109 340.44129327 2096.37224653 576.38339712 864.74562972 0.0 496.641660075 690.988010595 0.0 0.0 143.982912405 0.0 0.0 0.0 0.0 0.0 0.0 0.0 0.0 0.0 0.0 0.0 0.0 0.0 0.0 0.0 0.0 0.0 0.0 0.0 0.0 0.0 764886.85845 28087.7036203 0.0 0.0 0.0 0.0 0.0 0.0 16634.5718035 52045.3324854 31155.4487616 22148.9963388 0.0 0.0 0.0 0.0 0.0 0.0 2393.51730307 1215.36387044 1820.9792853 2492.473599 1788.8649534 3119.04952358 3377.2864626 2398.61624227 2884.6738158 2140.78842885 986.8760175
0.0 0.0 0.0 0.0 241.809117 0.0 0.0 0.0 0.0 0.0 281.256053925 0.0 0.0 0.0 0.0 0.0 0.0 0.0 0.0 183.960869173 0.0 130.857099272 0.0 0.0 0.0 0.0 56.566469232 0.0 0.0 0.0 0.0 0.0 0.0 0.0 0.0 0.0 0.0 0.0 0.0 0.0 0.0 0.0 0.0 0.0 0.0 0.0 498310.035899 0.0 0.0 0.0 0.0 0.0 0.0 0.0 0.0 21248.04936 30502.7227597 11324.0049547 3527.31693312 4130.07409168 1825.56089273 0.0 94.162010643 0.0 1549.30857637 1706.53636065 1760.30361375 2799.77919 2195.14553295 1804.48606308 3861.57042227 3206.699523 1062.2078792 2098.7631456 1015.1188257
0.0 0.0 0.0 0.0 0.0 0.0 0.0 0.0 0.0 0.0 0.0 0.0 441.397742187 3839.48981077 245.099036029 518.540684515 76.8698494162 163.32388506 0.0 0.0 96.01373232 228.18163677 0.0 0.0 0.0 0.0 0.0 0.0 322.31083572 365.022131964 0.0 0.0 0.0 0.0 0.0 0.0 0.0 0.0 0.0 0.0 0.0 0.0 0.0 0.0 0.0 0.0 674757.424413 0.0 0.0 0.0 0.0 0.0 0.0 0.0 0.0 1944.68339295 35331.150681 29275.871625 35437.268126 6740.1855816 3237.93665055 5259.99912672 4170.10649852 1936.55036318 3134.16367035 4753.96616745 3092.71120676 6703.39522418 4765.06977792 6800.51984235 2800.69694022 3695.1921644 3004.32194152 2853.6341118 2295.08995875
0.0 0.0 0.0 0.0 0.0 0.0 0.0 0.0 0.0 0.0 0.0 428.007774186 160.276965525 491.232204252 614.226044492 0.0 0.0 0.0 0.0 0.0 0.0 0.0 0.0 0.0 0.0 0.0 0.0 0.0 121.198546735 175.532318724 0.0 0.0 0.0 0.0 0.0 0.0 0.0 0.0 0.0 0.0 0.0 0.0 0.0 0.0 0.0 0.0 244607.218881 738055.244376 0.0 0.0 0.0 0.0 0.0 -1.0 -1.0 -1.0 0.0 0.0 33093.191295 25948.8943658 5605.6716576 731.20636935 445.9390848 1462.56093574 5552.70007099 5159.51053695 7668.5662336 19347.701565 13410.2458865 7532.11674173 1582.35913197 7730.71949596 10551.7976619 8461.02784593 2841.00114428
0.0 0.0 0.0 0.0 0.0 0.0 0.0 0.0 0.0 655.609555012 2913.18212258 1454.22259272 1568.44550178 1203.60781629 0.0 0.0 0.0 0.0 0.0 502.634660377 0.0 0.0 0.0 0.0 0.0 0.0 0.0 0.0 337.956326902 182.651085512 0.0 0.0 0.0 0.0 0.0 0.0 0.0 0.0 0.0 0.0 0.0 0.0 0.0 0.0 0.0 0.0 0.0 458397.738375 693264.993523 0.0 0.0 0.0 0.0 -1.0 -1.0 -1.0 0.0 0.0 0.0 30345.196131 49164.3551879 4905.5665599 1081.52841144 1247.65567815 1985.83756125 5253.8433585 8885.71995095 10242.5136218 18569.4853066 8631.61650487 6838.74116268 29281.9049162 65308.3894505 5692.91101105 2625.113667
0.0 0.0 0.0 0.0 0.0 0.0 0.0 0.0 0.0 686.746319955 1094.166527 924.284967625 284.692970084 130.500528368 1258.55889139 380.194299862 152.635102704 0.0 0.0 0.0 0.0 0.0 0.0 0.0 0.0 0.0 0.0 0.0 0.0 0.0 0.0 0.0 0.0 0.0 0.0 0.0 0.0 0.0 0.0 0.0 0.0 0.0 0.0 0.0 0.0 0.0 0.0 0.0 491603.814515 1458715.01609 645502.390324 0.0 0.0 0.0 -1.0 -1.0 -1.0 1125.50177628 0.0 31869.691326 0.0 2446.64476969 17440.9500083 14541.0395475 6636.76221315 6007.96464975 4617.2980134 9781.98667974 5722.42483183 13239.6752609 10199.1952762 16436.7610492 31140.8626168 13115.8736335 56500.096451
0.0 0.0 0.0 0.0 416.060691838 0.0 458.664167097 0.0 0.0 0.0 0.0 0.0 423.562867578 242.878728228 0.0 0.0 0.0 0.0 0.0 0.0 0.0 0.0 0.0 0.0 0.0 0.0 0.0 70.8353785007 0.0 0.0 0.0 0.0 0.0 0.0 0.0 0.0 0.0 0.0 0.0 0.0 0.0 0.0 0.0 0.0 0.0 0.0 0.0 0.0 0.0 0.0 797541.808683 0.0 0.0 0.0 0.0 -1.0 -1.0 -1.0 0.0 9786.3161958 33064.0733025 139483.047913 23901.0225188 10988.750988 7241.3499546 6117.7013604 8339.16765945 6527.2927524 3200.02186755 4258.4811966 8861.53931165 4798.76837616 13552.3830182 50114.5138008 33655.3526833
0.0 0.0 0.0 0.0 287.231759475 0.0 0.0 0.0 0.0 0.0 0.0 0.0 0.0 0.0 0.0 0.0 0.0 0.0 0.0 0.0 0.0 0.0 0.0 0.0 0.0 0.0 0.0 0.0 0.0 0.0 0.0 0.0 0.0 0.0 0.0 0.0 0.0 0.0 0.0 0.0 0.0 0.0 0.0 0.0 0.0 0.0 0.0 0.0 0.0 0.0 393332.699036 0.0 0.0 0.0 0.0 -1.0 -1.0 -1.0 -1.0 4259.8455486 25898.2696125 27679.7429914 22938.2562623 15146.699763 8180.38109625 5346.2590893 8841.37162808 4223.62101361 2276.36431852 1089.87487866 13421.2466253 4028.90734728 1474.53708158 28645.1942368 37534.0208365
927.83946975 2844.85730917 1300.44728835 1006.72217971 0.0 3990.60989808 0.0 0.0 0.0 0.0 0.0 0.0 0.0 0.0 0.0 0.0 0.0 0.0 0.0 0.0 0.0 0.0 0.0 0.0 0.0 0.0 0.0 0.0 0.0 0.0 0.0 0.0 0.0 0.0 0.0 0.0 0.0 0.0 0.0 0.0 0.0 0.0 0.0 0.0 0.0 0.0 0.0 0.0 0.0 0.0 55472.9177218 51188.8218683 0.0 0.0 0.0 0.0 -1.0 -1.0 -1.0 3762.9799674 39612.6573201 61158.2449441 72530.2412966 33817.9163367 33344.8071858 8499.06173303 6108.84207311 1665.05854728 2376.52208687 4502.56245723 5178.95436163 7121.2602192 1270.0923849 8383.47529866 56474.0891175
0.0 0.0 456.68553744 0.0 571.909588965 0.0 0.0 0.0 0.0 0.0 0.0 0.0 0.0 0.0 0.0 0.0 0.0 0.0 0.0 0.0 0.0 0.0 0.0 0.0 0.0 0.0 0.0 0.0 0.0 0.0 0.0 3068.30280262 559.833617521 0.0 0.0 0.0 0.0 0.0 0.0 0.0 0.0 0.0 0.0 0.0 0.0 0.0 0.0 0.0 0.0 0.0 110812.682155 52894.3127028 0.0 0.0 0.0 0.0 0.0 -1.0 -1.0 0.0 2892.37299746 11012.3382618 53884.9859837 27052.9935 15283.9751419 4025.978877 2651.46251333 2215.40167527 1781.98546046 1871.23947066 2142.94444217 4211.62093692 2527.93156568 3765.96210431 4532.88250611
