critload/trunk/input/1999/q.asc
ncols 720
nrows 360
xllcorner -180
yllcorner -90
cellsize 0.5
NODATA_value -9999
[rows 25 to 49 of 360, columns 224 to 279 of 720]
983920916126267.0 1020982014399686.2 609892545794049.5 803365326049519.0 937401001180628.4 567622486405125.2 176099593918729.56 8451210931700.814 10033576760295.508 11362926014426.594 12080351644015.867 13099948390155.416 10418713062543.361 15202206967784.402 10724877564747.264 10628531384069.602 14783588286540.566 10094418770276.4 15443081775578.883 15736752542162.404 11705597772016.342 17073343272295.99 12221801401915.982 12694813273933.56 12560266567345.2 12610057387095.0 12978022459966.457 19259680755887.703 19105924125829.684 13399060117252.898 13646856013240.875 19784167662027.6 20942774984545.945 21976287972105.83 22624677352196.105 22788945815871.953 16638858855141.396 17090119638072.598 17003640657679.973 25969054536970.945 37120588945586.64 26891626540889.54 27411019722900.766 35624167324679.58 37473765195675.65 66814305641243.73 39161119197858.164 48166745035015.79 65787009773272.336 68807948014475.41 71317519699867.4 91970029168892.02 93793300217881.05 105632144003760.72 108994003507572.53 111498151923330.53
1074889220266640.4 1087778716727291.0 541360927882155.56 432282058186698.7 421354783232699.44 72635031060469.6 4980709673680.568 7223763295837.089 10071033232952.578 7031312755776.433 7181458616065.838 7710439536530.498 13661450469425.303 16787258459580.795 14464150837694.58 14673181581076.055 18393544800541.645 14915378628453.299 19409087672776.594 19804124460632.426 21297540093980.645 16501014975703.414 17831400985335.73 18971247945457.01 27727545159673.977 19027873830204.14 32133726157718.965 19573903199900.11 13949280373351.744 20501343444326.484 37024837964312.38 31478691733533.797 32340182581666.16 33277796964323.324 34409389585876.832 35500648667252.32 17255113683126.629 17817095243226.574 18805500098858.29 18813198671986.74 19110506607120.363 19442966068830.844 20125836898048.26 31173781925302.0 32814052876417.21 66606031649093.16 34222906171489.5 46175605511873.42 65835789502441.59 68664878607021.13 72186212490129.52 95283579924945.47 97575581341332.6 110467428473313.02 113113212843748.38 114934297954180.95
1010107506926130.4 961144346689891.6 986597681268452.2 1000667954677612.1 1018410014264506.1 1212248889174459.5 1233575837656377.0 1024288242845751.9 1162933608346079.0 1036816279719003.9 1119068452234976.9 1121581696640887.6 1304582881120694.5 1431623069283906.5 508344182932645.94 436745878695227.9 14962737442653.102 13095706498151.018 21369853721731.227 22366220265826.684 27547683314038.945 16379602416198.709 22385913513576.7 23158984102456.0 34764566737604.508 13098885982399.088 39476445155295.38 13625814964031.033 20823729443552.824 54881277461940.89 39780738301719.57 40968122662698.0 42374799887686.28 43438843517605.75 44924401568151.0 18013949434763.68 47138699560702.9 42122531091234.99 29174983650763.652 43291131134191.586 21043874902885.457 21351758557888.598 31390466243125.504 22613125198261.625 24233940536391.895 64364746694722.26 25107412780302.14 40047469669340.95 63967818208121.94 66231306200564.516 69062787622778.79 95521365851490.98 98237963425930.1 112614670047779.11 115396660558122.16 118278012150488.47
-9999.0 -9999.0 885129176023336.6 -9999.0 -9999.0 -9999 -9999.0 -9999.0 -9999.0 -9999.0 -9999.0 -9999.0 -9999.0 -9999.0 -9999.0 -9999.0 -9999 -9999 -9999 -9999 390479826572404.1 10179580885383.89 34734412137579.387 25518741272272.15 38879229036048.984 12625608004933.709 57651781654025.36 18148077613316.992 65371369454265.38 44333552147523.016 47807218362882.62 49547124403989.445 51463272096199.47 53807450607962.76 25842219500892.605 65286208434685.375 57778028482571.78 20678887088203.527 64248972352087.08 21513509435757.445 23079554661628.535 60632201744849.7 36285220032294.24 24829625438555.273 37015185759643.49 61211537155827.34 53884571731028.984 29401188830676.54 59024149180110.18 60507439251006.1 62937032240672.04 92283436697081.42 96782348990271.38 112487362066049.03 115371438931395.78 120049324508942.2
-9999.0 -9999.0 -9999.0 -9999.0 -9999.0 -9999.0 -9999.0 -9999.0 -9999.0 -9999.0 -9999.0 -9999.0 -9999.0 -9999.0 -9999.0 -9999.0 -9999.0 -9999.0 -9999 -9999 1390041875793651.8 1556741483024863.5 611623824286802.2 31512631432391.586 38771639659016.94 57685375449885.86 26092032184948.24 66343033428039.94 48125331193493.86 50474418753507.28 54694784598566.37 58481368565509.89 60993580131365.94 38910312828767.48 28236319752724.887 75966312433481.06 20877687380094.426 81885787298944.05 22764502478008.965 23545186623469.863 84649915286079.86 26263051762553.094 48246728292301.97 85951168628915.52 42585162174134.41 29755586623217.473 46568323285202.87 32874042406263.355 50933755999865.805 52251229270253.28 53770564970083.67 87556005506860.39 91851206254155.89 109913374017003.9 112719351131660.31 116162571313506.45
-9999.0 -9999.0 -9999.0 -9999.0 -9999.0 -9999.0 -9999.0 -9999.0 -9999.0 -9999.0 -9999.0 -9999.0 -9999.0 -9999.0 -9999.0 -9999.0 -9999.0 -9999.0 -9999.0 -9999 -9999 -9999 -9999 -9999 340330621431015.9 24752028571999.473 66971728744810.63 134161345091062.4 89739427262586.28 79323271732872.95 68064316293640.04 48178180739420.69 50658894580909.0 42762917688012.35 29773857596386.312 157894765859552.34 73787198844735.98 24077225660788.023 24892033772669.074 75792789277272.39 38360870930061.125 41560613797220.39 176905881575965.72 77937909767653.28 71660015351693.95 63405637744036.23 52702668126569.21 36804491290445.01 38191110708774.77 39328412783138.42 41059355197284.45 83054590992714.1 86544670772050.86 106296836976613.94 110472076281266.75 112301608383313.19
-9999.0 -9999.0 -9999.0 -9999.0 -9999.0 -9999.0 -9999.0 -9999.0 -9999.0 -9999.0 -9999.0 -9999.0 -9999.0 -9999.0 -9999.0 -9999.0 -9999.0 -9999.0 -9999.0 -9999.0 -9999.0 -9999 -9999 -9999 2514035150859560.5 90239051855978.44 82640100562473.19 13477096323033.398 20718924120637.383 22822029274550.754 25084478620733.152 59661697912850.79 55291357979012.164 44805976613488.8 177059317876001.2 22734362020323.49 24858860319118.215 230343137248709.62 228532118787580.4 228145669454275.53 206184936766039.2 207048309109723.66 139515681610242.33 136870973867157.88 133209362651115.7 129843993863578.05 124646102872425.72 117115062306255.08 108717908410982.67 98776451794170.36 69002295920876.74 71783855403562.67 74325907610985.1 97425406138621.75 100988252860516.75 103185115431364.03
-9999.0 -9999.0 -9999.0 -9999.0 -9999.0 -9999.0 -9999.0 -9999.0 -9999.0 -9999.0 -9999.0 -9999.0 -9999.0 -9999.0 -9999.0 -9999.0 -9999.0 -9999.0 -9999.0 -9999.0 -9999.0 -9999.0 -9999 -9999 1682789355343523.2 1886743591410272.2 630589714420762.4 59339034879018.83 69896195616459.84 68973662645870.78 66894632736113.4 44906304085121.805 57608415049380.23 192351360188322.88 24448186531473.594 25433194039215.902 321453536295109.9 281652881204488.25 126378540219764.69 126066804231426.47 121401843644309.9 117839919470278.44 112480660300072.89 106204277613022.02 99611288491997.1 90307443255564.64 79323892706084.31 65412152598339.76 45980733049785.02 47878070526188.766 50456536833884.66 51947981418539.11 54696172180760.26 84200980803276.89 87231802618445.14 89148164138271.88
-9999.0 -9999.0 -9999.0 -9999.0 -9999.0 -9999.0 -9999.0 -9999.0 -9999.0 -9999.0 -9999.0 -9999.0 -9999.0 -9999.0 -9999.0 -9999.0 -9999.0 -9999.0 -9999.0 -9999.0 -9999.0 -9999.0 -9999.0 -9999 1542738428739498.8 1819427306068822.0 2061609795125082.5 1068003154154709.8 11530984583129.846 25025243182282.785 18252056878805.965 65055756227711.23 345344061685825.8 323067900706380.0 327693377759580.06 331181341309678.6 337905285337172.06 199367860081371.0 133390665172431.4 131050975515902.38 120390980233608.0 115533510338901.6 111199295223591.03 102669890126431.38 93143663510083.2 81907768484116.34 67168571583086.3 47732505959237.586 49227764170372.93 75392693711306.81 77503330929171.44 80804053050300.47 83180049905034.08 61403046650302.82 63931915731126.54 65783192404061.71
-9999.0 -9999.0 -9999.0 -9999.0 -9999.0 -9999.0 -9999.0 -9999.0 -9999.0 -9999.0 -9999.0 -9999.0 -9999.0 -9999.0 -9999.0 -9999.0 -9999.0 -9999.0 -9999.0 -9999.0 -9999.0 -9999.0 -9999.0 -9999 2001203465045060.2 2023139594147149.8 1622030145189021.0 1854016525327544.8 2612424437546028.0 251657696083052.0 336330907823253.9 343519114498909.8 349119775753101.06 24051261210600.57 35569885342423.43 37167481690134.2 40024805883175.56 43280065021159.625 45774196121242.88 34216822886486.438 35226018755749.18 52830990056217.52 39848631054606.0 42158286367275.0 64016623770089.53 46548354735049.71 49159479452978.4 51265902258281.48 282959815102560.0 172577754327489.78 149356349491272.0 116240056414560.11 66085646423858.2 143154519679651.56 70482410283109.0 72484654742369.28
-9999.0 -9999.0 -9999.0 -9999.0 -9999.0 -9999.0 -9999.0 -9999.0 -9999.0 -9999.0 -9999.0 -9999.0 -9999.0 -9999.0 -9999.0 -9999.0 -9999.0 -9999.0 -9999.0 -9999.0 -9999.0 -9999.0 -9999.0 -9999 1907782100808693.8 2014780531366549.5 2311985317386383.5 2434325239852857.0 2173416396441842.5 232397994929979.94 34292421972143.61 407981448184440.44 21635741681027.152 23053517061698.332 24446138281569.758 26348323075825.156 39681686694704.26 30222244371547.008 32554328144355.65 35162880475005.695 96680260106636.23 39228971493922.56 60684093444937.84 116493190706114.95 48341714060230.234 73520454188570.78 77175705592060.73 320308039396810.5 58744471034191.2 62614013393837.97 93539693536519.95 70369557533084.78 187937919933817.1 107379118196352.02 110857942393831.56 163135888954848.03
-9999.0 -9999.0 -9999.0 -9999.0 -9999.0 -9999.0 -9999.0 -9999.0 -9999.0 -9999.0 -9999.0 -9999.0 -9999.0 -9999.0 -9999.0 -9999.0 -9999.0 -9999.0 -9999.0 -9999.0 -9999.0 -9999.0 -9999.0 -9999.0 -9999 -9999 2926313691742307.5 812323770171052.1 -9999 -9999 2515011108174887.5 870402976321863.8 634233031426837.6 635411933085020.9 84518318075650.81 68020631838924.56 51045398808318.0 43493973353460.836 48287259358028.375 139885743692619.55 38500848084055.51 59175279082514.5 168012603499211.0 46944691085383.836 73009834040340.44 95888885920347.23 362882296182319.94 60388516487336.95 92255006597228.81 175111884590400.0 71654176285273.11 256581815522529.97 166122790848612.03 170629765704198.56 216452874079633.12 222842430634464.0
-9999.0 -9999.0 -9999.0 -9999.0 -9999.0 -9999.0 -9999.0 -9999.0 -9999.0 -9999.0 -9999.0 -9999.0 -9999.0 -9999.0 -9999.0 -9999.0 -9999.0 -9999.0 -9999.0 -9999.0 -9999.0 -9999.0 -9999.0 -9999.0 -9999.0 -9999 2250099022498845.0 2174437311321460.5 -9999 -9999 2473531161500084.5 2522219480343272.5 2488728965294217.0 3364268948518550.5 3094604564584793.0 18291881539591.418 26087377859987.707 28930999080032.254 178344427104520.22 35276875854636.336 54267095302381.92 214920416867516.44 44991230546606.555 71695135839044.34 93552573947943.81 410869600112577.4 61009064713976.82 93009594606568.05 258218449398598.8 75196116622056.44 317418248396463.75 216597115570799.03 224413813796449.22 267715925784515.44 274914831633925.5 314935144383388.44
-9999.0 -9999.0 -9999.0 -9999.0 -9999.0 -9999.0 -9999.0 -9999.0 -9999.0 -9999.0 -9999.0 -9999.0 -9999.0 -9999.0 -9999.0 -9999.0 -9999.0 -9999.0 -9999.0 -9999.0 -9999.0 -9999.0 -9999.0 -9999.0 -9999.0 -9999.0 -9999 -9999 2994918907176270.5 2945670329839275.0 2769592691805660.5 2501823755774880.0 2314666981144215.0 2241867946936140.2 2256907451965380.0 3285048963726000.0 807288719160717.1 111271648730908.5 28675499334003.45 73138646541600.0 229042259788185.0 41625128916860.85 45175180694704.195 91450021817696.84 448961141680906.5 59816589399129.15 95097024387108.9 326480279814715.5 76715410514819.86 374249688821041.5 261645635667771.0 273295156926114.03 317178993182823.0 323633021189022.0 362182511372728.44 343885726094202.0
2505256764502428.0 -9999 -9999.0 -9999.0 -9999.0 -9999.0 -9999.0 -9999.0 -9999.0 -9999.0 -9999.0 -9999.0 -9999.0 -9999.0 -9999.0 -9999.0 -9999.0 -9999.0 -9999.0 -9999.0 -9999.0 -9999.0 -9999.0 -9999.0 -9999.0 -9999.0 -9999 -9999 961508048913307.2 3601465575803075.5 3203533514696486.5 3089683355160448.0 3054405709218345.0 2514186791432538.5 2261991465183566.5 2771493960457948.0 3457025571993853.0 995166138936097.5 51480369148653.19 231109515562119.25 36554358929730.836 41470926425729.72 67931420058578.125 482306028360514.44 58785903172269.39 94250966951568.5 386902537157836.06 76493875127209.17 429910921192482.4 306165418477421.4 324665086559106.25 367180077584430.0 378485535860505.25 414490625532515.0 397228072416280.2 402638794446902.0
2877754393338556.5 -9999.0 -9999.0 -9999.0 -9999.0 -9999.0 -9999.0 -9999.0 -9999.0 -9999.0 -9999.0 -9999.0 -9999.0 -9999.0 -9999.0 -9999.0 -9999.0 -9999.0 -9999.0 -9999.0 -9999.0 -9999.0 -9999.0 -9999.0 -9999.0 -9999.0 -9999 -9999 3659418853494488.5 3771764647189500.0 3486315784131250.5 1923539419812488.5 -9999 -9999 1936812469791840.0 1967626146720694.8 3430117770430046.5 2200448515111872.2 754291504423960.2 27490479443762.668 37931436956017.19 62348896252531.29 498558729793381.5 56537701600598.125 91770290100045.88 442075502078872.25 77162404229131.22 480288450522737.94 346552630109211.1 370369914576820.1 412847198723161.06 427798601151400.6 469982410060511.0 455433173636767.6 460923337978194.8 127591219007534.81
2906866928561117.5 2516194367723587.0 1917490067316210.8 -9999.0 -9999.0 -9999.0 -9999.0 -9999.0 -9999.0 -9999.0 -9999.0 -9999.0 -9999.0 -9999.0 -9999.0 -9999.0 -9999.0 -9999.0 -9999.0 -9999.0 -9999.0 -9999.0 -9999.0 -9999.0 -9999.0 -9999.0 -9999.0 -9999 2587610865320582.5 2606946164501827.0 2168893064587823.8 1347308151054996.0 -9999.0 -9999 1822736138306262.2 1787442609364188.5 2854737728331689.0 3566890599096333.0 1974474203966419.8 1052205723526044.9 50330855179483.47 514653161006001.2 479881918499880.5 501794664701070.0 514279401738208.06 370176016862240.7 372603324441068.25 385900213012161.1 413842314171385.4 463627584829563.44 482552152024050.1 527754346240962.9 518354963518964.06 529217898231567.56 137484701456937.12 695192756245314.0
2624728228590585.5 -9999.0 -9999.0 -9999.0 -9999.0 -9999.0 -9999.0 -9999.0 -9999.0 -9999.0 -9999.0 -9999.0 -9999.0 -9999.0 -9999.0 -9999.0 -9999.0 -9999.0 -9999.0 -9999.0 -9999.0 -9999.0 -9999.0 -9999.0 -9999.0 -9999.0 -9999.0 -9999.0 -9999.0 -9999 1538315399453016.0 1448604676171084.8 1036852653568894.6 1373503733460225.8 1811413865647101.8 2109981357520384.8 3143960721505607.5 3729188333412377.0 2282427581143452.0 177509965753064.4 1441708701763975.2 1015483966389831.9 1206523605856896.0 894516535983762.5 941962160851732.9 978025676942090.1 1018571839401600.0 990887507124629.6 950708982538429.6 872781192264797.5 776877505627683.0 640465257419376.2 462323072374378.8 150307599774494.62 818554344333896.9 155066915366482.8
2425852899020014.5 2684073240642886.0 2105586145145874.5 3377626711613448.5 -9999.0 3215865772780787.0 2477417060392613.0 -9999.0 -9999.0 -9999.0 -9999.0 -9999.0 -9999.0 -9999.0 -9999.0 -9999.0 -9999.0 -9999.0 -9999.0 -9999.0 -9999.0 -9999.0 -9999.0 -9999.0 -9999.0 -9999.0 -9999.0 -9999.0 -9999.0 -9999 2028824164635622.5 1950395021964092.5 1203616361983600.0 1373081417023022.8 1574289492761791.2 2336855768288966.5 3123501641058483.0 3956016231859252.0 2890931419274710.5 573182893531477.5 66577532282852.91 51721489952844.64 65332473335981.695 898867416291785.0 662652243014600.1 611163452108266.6 616374389938902.0 452394090895057.1 442389617905600.0 260028883867007.72 215373842746874.66 152521877891445.0 161872337583150.84 905999323288587.1 169011487875058.28 246366110541086.78
3280894884458350.0 3331149734876406.0 3455754708245115.5 3347092283168862.5 3143374543182667.5 3162292352137715.0 2951749935201974.0 3332638093993329.5 2849375208626747.0 -9999.0 -9999.0 -9999.0 -9999.0 -9999.0 -9999.0 -9999.0 -9999.0 -9999.0 -9999.0 -9999.0 -9999.0 -9999.0 -9999.0 -9999.0 -9999.0 -9999.0 -9999.0 -9999.0 2679616382345299.5 2545461140180878.5 2516386492392150.5 2237037775105087.5 1488728237564049.0 1212085437339699.5 1006651529211324.1 1069269270924132.8 3064822461922133.5 4022931153172232.0 4973092019024075.0 1910921101219349.0 225963920126476.22 232789104000861.94 239797874795136.4 261806396209325.03 252737910474269.12 386267408910180.75 115581535643663.98 546893673332476.06 319838201196012.06 285286494264526.2 236481032802615.03 166768776358732.94 1008944754056009.5 176496439627902.5 256983864923737.44 317328415739219.5
2922227073708520.5 5283911695159.318 285203698923247.6 32668169350032.684 53113917728868.195 24072972202697.83 3800800289709595.5 3554826317414263.5 2768969236127461.5 3016525042797000.5 4106570085403189.0 6003954655824804.0 -9999.0 -9999.0 -9999.0 -9999.0 -9999.0 -9999.0 -9999.0 -9999.0 -9999.0 -9999.0 -9999.0 -9999.0 -9999.0 -9999.0 -9999.0 -9999.0 3302284076303536.0 3860799175472782.5 3995351196541181.0 3070283587131725.5 2706150279724443.5 1509284378364541.2 812300123143047.1 1133253026808038.2 3337623092624822.5 4086689000328494.0 5080098267733689.0 3708651005711684.5 2478376882168274.5 434871519684941.06 379867280037812.56 345534769636268.3 221773584541243.4 345383120303918.3 373425477736419.9 139775321859100.73 487781839339169.0 243623835673963.75 170378652512880.0 179482145921784.0 185362730996621.4 1173144721286341.8 334838210036238.9 383798529119188.56
2445778338424833.5 2515345678714961.0 2922020956964751.5 3521945153087672.5 21962093464779.75 29301676247318.7 19116119588261.734 21632241467807.215 4724906538296235.0 5198584062522428.0 5325644854006966.0 6226160115229703.0 6556705477054846.0 6233653712101297.0 -9999.0 -9999.0 -9999.0 -9999.0 -9999.0 -9999.0 -9999.0 -9999.0 -9999.0 -9999.0 -9999.0 -9999.0 -9999.0 -9999.0 3695022464643955.0 3708302302418585.0 3896333507760167.0 3391876444168149.0 2641093226340558.0 2641083850622715.5 1591739800559356.8 2439975705985548.0 3198287980182007.5 4528863667256648.0 5512835224214828.0 3945873811380256.5 1800532706189625.8 372697856652749.6 339018086475235.3 320962095164182.1 361592375741356.4 290313566959923.7 315097032817662.44 337434849986966.4 171487875763902.25 180825998362957.94 380748998782080.0 279640397582175.53 351301884485759.8 197719502561175.03 976002623235344.1 1262237335291558.5
1745986043730006.0 1828516889719971.0 2075603465556652.5 3782491658668592.5 3931763706154620.0 3764160378819630.5 3612874252929673.5 4300048915582212.0 31723727064397.426 44155547753146.78 5470351845390967.0 5899961222079372.0 6212913110586590.0 -9999.0 -9999.0 -9999.0 -9999.0 -9999.0 -9999.0 -9999.0 -9999.0 -9999.0 -9999.0 -9999.0 -9999.0 -9999.0 -9999.0 -9999.0 4185286174383638.0 5419815957144216.0 6476372449075872.0 2777770193428071.0 6339326191911896.0 5462591926984623.0 5617541362176374.0 5475671976486789.0 5410755376656161.0 6406717473331479.0 2806174126937457.0 1124576746970153.4 461019802856934.2 414748529675345.75 455114760117523.6 387374927624965.8 319161785337906.75 341383767257972.7 236849518546461.47 259751141390025.0 268835426086594.53 195068348995219.2 291367933181868.56 487333654038127.8 944894227996432.8 210087968502815.53 199647774997628.84 1287520706508277.5
2521597620578091.0 2837781588796883.0 -9999.0 -9999.0 -9999.0 3034911461053229.5 3813727166425337.5 4510222244920227.0 5001088533319700.0 5293744164183564.0 5039134925186247.0 5546304053004032.0 -9999.0 -9999.0 -9999.0 -9999.0 -9999.0 -9999.0 -9999.0 -9999.0 -9999.0 -9999.0 -9999.0 -9999.0 -9999.0 -9999.0 -9999.0 -9999.0 -9999.0 -9999 7186120926918098.0 7343799962857834.0 6623110799279173.0 6489077933097891.0 5294449464713410.0 6494697897062696.0 7495352347302385.0 3201505681258536.5 659777703354602.2 184895944823408.66 106776869641628.44 423243879795594.5 422699031576648.8 444407433846029.06 363416719874409.7 257447862542531.5 277727545633259.38 531753254396234.25 644161939759657.4 679523136667967.2 770754493244392.4 1203895499076954.2 223001156034120.03 814003902727050.0 282601836401429.3 1724334522480375.2
3871405346077529.5 3051960807159838.0 3287135104286042.0 -9999.0 -9999.0 3700632140536419.5 3541509330850547.5 4124328402540368.0 4201363644091475.0 4911772199526061.0 -9999.0 -9999.0 -9999.0 -9999.0 -9999.0 -9999.0 -9999.0 -9999.0 -9999.0 -9999.0 -9999.0 -9999.0 -9999.0 -9999.0 -9999.0 -9999.0 -9999.0 -9999.0 -9999.0 -9999.0 6974039287647028.0 7252013707313886.0 7012849697936079.0 7233280006805596.0 6561059354640463.0 6413173507272768.0 8163062710916099.0 4431748617672612.0 1824151899480458.8 103661297176302.31 163840318783419.1 126813604712199.98 329084382445422.6 361411664517190.2 396530923953683.44 278077239794838.8 219997080839021.78 505843194880386.6 239943481058108.28 338443705642947.8 344311758215577.6 235348572860724.0 834804453796128.5 3710386727734239.5 4350062695574514.5 1.2816231362000222e+16
