critload/trunk/input/1999/q.asc
ncols 720
nrows 360
xllcorner -180
yllcorner -90
cellsize 0.5
NODATA_value -9999
[rows 130 to 155 of 360, columns 348 to 405 of 720]
0.0 0.0 0.0 0.0 0.0 0.0 0.0 0.0 0.0 0.0 0.0 0.0 0.0 0.0 0.0 0.0 0.0 0.0 0.0 0.0 0.0 0.0 0.0 0.0 0.0 0.0 0.0 0.0 0.0 0.0 7.08397301616e+12 0.0 0.0 0.0 0.0 0.0 0.0 0.0 1.46991167415e+14 1.51577258217e+14 0.0 0.0 0.0 0.0 0.0 0.0 0.0 0.0 0.0 0.0 0.0 0.0 0.0 0.0 0.0 0.0 0.0 0.0
0.0 0.0 0.0 0.0 0.0 0.0 0.0 0.0 0.0 0.0 0.0 0.0 0.0 0.0 0.0 0.0 0.0 0.0 0.0 0.0 0.0 0.0 1.13750038949e+12 0.0 0.0 0.0 0.0 0.0 0.0 0.0 0.0 0.0 3.36081046264e+12 0.0 0.0 0.0 3.01723120558e+13 0.0 1.40062941262e+14 1.08408698208e+14 0.0 0.0 0.0 0.0 0.0 0.0 0.0 0.0 0.0 0.0 0.0 0.0 0.0 0.0 0.0 0.0 0.0 0.0
0.0 0.0 0.0 0.0 0.0 0.0 0.0 0.0 0.0 0.0 0.0 0.0 0.0 0.0 0.0 0.0 0.0 0.0 0.0 0.0 0.0 0.0 0.0 7.80464667875e+13 4.48279821617e+13 0.0 3.15083384847e+13 0.0 0.0 0.0 0.0 0.0 1.61728030501e+13 1.32116732267e+13 0.0 0.0 0.0 0.0 0.0 0.0 0.0 0.0 0.0 0.0 0.0 0.0 0.0 0.0 0.0 0.0 0.0 0.0 0.0 0.0 0.0 0.0 0.0 0.0
0.0 0.0 0.0 0.0 0.0 0.0 0.0 0.0 0.0 0.0 0.0 0.0 0.0 0.0 0.0 0.0 0.0 0.0 0.0 0.0 0.0 0.0 3.01814573295e+13 6.11105074443e+14 2.00122418664e+14 1.85093543717e+13 0.0 0.0 0.0 0.0 0.0 0.0 0.0 0.0 0.0 0.0 0.0 0.0 0.0 0.0 0.0 5.34032319471e+13 0.0 0.0 0.0 0.0 0.0 0.0 0.0 0.0 0.0 0.0 0.0 0.0 0.0 0.0 0.0 0.0
0.0 0.0 0.0 0.0 0.0 0.0 0.0 0.0 0.0 0.0 0.0 0.0 0.0 0.0 0.0 0.0 0.0 0.0 0.0 0.0 0.0 0.0 0.0 2.55315552652e+13 3.34772069771e+12 0.0 0.0 0.0 0.0 0.0 0.0 0.0 0.0 0.0 0.0 0.0 0.0 0.0 0.0 0.0 0.0 8.88178590082e+13 0.0 0.0 0.0 0.0 0.0 0.0 0.0 0.0 0.0 0.0 0.0 0.0 0.0 0.0 0.0 0.0
0.0 0.0 0.0 0.0 0.0 0.0 0.0 0.0 0.0 0.0 0.0 0.0 0.0 0.0 0.0 0.0 0.0 0.0 0.0 0.0 0.0 2.903270269e+11 0.0 0.0 0.0 0.0 0.0 0.0 0.0 0.0 0.0 0.0 0.0 0.0 0.0 0.0 0.0 0.0 0.0 0.0 0.0 0.0 0.0 0.0 0.0 0.0 0.0 0.0 0.0 0.0 3.05319152807e+13 0.0 0.0 0.0 0.0 0.0 0.0 0.0
0.0 0.0 0.0 0.0 0.0 0.0 0.0 0.0 0.0 0.0 0.0 0.0 0.0 0.0 0.0 0.0 0.0 0.0 0.0 0.0 1.98991991798e+13 5.54831204911e+13 0.0 0.0 0.0 0.0 0.0 0.0 0.0 0.0 0.0 0.0 0.0 0.0 0.0 0.0 0.0 0.0 0.0 0.0 0.0 0.0 0.0 0.0 0.0 0.0 0.0 0.0 0.0 8.05608731901e+13 0.0 0.0 0.0 0.0 0.0 0.0 0.0 0.0
0.0 0.0 0.0 0.0 0.0 0.0 0.0 0.0 0.0 0.0 0.0 0.0 7.15812823356e+12 0.0 6.77336047806e+13 5.87113178726e+12 1.09163771911e+13 6.28991418105e+12 7.92700106456e+13 7.18193706449e+13 2.51681427655e+13 6.62425071409e+13 5.04616900489e+13 3.48532187152e+13 3.74029491722e+13 3.01957754321e+13 5.43599849838e+11 0.0 0.0 0.0 0.0 0.0 0.0 0.0 0.0 0.0 0.0 0.0 0.0 0.0 0.0 0.0 0.0 0.0 3.02772427858e+13 0.0 0.0 2.79644982818e+14 2.94349069845e+13 0.0 0.0 0.0 0.0 0.0 0.0 0.0 0.0 0.0
0.0 0.0 0.0 0.0 0.0 0.0 0.0 0.0 0.0 0.0 7.32889412077e+13 8.63766786065e+14 1.4374262808e+14 1.23909297561e+14 0.0 5.68467839865e+13 3.80421021114e+13 6.7442263422e+13 2.94054890845e+14 2.49555395222e+14 6.62758441705e+13 1.00445629499e+14 1.3150745309e+13 7.05421239253e+13 8.11266893673e+13 7.37864392775e+13 7.5122580055e+13 1.543325046e+13 1.85561359485e+13 0.0 0.0 7.74170070302e+12 0.0 0.0 0.0 0.0 0.0 0.0 0.0 0.0 0.0 0.0 0.0 0.0 1.44096397399e+13 0.0 3.09705983887e+14 5.41411822267e+13 7.9219578283e+14 0.0 0.0 0.0 0.0 0.0 0.0 0.0 0.0 0.0
0.0 0.0 0.0 0.0 0.0 0.0 0.0 0.0 0.0 0.0 2.96023788004e+14 4.91356341392e+14 1.00092268167e+15 3.68513499561e+14 2.69174823961e+14 3.93761153492e+14 1.80301637565e+14 4.81244161398e+14 1.85550159764e+14 2.71205152881e+14 5.23649862161e+14 6.24095871341e+13 1.75506750972e+14 1.07904997581e+14 3.53456380307e+13 1.58244697125e+14 1.30291053746e+14 3.5601148399e+13 5.63900646188e+14 0.0 0.0 0.0 0.0 0.0 0.0 0.0 0.0 0.0 0.0 0.0 0.0 0.0 0.0 0.0 0.0 0.0 7.62729968887e+14 2.97589180729e+13 4.94159931542e+14 0.0 0.0 0.0 0.0 0.0 0.0 0.0 0.0 0.0
1.63068765494e+14 2.01924156751e+14 2.02050783279e+14 0.0 0.0 0.0 0.0 1.62712733545e+12 8.26312181815e+13 0.0 3.14184649279e+14 3.41320107656e+14 4.82072126718e+14 0.0 1.52262142098e+14 2.31708128275e+14 2.66340749149e+14 3.53651033731e+14 4.43458634448e+14 6.47800032131e+14 7.12250594143e+14 7.22023726347e+13 2.04540542059e+13 1.26355070182e+14 4.62443386206e+13 8.87990798985e+11 2.06046879856e+14 7.78725798621e+13 7.14631642764e+14 4.12235547458e+12 2.049958833e+14 0.0 0.0 0.0 0.0 0.0 0.0 0.0 0.0 0.0 0.0 0.0 0.0 0.0 0.0 0.0 0.0 0.0 5.34360434995e+13 0.0 0.0 0.0 0.0 0.0 0.0 0.0 0.0 0.0
2.20953267511e+14 2.1734237518e+14 2.30946793644e+14 1.53037002846e+14 2.53035836389e+14 5.25315328557e+14 0.0 9.36782575041e+13 4.34313600961e+13 0.0 0.0 4.94555412741e+14 1.17125260308e+15 7.49382631978e+14 0.0 4.0910275113e+13 1.76656928977e+14 5.90451828999e+14 5.91524652293e+14 4.37157369858e+14 4.83767215188e+14 4.45832206088e+14 6.76053425668e+13 9.37124371606e+13 6.22858784499e+13 8.12929803894e+13 4.42612955862e+13 6.1412552428e+14 8.74958874067e+14 9.85334822361e+14 0.0 4.49493857363e+14 2.78551482917e+13 0.0 0.0 0.0 0.0 0.0 0.0 0.0 0.0 0.0 0.0 0.0 0.0 0.0 0.0 0.0 0.0 0.0 0.0 0.0 0.0 0.0 0.0 0.0 0.0 0.0
2.59123239869e+14 2.57561594702e+14 3.50780349414e+14 3.67768804705e+14 3.40449243258e+14 8.98495527691e+14 7.02187826191e+14 3.21393512121e+14 2.15795201961e+14 1.68210845221e+15 5.93830486184e+14 2.04277716802e+14 7.38942748569e+14 0.0 6.26053503882e+14 8.45312087184e+14 9.7806823397e+13 5.82129743606e+14 4.57342676258e+13 7.72428398103e+13 2.37467029862e+14 3.40872820676e+14 1.9107866753e+14 4.23077280728e+13 4.41832121951e+13 3.42360616285e+13 0.0 7.33905011354e+14 1.34811778254e+15 1.76413427853e+15 1.67192300999e+15 2.37342441443e+13 1.91921634996e+14 1.17170410892e+14 0.0 0.0 0.0 0.0 0.0 0.0 0.0 0.0 0.0 0.0 0.0 0.0 0.0 0.0 0.0 0.0 0.0 0.0 0.0 0.0 0.0 0.0 0.0 0.0
3.33577609726e+14 4.74798159551e+14 4.45424787034e+14 4.62087950715e+14 4.59909111284e+14 4.34678726859e+14 3.55527074227e+14 2.42512432032e+14 7.8918233888e+14 3.45915517125e+14 2.71607664155e+14 2.44024072777e+14 1.19003078337e+15 1.0555205907e+15 1.06149104897e+15 1.18173579649e+15 3.39280138801e+13 2.46584646756e+14 3.59556138867e+14 2.53139927063e+14 0.0 7.25188922963e+14 0.0 0.0 0.0 0.0 3.09378022689e+14 1.19433685567e+15 1.67136698952e+15 2.01803521543e+15 7.3648219136e+14 6.08199466608e+13 2.3415256778e+14 2.18003574496e+14 2.20721733336e+14 1.40486141915e+14 1.15709409101e+14 2.01365093933e+14 1.8266154935e+14 1.16402944257e+14 9.0421374216e+13 0.0 0.0 0.0 0.0 0.0 0.0 0.0 0.0 0.0 0.0 0.0 0.0 0.0 0.0 0.0 0.0 0.0
6.65200619266e+14 7.436721001e+14 6.65829184248e+14 0.0 0.0 0.0 0.0 0.0 0.0 0.0 9.97952593777e+13 3.2347637469e+14 1.4696601591e+15 1.44529995814e+15 1.29434398232e+15 5.95466275823e+14 6.38486863683e+14 1.18641981713e+15 6.7553256056e+14 0.0 0.0 2.9093842998e+14 0.0 7.18653728768e+14 8.88252966535e+14 7.2872646979e+14 5.35473072899e+14 1.28408565567e+15 1.87453651235e+15 2.42604031576e+15 1.62178067848e+15 5.9304542317e+14 2.82493080872e+14 1.92772121042e+14 1.44261367765e+14 1.45962266961e+14 1.24531857281e+14 4.16308766482e+14 5.19163352927e+14 4.10212820481e+14 2.71309148631e+14 2.24269058671e+14 2.15951048304e+13 0.0 3.42764504212e+14 2.6835429575e+13 0.0 0.0 0.0 0.0 0.0 0.0 0.0 0.0 4.51147333058e+13 5.26365046831e+13 4.34366465363e+13 6.74143032189e+14
0.0 0.0 0.0 0.0 0.0 0.0 0.0 2.39512029104e+13 1.28977303661e+14 0.0 0.0 8.59626539483e+14 3.57224373659e+14 1.20152786496e+15 7.73284554774e+14 1.12586733171e+13 5.51746277835e+13 2.27407977678e+14 1.48859006154e+14 1.43428588223e+14 1.2705058397e+14 9.10132483525e+13 1.42915404264e+14 1.74774744341e+14 6.3567744116e+14 1.00328553476e+15 6.59977571775e+14 1.53094616137e+15 2.07535471981e+15 1.05513965707e+15 1.35621000307e+15 3.40247736376e+14 2.58728474929e+14 1.8164081052e+14 1.60059866128e+14 2.34157623617e+14 3.07880036128e+14 8.98037399797e+14 7.71867293734e+14 6.67294417611e+14 5.35327113194e+14 5.66389077185e+14 1.94894030845e+14 0.0 0.0 4.17744782646e+14 0.0 3.32214118115e+14 1.31790089435e+14 1.41581255671e+14 3.78538942917e+14 2.6588469489e+14 5.5656444878e+14 4.93979506457e+13 6.37344881964e+14 9.15145662036e+14 1.17165187574e+15 1.51856910995e+15
5.79594240197e+13 2.60513995969e+13 0.0 0.0 0.0 0.0 0.0 0.0 0.0 1.05557046686e+14 3.56740888121e+14 0.0 2.52273754265e+14 2.04154715894e+14 2.28098222044e+14 2.17971358008e+14 4.10178494084e+14 1.20114260103e+15 2.99082783409e+14 6.04922856125e+14 4.76472004392e+14 1.86227260593e+14 2.56713933171e+14 2.28321056064e+14 3.04092365221e+14 4.4572382462e+14 7.13930414264e+14 8.22861762749e+14 5.52999996302e+14 1.09944720157e+15 5.56949992946e+14 4.52384011319e+14 3.45597122639e+14 3.7371483486e+14 3.71339601577e+14 3.85597002618e+14 1.22240756994e+15 1.38245298207e+15 9.82351614321e+14 1.12153932796e+15 9.90799543167e+14 1.00272134368e+15 8.61780305952e+14 1.32124359273e+15 1.18695549457e+15 1.14718991041e+15 1.36350450357e+15 7.09121195394e+14 0.0 7.21619108017e+14 8.08525170821e+14 1.3264588605e+15 2.88277613226e+14 0.0 0.0 8.64076945725e+14 1.41732459538e+15 2.08095544027e+15
1.18337276365e+14 1.01207157127e+14 1.3263116085e+14 1.39090865541e+14 0.0 1.44838268664e+15 0.0 0.0 6.07266792966e+14 5.12431372217e+14 7.78655660524e+14 1.93906435586e+15 3.12782385151e+14 7.02566285861e+14 6.84857920018e+14 4.44060245938e+14 1.32999723655e+15 2.76143642272e+15 8.37544928099e+14 1.76436086847e+15 1.21032643059e+14 1.7672144636e+14 1.64986910661e+14 3.25224793874e+14 5.84193872973e+14 6.94114270806e+14 5.69110899366e+14 4.56852306628e+14 3.0443883899e+14 0.0 6.330203884e+14 1.3578551122e+15 6.75435676795e+14 5.84776241162e+14 3.68517504973e+13 1.16079196674e+15 1.62029994861e+15 1.3818446755e+15 1.60216484986e+15 1.51392069118e+15 1.45372212399e+15 6.21830208738e+14 9.89734084954e+14 4.29500850826e+14 1.08009673762e+15 1.38953282207e+15 1.46204765237e+15 9.64076760093e+14 1.22165792066e+15 1.30746874687e+15 1.75522267764e+15 0.0 0.0 0.0 7.00307616727e+14 9.36229591436e+14 1.5900527586e+15 2.02691342596e+15
0.0 1.55778480668e+14 0.0 1.76270698458e+15 1.23132495953e+15 0.0 0.0 1.79165234227e+14 7.07803108772e+14 9.12778069378e+14 1.40093629534e+15 1.51643726122e+15 8.30747762913e+14 1.30949138688e+15 1.27688605282e+15 5.68369567224e+14 8.89679680362e+14 1.50460183199e+15 1.34554808789e+15 5.66330524389e+14 5.28047734523e+14 1.63085897934e+15 1.83327065583e+15 3.64816349489e+14 5.54659054534e+14 5.32012913933e+14 1.5674212064e+14 3.13706361821e+14 3.13339410877e+14 2.19243517786e+14 3.3453545e+14 2.67948158217e+14 3.79984883667e+13 1.71842496418e+13 2.46195022746e+14 1.73884258887e+15 1.45757096977e+15 1.18398215112e+15 1.64666893769e+15 1.83670271907e+15 1.71982283614e+15 1.02957639945e+15 1.80176780641e+15 2.48254091671e+15 1.74980134689e+15 1.40617032916e+15 1.56233032589e+15 1.96437664804e+15 0.0 0.0 4.22455276465e+13 3.76722009527e+13 2.6615804106e+14 6.95026031749e+14 6.58267957261e+14 1.67008804087e+15 2.46467263408e+15 3.13025841875e+14
0.0 0.0 3.96286788639e+14 0.0 1.24743449978e+15 1.97564440003e+15 1.35686814099e+15 5.13448815571e+14 7.04946705358e+14 7.81271460396e+14 1.19633519157e+15 2.07113761196e+15 1.31745898405e+15 3.68845330101e+14 1.3953503706e+15 7.01873436179e+14 1.05185820873e+15 3.28865068434e+14 2.4423542286e+15 9.93024246818e+14 9.59342137667e+14 1.30477112293e+15 2.79659575259e+15 3.30618486471e+14 0.0 0.0 0.0 1.03186208661e+14 4.59807787689e+14 1.37063750659e+15 5.16963056016e+14 3.53966347188e+14 2.28230851543e+14 9.58239930314e+12 7.02532368296e+13 1.90568437969e+15 1.63407670151e+15 1.69065069022e+15 0.0 2.01878385632e+13 9.95561096824e+11 0.0 3.17674326965e+13 6.52169406904e+14 5.7876810891e+13 4.8592407657e+13 6.537588272e+13 8.31659248576e+13 1.20989296015e+14 1.63499648581e+14 3.33786765583e+14 2.91883066723e+14 2.88909387494e+14 2.23945411524e+14 2.19630751089e+13 1.36123688184e+15 4.98604620332e+13 1.80719739105e+13
1.59125252752e+15 0.0 8.00082221037e+14 1.75461316774e+15 1.29228549549e+15 4.58258860662e+14 4.76147625606e+13 1.19817453693e+14 1.08024210998e+14 7.64143030294e+14 3.66807889256e+15 2.03258770083e+15 2.68578781113e+15 7.72969024027e+14 2.44879701952e+15 1.27867027214e+15 1.36581684478e+15 1.3015672324e+15 3.01135150371e+15 2.0156660466e+15 5.9182636351e+14 2.00048532971e+15 2.76396528319e+15 5.28302371087e+14 78774242488.1 0.0 0.0 1.944519399e+14 1.17267382713e+15 9.0974810954e+14 9.40072324935e+14 6.90802244985e+14 6.15959137907e+14 1.03890355626e+14 2.90026830233e+14 1.71839108765e+14 4.79978497367e+13 2.81140005808e+14 2.6178813367e+14 1.93023882782e+14 2.87657688977e+13 4.84117642133e+13 6.84702646672e+13 1.05338687678e+14 1.27185789672e+14 2.06816106757e+14 2.51010730781e+14 2.02171625697e+14 1.92245984858e+14 5.74113200235e+14 3.14394854315e+14 1.66264675283e+14 2.2342668781e+13 1.15434854344e+14 6.3510083663e+14 2.63952727606e+13 8.24612558148e+12 9.30166427077e+14
2.20214357127e+15 2.07018606081e+15 3.5486563518e+15 3.56876931389e+15 1.51229241915e+14 5.95057269317e+13 4.2935389637e+13 3.75111226349e+13 5.66082135905e+15 5.40393775735e+14 5.11697403122e+15 1.93889284545e+15 5.97642309174e+14 2.31635567642e+15 1.9777810817e+15 8.04880823783e+14 2.30761203781e+15 2.04188828674e+15 2.48288051527e+15 1.59430848096e+15 1.5873245901e+15 3.70078539002e+15 1.90657894943e+13 2.88384623725e+15 2.33669449899e+15 4.71993174013e+13 0.0 5.2563055671e+14 6.39763730973e+14 4.38391909026e+14 4.80611080063e+14 1.809333414e+14 1.66946054988e+14 7.85958008443e+13 1.65958656119e+14 3.73391265866e+14 2.90477003154e+14 3.16632853024e+13 0.0 0.0 0.0 1.51045118395e+13 4.66689381504e+13 2.84526297918e+13 1.83160246553e+14 4.66969677613e+14 6.12362995883e+13 3.94385544918e+13 7.62384268311e+13 4.82149786259e+13 2.65701101506e+14 0.0 1.79922732814e+14 1.1917868075e+13 3.48515200699e+13 3.42999537114e+13 2.7807483961e+13 1.33470083872e+13
8.54319392486e+14 1.57383276155e+15 4.85026949124e+14 5.9140967388e+14 3.43099113264e+13 0.0 8.89375353149e+12 0.0 2.58402094216e+13 0.0 1.29437827446e+15 5.14305985635e+14 2.04783488841e+15 2.61362344087e+15 1.23579902159e+14 6.38155079043e+14 2.80089176959e+15 4.72233258052e+14 5.28424481127e+14 6.88158409536e+14 8.52249771963e+14 3.30600216416e+14 4.52109661668e+14 0.0 0.0 0.0 4.21873156714e+14 1.39174511348e+14 0.0 2.13870804586e+15 4.33819976168e+14 2.06871026304e+13 0.0 4.04695193063e+13 0.0 3.50256754131e+14 6.85328688433e+13 3.60570265756e+14 0.0 -9999 0.0 0.0 2.93184831511e+11 8.12898400211e+13 8.25800133488e+14 9.77344843978e+13 4.56635427637e+13 6.01254268282e+12 3.40920824259e+13 0.0 3.01711452796e+14 4.92217064443e+13 6.17923085802e+12 4.67159053828e+13 5.47097894255e+13 3.82912674446e+13 3.4710766528e+13 1.03152238874e+13
1.06810355257e+15 7.33371229091e+14 9.59848278955e+14 6.80480827285e+13 0.0 0.0 2.27150162018e+13 1.34812613022e+13 1.77064399887e+13 5.20344309188e+14 5.40639833629e+14 7.55513151096e+14 5.12797446233e+12 0.0 0.0 0.0 1.2010278875e+15 6.53517372336e+13 8.33056239795e+13 2.09255085344e+14 1.01099145866e+15 2.16233762643e+15 3.39810981668e+15 3.68754919931e+15 1.34599130154e+15 1.1380795859e+14 0.0 0.0 0.0 0.0 1.37791815261e+13 1.91611356627e+13 3.32630762194e+12 1.17220746422e+15 0.0 0.0 0.0 0.0 0.0 0.0 -9999 -9999 0.0 0.0 0.0 5.32957929256e+12 0.0 0.0 2.29268180663e+14 2.70008551198e+13 7.69357360184e+13 5.5554454423e+14 0.0 7.97787380449e+13 7.2335038399e+12 3.2208733381e+13 7.00812994001e+13 1.82801649407e+14
1.93566456786e+15 9.45526770933e+14 5.51837346337e+14 1.4871183644e+12 0.0 0.0 2.49390110889e+13 6.13778916645e+13 3.44978032377e+13 0.0 0.0 0.0 0.0 2.35717000687e+13 0.0 1.33351650865e+13 0.0 2.46739951844e+14 3.48004887742e+13 6.01450557056e+13 4.39830551377e+14 2.567848827e+15 5.90356964073e+15 2.30079284932e+15 3.97850684126e+14 2.59978929663e+14 7.23062794759e+13 3.46028438834e+13 0.0 0.0 8.51693177676e+13 0.0 2.42486935781e+14 0.0 0.0 0.0 0.0 1.34453199956e+13 1.1359799151e+14 0.0 0.0 0.0 0.0 3.1056068976e+13 0.0 0.0 3.60169951609e+15 3.18459555299e+14 0.0 4.71861298792e+13 6.23102994097e+13 1.56294821195e+13 0.0 0.0 6.24555741524e+13 5.86907625892e+14 3.10739702127e+14 3.10881447894e+14
1.64142706236e+15 1.4257094045e+15 5.95033670039e+14 5.87202745667e+14 0.0 4.42267164918e+13 3.37694675004e+13 9.05124415187e+14 8.96109130062e+14 1.59805435699e+14 0.0 4.44815453137e+13 1.82156226708e+14 1.28338473443e+13 1.39998529059e+13 1.16260957428e+13 6.94640510328e+14 2.14721512889e+14 0.0 5.40687364204e+13 4.10654224303e+15 2.99348761506e+15 4.35209814003e+15 2.89741744557e+14 4.37684387636e+14 2.99429944152e+14 0.0 0.0 0.0 0.0 2.79097211498e+14 8.4983194985e+14 5.17744910885e+13 1.23604860782e+15 7.33964412112e+14 2.20758709943e+14 9.52267453537e+13 1.73267741696e+14 2.74701060335e+14 3.26135830254e+14 1.95221519078e+14 5.13420273864e+14 3.31685424079e+14 0.0 7.08468630707e+13 0.0 5.70521645776e+14 0.0 2.0337988502e+13 1.24470115386e+14 1.17147239657e+14 1.515987586e+13 0.0 0.0 1.17716025362e+14 2.12727521101e+14 6.56015402778e+13 1.61469292803e+14
