critload/trunk/input/1999/q.asc
ncols 720
nrows 360
xllcorner -180
yllcorner -90
cellsize 0.5
NODATA_value -9999
[rows 75 to 99 of 360, columns 112 to 167 of 720]
137390117958965.6 167412450474593.47 288534632292023.2 513330617567703.06 1369555501200219.8 2414223539269430.0 7806770549296732.0 8171372529651143.0 1.3780705877699304e+16 1.3716080321641978e+16 1.5732614420304448e+16 1.5493422560189006e+16 1.7000822376939586e+16 1.6697924293769034e+16 1.4427131408404574e+16 6785931117357938.0 4640606119567291.0 2544953429991345.5 2883057453659540.0 477229954291780.94 728343654653228.5 0.0 0.0 25643122202960.78 0.0 23458918062602.05 0.0 59703227973.233604 0.0 0.0 0.0 929133207221390.9 0.0 0.0 599902734514678.4 0.0 0.0 0.0 0.0 87358117883005.03 0.0 990639724989581.2 1292712917383641.8 93094648711596.36 0.0 127656447023.28589 3586693676175877.5 1329155548972304.2 415154585673980.5 2707913132731644.5 2211185726142159.0 0.0 0.0 0.0 2198235895168779.5 832497516689361.0
1280814261069136.5 833442451009909.4 1644545768993190.0 1728816676908490.8 1490099991290843.8 808712852870464.8 3211855908544568.0 5022272307302405.0 1.1495286122488008e+16 1.32820480562827e+16 1.9931373258435196e+16 2.2643217252770508e+16 2.2697513527908904e+16 1.8010504036542306e+16 1.6234489835294768e+16 1.4395382150346068e+16 9638987710703394.0 3621396855487414.5 1642661666118224.0 51138163653314.06 489870350326638.94 0.0 0.0 0.0 0.0 0.0 1507236724905.9858 0.0 0.0 0.0 0.0 1082678866405974.4 0.0 0.0 0.0 0.0 0.0 0.0 0.0 647795787382721.1 1320138071743278.0 0.0 0.0 683471074533019.5 49603011488963.99 0.0 17720979229744.332 3102097775803039.0 184194452098018.25 16785498780106.92 1106073532813058.4 526693042984870.8 1281965364847193.0 358982235250910.2 1280843543969364.8 1776422659317483.0
1.2801461679296612e+16 1.3176557266802908e+16 8177065512816447.0 3064612779076890.5 2593367364475324.5 241339786905600.6 1270138615002868.0 2874286857844212.5 6951924242591064.0 8806515044166803.0 1.7137621542800698e+16 1.8440092629515852e+16 2.974459733875972e+16 2.4544766452360584e+16 1.367540252148346e+16 1.2169281800612636e+16 9929511866650098.0 5934021241310102.0 2000352840392355.2 480612251900164.6 1364451803859073.5 0.0 1071839323626904.0 0.0 0.0 0.0 0.0 0.0 1050429106659600.4 0.0 1272005853257054.2 1513450681460672.5 1495336617350898.0 1048067386788392.2 0.0 0.0 0.0 0.0 0.0 22617066889949.38 2773231107744.9097 130962486773276.48 75181399019227.81 2153736026108272.8 0.0 337304722411382.3 65370340564928.625 3016596966620702.5 3648427181216077.5 527919350506532.75 0.0 2191369427222385.8 1377502951422805.5 1872089900486876.8 216528482985033.88 3511666412892071.0
2.2830289196863824e+16 1.954643294097508e+16 1.0696894020431074e+16 9632970624408982.0 4561009550829127.0 1451540896445634.0 781836604494450.0 1187934033864038.0 2709855007679280.5 1452522548209790.5 9200895602584266.0 1.5519132133980808e+16 1.809318812524076e+16 2.089380389820256e+16 1.5280532714118526e+16 5925028561478157.0 7080418811099832.0 8742149602674946.0 5876027477228738.0 743440952123208.0 0.0 348087915689023.94 0.0 242439979986267.06 198329016760743.56 0.0 0.0 0.0 0.0 0.0 928043686344938.0 1298914006053478.0 834476948390918.0 666713337498213.5 0.0 339203005816903.2 0.0 0.0 1588879017811012.0 0.0 0.0 14564374381750.508 2143242340504551.8 0.0 0.0 169565873945961.25 1410255297008352.2 1000299999619990.2 157150362821962.06 2474698286250208.5 0.0 0.0 823600177014169.6 1100437470506499.1 0.0 503992306831180.4
2.9086030530649864e+16 3.05806105315567e+16 2.586990952084678e+16 2.041844702843815e+16 1.0552537141069538e+16 3468201944476723.0 2122731309601941.8 1517177856580680.0 2481848885390513.0 1106297842878529.0 4927519454761911.0 1.311286056147539e+16 1.3667713110943698e+16 1.5395315391355678e+16 1.3655506733050712e+16 1.1167462404621038e+16 6018391223266984.0 8470603488579309.0 6667817582627078.0 4714747369287794.0 0.0 32327094973560.465 0.0 484913338243729.06 0.0 59273085347995.055 1216463191367999.8 0.0 981324671033178.6 947098651334384.9 0.0 0.0 1176484710040652.2 1576481014278012.2 1358800523333672.0 431718594946152.4 108218990655929.22 1201935671318648.5 1932498809104963.5 592985272604728.1 0.0 39898083002553.01 0.0 0.0 0.0 0.0 0.0 15057957447790.611 2331243892695995.0 976434120011523.9 1379764316485028.2 0.0 1687316132660729.5 223760553073950.22 1212096593886921.0 0.0
3.625509078290534e+16 4.741362588215757e+16 4.2129621271199224e+16 3.246184301194957e+16 1.7925283235709184e+16 7694575019659673.0 4179678397144013.0 4149537173580903.0 2176405467016755.0 5576416724859136.0 6747164146157569.0 9089744700498074.0 1.4124120140770152e+16 1.5816601040959898e+16 1.1403413109058508e+16 1.0083535298332978e+16 4934370624665139.0 7819305498758246.0 5096839088142745.0 3436660523854182.5 466178259543326.7 106989534058308.1 1724416195417825.2 1287631180106127.5 0.0 102103051062095.36 74673633595233.8 210816826168673.3 87419489861334.02 108480835111654.39 4413148290582.221 0.0 0.0 0.0 1630606651976079.2 0.0 1592377092191257.5 665156511997199.4 0.0 0.0 132872982440246.78 0.0 0.0 0.0 0.0 0.0 0.0 0.0 1347327299421491.2 0.0 0.0 1699508009046277.0 201520867711493.1 2076032804655616.0 1991076659552809.2 1481946111577451.5
4.5319379874479784e+16 3.5176190673256056e+16 5.111532574068737e+16 3.804572447896334e+16 2.743491661048591e+16 1.620827771762682e+16 1.1981542155316242e+16 4322495041261567.0 1048641498579553.1 2237644221239959.0 2362958822201976.0 4893003325970971.0 9381756833223294.0 1.0521789357353126e+16 9346667003325210.0 5807502718592113.0 1309439931289560.8 2731287458746584.0 2192806079910583.5 4500918692739835.5 5242770588344537.0 53732618521187.41 239491601949991.72 1125327655361380.2 2338516563244.567 63743716780386.555 872380888842406.2 1224881057141484.5 1050551887586696.6 989664333868916.8 0.0 0.0 0.0 0.0 0.0 0.0 1075286679922099.6 887050604556315.4 0.0 0.0 0.0 1834635294348677.2 0.0 0.0 1611037912947.4485 0.0 0.0 0.0 1568662680911.0183 552787905319405.9 102619992994846.92 16617589910228.592 318268018850353.94 2159461124973993.5 2180704612594795.2 66898398451220.07
3.1479186170363904e+16 5.336315863676314e+16 1.0791097751102054e+16 2.001137204026706e+16 2.670320073395251e+16 2.166568500403507e+16 1.5795013431645236e+16 6117501545846477.0 663471857326924.8 710703927871902.6 551383926820823.0 713871858236866.5 2252491749100185.5 6605204252598067.0 8137973830135296.0 3062970223362201.5 662633352507786.2 2363522200063181.0 939212974513873.9 3854133690835814.0 2900307753087897.5 1618404136562949.0 46799876576205.305 1174212321421762.5 1500789823728276.5 1113821869879434.2 123011999864140.81 767229821696593.9 896781715731471.4 144536595450637.8 43251203351559.17 0.0 0.0 0.0 535899012374691.9 0.0 0.0 0.0 0.0 0.0 0.0 0.0 0.0 0.0 1474779961832970.2 460274165054807.06 809403243948687.4 759044231681326.1 471118395906600.94 3144691693880217.5 2381651113215897.5 1726931411222062.0 385604710499097.56 1349828187013125.0 1728569288035322.8 2048023015853875.2
3.395540940449516e+16 4.7338075306551864e+16 3.751443151429929e+16 1.0986147068606758e+16 2.5011457890232584e+16 2.20519630052366e+16 1.3575803901328612e+16 4301188967430036.0 380805393153409.5 63511473008231.73 278673981928508.72 202750925180304.0 1612457416748963.8 2232623274077927.2 2201003814752124.5 2454005652139872.5 665236134620643.0 505047793850981.44 480866241081844.4 0.0 562670522492289.75 1430699230397329.8 268889748299487.44 1039083993398134.2 1093522889359247.1 600382956052764.4 49552789236369.66 0.0 309327523635604.4 84631946864876.31 343855264349534.6 184150004218703.72 381721288196409.4 333901550883559.8 815041889303741.0 0.0 1505051934565924.2 0.0 0.0 1211187091520687.8 1244308557833879.0 1324008060457335.2 0.0 0.0 0.0 1243808346396991.0 0.0 782124135834000.1 819653546672923.8 80662269964171.86 402829539757131.9 3405021751517664.0 8123296687522.499 1853917924291743.2 1126098663073177.5 3254884411418596.5
5.903362467843492e+16 3.671090629268703e+16 1.5119118728992912e+16 1.5498955468510294e+16 2.8283861345682644e+16 2.1780137077240692e+16 9097027278586564.0 947365339142142.6 264926362792278.6 0.0 0.0 0.0 1186764035284075.8 1724749585583434.8 831839024396164.8 750064199359925.6 916773934542740.9 1016506047363742.5 398450938201080.2 0.0 650950008678049.0 146025262865198.53 1085323289371729.1 884739729638950.8 180293641963035.44 1088947760999435.8 1365772691847631.5 0.0 0.0 214655907332632.22 494783559809793.0 1685489435610547.8 650756714549246.6 99529960254516.28 0.0 0.0 11118803350727.578 379574998148313.6 0.0 1526677571934291.2 0.0 0.0 2786333241807707.5 1236316171976183.5 1769002485970284.0 707606042420218.8 0.0 0.0 542732226092144.9 874198807327964.1 475906760310073.75 2793336043139032.5 4053623857908590.0 2028282504478880.8 664686186356924.6 1626632574930641.8
5.897773236435657e+16 3.600309342976722e+16 1.8055213313622804e+16 5427774501983850.0 4.184221968703913e+16 1.974513495783862e+16 4193212550657274.5 292070275827061.6 444427308473240.56 0.0 362218506651718.5 425968376437325.4 2136306746339472.0 4210376805745683.5 743696480457666.8 1500096652693114.2 1171281149896240.5 701909632951765.0 552821617899685.25 59737549310697.12 911633010306448.6 195433627036382.16 1146633950088218.5 147453712551891.38 38016063968401.47 1634034567607009.0 162048726363426.3 1603984698816246.0 1243034712964997.0 2713055472485388.5 2223206253929394.5 1608554712981392.5 1044307755836883.8 4532770552658.329 12149803242246.023 22206931242775.84 0.0 11441546727020.705 2773376651051414.5 0.0 0.0 9292613887750.998 12421188416690.604 0.0 1077184110881064.5 1407095566339005.8 0.0 0.0 0.0 200358200988412.28 367421801721856.8 389577811788705.0 4288994356400041.5 3082622433010589.0 1689696455867098.2 1044764606239569.9
4.427137943995042e+16 3.3528894288445932e+16 2.3867397516296996e+16 2.8093334570383144e+16 3.5309039165965504e+16 1.4333609026075632e+16 2218195398439603.8 122800340494749.67 0.0 125374207738512.83 556689254565988.2 1164510932224306.8 0.0 2736978764385569.5 3841580264310808.5 1636261564572255.5 2227587290391871.2 816623647742053.6 74767027857702.77 557009567570234.4 233153554650960.3 165964358711385.4 491981950852508.94 197046160609767.6 1080984192917870.0 907908023501562.4 944289074563423.5 1226947341120353.8 3232993908441104.5 1790074084371515.8 230918292971700.38 46721648430142.48 1555485339834058.0 0.0 792824812517.0327 0.0 606423128956208.2 2681354185874566.5 0.0 2996166212346618.5 10815450276129.324 3100906687300373.0 1372187936830658.0 509307590172068.9 928827506216055.4 3611266758592.0737 1427251356505504.5 0.0 61640688649438.79 1005621758824.7332 747044509499201.5 1022489563980414.1 1872028109759484.5 1441606461377151.5 1565310321912641.2 1126265170994249.2
3.698817450864333e+16 2.915977406015605e+16 3.0225324760470904e+16 4.6345834638892024e+16 3.107515704878584e+16 1.4230904397042776e+16 1981605621654787.8 291062579716093.06 449781836686803.7 27044748470353.6 0.0 3079061151463525.5 1157638289161632.5 2468857629263607.0 2443996619585823.0 5279561829066144.0 1859031465272210.2 430438616871001.4 132920110525830.02 851838384171166.1 166124988966932.25 514948076163482.56 753119683075068.1 658336765284873.9 913851561985042.0 394276356797033.0 922630258031324.6 1274590146119079.8 2698623779072944.5 0.0 1971029651161914.8 45404660050850.24 0.0 0.0 1698064960168240.2 15729656549491.191 1817607706415225.2 68360394006445.71 57287171779752.59 2729213514858467.0 12153530580869.605 1168520876899733.5 1174701566589595.2 0.0 914003469555.6449 2158887338857.6455 0.0 3698841378627.0522 145915767388914.72 674056267664633.2 2098148093000679.8 1640064585370622.5 677319729148336.4 705712921654004.6 640050318205884.4 1558324790538849.2
3.2582387424572396e+16 2.7561061518857004e+16 1.816211799604018e+16 4.23890304162626e+16 2.93267895768332e+16 1.03582003347597e+16 1078169081376984.0 556322654360021.94 0.0 357223401863436.0 1382507413433832.0 1421909332636888.0 601501149777096.0 1794674954303164.0 2538964044970640.0 4808771304635920.0 1014222016659540.1 239197331494552.0 101266503265507.2 405004749911380.0 159853394440822.78 822411663690162.0 581769230586359.9 1006829422758642.0 1170853275013506.0 2535614923222260.0 697459470758892.0 2516962292090740.0 2634273541389820.0 2756172267640160.0 2224432167333540.0 2172310210027600.0 2297529075897440.0 0.0 7952456953857.399 17915535489666.64 23553619624948.0 115415111788384.2 2554002357272080.0 54764094071576.195 0.0 0.0 4258046210494.42 2184810991425700.0 12441401350770.021 13661452205476.4 0.0 1211936193090028.0 364089208951984.0 5580236618300.28 507999022424257.94 1192260630543578.0 764138079159518.0 1074908315444664.1 294928110466674.0 589264730048762.0
3.1582037186385984e+16 2.043345546781319e+16 1.6681406124945446e+16 3.2015978289680176e+16 2.335829225419221e+16 7047030218649456.0 1743766728048689.0 1196729743781424.2 1605421576392617.2 12807026749609.44 1241599874400736.2 718073047544312.9 432988667190395.7 2056136601079771.8 3341405228336056.5 3906055532370689.5 1389500310656350.0 132174543825712.7 241194959380358.75 701744677095850.1 339465456796731.2 218877135114655.5 598803949182258.2 194795982828694.3 739329779452890.1 1555346768025479.8 1185369443448948.8 1346877158035533.2 1899732129479396.8 3580454589805752.0 168962748134418.56 188376690938156.47 40051529239673.25 139727782983737.39 0.0 13237949940625.662 35480824210490.46 2150801830217249.8 2771024977237.0864 22161496969041.28 1293956587583144.0 203125697536463.9 55902731497063.305 48205857435832.03 0.0 0.0 187386419695366.78 0.0 2330131406689758.0 1169635355165263.0 268745979570759.56 2253966241009027.0 459426604326115.8 573916562328921.0 1025034143618644.0 2025156677175756.2
3.2031634530486484e+16 1.7757314591549056e+16 2.1821033251133776e+16 2.3511404840624876e+16 1.5204574923500704e+16 6107689313115640.0 1757541234741996.5 1069795650135308.0 1321258248359610.2 1275438602988821.2 0.0 295742324597116.4 1078306309304191.1 1531844494194880.8 4595473473042600.0 3954718924795764.0 366789273157094.8 0.0 469559386057025.94 1256518240083191.2 605823721295118.4 1130925619154471.5 850705434873049.9 937912148681054.5 1136068132950410.5 1162136350089051.2 1360941102268166.0 1255825062428801.2 1415742512982535.5 1583463970639515.8 157240632072358.84 260248210601990.38 1249415645400293.5 560958377781816.4 1652451730936687.8 8915435657617.816 3834750990857.3 6251655629389.156 47530754380642.97 84690860888574.44 1635851198134074.8 604450387053574.8 5798991931788.052 0.0 1507646998570393.5 68433922147852.44 528471025697695.25 611618601189513.2 2974906764696888.5 2860597440503532.0 1957812310335103.8 962000542481852.4 2833463863204656.0 1535219890970622.5 2404995169191424.0 2415584833660955.5
2.066619598680855e+16 2.2554134498448628e+16 2.208387537198061e+16 1.5645874024085036e+16 9335220767275372.0 1755394311816341.0 522355255536833.56 718671636949643.6 0.0 0.0 609016703297640.8 773931965273659.1 1004687185542995.5 538159244030530.1 2019176595718737.8 4245842637914300.0 576749454765938.8 830057703068347.5 3040007629418326.0 2339640789120243.0 1818148678433781.0 1396658017237382.5 1345378843749169.2 567697987345911.4 224929555798693.2 221746709973815.0 1326352864829802.2 241304516702140.88 1840441565194591.2 168620192200842.9 69395147239220.42 181579418592708.2 265373744284454.72 1050330538136855.1 0.0 0.0 1410957109528910.0 1184383659859482.5 0.0 1913303321064607.8 1596145056023033.0 2302888625412294.5 0.0 0.0 817371195160.7712 1437401945809923.5 1414729815020832.8 1791012416583542.5 430144568530065.56 956482539882524.0 1918681789770476.2 682649434683289.9 0.0 3289193059255470.5 3477387058182989.0 3779365420314109.5
1.8915554619452984e+16 1.5297039308045086e+16 1.751559142462573e+16 1.1115666441168836e+16 5002449788178157.0 29634296980848.043 89547316208229.77 93438241507507.98 8872587900746.67 589559414653045.4 0.0 0.0 0.0 364100928882035.44 296232425352302.1 1874589321144935.5 2829763189478097.5 2899837112365669.0 2786764912890241.0 3897737169952907.5 2164210501152308.2 1357208197181833.2 968963492123360.0 21126792057628.7 539912259953905.2 362253855225682.06 657990159841577.4 1578490559899290.8 1417430806087113.2 1216989438375886.2 82270411881339.64 100704491369465.45 341521518129518.6 0.0 0.0 11482810155237.215 0.0 0.0 0.0 1869420162334017.5 1890559036815861.2 2449686978272567.5 2809757613203621.5 8257670663712.177 11368731352722.033 1494078334465070.0 1157737624696503.5 484164023669906.9 1585833059333389.8 1223307031091213.5 2083299094516397.0 974460383491131.6 7349837994062.386 4800142383249.552 1416465213892131.8 3593341115441192.0
1.9172335699153416e+16 1.2631859889755354e+16 1.2945923172631284e+16 6419567864073847.0 1729626043744311.8 41128213577876.77 0.0 29113171104377.7 121732660213650.0 22648234762071.676 0.0 0.0 0.0 0.0 348517560794665.5 0.0 2135380825978335.0 2900446616384933.0 2825285258638125.0 1892004381615235.2 1661040677385767.2 1080741808945055.1 0.0 750716560413668.2 0.0 960630712445625.9 650084908658089.5 1739597451302992.2 2084466425098225.5 1002999763074098.4 246197027686497.75 0.0 574861498767148.5 0.0 0.0 0.0 1331415212268.0825 0.0 8880671389454.303 0.0 2307859759255770.0 2528975456099797.5 2233199536844742.0 1142038030209655.5 1247277736429933.5 100331953215954.08 0.0 0.0 2402735019229822.0 3257893887838560.0 2595085122586882.5 3946514637949290.0 3117407652298777.5 2942910493752735.0 1995773379517845.0 3895449205709318.0
1.9001783474744172e+16 1.1475168227177944e+16 1.0324517929133414e+16 6319929215084273.0 1487866470794226.5 32393246870641.69 0.0 0.0 0.0 15970100083105.152 1568636620334689.2 126835683694906.2 379013919881339.8 0.0 482828716669806.56 2344399921193043.5 268325746438837.88 446093567683773.1 1616186715051781.5 1560620229660414.0 1144018816508413.0 0.0 0.0 1505697116725090.0 0.0 33496265955188.97 432686805821196.44 863292371610909.5 1193072891046722.0 2280048854765076.0 1191092740776169.8 28886943801651.156 2199481762740.022 0.0 0.0 1379133801401357.8 1712006978035804.8 1266861780056720.0 0.0 1700037710301257.0 6280350488885.527 1388760708346605.8 1359436599841950.0 1347746801785677.8 0.0 0.0 436030855376908.25 0.0 1492118292983985.0 71455960122999.34 3765273022081186.5 27154004201123.33 1904415533187166.2 2740821571859985.5 2591666942008317.5 5466010338393573.0
2.2632948610258816e+16 1.225637697726206e+16 6035016205491891.0 4418197310488594.5 0.0 106279714742404.16 653468406031375.6 1044190813584672.5 1193554173802339.5 639935704670726.9 804131061927784.1 816913465606921.1 0.0 0.0 149542017457669.78 172315894000087.3 85995037102964.47 90049833210468.08 26250316790492.75 168628066572616.2 2008429823345925.8 73136268913874.73 172475339362172.66 1431906731677791.5 1622642506213436.8 1235433367666129.0 901888632017029.5 1320792824278436.5 697519257881905.5 934917327080430.9 2046757268864754.2 1183057121329727.5 15528968090753.744 881776780178784.8 0.0 16613004816775.734 100057589903592.4 519693059314108.75 1209609914575954.8 1868035379818266.2 438274876929271.1 1360010755435668.8 1268424733138325.8 0.0 0.0 0.0 0.0 0.0 0.0 11013136003429.164 2083831024134687.0 4284493342847785.5 4019098261779333.5 4869455792369346.0 6497374518449155.0 8605809706521487.0
2.3888100174554e+16 1.5147405590091178e+16 3981198877955083.0 9369210098021624.0 3142838551520627.5 2708849251242615.5 4283708931159973.0 0.0 2292440482805856.0 2238030461281474.0 835516532779950.5 523817095969241.0 891237537101649.2 967736592426496.0 19878077688153.43 559068906613404.94 1377583996833882.2 2426062023111814.0 40702267742511.81 0.0 1275119614586519.5 0.0 0.0 0.0 615777689415753.8 1052654831056933.5 214125184911346.34 1053895021796407.8 378854093628956.3 612705750852413.6 0.0 748463909390330.4 771450584817982.5 960891092546298.9 487090253814504.7 186129250422002.34 0.0 0.0 993027554071789.8 501790980296768.5 2088480267931949.8 1194683425561110.8 0.0 0.0 0.0 0.0 0.0 0.0 0.0 0.0 2167594419659903.8 4703281678655865.0 5272529544054207.0 4274538580188816.0 7342020692507127.0 8100004870046528.0
2.3468564912337384e+16 1.8023057512468804e+16 1.0407575082988518e+16 9753429624659800.0 1.2074926314471562e+16 6774309650137211.0 3401137409522269.0 1321648333478614.8 1782841480538184.5 908221749979796.2 1207329718081014.5 934829573899655.4 744499702749164.1 742833191005866.9 311710811086057.75 536525470767964.1 1677866901923949.8 910411974249091.9 0.0 486550774839123.9 0.0 0.0 0.0 0.0 1770573381817245.5 945092462820939.0 397969613142326.7 1081287347595557.0 192298516026845.06 0.0 1014034290992854.0 1064779346399628.4 25491096221776.066 1429795883193179.0 2206815165795498.0 1950726830168029.0 987043321617668.5 0.0 1808796841853216.2 1682624722400175.8 1951348464892561.0 2000356414592203.8 2055489137245256.5 1774657944447809.5 432232657259524.5 818276711519973.5 565338916084388.5 510305367723.9378 4713165987332236.0 5961580510832053.0 6522005914362802.0 7012174162457436.0 7196602496470560.0 6911266366346188.0 7243142808512843.0 7093479094743441.0
2.380480289095968e+16 1.829638588238741e+16 1.3867121139730418e+16 1.1077542443583936e+16 1.2724693319171954e+16 8039471688819073.0 1547201329022635.2 3926770234789680.0 481663153496880.0 1010287270536768.1 1020422428742476.8 1025308101664411.1 2324528200311.9844 871073794260446.4 1001334342232008.1 857246470527009.5 1094067461506435.2 1322385625386705.5 310305269620497.6 644448092091537.5 0.0 1287535992265670.2 0.0 0.0 2138135770320264.0 2308188214878480.0 4048423896066192.5 3610142796270672.0 673747240401705.6 0.0 577389444422860.9 450785640982363.2 1944938707702128.2 1920521007475948.8 2839621373632944.0 3140001340855344.0 1863662176422921.5 2699570403705312.5 0.0 0.0 0.0 1674938724427397.0 940812760266393.6 1445901937950412.8 2163337758271872.2 522037436246697.6 9626121831813.984 5956012333246752.0 6107513052463920.0 6383762942099617.0 7654985923090319.0 7987337155005409.0 8433693121205376.0 7351743111634944.0 5694135444578880.0 8481291100510465.0
2.8079247776320924e+16 1.8367216131559e+16 1.1456321618412628e+16 4551487231189822.0 1.5393459219081772e+16 9686120567550956.0 6212369632598791.0 0.0 1152822379461588.2 861429043095298.9 0.0 673391314517485.0 745272333645769.2 912603390270134.4 1209640773220079.5 24121692034479.156 1316305763074523.0 404734560031890.4 332819393256053.1 478525779459436.25 511785518292592.8 616754026766731.0 1150969400707279.5 1985865523016484.5 0.0 3447378918059870.0 2358599639003769.5 355374800754339.56 103347600046381.05 368891153381500.2 7870257067217.683 0.0 546947219774092.0 3076510424955042.5 3244479471674337.0 2383326992430402.5 3359820982334861.0 2012148595037483.5 1784545827198137.0 0.0 600191088337177.6 0.0 1500598668435794.2 1071324509072632.5 1580603070856039.5 0.0 1925038685583342.2 3818317549899002.0 1208923808339773.8 2757622001421447.5 3165076306286936.0 3867319912401263.5 222324959803589.62 5936091677241234.0 5028788787393979.0 5897001158818240.0
