critload/trunk/input/1999/q.asc
ncols 720
nrows 360
xllcorner -180
yllcorner -90
cellsize 0.5
NODATA_value -9999
[rows 50 to 74 of 360, columns 112 to 167 of 720]
203797179224043.88 213830178555591.9 3465168960497.3037 4196499726331.412 0.0 0.0 0.0 190729710457553.5 352713936632726.0 376489557565471.0 498823392244927.1 39978014050175.28 0.0 429668063172021.5 526657087105656.3 633236020508074.4 861568517414730.0 585822228799185.1 1372752548384227.5 2764234777318135.5 2417836710167376.5 2166064008140497.8 2232605550107887.8 1368198621832769.2 2248289031035475.0 1961839503551158.8 1744913473997331.0 1412744908540898.8 1639662139972389.0 1517717232659245.5 2078968741378700.8 2139012559395594.2 1199785406952270.0 1464150576114052.5 1539390124854507.2 1568773095647553.2 1593103071953687.0 1582083771564952.8 1833688412350342.8 2038432962910269.2 2123762027903673.5 2511830764977071.5 2505513204417918.0 2630208847387523.0 2183664544633080.0 2084016210018370.0 1784244894826287.5 1733123474700060.0 1707339261965629.8 1475821615028329.2 1615319508732105.5 1562384171699851.8 1657619849462916.5 1318584301854512.0 2676382350045579.0 1813317182474469.0
236634654680660.56 0.0 0.0 6323194651325.758 0.0 115932020099337.45 228624646681194.2 63548233208269.266 259798743544394.75 261575880014534.38 262241049632553.53 481444984463887.75 127220865004229.08 37092988021239.875 81161552139866.61 0.0 457715658611262.94 118885778606758.73 765212592482402.1 652322232670356.6 1191365799699095.5 1512122925369254.0 3015193430569358.5 2640275757999746.0 2241663549560249.5 2474992159979146.5 2408835339397342.5 2247827482700709.2 2109758149644025.0 1631673222193870.2 1963312697720888.8 1047808625447898.0 1977329722567808.0 1457345915690981.2 1745767003430555.5 1276544542325467.5 2283250283312912.5 1744401102465773.2 2274798627328228.0 2017409156329293.2 2672447850861979.0 2420939180656711.5 2227913686273592.8 2380914169514389.0 2398835022591660.5 2416185303785255.0 2144336635359603.5 2274110968200081.0 1291656946187920.5 1572102553661937.8 1490703602438851.8 1932290990108624.0 1886954764269271.0 1865333878087840.5 1969551931490299.0 1654382323663552.2
3941708131385.4126 0.0 77727966619180.22 351045537802283.44 103116090235038.14 7763709435692.178 267657409999991.78 201261299505743.2 123425215468206.11 0.0 28500402981293.715 79430268100339.34 22312266829130.055 0.0 15368146976116.012 0.0 81102585848487.39 115686682921416.78 67511278000118.52 363263169000738.56 303348026628135.8 1539255243756438.2 2146033835609217.0 1950354723014737.2 1740578639403954.2 1534425603008784.0 1656061392773496.8 2442513115255956.5 1192770282558010.5 1031078168215779.0 1345781763117767.5 1510003444972332.0 1178693464866186.5 1768381929512512.8 1975008735335562.8 2122332147462487.5 1612518121425655.2 2091903697881580.5 2043650383210798.2 2076823851813141.8 2501408427442744.5 2309738339792892.5 2646504230628393.0 2689548165431931.0 2382521721723925.0 2000117738493047.8 2099177864273737.2 1672268806096076.5 1617680946137704.2 1502626157223601.8 1991163695704541.2 1857877234443474.5 1665846904448763.0 1838520065457736.0 1918648895878696.8 1897182016857594.5
0.0 86823337413264.45 7513584706561.983 238686277604746.9 451598784967125.75 371466358860381.44 267613017571128.94 330387410434625.9 35989477420190.4 59255452387467.46 107683452776987.78 0.0 0.0 620893680450827.5 1345123369586358.2 0.0 0.0 27709108602705.79 50365686078409.984 94340141065949.77 501226746120449.9 425736074995653.1 941594106957630.9 2119268898018835.5 1976003698072096.0 1821446070740697.5 1744078332363910.2 2032840525445919.8 1928200395233715.2 1480183652058605.0 2536710354530349.0 1723620266913772.8 947236916031142.5 2520541077039520.0 2094502745711916.8 2450043103535571.5 2293714623683117.0 2177821834725881.8 2263739434219181.0 2402150581726970.0 2926253239132736.5 2412335711095411.5 2168509015634739.0 1817071881963046.2 997962794765361.2 605934441172067.1 1544502469463315.2 1942065394002796.8 1870862735622323.2 2254093292682221.0 2008549669672083.5 2618023148350976.0 2252084489038028.5 2158013090929113.8 2103346901090195.0 2200851370499539.5
392394532958916.5 365740663380805.56 79108425305659.36 0.0 18916406267.786 13171797112878.568 0.0 2841933967025.625 22984403790514.652 6001032609595.832 27828244526014.43 33195412318640.48 30178636969690.184 11833613858106.729 71214979714530.81 0.0 0.0 981283859160088.5 16023410694410.648 48533369552049.59 134691923992229.38 382310444201588.1 398284881145936.4 481225849921945.9 1188472928964052.8 687577918780898.6 207406257434137.0 0.0 0.0 148380509391019.25 877062335158339.1 1819192345175300.5 2768815914753471.5 3103961366815458.5 2006746360078390.8 2044828445251096.8 1614119620955332.2 2981068788733851.0 3220722520572969.0 3053048573105497.5 3227492856566219.5 1902414958999708.8 2524483634486188.5 1131390654934420.2 1887861023641874.2 818403938029333.4 2513195895397836.5 2415196605170760.5 1837750787106143.8 2059977851370840.2 2633331763652116.5 1738241507183936.5 1085435452258529.9 2860496088693398.0 2163622718643419.8 3017261247385418.0
1168661816759921.5 1043646201016105.1 1693744180235196.0 1048343144158875.6 1572871302731484.0 940742208032050.8 0.0 134254048289719.58 970771646678206.0 252964616063085.34 68176558021908.5 1231006223201466.2 391605108240429.56 1960186553816.4958 0.0 55624961260969.58 8058894360694.224 0.0 0.0 0.0 0.0 817990588217742.0 949917325206529.8 45357368052559.61 5745870565268.4 139839878105718.02 1637681228104471.2 1630976169840859.2 1437345608836432.5 950066926482589.4 732640750326022.5 1000887162139391.1 1091850599909001.8 1512989549148691.2 1435209281577030.2 1187958939121143.2 1802005996973647.2 1472466760079481.5 3172312355949333.5 3076362450510290.5 2251656379880169.5 2163593485564910.2 2014379661508337.0 1927886669175753.2 1384304779622726.5 1903533943893564.0 2212298193645760.8 1727411308455720.2 1729873744266398.2 2091241619539639.0 2680496977941679.0 2432089293648540.0 2304753890723872.5 1915627972292776.8 2743974685173079.5 2996989255547313.5
1906521398026695.8 1611969619712004.8 1362416631774445.0 1086752637826900.9 1337330184354216.5 916663921552461.8 952761554356901.9 3232070207593321.0 3221686064056484.0 3359173348939109.0 3434381972652435.5 2635291309662861.0 2870490196485470.0 1596730642203105.5 21555600082226.207 0.0 0.0 0.0 0.0 -9999 -9999 -9999 0.0 61871255704524.72 1418546442051249.0 2279616594710624.0 1856467754086447.5 1637783252916071.8 45770111605651.56 69586346454998.66 167047331110778.78 904922753371481.8 334391703583016.44 1297149415392217.8 1207803720288076.5 1013722080946914.1 1545111978841245.5 1683994950251245.8 1629113038431557.8 2687546126716681.0 1849857517909955.5 2427326974198877.5 2630805839331832.0 2302558183376707.0 3300667777404180.0 2225493412181527.5 2124855681386698.0 2193628540160841.5 2666586641026010.5 2252727487965625.0 2404011636645569.5 3258945412263474.0 1849619748244125.8 2745712634452324.5 2661705247487296.0 1954927988674311.0
2035152388695134.2 1919898790807002.5 0.0 1624744746751768.5 4124192614161527.0 3897389584839949.0 3993586241753144.5 2171518682119193.2 3022519460636154.0 2856067541714477.5 2520518057166692.5 1877410654091246.5 2044604661871237.2 1649369438813351.0 305865486005951.25 0.0 0.0 -9999 -9999 -9999 0.0 1602045920909528.2 1406227448283387.5 1818302913417732.2 1508608002745742.2 2025041485566002.2 1788910319891737.5 1258561414059026.0 11454188395438.053 1632200392857.4163 5487799586304.674 388066103028264.25 1299993981829172.8 1347917719565267.8 1228600368072509.5 1399914627801407.2 1092341880137943.9 1323250912281240.2 1583029641131893.5 1688038213900811.2 1797081111370207.8 1899600630148013.0 2995488808357692.0 3443497320335081.0 2391033832987065.5 2326645773759658.5 2076020375683001.5 2967464833108018.5 2122679593558818.5 2733760584497995.5 2811654391958954.0 2627420872044347.5 2528544332304983.0 2090422512514057.8 2569579963550436.5 2643222616601046.0
1852521695740367.8 1033917862698035.5 4476230833054761.5 4514943419610797.0 4650401629902922.0 2418722989800211.5 4448886240152937.0 3845398017107846.0 3979802347220889.5 3959091074128474.5 4192468153676092.5 3253024348380028.5 2130035176977926.5 2096705361322473.8 2632894450918339.0 773864354118675.9 281437213292936.6 335310366349970.9 996553937379648.9 1428543660053495.0 1756534478176358.2 2070432287493600.0 1722894993742617.5 1688475255197126.5 2979341549848973.0 1391055232322079.2 1431769850972419.2 1472759530727288.5 1750545063938400.2 1838773062144336.0 1685230992884640.0 262335518312117.75 992367739691995.1 759038526185997.1 1546553097772041.5 1895657608153132.8 1749427356286550.2 1876443477133152.0 1918238599938336.0 1652996267975980.8 1555361565319564.8 1743543202196275.0 1857414059674041.8 1848661719953558.5 1793015416470413.0 3064361965753142.5 3043648006800115.0 2859296722973827.5 2608598810766355.5 2654390857516944.0 3039836919789638.5 3069800770617724.5 2445578334671164.5 2994358279201363.5 3115282796406816.0 3472529925886387.5
2766661937897514.0 1614149201003673.0 4052239371790530.0 4236296885753534.5 4561169402521554.0 3957608485842173.0 4443946876257328.5 3715414069288258.5 3624354014665903.0 3640997912041845.0 3568788462130758.0 3396239733332145.0 2769661475773019.5 2703436750101424.5 3267266224453125.0 2931767520215542.0 1818242299625634.0 1067127489781448.6 3333646306403069.0 3182975793075011.5 2850741167831941.0 2478419740556231.0 1641059044786592.0 971967586887503.6 1201696334485135.8 1076642226177051.5 1153631117141181.5 1157609052000501.5 1363249793165687.0 1174917501585886.8 1608394252587178.5 822524375638947.5 637468585460553.4 493282853913987.1 423961593272128.8 1958391229477136.2 1649658622167444.0 1981413633102859.5 2133374582211161.5 2150528604359390.2 2110196453518957.2 1914132409381917.0 1840245949630259.0 1099238609961266.9 1984523227399428.2 2233690495625439.2 1234247892588028.8 1819770062399175.8 3047508997679272.5 2562304986411413.0 2996233077701219.5 3871337474997992.0 3198665081319412.0 2539459203427367.0 3166171336320932.0 3107188262791920.5
2956651988067624.5 3755725611669266.0 3791193556510957.5 3889368772158023.5 3801190991311366.0 3482632680364007.5 3731092227348340.5 3821018120956242.0 3544668990081312.0 3463672180456880.5 2391431006786063.5 3333325954186532.0 3368270888717972.5 3144674948417041.5 3975115540482171.5 3162687243852175.0 3260523653857258.5 3193784788968485.0 3085698506265589.5 3226902413599665.0 3832413805235787.5 3760247295394744.5 3242904126945618.0 3347362313430945.0 3353806760313359.5 3563548613446954.0 547877166557542.5 3293166269472819.0 1484191339230043.0 2458943079565780.0 1686561680541252.8 2003729268321702.0 1328070902260416.2 1369057918233674.5 2091771774512374.5 1846876303866515.2 1915087780235225.8 1777185596477458.8 2099029662192808.8 1932546287688405.5 1709559422118437.2 2407542439100535.0 2438294289300507.5 2214635122682400.0 2532802855162962.5 2288404541263457.0 1884808424177127.8 1911197786592488.2 1892220484669029.0 2596942969305850.0 2846686041996015.5 3546808133009521.0 3092494357664366.5 3231489937022570.0 3209796576216243.5 3350849541271491.5
4136525184045800.5 3890697392095481.5 3858481444679566.5 3642731954855045.0 4000092325268523.5 3516737162420774.5 3739459492311198.5 3664870678332360.0 3312396955625326.5 3660187545855172.5 3344899920247070.5 3341281860343865.5 3044272473037746.0 3507243262012032.5 3403115094327532.5 2631195788373355.0 3422591044163859.0 3406074966530967.0 2933477298622880.0 3227359209645091.0 3035765005868901.0 3603488797766382.0 855390768001397.8 4043393644403462.0 1156057503815555.5 2621701291575897.5 854349417104998.4 1371482001155085.0 0.0 0.0 0.0 0.0 374900353667503.56 2066012292893394.8 2347879344835412.5 3458540653499571.0 4438244248346741.0 761704572453909.8 425205967515245.25 2236176162969966.2 2208844609539430.2 2421987680012980.5 2208658499792925.0 2881225248953061.0 2919274425568536.0 2670704870480417.5 2009730541387937.5 2012724870893155.0 2258770420003805.0 2169162577049517.0 2251944400330267.0 2663115922408309.0 2757501264967814.5 3072723334185608.0 3792058364062492.5 3147051837662552.0
2962671614757586.5 4081010906509996.0 3715984542975726.0 2466147644559005.5 4088045744287113.0 4272213639772746.5 4083436272869041.0 1636558354014208.8 1652097923835500.5 4335606403803398.5 3797997637630833.0 2311891046312118.5 1609431924801183.0 3694587156769471.0 3167647029495980.0 3222336924873536.5 2990820631733730.5 2790270950340136.5 2618415416119503.0 2811444035512291.5 2094947488775891.5 2371673634000573.0 858484523855048.6 0.0 1525685297853743.8 1731052636360794.8 0.0 561152435215139.5 1049791185761244.8 1632257259679800.8 2826500440585143.0 2503467692201931.0 3097049590068067.0 3485399553159997.0 4654604856827314.0 4984858524932324.0 3529557635773999.0 5738151630678134.0 5859488898758657.0 4472380148701760.0 2921714356535243.0 2778514034697870.0 2690107412119768.0 2980567472479623.5 2165347253817648.5 2515781010123553.5 2110253131348483.8 2538670329157074.0 2115151372247100.2 1937847875467883.5 2159219204600690.8 2379109990999673.5 2493131536773565.5 2562208720661100.0 1952420085599869.0 1947668988496891.8
4718194247230451.0 2310906135851.7275 3956876910474986.5 3826993896798157.0 3613193808509127.0 1997933756232829.5 1616404122047303.5 2355308533042168.0 3516468233360144.5 0.0 0.0 0.0 0.0 0.0 0.0 114675333304547.14 74565055515655.22 992381929803723.9 1101612531813172.2 0.0 0.0 0.0 0.0 22954088706031.6 2402071481280229.0 2317132654347061.5 2545326778910339.5 1825571316106294.0 3304261613699380.0 1337745181988124.2 1800760130333843.0 1091080586383878.5 1165622179215297.5 3494784451919657.0 3177183182716157.5 4843575339525408.0 4447316622322850.5 4422327987658159.5 6082609060551385.0 6223463137952039.0 5211523607093006.0 2491663720787459.0 2818763356731189.5 2809984675261103.5 4546073432679041.0 4855388010338978.0 2282336490222084.5 1840437781409570.5 1863106308105993.2 1769181376025133.2 1821834153348909.0 1775209405477883.8 2331442301390351.5 2821633858423954.0 2655306917626513.0 1985969366119206.0
5367093364278339.0 2778704742064738.0 419740056094.59564 0.0 0.0 0.0 0.0 0.0 0.0 0.0 0.0 0.0 0.0 0.0 0.0 0.0 0.0 0.0 0.0 0.0 0.0 0.0 0.0 2546291048975.83 0.0 0.0 1596623959121610.0 3236284619744541.0 3409277105159535.5 4520233469638561.0 2536053624659036.0 2409541350381940.0 3914068007164600.5 2934049917908292.5 3220567216357483.0 2252302354096588.5 3778242858572735.5 6299695667957765.0 3548740214367438.0 2843879567272537.0 2745205634873273.5 4932282805684980.0 2719752918436371.0 2333799197252282.0 1493780683957816.8 4178793832109698.0 1959622876685189.5 5365313819793886.0 2317542695515226.0 5442852390100725.0 1656811759231357.8 1669161906037929.5 1986552455865679.0 2206872146088721.5 1700394637246500.2 1983134140812158.5
5978726290381866.0 5464217423083993.0 78409183614734.64 0.0 1092120333988381.4 0.0 0.0 0.0 0.0 0.0 0.0 0.0 0.0 0.0 0.0 0.0 6029991774381.864 0.0 0.0 0.0 0.0 0.0 495126782397.4404 325588627255849.94 1337876673058311.5 7753739209089.239 0.0 4412432266067.377 5266937921124.52 2482558719685511.5 1895230311508655.2 2821993819017641.0 3166626659982659.0 3230541388554816.0 2211727801236221.2 2713864610910128.5 5088111035020173.0 1862687067697225.5 2179243850188315.2 1503990642701015.8 3999841209519021.0 1531676922999842.0 1372369251152032.5 1469135466670250.0 1051909684503292.1 799256927691442.8 970614587657357.6 2548498374524612.5 5770677190376137.0 2579316729697581.5 4568818849366003.0 4146289797502462.0 5021573466662489.0 1775751738156046.2 2451667666145085.5 1313134825845578.2
6908056114877561.0 4437439677853715.5 3278584023037824.0 722513025662322.8 339102666718724.0 0.0 0.0 10919438034560.816 8967930685769.195 0.0 0.0 0.0 25491736449317.438 0.0 0.0 0.0 0.0 0.0 0.0 0.0 0.0 0.0 0.0 0.0 1563224254027600.0 8550245471077.312 0.0 0.0 0.0 89148527434048.66 2153115397336760.2 1893086815362972.0 1502912956368832.0 2527852994034908.0 4522856672116043.0 4363933188568272.5 3057521833242944.0 3343655114399875.5 3298092042833784.0 5699933567870001.0 3211261073150792.0 2072846516822824.0 2598350566449984.0 2205750066533824.0 2041453105580260.2 3534697166449920.0 2528330223207300.0 2237981306094404.0 2432886291232008.0 3685515618253916.0 4771871449616772.0 5123056324277671.0 4960387041125476.0 5469975676820245.0 4926686885219456.0 5322393156828580.0
4308349743122243.0 4772697250543039.0 1608940480552154.5 2512664729172709.0 387761792283980.06 152172061126505.2 264802002138689.9 0.0 0.0 0.0 0.0 0.0 0.0 0.0 0.0 0.0 0.0 0.0 0.0 0.0 0.0 0.0 0.0 0.0 0.0 0.0 0.0 0.0 0.0 0.0 0.0 498456210908816.2 2311425526407511.0 3229750208494899.5 4367551522283150.5 4178775376597616.0 5840913876577348.0 3157917318867808.0 5884959326044229.0 3554702768076616.0 3382310486395585.0 3835683095899768.0 3634484672656250.5 2329252073212201.0 2804168964878950.5 2757042257634096.0 4061767208688876.0 2817655800964693.0 4428300314957902.0 4482422487146386.5 5435527376241986.0 6034867205560910.0 7049046771609125.0 6130634471791140.0 6105692672879960.0 5643567056273787.0
3432977160207829.0 5013572817031797.0 5683646975211397.0 2371535151992267.0 3649056426436468.0 1000614688320721.6 700388333098062.1 1838334971877162.5 160943696656938.9 11911098914665.438 0.0 2089175939802.875 0.0 426581170897967.4 261255961334882.72 240330900669420.78 491043393764835.06 2442185127794901.5 0.0 0.0 0.0 0.0 0.0 3533049502899.806 1154558075670.9062 0.0 0.0 0.0 0.0 0.0 0.0 0.0 0.0 1611558428807449.8 3219095575802349.5 3923464923740036.0 4165999854120397.5 4038329674404282.0 4538878790826070.0 4534647271564823.0 3688054023071725.5 3523040643363730.0 2166109720205681.0 5983936321718904.0 2347955301536659.0 7591467750686210.0 6805580872320968.0 7094806385103601.0 7815544605890228.0 5339962396673633.0 5430462928315657.0 5833261119084984.0 5651538860010751.0 6194014681257667.0 7388507023263811.0 5864869366153941.0
4625031120913990.0 5838825566353209.0 7256579679950458.0 8542773793557432.0 6221279170561741.0 4910372969942583.0 2135084183285625.0 226735395864727.78 166661767575105.7 159208924427575.16 243562214333516.62 34475143153903.594 82469939734191.3 254033279380001.53 690319772374153.4 1066040950135332.8 0.0 0.0 0.0 0.0 271551884130.66998 0.0 0.0 0.0 33104441140635.156 19935102276335.676 0.0 0.0 0.0 1146045330705918.5 0.0 0.0 0.0 11218770565473.186 0.0 595211924404826.2 2484620174898647.5 1974662480847270.5 1924380633700239.0 3641794840908438.5 4043588314098118.0 3429077434962035.5 4355333004385219.5 2294394254452371.0 1554063184171512.2 2768778106463083.0 2208849268030619.5 2428901759061778.0 4857955550303856.0 2567766822346439.5 5178505554318167.0 5316879442152064.0 5610328372421630.0 6480414510940371.0 6848139813253739.0 4925855260871331.0
2606705003360196.0 4235841353185484.5 3801471442673737.5 7536031471112618.0 8362803395423387.0 6906108382967240.0 5125109127667062.0 1274980846824140.0 1739036802674732.0 87100672912137.81 11693658769318.316 0.0 0.0 214775865975826.2 3369554383731.6104 1427380099173921.5 1369158521546686.5 1192590290569917.5 3840514801660.2695 259479337368820.2 266862622327543.97 0.0 277106156162849.6 0.0 529579353902694.2 21531998640110.12 23935914884300.68 0.0 0.0 88304598876626.28 0.0 0.0 0.0 0.0 0.0 0.0 0.0 0.0 0.0 2354560094969252.0 4488042758736153.5 4408912266581244.0 2955015972704494.0 2107317717128868.0 1709105450264533.2 4410270070427602.5 1792883021364946.0 2345127574920850.0 2290290047620418.5 4668947515022248.0 4398898007878282.0 4622104222388578.0 3985978993793224.0 6872420874335991.0 3726058422618220.0 5190638936863214.0
3102662452614539.0 2721970977658115.5 4241241618951224.0 5903485893669685.0 7167718922259924.0 7789000305823116.0 7899521300310165.0 5663636802770872.0 4024940827722928.0 1859443048392181.0 0.0 1449110526620531.5 0.0 0.0 0.0 0.0 79498766151286.47 764601864183554.8 545946555506482.4 173453607216106.72 163018126553804.56 152843478567619.38 413187744935615.75 145792434987441.9 1176325721651966.8 1006944473879461.0 602431019520197.0 709893175698113.9 445206980499383.5 91876621883023.55 0.0 0.0 0.0 609237299012363.5 0.0 705697376930565.8 0.0 619204069891157.2 37312869372214.95 2072801014169298.8 2947833370605.3213 7301290155817.355 3996349113864491.0 2651621106780979.0 1705570766701226.8 770319760202655.0 1601832677691936.8 1433274642239113.0 2648040899691023.5 1770957272956574.0 1927727734275815.2 0.0 1821634715504406.8 5585894042164353.0 4891570565084241.0 2420968500905086.0
1536165125009746.0 2190343930150601.8 2500308044512081.0 6437960977068117.0 7602421184123680.0 8267835292517501.0 7242660680511700.0 7454177660130984.0 7756013910963424.0 5459967217288935.0 4796313038818274.0 3414993144697854.0 826342250152065.9 948451575233707.2 1078302554770243.9 1778145851059960.5 1784285004348214.2 1300354880396239.8 2323557023764807.5 325499714421682.56 525070955905542.6 1263742615415701.0 49815001688873.945 19128731252964.16 0.0 44294168114071.21 126631635297010.34 570616125001269.0 230709105704419.72 159852340845415.4 0.0 642380275100612.9 0.0 7025600269791.04 440396604942626.5 0.0 123139186019794.16 0.0 14185469766362.984 101321794341727.81 0.0 2890921162497528.0 2576691332344464.0 2719281943799145.0 3482640684325894.0 3503945761050123.5 3132905052132188.0 2579980833285240.5 0.0 2002097370574573.8 1101008634779297.5 963062875927343.2 4395084626916636.0 6035054070832904.0 6498881892422013.0 5898807121753151.0
781625516444808.0 2012453750363753.0 2210965404727116.5 4613301833256973.0 6306417626081243.0 9824565987624210.0 1.0111139078503838e+16 7538765721753591.0 1.0790333926533572e+16 9771335279571756.0 8985506909531970.0 6163830608912618.0 3684021234681882.5 3433734618197667.0 1101591791410352.2 1986930832349579.5 1387025744649837.2 1337421797007594.2 2253265905358533.5 840594460606927.2 1355385436566763.8 1369176622659614.0 0.0 0.0 0.0 0.0 0.0 1270183449958527.0 0.0 0.0 0.0 977834284537982.2 639980748287102.2 133353275977514.61 106008112897220.19 0.0 638251630021992.0 302745946810876.0 419775726318019.75 251041013589573.2 44255326149816.625 1126610626715312.5 0.0 0.0 1822874633779967.5 2045621604567763.5 0.0 52259232494018.164 535843200207750.9 1365659343004240.2 0.0 -9999 116951897890957.86 0.0 81602810109194.73 6125843572356340.0
510868664257265.94 501122720660167.44 1342956542809866.2 2571300742554719.5 4039077908459662.5 7789827722646970.0 8560378437511124.0 1.2746263361628484e+16 1.3459649263448762e+16 1.0815516428643668e+16 1.0343228723980634e+16 1.0123922371775482e+16 8980898833170225.0 1.1115134809804444e+16 5483384880181211.0 2276245561764365.5 1147515459761450.8 0.0 1086927489997824.5 543583475060099.44 190348049473961.6 553108379046269.7 0.0 0.0 0.0 0.0 25487619104158.863 0.0 0.0 0.0 0.0 881152828551133.8 5644313510621.513 0.0 0.0 0.0 18708208299458.652 1064609175809624.6 1601833433314819.0 0.0 724377910203768.0 415080406307944.25 195114375604631.25 98439848489403.08 0.0 3398588919548277.5 0.0 590480425019181.2 0.0 1596333849041338.8 0.0 -9999 -9999 0.0 608613341738049.1 6899144184387925.0
