critload/trunk/input/1999/q.asc
ncols 720
nrows 360
xllcorner -180
yllcorner -90
cellsize 0.5
NODATA_value -9999
[rows 78 to 103 of 360, columns 406 to 463 of 720]
2.0681783649e+12 1.66516135352e+14 1.11560775948e+15 2.4893238537e+13 6.74611177485e+14 1.73962880714e+14 5.15304111436e+14 1.66932104409e+14 8.51149581939e+12 5.1073594106e+13 2.11552914848e+15 1.49930583204e+15 9.17307444235e+14 1.66850031649e+15 1.47005280505e+15 8.2202119166e+14 1.04023126276e+15 1.26770914151e+15 8.42349945763e+14 1.02983013461e+15 3.46966318961e+14 1.35794411889e+13 0.0 1.13408420827e+15 9.87535963175e+14 44269132262.6 1.36348802782e+14 1.83663566524e+14 3.0601904396e+14 1.30488051617e+14 1.21204715178e+14 1.97181898157e+14 2.17642184972e+14 1.320815936e+14 1.45648101406e+14 9.62636868477e+13 3.84586309763e+14 3.57585577907e+14 5.76548610052e+14 1.50124257811e+15 2.85385266459e+15 2.78743083113e+15 2.94123796081e+15 1.55167174152e+15 1.24088554656e+15 0.0 3.02812560296e+14 2.48431289761e+15 2.30060456526e+15 1.93128179685e+15 7.76526702658e+14 5.47153224872e+14 7.8421641307e+13 5.27842396866e+13 1.13774660282e+14 6.02739629191e+13 3.95238851438e+14 0.0
1.13398107873e+15 1.57911233406e+15 2.23600045475e+15 4.3008032011e+12 2.24515992526e+15 2.17936672385e+14 6.89334678029e+13 8.15486481469e+13 0.0 0.0 8.65089553703e+12 2.77431448076e+13 1.62398426195e+13 7.3577035871e+14 1.30896333802e+15 1.08669274607e+15 2.24296416803e+14 1.53962928636e+13 2.07388118795e+14 1.28203169386e+15 0.0 0.0 2.29103414358e+14 9.03156489642e+13 0.0 4.53510055144e+14 1.73469783176e+15 5.59441051181e+14 3.24156759221e+14 1.89212400599e+14 9.89112235126e+13 1.40561897703e+14 5.95294520208e+14 1.98958400789e+14 3.36023335191e+14 2.19016749397e+14 6.43719715087e+14 1.68220728987e+15 1.14969950035e+15 3.0727731725e+15 1.38279083225e+15 3.47591906037e+15 3.32273097244e+15 1.29540025024e+15 1.39141966043e+15 0.0 9.68943516377e+14 2.0932728028e+15 1.96658328548e+15 1.05815490119e+14 2.21737414261e+14 8.83225806965e+12 4.36446262771e+12 3.61718498468e+12 1.14607907452e+13 6.57692712738e+12 5.75765872278e+11 0.0
3.34631323662e+15 3.46092766198e+15 2.37301264152e+15 1.71201509202e+15 5.20251209347e+14 3.7103298519e+14 3.95628156559e+13 0.0 0.0 0.0 0.0 1.40869504655e+15 1.51352451983e+15 1.45975497688e+15 1.25809807262e+15 0.0 6.02928811639e+14 0.0 2.17731924482e+14 8.4409072878e+14 5.93445274689e+14 3.47858995324e+14 1.99791877367e+14 4.21113420922e+14 3.0792353315e+14 3.23519653293e+14 1.74473496592e+15 4.14491413398e+14 3.9023060814e+14 2.1413162512e+14 1.85981814016e+15 1.36615372817e+15 1.66735761135e+15 1.56347890425e+15 1.97854592445e+15 2.52340215964e+15 1.50125940417e+15 1.4244279856e+15 2.33681393826e+15 2.15416227419e+15 1.33616550873e+15 3.08340768399e+15 3.5648987527e+15 3.01236599032e+15 0.0 1.63367955806e+15 1.46176384322e+14 1.64665621297e+14 3.13792401326e+14 2.16799977858e+13 5.198530973e+12 7.09865778008e+12 1.94096724686e+13 2.48908531516e+13 1.70511388038e+13 1.2824229629e+13 0.0 4.66876276669e+13
5.69159399146e+15 4.12757915961e+15 3.55168851351e+15 2.10406857651e+15 6.85269334064e+14 5.73770759682e+14 1.79251591704e+14 8.68332539457e+13 2.14706044046e+13 0.0 0.0 0.0 9.72137962604e+14 2.63828531605e+12 1.10545317872e+15 1.63558858536e+12 0.0 4.5611541819e+13 0.0 0.0 0.0 4.99704041837e+14 2.7791345721e+14 5.01432145466e+14 6.55257246326e+14 3.43002843539e+14 3.40817856497e+14 1.54476093859e+15 1.61416696587e+15 3.41868708804e+14 5.04338382494e+14 4.25712970337e+14 1.6265908595e+15 2.01735602949e+15 1.64855549523e+15 1.83050356388e+15 2.39987705217e+15 2.8998081808e+15 2.65669673312e+15 1.75111333489e+15 2.14962932563e+15 1.09779470101e+15 3.34433789757e+15 0.0 7.91495803662e+14 3.12131272305e+14 8.62062658418e+13 0.0 5.26246394352e+12 6.66501386858e+11 0.0 2.65745319697e+12 1.56675763231e+13 1.03627551715e+13 0.0 5.75936925328e+12 2.82010168715e+12 0.0
8.16112319768e+15 8.11768697602e+15 6.23909348866e+15 2.67273945226e+15 2.84382263692e+14 4.73635214457e+14 2.58813880589e+14 1.92195408511e+14 6.92080094819e+13 5.11724798953e+13 3.62706073086e+12 0.0 6.05569297591e+12 1.34587963192e+12 1.74144141459e+15 0.0 0.0 5.86649849151e+13 4.05574770198e+14 3.59867598252e+14 3.96916221277e+14 7.44507150655e+14 0.0 3.59057806461e+14 4.85748139132e+14 4.4814273088e+14 5.55569733525e+14 3.89959819338e+14 4.20307524849e+14 6.17686863416e+14 7.46054701968e+14 6.40546986977e+14 1.2500477439e+15 2.06907161055e+15 3.11272811437e+15 1.09756496089e+15 2.76770335847e+15 3.42936415531e+15 3.55465152402e+15 3.17267433044e+15 1.28651594506e+15 2.86467725341e+15 2.0982236725e+15 1.17813411868e+14 3.61040701134e+14 5.02054109735e+13 2.30192784849e+13 0.0 9.61677947371e+13 0.0 0.0 0.0 0.0 0.0 0.0 0.0 0.0 0.0
5.28218785387e+15 7.34317339766e+15 9.34698079548e+15 6.94414088197e+15 2.99752620941e+15 4.61703315155e+13 5.09756523513e+14 6.56976633216e+13 1.6612887217e+14 4.42255554747e+13 1.68068809771e+14 1.2020740385e+14 1.08495456896e+14 4.89236280802e+12 6.64902844785e+12 6.48669739445e+12 3.00070966183e+14 2.47408035777e+14 1.62729130038e+15 1.44971559921e+15 3.31626620154e+14 3.27192776295e+14 5.38619500106e+14 4.28053731973e+14 0.0 4.78270311494e+14 2.71618091533e+14 3.50587536658e+14 1.08608929518e+15 2.10606346284e+15 2.02852562663e+15 1.9120195257e+15 1.36704013922e+15 2.09811880607e+15 2.05128943206e+15 2.91000089444e+15 4.27220467911e+15 4.64526396085e+15 3.94531604215e+15 1.80011453749e+15 0.0 9.39500773708e+14 1.29195437505e+15 4.57710613687e+13 1.12852478757e+14 0.0 0.0 0.0 3.62942178217e+13 6.33259102933e+13 6.13795243958e+11 0.0 0.0 0.0 0.0 0.0 0.0 0.0
4.29690071982e+15 7.66285677985e+15 6.83324839046e+15 6.49112205692e+15 4.56752037621e+15 3.11103534862e+15 6.15441219095e+14 1.56895834084e+14 2.20680347087e+14 1.1972657529e+14 3.06913495465e+13 3.63106923634e+14 1.88805718037e+14 0.0 2.48698281078e+14 1.06612472819e+15 4.02182752383e+14 1.68647034989e+15 1.61924900836e+15 1.92769363906e+15 1.68614874841e+15 1.69939991958e+14 0.0 0.0 0.0 8.1777359653e+14 3.59068369894e+14 2.24020701428e+14 6.49377664841e+14 1.03722044747e+15 1.44797121712e+15 2.10190251398e+15 1.12306884525e+15 4.0865309072e+15 1.09424182738e+15 9.03806093198e+14 1.31897286279e+15 1.41373437762e+15 0.0 0.0 3.24546848282e+13 4.89253374877e+14 2.57358208675e+14 3.85394512286e+13 5.91693136923e+13 3.58275409242e+13 3.2518970543e+13 0.0 4.85118440894e+12 2.6311622563e+12 8.21542364727e+11 2.65610830497e+12 0.0 0.0 0.0 0.0 0.0 0.0
3.26437092987e+15 3.76202178484e+15 3.90518131356e+15 5.72571733867e+15 7.6174529206e+15 4.36395768006e+15 1.65916334039e+15 4.11808076811e+14 5.07321276257e+14 3.43459642135e+14 6.00422149349e+14 4.16408760149e+13 9.26489409812e+12 1.73526382851e+14 1.47708759486e+15 1.6029284783e+15 1.18803937349e+15 1.89314711121e+15 2.44709683839e+15 2.3750696592e+15 1.43246660503e+15 0.0 0.0 0.0 3.16102322562e+13 4.40991856871e+14 3.63680641785e+14 4.69376358726e+14 5.01257670778e+15 1.4274123639e+15 1.48017719605e+15 9.5946489507e+14 1.77519400035e+15 2.9621529228e+15 3.76204224035e+14 1.43844307752e+13 5.77609383651e+14 6.2882070046e+14 2.17373464116e+15 1.3059592071e+15 9.01577504234e+14 4.46125953937e+13 2.09833307089e+14 3.67005304846e+13 5.38253454617e+12 4.21335054702e+12 5.22414840087e+12 4.66100283371e+12 0.0 0.0 0.0 0.0 0.0 0.0 0.0 2.03431820517e+14 0.0 1.80815050919e+14
7.06849211694e+15 1.84173543763e+15 1.8735086116e+15 2.83409533549e+15 7.49507891371e+15 4.88463331858e+15 4.03612591e+15 6.28335131435e+14 1.40300692554e+14 3.13606362517e+14 2.64768751201e+14 8.31077412471e+13 4.73109851459e+14 4.42923967648e+14 2.49019422288e+15 1.04944897344e+15 1.28102640228e+15 1.101160529e+15 1.95738819881e+15 1.36775787786e+15 1.19695478449e+15 1.28817382292e+15 1.2302535479e+15 8.86826321738e+14 2.25574726445e+15 1.50136322306e+15 2.72958345362e+15 8.18610441456e+14 3.9621575545e+15 1.86135743597e+15 2.07845922664e+15 1.41602046717e+15 7.31667898349e+14 2.99405306793e+15 6.81324499051e+13 7.21190598862e+13 0.0 3.0994794717e+14 2.22883209766e+15 1.11212996366e+15 5.77795138667e+14 6.80844475857e+13 1.3898269355e+14 8.95513760988e+12 2.67556598413e+12 49754377059.0 8.87836776293e+11 5.15349991395e+12 3.66941134558e+12 0.0 0.0 2.5955691296e+13 2.53948800429e+13 0.0 0.0 0.0 -9999 0.0
8.62422584963e+15 1.73312643633e+15 2.36960718449e+14 2.09526879543e+15 2.37947417916e+15 2.37335524902e+15 3.62907179771e+15 1.09131314055e+15 2.56432750486e+14 3.16168600641e+14 4.64673928128e+14 2.48607981877e+15 2.75225029184e+15 2.11944005194e+15 0.0 0.0 -9999.0 2.73631489598e+15 2.76866651832e+15 2.72116328016e+15 2.06897137426e+15 2.042151126e+15 6.14149372481e+14 1.54091234824e+15 1.84893635187e+15 4.65333126138e+15 -9999.0 -9999.0 -9999.0 3.94666575853e+15 1.406449055e+15 4.97364565232e+15 2.60650792112e+15 9.8481202534e+14 7.98017138647e+14 1.59346585003e+14 1.35018225435e+14 7.35150185155e+13 2.29701907449e+15 0.0 0.0 1.10727447004e+14 1.61040549602e+14 4.97836735578e+14 1.78976997728e+13 0.0 0.0 0.0 1.87288521851e+13 1.05873914911e+14 0.0 0.0 0.0 -9999 -9999 -9999 -9999 -9999
3.7735489362e+15 7.91006863181e+15 3.00320642176e+15 5.72007735534e+15 2.45179152362e+15 2.70248134678e+15 4.38376853478e+15 1.8536649846e+15 7.07343340972e+14 1.03445558334e+15 1.1545137078e+15 3.74319620271e+14 6.13507160742e+14 1.93009352311e+14 0.0 -9999.0 -9999.0 -9999.0 -9999.0 1.74619945087e+15 1.96093177146e+15 1.948070791e+15 3.05426428152e+15 0.0 3.45792513889e+15 -9999.0 -9999.0 -9999.0 -9999.0 5.07236055526e+15 6.55739978719e+14 2.70975222179e+15 1.88544735101e+15 3.51087071734e+14 3.79661711188e+14 3.99713139063e+14 3.21160532823e+14 1.44024813311e+14 2.2576327589e+15 2.05999074438e+15 3.37192592907e+14 2.77103225031e+14 0.0 0.0 1.99906390102e+13 0.0 1.94660360647e+13 8.79582310238e+12 2.3172552392e+13 0.0 0.0 0.0 -9999 -9999 -9999 -9999 -9999 -9999
3.69420654146e+15 8.66849246762e+15 4.13126877431e+15 4.62954766876e+15 7.84163351337e+15 6.15340623612e+15 1.38285229461e+15 2.12695211776e+15 1.4464283259e+15 6.52222819653e+14 2.63724833599e+13 0.0 1.89850379307e+14 0.0 -9999.0 -9999.0 -9999.0 -9999.0 -9999.0 1.55495573552e+15 1.29808445579e+15 1.95791984874e+15 4.7899758052e+15 2.7183576552e+15 0.0 3.02978611336e+15 3.56943491467e+15 4.65031037296e+15 2.42085042524e+15 1.23047146761e+15 1.96989454257e+15 1.88185482542e+15 1.98146337062e+15 1.41068678935e+15 5.77717205635e+14 1.43584768256e+14 8.29285704711e+13 3.23461473211e+14 2.56942641165e+15 1.30945328243e+15 1.15428173692e+15 1.02265499162e+15 6.33012327629e+14 0.0 1.35996060926e+14 0.0 8.3989494392e+12 3.4128282095e+12 0.0 -9999 -9999 -9999 -9999 -9999 -9999 -9999 0.0 0.0
6.16490962931e+14 6.13864125492e+14 1.28975214909e+15 1.68800908647e+15 1.749944886e+15 1.38230108418e+15 9.79789507623e+14 9.21360000225e+14 1.24765136632e+15 9.11701075479e+14 1.20764893712e+15 0.0 0.0 0.0 -9999.0 -9999.0 -9999.0 -9999.0 -9999.0 -9999.0 4.01105839994e+15 4.66026761717e+15 1.01479424908e+15 1.14339566099e+15 3.096817351e+15 -9999.0 -9999.0 -9999.0 2.71128755275e+15 4.25751568222e+15 6.43257527341e+15 1.22544604503e+16 6.1845588949e+15 6.64374291779e+15 6.43748535857e+15 8.47026878793e+14 1.67480528067e+14 7.47931005704e+14 2.26956264265e+15 1.5440860298e+15 1.60693590512e+15 1.55481893564e+15 1.06047962387e+15 8.10458125742e+14 1.79783716913e+14 2.82979649391e+13 0.0 0.0 0.0 -9999 -9999 -9999 -9999 -9999 0.0 0.0 0.0 9.0238010431e+13
4.2784614963e+15 2.1363299772e+15 3.82909199259e+15 3.51759174096e+15 2.11172895423e+15 2.09301720697e+15 1.8080144013e+15 9.94891362019e+14 4.24648148778e+14 9.14828503362e+14 2.35825557349e+15 1.50911209836e+15 -9999.0 -9999.0 -9999.0 -9999.0 -9999.0 -9999.0 -9999.0 -9999.0 -9999.0 2.97229505119e+15 3.68531060442e+15 -9999.0 -9999.0 -9999.0 -9999.0 -9999.0 -9999.0 -9999.0 8.43340205618e+15 1.49598249885e+16 1.5975071488e+16 1.60856674837e+16 1.59210443177e+16 1.1909414031e+16 9.66984804993e+15 6.54358142766e+15 5.76071066646e+15 4.86448905103e+14 1.23055527776e+14 1.64022914956e+14 4.13353778848e+14 1.79683729986e+15 1.52014028896e+15 1.04976531951e+14 0.0 7.83456091636e+14 0.0 -9999 -9999 -9999 -9999 -9999 0.0 0.0 2.32432373284e+13 7.29080452311e+13
2.77542813992e+15 2.73175228102e+15 2.21430796299e+15 2.8234952599e+15 3.44724485664e+15 3.63202035627e+15 1.72803594077e+15 1.0893492206e+15 7.9444474734e+14 2.0754415385e+15 2.89776838732e+15 1.94090116371e+15 -9999.0 -9999.0 -9999.0 -9999.0 -9999.0 -9999.0 -9999.0 -9999.0 -9999.0 -9999.0 -9999.0 -9999.0 -9999.0 -9999.0 -9999.0 -9999.0 -9999.0 -9999.0 -9999.0 -9999.0 6.83768939992e+15 2.29818103182e+16 1.80328200891e+16 1.61612435526e+16 1.47996640098e+16 1.27415163765e+16 1.14679830524e+16 7.78184614383e+15 3.64305921286e+14 8.73538357816e+12 1.09555104962e+14 8.63190075959e+13 2.46275157084e+14 1.43486330017e+14 8.65411573484e+14 2.0088376469e+15 0.0 0.0 -9999 -9999 -9999 -9999 -9999 -9999 0.0 3.6105885537e+13
1.94025369206e+14 1.15812136874e+15 1.56209615434e+15 1.51788064655e+15 1.262812264e+15 6.90179646619e+14 5.42907995652e+14 1.31993755946e+15 1.15971899561e+15 1.35509941666e+15 3.09201750648e+15 1.96082920649e+15 -9999.0 -9999.0 -9999.0 -9999.0 -9999.0 -9999.0 -9999.0 -9999.0 -9999.0 -9999.0 -9999.0 -9999.0 -9999.0 -9999.0 -9999.0 -9999.0 -9999.0 -9999.0 -9999.0 -9999.0 -9999.0 3.3322324539e+15 2.40655618096e+16 2.20142996597e+16 2.09284423893e+16 1.88469937508e+16 1.70615618367e+16 1.53017200008e+16 1.29698235927e+16 5.46116080955e+15 1.87330497911e+14 5.2226945051e+15 4.18935699802e+15 1.8484274801e+14 4.14853856776e+15 4.57622223114e+15 2.93805450766e+15 -9999 -9999 -9999 -9999 -9999 -9999 -9999 0.0 0.0
2.04146255444e+15 1.67138704705e+14 9.83256611865e+14 1.61382759776e+15 1.8232837053e+15 5.51113124285e+14 7.57837420329e+14 9.92205474388e+14 3.6415710484e+15 4.08856206997e+14 -9999.0 -9999.0 -9999.0 -9999.0 -9999.0 -9999.0 -9999.0 -9999.0 -9999.0 -9999.0 -9999.0 -9999.0 -9999.0 -9999.0 -9999.0 -9999.0 -9999.0 -9999.0 -9999.0 -9999.0 -9999.0 -9999.0 -9999.0 -9999.0 -9999.0 -9999.0 2.32755423249e+16 2.14272278038e+16 1.50823825542e+16 1.49286597609e+16 1.31128965444e+16 1.25643928034e+16 1.41937822837e+16 1.65286538979e+16 1.70098240029e+16 1.36463658556e+16 1.35053758747e+16 1.08857888943e+16 7.5862006299e+15 0.0 -9999 -9999 -9999 -9999 -9999 -9999 -9999 0.0
5.05885587741e+15 3.74723919294e+15 2.39524433123e+15 3.44096645641e+15 3.63984262593e+15 5.34608977916e+15 5.16649601538e+15 4.26427513405e+15 3.16049866725e+15 1.31363674447e+15 -9999.0 -9999.0 -9999.0 -9999.0 -9999.0 -9999.0 -9999.0 -9999.0 -9999.0 -9999.0 -9999.0 -9999.0 -9999.0 -9999.0 6.60208543374e+15 -9999.0 -9999.0 -9999.0 -9999.0 -9999.0 -9999.0 -9999.0 -9999.0 -9999.0 -9999.0 -9999.0 -9999.0 2.655933543e+16 1.65515212278e+16 1.01328290487e+16 5.31592612215e+15 7.80794092907e+15 9.81171963662e+15 1.0449417651e+16 1.24272331105e+16 1.41719261373e+16 1.57103281644e+16 1.51961239109e+16 8.9562052413e+15 5.19046409899e+15 0.0 -9999 -9999 -9999 -9999 -9999 -9999 -9999
1.74811725699e+15 1.74131711148e+15 3.88059034209e+15 5.05740891053e+15 2.76684592812e+15 5.57781383034e+15 4.84025008383e+15 6.2404605664e+15 4.6111731959e+15 4.73494618711e+15 4.31871880447e+15 -9999.0 -9999.0 -9999.0 -9999.0 -9999.0 -9999.0 -9999.0 1.03765383294e+15 2.10923021021e+15 2.95634893887e+15 6.73004805628e+15 5.499640729e+15 6.31211700116e+15 6.62618116952e+15 6.59559437638e+15 7.0268693771e+15 -9999.0 -9999.0 -9999.0 -9999.0 -9999.0 -9999.0 -9999.0 -9999.0 -9999.0 -9999.0 2.49173247869e+16 1.33309214161e+16 9.76606968108e+15 7.56419894587e+15 7.27823385744e+15 5.94475426756e+15 4.92227348198e+15 4.75901355765e+15 3.88543670865e+15 8.86711356676e+15 1.31958309686e+16 1.38632168323e+16 7.35065515839e+15 4.03106024407e+15 0.0 -9999 -9999 -9999 -9999 -9999 -9999
1.679870389e+15 4.18296420685e+15 3.7562189239e+15 2.6930356123e+15 6.38210016502e+15 4.66644674008e+15 4.17592007549e+15 6.86840475985e+15 6.26373294521e+15 4.8899462147e+15 6.53594711516e+15 9.20700623343e+15 6.77772475569e+15 1.94485556386e+15 2.28780409839e+15 8.0641066038e+14 1.42836353119e+15 2.19823271169e+15 3.98080821838e+15 8.96515336396e+15 2.84713215762e+15 5.13001424649e+15 2.256375836e+15 3.51139106801e+15 2.90842704495e+15 3.71818725597e+15 3.32530908564e+15 4.06335121234e+15 3.80768946407e+15 3.05454427274e+15 -9999.0 -9999.0 5.8672948347e+15 -9999 -9999.0 5.8753639222e+15 1.32496467972e+16 9.60439402404e+15 7.60123972954e+15 6.23901888524e+15 4.85257974783e+15 6.92132689599e+15 5.97806775643e+15 4.41902362628e+15 2.43136595423e+15 7.94959743158e+14 2.58935247949e+15 3.09335354011e+15 7.53304528096e+15 1.04322274136e+16 7.87536642424e+15 4.01533448946e+15 0.0 -9999 -9999 -9999 -9999 -9999
2.91128137156e+15 2.76109378597e+15 7.26578250811e+15 3.27690306604e+15 3.62253440756e+15 5.30196696208e+15 3.94677312851e+15 4.57693924773e+15 5.89659921974e+15 6.42957407088e+15 -9999.0 4.08896972295e+15 4.44930305866e+15 1.71266906279e+15 1.58577418256e+15 1.25673202349e+15 1.55896295427e+15 2.05294201367e+15 2.75851656274e+15 7.30156227561e+15 5.0603872941e+15 4.0975117164e+15 4.54379366149e+15 4.25295767805e+15 2.3078939349e+15 2.93980176141e+15 3.0331559571e+15 3.09907170708e+15 4.17612273738e+15 3.53027546876e+15 5.92343094119e+15 6.06064644045e+15 5.32019775849e+15 7.2157951907e+15 7.93520593027e+15 7.20645546816e+15 7.74643770105e+15 5.02192334883e+15 4.33369555357e+15 4.78791636944e+15 3.24006302432e+15 2.51564387707e+15 5.41631844142e+15 4.9718217122e+15 4.57415365703e+15 4.99612341958e+15 1.34883460705e+15 0.0 8.44814352468e+14 1.64951462202e+15 2.95001640849e+15 6.09609808293e+15 8.81064544742e+14 0.0 0.0 -9999 -9999 -9999
3.01487082973e+15 3.02834265368e+15 2.98756753173e+15 -9999.0 -9999.0 9.93453919267e+15 6.49789899167e+15 5.90720762229e+15 3.24262705483e+15 2.06840259483e+15 3.89987867516e+15 1.80400075105e+15 3.53218095896e+15 2.50074082401e+15 5.40664373797e+15 5.95272981477e+15 5.85251817835e+15 5.21465079768e+15 3.5597173876e+15 4.67503004359e+15 5.40897000263e+15 2.80487826986e+15 1.12809239933e+15 1.88299511239e+15 2.71522727203e+15 3.22054834627e+15 3.08722849912e+15 2.67882927303e+15 4.23594266433e+15 4.68475145949e+15 5.64843258405e+15 6.04144585044e+15 5.44121406487e+15 4.50723563275e+15 5.06274352776e+15 5.93248106264e+15 4.85717567337e+15 4.01137907607e+15 3.75415986075e+15 4.18460142599e+15 3.52041985463e+15 1.51282443851e+15 1.83166004635e+15 3.74419890569e+15 0.0 5.9643373784e+15 9.53889356323e+15 9.10149341646e+14 7.37051550775e+14 1.1295535526e+15 1.0280992689e+15 9.81235388539e+14 1.46130787631e+15 0.0 0.0 -9999 -9999 -9999
5.33643532932e+15 5.57755472147e+15 -9999.0 -9999.0 7.73871174345e+15 -9999.0 6.35252660206e+15 8.50448895445e+15 5.06100910104e+15 5.8705978892e+15 3.43206938256e+15 2.41688335997e+15 7.02732261253e+15 8.19882588058e+15 4.43828496293e+15 3.33062599878e+15 3.71971365433e+15 3.14524216776e+15 3.27922721106e+15 1.58666451483e+15 3.47855991276e+15 2.45427268539e+15 3.17796242285e+15 3.75408103025e+15 2.39223672855e+15 4.44037731536e+15 4.06490350542e+15 3.40444411693e+15 4.28732273749e+15 4.77432352817e+15 4.62297758206e+15 4.89678942449e+15 5.30720502244e+15 5.67563846483e+15 5.22697414633e+15 3.34548625329e+15 4.14963751946e+15 2.08043337768e+15 4.61906281969e+15 4.45430539213e+14 3.57451550443e+15 2.58831857158e+15 1.02169817107e+15 7.56328581617e+14 3.03139113408e+15 6.60308854982e+15 8.73387742016e+15 6.70531081522e+15 1.85215833564e+14 6.40652334857e+14 1.23699986589e+15 1.27411631004e+15 0.0 -9999 -9999 -9999 -9999 -9999
3.88771180036e+15 8.19867736976e+15 -9999.0 -9999.0 -9999.0 4.02697741742e+15 7.55338308807e+15 8.66606623615e+15 7.3381224349e+15 6.87204570959e+15 7.42695447808e+15 5.15623624146e+15 9.56700289206e+15 7.83751574993e+15 5.83734248393e+15 4.70114535401e+15 2.48871537728e+15 8.13717740753e+14 4.05589966082e+14 8.586966752e+14 2.1008978266e+15 1.56239778545e+15 1.91457621503e+15 2.11664575904e+15 2.03490028896e+15 3.85495325875e+15 4.09198072904e+15 3.89850161751e+15 3.23375693653e+14 3.60638747348e+15 3.97970178609e+15 5.64447275652e+15 7.33069575081e+15 7.69389329668e+15 9.7781286074e+15 7.52850405554e+15 6.29400466506e+15 5.31951478819e+15 3.75603461466e+15 1.99601757331e+15 2.78547587144e+15 3.57105057644e+15 7.72749538094e+14 1.16741425569e+15 0.0 4.12365813747e+15 6.2850783332e+15 3.17000231403e+15 1.40272996033e+15 7.60165936837e+14 9.17371311724e+14 4.61817752082e+14 0.0 -9999 -9999 -9999 -9999 -9999
6.64917210794e+15 6.2475422348e+15 8.68043230876e+15 1.01705396518e+16 -9999.0 9.16533791037e+15 8.13050138253e+15 4.04441276412e+15 7.20273138117e+15 7.30500997506e+15 7.42508122746e+15 1.07453773717e+16 9.41165111593e+15 6.39270836274e+15 5.23352207075e+15 3.54953166186e+15 1.6532477226e+15 3.08675271045e+15 9.94555957674e+13 1.92048113856e+15 0.0 1.13917418609e+15 1.21444262776e+15 1.79985786729e+15 3.38984031528e+15 2.73307885646e+15 4.35115716254e+15 4.73454157193e+14 4.26074058994e+14 1.00086856502e+15 4.90488359402e+15 3.32575667568e+15 2.28910141108e+15 5.85277632909e+15 6.73156000812e+15 7.51536156915e+15 5.6171060745e+15 6.48151900797e+15 4.60346488428e+15 0.0 0.0 2.06999964903e+15 9.15637674505e+14 1.60317129473e+15 7.55352173444e+14 7.64671010401e+14 8.9094662638e+14 6.7835060018e+14 9.92408827814e+14 1.59000617648e+15 1.16321678954e+15 0.0 0.0 -9999 -9999 -9999 -9999 -9999
6.54322495734e+15 5.93804893995e+15 6.20561305262e+15 1.08172635405e+16 -9999.0 8.74384027423e+15 6.05163731635e+15 6.92110179225e+15 6.81587614382e+15 7.87137078917e+15 6.08691620965e+15 5.35542913476e+15 3.6988892572e+15 4.1732561556e+15 4.87338648762e+15 4.75264375572e+15 3.61858909471e+15 2.32985277907e+15 1.28561428231e+15 1.85936584737e+15 6.87207515513e+14 1.26366258285e+15 2.18264388896e+15 9.18916063347e+14 4.46217233705e+14 4.67854141091e+15 5.73537763489e+15 5.17941002112e+15 5.01469470276e+15 1.54406290714e+15 4.98295240701e+15 3.90238647391e+15 4.68152097944e+15 4.21960227385e+15 4.02525202599e+15 4.99185678449e+15 6.11905882695e+15 1.06306865223e+16 1.13180139948e+16 4.5307233297e+15 0.0 3.26316583822e+15 3.42990879196e+15 1.70203080691e+15 0.0 3.49371207968e+13 1.06004194923e+15 1.24203763546e+15 1.22948759537e+15 1.56586391401e+15 1.62789072823e+15 0.0 -9999 -9999 -9999 -9999 -9999 -9999
