critload/trunk/input/1999/q.asc
ncols 720
nrows 360
xllcorner -180
yllcorner -90
cellsize 0.5
NODATA_value -9999
[rows 156 to 181 of 360, columns 406 to 463 of 720]
3.62121000517e+14 1.51951229885e+14 5.20504370507e+14 2.98741626466e+14 5.66363668884e+13 0.0 0.0 0.0 0.0 0.0 2.42002829064e+14 0.0 8.15473507046e+12 1.20839336212e+15 4.64985234058e+14 9.53886743353e+12 7.07284029456e+13 2.69344659429e+13 1.24037840209e+15 0.0 1.2617217772e+15 1.44219456382e+15 1.28136483551e+15 2.65467425746e+15 1.46564361962e+15 3.99792345824e+15 1.24613641186e+16 1.62740852457e+16 6.94125996873e+15 1.08407105893e+16 7.74339895664e+15 3.09727194098e+15 8.94880269457e+15 1.68465070809e+15 2.77475083324e+15 2.76716819497e+15 6.95472710016e+14 1.46506416868e+15 1.71290227792e+15 1.78674705923e+15 1.41010722439e+15 -9999.0 -9999.0 -9999.0 -9999.0 -9999.0 -9999.0 -9999.0 -9999.0 -9999.0 -9999.0 -9999.0 -9999.0 -9999.0 0.0 0.0 0.0 -9999.0
8.49357017742e+13 3.44229707951e+14 1.26827539962e+15 4.44696904537e+14 1.67011708037e+14 1.46185022778e+14 3.33768122246e+13 0.0 0.0 0.0 0.0 2.69222213577e+13 2.74288011305e+13 1.93533047491e+14 8.30261916834e+11 2.47808774027e+14 1.04562092958e+14 1.70122020627e+14 3.03326769174e+14 4.09678801524e+14 1.66380285316e+15 2.81177491623e+15 2.39479026061e+15 1.87771634726e+15 3.38915850774e+15 1.12898357032e+16 8.83924519065e+15 1.72724279482e+16 1.72546193552e+16 8.42972910329e+15 4.01158032906e+15 1.51238159427e+15 6.85165249625e+15 2.36307971222e+15 2.5117710184e+15 2.94526734883e+15 3.15498096995e+15 1.83170132677e+15 2.57327209322e+15 4.27775245222e+15 1.21436500639e+14 1.43916653096e+14 -9999.0 -9999.0 -9999.0 -9999.0 -9999.0 -9999.0 0.0 0.0 0.0 0.0 0.0 4.74887623853e+13 0.0 0.0 0.0 -9999.0
9.69192459422e+13 4.50049249305e+14 4.11322812503e+14 1.06326364431e+14 6.5942715338e+13 3.61683372115e+12 0.0 0.0 0.0 0.0 0.0 0.0 3.86921966152e+13 6.4856365691e+13 5.75419303301e+13 0.0 1.07213402182e+14 3.65603471307e+14 0.0 2.27531845026e+14 3.44178939661e+14 7.99808515165e+13 1.46821600665e+15 4.61236815545e+15 3.63033099325e+15 1.94319156208e+16 1.7696966616e+16 1.82738770532e+16 1.11653640105e+16 1.49650690203e+16 1.01741067622e+16 8.39335029504e+15 1.89890578499e+16 1.25282078127e+16 2.05805347273e+15 1.68868464457e+15 5.39448732991e+15 2.55744695875e+15 5.77780066742e+15 7.4343683655e+15 8.31661726139e+14 5.7059551449e+13 2.11763266753e+14 -9999.0 0.0 0.0 0.0 0.0 1.35003337738e+15 1.47592354501e+13 3.02081160713e+13 2.90382095452e+12 0.0 0.0 0.0 0.0 1.15978078386e+13 -9999.0
5.01546928351e+14 8.5127254639e+13 1.01662506432e+14 7.76930003462e+13 0.0 0.0 0.0 0.0 0.0 0.0 0.0 1.31193252478e+14 0.0 7.89993562951e+13 1.06456283142e+14 9.22708990805e+13 4.24248282841e+14 6.94217474914e+14 3.11822324846e+13 4.80183755929e+14 1.31058647282e+14 4.82113550668e+14 4.30927963912e+14 6.7748231393e+15 8.49050583737e+15 8.94181331043e+15 1.61186000624e+16 1.52129139232e+16 1.32860532077e+16 1.34404613548e+16 8.22466304104e+15 6.0725929129e+14 8.97622250822e+14 9.50884668221e+15 2.85607600455e+15 2.58430605485e+15 4.32835166699e+15 4.8696247058e+15 6.39424968806e+15 8.92446333653e+15 6.8098054594e+15 1.51190558124e+15 8.25322197661e+14 1.63624773208e+14 4.80329108236e+14 0.0 1.11021518537e+14 4.30934376502e+13 8.88458905776e+13 6.93887950247e+14 5.61784015314e+13 0.0 0.0 0.0 6.15708608539e+13 2.06469038258e+13 0.0 -9999.0
1.41888109344e+15 1.20823048264e+15 1.06466968015e+15 4.25069553826e+13 7.35579549789e+14 4.23967890865e+14 1.30668889433e+14 0.0 0.0 0.0 0.0 0.0 2.30972490183e+13 1.36034492004e+14 7.95059211832e+14 4.80983957985e+15 1.06058091178e+15 2.01255641765e+15 9.89698322075e+13 3.74174438768e+14 5.60209213585e+14 2.76289964051e+15 2.93610154374e+15 1.14893915953e+16 1.87456181014e+16 1.88783917743e+16 1.62863213795e+16 1.86946910937e+16 1.82739422234e+16 8.52840460352e+15 9.52093732878e+15 5.7422384878e+15 8.60875083508e+15 5.77134810605e+15 2.06708455406e+15 1.54864762415e+15 2.60079908024e+15 4.1225935557e+15 4.25482435357e+15 2.04874553259e+15 9.7859539e+14 3.46092397403e+15 5.06133975136e+15 2.80134712829e+13 3.60045237411e+15 2.68330768961e+15 7.82210246425e+14 1.51510392762e+15 5.77543515544e+14 5.56046645933e+13 1.23624076001e+15 0.0 0.0 1.59302622334e+14 1.0727337905e+14 1.52711278498e+13 -9999.0 -9999.0
9.41148151282e+15 8.58697403191e+15 1.42412917366e+15 1.05017877103e+15 1.76228745262e+15 2.56791303058e+15 2.20544293528e+15 0.0 0.0 0.0 1.413105185e+15 3.30531148233e+15 7.58440486891e+15 2.43159254625e+15 7.12890191115e+15 1.06759613752e+16 9.41532263678e+15 3.64943275643e+15 4.31284698407e+14 1.57146914928e+13 1.62447476267e+14 3.44318036862e+15 1.69467473077e+16 1.99645409068e+16 1.42690304174e+16 2.10542779482e+16 1.02856179114e+16 2.37380512349e+16 2.71001751852e+16 1.13599100314e+16 1.26277280817e+16 9.482319695e+15 1.43028818838e+16 6.27360906512e+14 3.1691326052e+15 7.10208022588e+15 6.12577117886e+15 1.48837649919e+15 2.13193756565e+15 3.82744261603e+13 4.05910414857e+14 1.48039149643e+15 0.0 4.10477119719e+13 6.14117792388e+14 1.07635507515e+15 1.01939776447e+15 9.56104235684e+14 6.82842519275e+14 0.0 6.07131712256e+14 0.0 0.0 6.21329149663e+14 3.32017678728e+11 0.0 -9999.0 -9999.0
1.23447384614e+16 5.47841134697e+15 9.71248358288e+15 5.23620091585e+15 4.42971779486e+15 1.18460794478e+15 7.02860849343e+14 7.2037006326e+14 2.67206958047e+14 0.0 6.24676226676e+14 8.88110623231e+15 6.45309094603e+15 4.69556008118e+15 5.42801741717e+15 7.80524906722e+15 6.54944166316e+15 3.55452318478e+15 8.13411399989e+14 1.77070620375e+15 5.32390708226e+15 3.91356973913e+15 1.42961638765e+16 1.98876997258e+16 1.67800305682e+16 1.59760062083e+16 1.40449478651e+16 1.48353670992e+16 1.5782333689e+16 2.1420464277e+16 1.79234144317e+16 1.13500396465e+16 2.96184557032e+15 4.88632262494e+15 5.99032273716e+15 2.80906446083e+15 8.03031213162e+14 2.15067480587e+14 0.0 0.0 3.66790326533e+13 3.66637515019e+12 0.0 0.0 0.0 5.69938787165e+13 0.0 8.81777721081e+14 5.67193118711e+14 4397274195.7 0.0 3.11359832261e+14 0.0 3.19202272006e+14 0.0 -9999.0 -9999.0 -9999.0
1.13516764581e+16 6.0673280406e+15 1.17408125292e+16 7.59090066112e+15 7.53457784911e+15 7.52130060426e+15 3.28174264264e+15 3.93225080976e+15 3.22950225712e+14 2.3101067418e+14 5.36271032042e+14 7.44661925602e+14 3.87214550378e+15 2.25124994497e+15 1.26254103428e+16 8.12486458125e+15 1.79157204504e+15 6.64359511739e+15 1.61466471833e+13 2.65669785238e+15 1.06113856645e+16 1.22082106216e+16 1.03362082306e+16 1.03210171154e+16 1.22260361763e+16 1.45562865905e+16 1.82739390523e+16 1.67781809205e+16 1.4021965865e+16 1.21960029883e+16 1.33136517244e+16 5.37221030902e+15 5.01134734231e+15 8.99109421225e+15 2.98658215755e+15 2.83814985357e+15 5.86591656398e+13 1.14724836e+14 9.27093349089e+13 2.57382033394e+14 1.43591034421e+14 3.69554027067e+15 0.0 0.0 0.0 0.0 4.4347747248e+13 2.36062402396e+13 5.7876913565e+14 0.0 0.0 0.0 0.0 1.0657725327e+14 1.88673386358e+14 -9999.0 -9999.0 -9999.0
2.05456086008e+16 9.00762136343e+15 6.78827430313e+15 7.83392425238e+15 8.56055213565e+15 6.16958329879e+15 6.70413336336e+15 7.26889657314e+15 3.64108219567e+15 1.62220548539e+15 2.99454194964e+15 1.59945707645e+15 2.9985335024e+15 7.12738527058e+15 7.63137111905e+15 1.50496106693e+16 1.28857967537e+16 7.50286957055e+14 0.0 2.37988578793e+15 1.15065479406e+15 1.1428207258e+16 1.09203131506e+16 6.48533934348e+15 2.45957437158e+16 2.40719970042e+16 2.14406531854e+16 1.53101569366e+16 2.03613082439e+16 1.22228845096e+16 1.04809944685e+16 0.0 1.15552506979e+16 1.17602308391e+16 7.72512178839e+15 6.38985839648e+15 1.03438925245e+14 4.34634425075e+15 1.89815879748e+15 1.5596125836e+14 1.59201724046e+13 2.29521614906e+15 3.28763920301e+13 0.0 0.0 0.0 0.0 0.0 0.0 0.0 0.0 0.0 1.3028934847e+14 7.32008172695e+13 -9999.0 -9999.0 -9999.0 -9999.0
1.50141218973e+16 9.63948736751e+15 9.94529014027e+15 1.15860650096e+16 1.03235621263e+16 7.99937391949e+15 5.70104577277e+15 6.53329496847e+15 4.93816171849e+15 3.7633065803e+15 5.38900930337e+15 2.25065106478e+15 1.49375405779e+14 1.50256802295e+15 9.43951635074e+15 1.16196250479e+16 1.20152968777e+16 1.91869148352e+15 1.83109694347e+15 0.0 0.0 1.46100674319e+15 2.93380600114e+14 7.83848393475e+15 7.40384471553e+15 1.78976734274e+16 1.23731784881e+16 1.43827980005e+16 1.08033104287e+16 8.39953851932e+15 1.94438812558e+15 6.16220528321e+15 1.07262228169e+16 1.15685538613e+16 1.52922710464e+16 8.03566535571e+15 2.87000546828e+15 4.37602005625e+15 1.81920167899e+15 1.6852102642e+15 4.74230563727e+14 1.36504220449e+14 3.14055715995e+14 0.0 0.0 0.0 0.0 0.0 0.0 0.0 0.0 4.89916133259e+14 3.37073283022e+14 1.74102645592e+14 -9999.0 -9999.0 -9999.0 -9999.0
1.55850219593e+16 1.48420008858e+16 1.10174751051e+16 1.04326986148e+16 7.82044128044e+15 9.06148450396e+15 7.51374794658e+15 6.68488901957e+15 5.02991925778e+15 6.21233893342e+15 5.91215213708e+15 1.89221392365e+15 6.48840670968e+15 1.47989250471e+14 5.28828194502e+15 1.12226722394e+16 6.8748088773e+15 1.09995952156e+15 2.13859507498e+15 2.66073442413e+15 0.0 1.43038230027e+14 2.60751593404e+15 7.78492605748e+15 7.88462550151e+15 5.26508706446e+15 1.17317883565e+14 2.37875195974e+14 1.46846009564e+15 4.55204343145e+15 1.06576636795e+15 8.03599895813e+15 1.07633478198e+16 8.49527628597e+15 8.4212535584e+15 1.64594240927e+14 1.00862353946e+15 5.01466571031e+15 3.02182421952e+15 1.11518255108e+15 2.30115178867e+15 2.12948697106e+15 2.50589515072e+15 0.0 0.0 0.0 0.0 2.71504650052e+14 1.93851979244e+14 5.7337758286e+14 4.91321175736e+14 8.17604358911e+14 0.0 -9999.0 -9999.0 -9999.0 -9999.0 -9999.0
1.35939365089e+16 1.2513692646e+16 1.35902026675e+16 1.51733192609e+16 1.69467309721e+16 1.20262023028e+16 1.08326920422e+16 9.7984864081e+15 6.0148467355e+15 7.38685605431e+15 8.54187569918e+15 1.38251843378e+16 3.38630898775e+15 2.29190523276e+15 9.47825811249e+14 1.6876281206e+15 5.7646782785e+15 7.16320100634e+15 3.1367447149e+15 1.41760174329e+15 9.78012764836e+13 5.25191070915e+14 3.88919004993e+15 5.90359972626e+15 8.66356468727e+15 4.57756706735e+15 3.43434124665e+15 7.11617440914e+15 1.29972911767e+16 0.0 1.00571393548e+16 3.13405973596e+15 1.44949678197e+14 6.62467705059e+15 4.65074324773e+15 4.93624631265e+15 2.15330167539e+15 1.9577917502e+15 1.62879687309e+15 0.0 2.08751792425e+15 2.85872561312e+15 0.0 0.0 0.0 0.0 0.0 1.97191790436e+14 1.53484404271e+14 1.1943939968e+14 0.0 8.28601759762e+14 1.80667411013e+15 -9999.0 -9999.0 -9999.0 -9999.0 -9999.0
9.04327791201e+15 1.04725682616e+16 1.71254285788e+16 1.54204553955e+16 1.74666311661e+16 1.16168853076e+16 1.10525688647e+16 1.00216202043e+16 1.25712990111e+16 1.09789953749e+16 8.12428960894e+15 7.48566903156e+15 6.15630528407e+15 4.39348007337e+15 2.73791723949e+15 1.89173236736e+15 1.16847532942e+15 5.68736362461e+15 5.5098634117e+14 1.15459768451e+14 1.26905398308e+13 6.04821477446e+13 7.70676112539e+14 4.31891396902e+14 1.36858298535e+15 8.67238955588e+14 2.77225008352e+15 5.92125116767e+15 5.27135337755e+15 4.0230719651e+15 1.1214315019e+15 7.08001053077e+14 9.91265694013e+14 0.0 3.80378564498e+15 1.29079559139e+15 1.39241937105e+15 2.955269298e+13 3.27658485116e+12 0.0 1.83441486686e+15 1.73102119044e+15 2.01903471177e+15 2.18548773362e+15 0.0 0.0 1.42642727255e+13 0.0 2.42171593237e+14 7.14482699106e+14 4.38376956841e+14 2.67168046861e+14 -9999.0 -9999.0 -9999.0 -9999.0 -9999.0 -9999.0
7.73751715758e+15 9.96608955604e+15 1.70164648999e+16 1.82529555162e+16 1.78814727686e+16 1.36941766386e+16 1.4627708724e+16 1.49231017922e+16 1.22174386824e+16 1.07579569482e+16 8.7946980446e+15 1.20167650594e+16 1.69182519991e+16 8.19783387901e+15 1.52052062701e+16 3.20319083159e+15 1.1425979745e+15 4.59579059789e+15 2.56517116161e+15 9.28782332083e+14 2.47041483845e+14 0.0 0.0 8.56355057759e+14 4.26740643518e+14 7.17234459588e+14 2.49972078424e+15 4.5733696096e+15 5.45712789204e+15 3.85764744723e+15 2.88339638137e+15 3.83578823293e+15 4.10762263983e+15 2.15230259289e+15 3.10672933353e+15 3.45656280812e+15 0.0 0.0 2.10430518291e+14 0.0 1.50633106352e+15 2.19995696569e+15 2.21789430441e+15 1.7581280278e+15 1.33350318465e+15 0.0 0.0 0.0 0.0 0.0 1.60236280925e+13 3.45748066729e+15 -9999.0 -9999.0 -9999.0 -9999.0 -9999.0 -9999.0
9.06834026345e+15 1.15943935788e+16 2.09016455e+16 1.21166702462e+16 1.71904151613e+16 1.36625374533e+16 1.58831968937e+16 1.49250956687e+16 1.44879262299e+16 1.37143216094e+16 1.39611277005e+16 1.5222401002e+16 9.1008002434e+15 8.19436339793e+15 1.56655618061e+16 1.39534762484e+16 4.0411838669e+15 7.46305508261e+14 5.56101169542e+15 2.6737637218e+15 1.45103764818e+15 7.25645608307e+13 5.30359946554e+13 0.0 1.22699068012e+15 1.0408625847e+15 0.0 0.0 3.1460209183e+14 5.81612379353e+14 1.46598242848e+15 3.74057680295e+15 2.25104226223e+15 1.65909239559e+15 3.0168609006e+15 3.04853507273e+15 1.19636393735e+15 0.0 1.51612625228e+15 3.93751073231e+14 1.76539995835e+15 1.35233615843e+15 6.0190707559e+13 1.85193073804e+15 1.82057289437e+15 0.0 0.0 0.0 0.0 0.0 2.01920644164e+15 -9999.0 -9999.0 -9999.0 -9999.0 -9999.0 -9999.0 -9999.0
9.15317350056e+15 8.18275333403e+15 1.25221530716e+16 1.04123023976e+16 1.41328500847e+16 2.90617349304e+16 1.77746717705e+16 1.82054132031e+16 1.8081304534e+16 1.61421972695e+16 1.333831856e+16 1.30325286218e+16 1.21700171942e+16 1.10756240447e+16 6.80754897953e+15 1.32222810613e+16 1.2220368512e+16 2.29280529938e+15 7.49669078924e+15 6.44959914323e+15 6.73835282628e+15 1.44195311408e+15 0.0 2.60997296734e+15 1.43135726671e+15 0.0 0.0 1.77243874312e+15 2.62896408317e+15 9.15925748638e+14 2.92410317169e+15 3.02564274952e+15 1.14914193563e+15 4.77818275124e+15 4.44235568587e+15 3.1632717632e+15 2.96663423309e+15 1.04026688195e+15 1.09657778905e+15 1.34782676203e+15 2.02142417393e+15 0.0 9.7327430991e+12 0.0 2.11477470756e+15 0.0 0.0 0.0 0.0 5.77568995238e+14 -9999.0 -9999.0 -9999.0 -9999.0 -9999.0 -9999.0 -9999.0 -9999.0
9.67141484181e+15 8.23636033219e+15 8.39164171873e+15 8.90759337628e+15 1.55426171218e+16 2.91772497731e+16 3.05386513786e+16 2.68609598869e+16 2.48088642546e+16 2.81497831397e+16 1.11485375101e+16 1.05255332564e+16 1.16139887915e+16 1.06568578018e+16 1.20192214509e+16 1.05358128646e+16 1.24101401829e+15 7.61070696447e+15 1.21027636656e+15 9.23008705798e+15 8.71822129514e+14 4.12627797264e+15 1.48605306471e+14 2.32603154393e+15 1.63056355819e+15 0.0 0.0 2.14877079685e+15 1.79495591159e+15 2.74134645302e+15 1.45349515943e+15 2.4951716664e+15 4.95378049281e+15 3.24926185993e+15 2.88236106281e+15 2.14150290282e+15 0.0 0.0 1.2365568642e+15 2.3361916478e+13 0.0 0.0 0.0 4.57589881986e+14 0.0 0.0 0.0 0.0 1.17300527509e+15 -9999.0 -9999.0 -9999.0 -9999.0 -9999.0 -9999.0 -9999.0 -9999.0 -9999.0
1.04096928845e+16 1.15807159501e+16 1.04118274373e+16 1.09710332499e+16 1.17209412265e+16 1.2137764415e+16 1.39729449833e+16 1.59402444946e+16 2.24976560128e+16 1.9113822776e+16 2.24374475743e+16 1.83088512016e+16 1.28080686023e+16 1.7067094663e+16 9.2443823242e+15 1.47370070162e+16 6.64670305714e+15 6.9332949161e+14 1.09653041068e+15 2.55055153975e+14 2.1217032368e+13 0.0 0.0 8.87866353815e+14 1.93253540159e+15 0.0 0.0 2.64402586434e+15 0.0 2.58670182433e+15 2.54251718914e+15 4.11079011474e+15 4.5724740864e+15 5.85504183004e+15 2.58645169536e+15 1.01914544561e+15 1.58245685855e+13 0.0 0.0 0.0 0.0 4.32024284575e+14 0.0 2.02010848686e+14 3.44304824428e+14 0.0 0.0 1.34899675236e+15 -9999.0 -9999.0 -9999.0 -9999.0 -9999.0 -9999.0 -9999.0 -9999.0 -9999.0 -9999.0
9.92744834991e+15 1.02224649078e+16 1.14224122882e+16 1.20842398407e+16 1.19075411344e+16 1.23016619555e+16 1.27173353711e+16 1.31224349077e+16 1.44385060152e+16 1.55865966447e+16 1.33845418167e+16 1.37990341275e+16 7.17035084866e+15 8.68068084411e+15 1.28190055096e+16 1.41886690792e+16 8.57729428294e+15 5.91875332912e+14 5.07591435853e+15 7.7602229047e+14 8.46292853497e+14 0.0 0.0 2.684836152e+15 3.28604305182e+15 2.39531710046e+15 0.0 0.0 8.94441486995e+14 2.42338483814e+15 1.08356777899e+15 1.27598753073e+15 2.80835125055e+14 3.66495895449e+15 3.34172557811e+12 3.08444344092e+14 1.56714873897e+13 9.59648462542e+13 0.0 1.98056291079e+14 2.9139413982e+14 0.0 0.0 0.0 9.05300343305e+14 0.0 1.24715027488e+15 3.10027839566e+15 -9999.0 -9999.0 -9999.0 -9999.0 -9999.0 -9999.0 -9999.0 -9999.0 -9999.0 -9999.0
1.12830007783e+16 9.58265608976e+15 1.01933413988e+16 1.16611157458e+16 1.37374505676e+16 1.28128846963e+16 1.34203948676e+16 1.35530955461e+16 1.24330944857e+16 1.24297642345e+16 1.04303390477e+16 9.04504637255e+15 1.25866907585e+16 1.21438985786e+16 1.15789181709e+16 1.22246227756e+16 4.65674509149e+15 2.62359961703e+14 9.64224169935e+14 4.84162520014e+15 1.42886605985e+15 0.0 7.49136963305e+15 4.00698879007e+15 2.21718489678e+15 2.81992490559e+15 1.42673663153e+15 1.59171208065e+15 1.56136293407e+15 9.12914011624e+14 3.6834783202e+13 2.51086297614e+14 0.0 4.16098476408e+13 0.0 0.0 5.91562025361e+12 4.8932618589e+12 0.0 5.12000177278e+15 1.97518852669e+15 0.0 0.0 0.0 2.6438437115e+14 1.80499064266e+13 2.17675387154e+15 -9999.0 -9999.0 -9999.0 -9999.0 -9999.0 -9999.0 -9999.0 -9999.0 -9999.0 -9999.0 -9999.0
1.51009447435e+16 1.06102553075e+16 1.13939297553e+16 1.21485900405e+16 1.33214124079e+16 1.31938649946e+16 1.32967561749e+16 1.29259001757e+16 1.2585625091e+16 1.06993884729e+16 7.67368688384e+15 6.56342065938e+15 9.60992669305e+15 8.83348994353e+15 1.14920421534e+16 4.36956625007e+15 0.0 5.54467359068e+15 1.09463702663e+16 5.6307697049e+15 0.0 2.98049970691e+15 5.90511494147e+15 5.80717079661e+15 1.43302371756e+15 7.00145414116e+14 1.61145108374e+15 3.21561400349e+15 1.09063793917e+15 1.7576471504e+14 3.54389383642e+13 7.96342158444e+13 1.07000541179e+14 1.84827954477e+13 0.0 0.0 0.0 0.0 0.0 5.13108534229e+13 1.29794027637e+15 1.37387183266e+14 1.10892188701e+14 7.4191227094e+13 2.6765690425e+14 -9999.0 -9999.0 -9999.0 -9999.0 -9999.0 -9999.0 -9999.0 -9999.0 -9999.0 -9999.0 -9999.0 -9999.0 -9999.0
1.37431310461e+16 1.59510624115e+16 1.26411954578e+16 1.31544942465e+16 1.28127026983e+16 1.31765567782e+16 1.20904526836e+16 1.0987466384e+16 9.22033447234e+15 6.46835738227e+15 5.37699576658e+15 2.77276231944e+15 2.20100716877e+15 5.69918185183e+15 5.53068451435e+15 0.0 3.47203632696e+15 9.32014185223e+15 9.22818861044e+15 5.00793902212e+15 0.0 7.08416449139e+15 8.3212670498e+15 9.93292289149e+15 7.28724936339e+15 1.00600548672e+15 1.68498613491e+15 5.78462782618e+14 1.11140252031e+14 0.0 0.0 2.53011137615e+13 0.0 0.0 0.0 0.0 0.0 0.0 0.0 0.0 0.0 0.0 1.30887274795e+14 -9999 -9999.0 -9999.0 -9999.0 -9999.0 -9999.0 -9999.0 -9999.0 -9999.0 -9999.0 -9999.0 -9999.0 -9999.0 -9999.0 -9999.0
1.44582731145e+16 1.42600877551e+16 1.60617929088e+16 1.49736918384e+16 1.30165566255e+16 1.20007594608e+16 1.04454552549e+16 8.74664088301e+15 7.65395717171e+15 7.83346671635e+15 4.07246075793e+15 7.56184402462e+14 3.83029427042e+15 3.68611561445e+15 4.91031733764e+15 1.07820499867e+16 5.85718130361e+15 2.39437814431e+15 9.26447001499e+15 5.59506728345e+15 4.58832019158e+15 5.58966968988e+15 1.00406516622e+16 7.44777982816e+15 6.55446153216e+15 8.5123687434e+14 0.0 1.66212886963e+15 8.82301871591e+14 0.0 0.0 0.0 6.82180891625e+13 0.0 0.0 0.0 0.0 0.0 0.0 0.0 0.0 2.02532954548e+13 -9999.0 -9999.0 -9999.0 -9999.0 -9999.0 -9999.0 -9999.0 -9999.0 -9999.0 -9999.0 -9999.0 -9999.0 -9999.0 -9999.0 -9999.0 -9999.0
1.69051439035e+16 1.64875414089e+16 1.92766325594e+16 1.41758358067e+16 1.40087774986e+16 1.22592869385e+16 1.15721804625e+16 9.35191311607e+15 8.18340803755e+15 4.08742726596e+15 1.29006799879e+15 3.22791489946e+15 8.95429094146e+15 1.75413243732e+16 8.04845539011e+15 8.50555655252e+13 3.4397699105e+15 1.05920866486e+16 5.47435291363e+15 0.0 0.0 0.0 8.81156341542e+15 1.13947218659e+16 6.83746385722e+15 3.10798892983e+15 3.27277486713e+15 2.36878194395e+15 5.51547575247e+15 1.18139837173e+15 2.32446366191e+14 0.0 6.14408074955e+13 2.26163616181e+14 0.0 0.0 0.0 2.88819530902e+14 1.47728695937e+14 0.0 8.53768828695e+12 -9999.0 -9999.0 -9999.0 -9999.0 -9999.0 -9999.0 -9999.0 -9999.0 -9999.0 -9999.0 -9999.0 -9999.0 -9999.0 -9999.0 -9999.0 -9999.0 -9999.0
1.98715752806e+16 1.94069544417e+16 1.96017567277e+16 1.7607243627e+16 1.79687054283e+16 1.47659603559e+16 1.13450425879e+16 8.75195621904e+15 7.71516972275e+15 3.2095075198e+15 6.17767744285e+15 7.17780310297e+15 1.54305607393e+16 0.0 7.18185125606e+15 8.16888394318e+15 1.05847371775e+16 3.87880741685e+15 0.0 -9999 -9999 -9999 0.0 1.99855989761e+15 1.1294749711e+16 6.59114348102e+15 6.30316189164e+15 1.35477934547e+16 2.31293940666e+16 1.02152437904e+16 3.47934565424e+14 8.92104469619e+14 0.0 0.0 4.73579671727e+14 1.38582215977e+14 2.33164816591e+14 6.75742525094e+14 2.44576230082e+13 0.0 -9999.0 -9999.0 -9999.0 -9999.0 -9999.0 -9999.0 -9999.0 -9999.0 -9999.0 -9999.0 -9999.0 -9999.0 -9999.0 -9999.0 -9999.0 -9999.0 -9999.0 -9999.0
2.27578377125e+16 2.13868515922e+16 2.17432537131e+16 1.78885267045e+16 1.9261448673e+16 1.81453990322e+16 1.24352428947e+16 1.11317676077e+16 8.84323641887e+15 6.74773044719e+15 9.1100915085e+15 1.65773008338e+16 9.72134837729e+15 6.16830648036e+15 4.09474886912e+15 6.44659224054e+15 9.34392949666e+15 6.89461226685e+15 -9999 -9999 -9999 -9999 6.04791207586e+14 1.61402060468e+16 1.80505020334e+16 5.69577939995e+15 4.52055034215e+15 2.12407855214e+16 8.92414676003e+15 5.68805435646e+15 2.17294796847e+13 7.51941773137e+13 0.0 0.0 1.39612245603e+13 8.04280686078e+14 6.50625324871e+14 2.25521177779e+15 5.15196180709e+14 -9999.0 -9999.0 -9999.0 -9999.0 -9999.0 -9999.0 -9999.0 -9999.0 -9999.0 -9999.0 -9999.0 -9999.0 -9999.0 -9999.0 -9999.0 -9999.0 -9999.0 -9999.0 -9999.0
