critload/trunk/input/1999/q.asc
ncols 720
nrows 360
xllcorner -180
yllcorner -90
cellsize 0.5
NODATA_value -9999
[rows 52 to 77 of 360, columns 348 to 405 of 720]
-9999.0 -9999.0 -9999.0 -9999.0 -9999.0 -9999.0 -9999.0 -9999.0 -9999.0 -9999.0 -9999.0 -9999.0 -9999.0 -9999.0 -9999.0 -9999.0 -9999.0 -9999.0 -9999.0 -9999.0 -9999.0 -9999.0 -9999.0 -9999.0 -9999.0 -9999.0 -9999.0 -9999.0 1.10236234901e+12 1.20064645097e+12 9.54073104311e+11 1.04584856088e+12 1.34101644767e+12 1.29529101922e+12 1.28121912612e+12 1.24490159303e+12 1.11234683935e+12 9.38404972347e+11 7.6568465349e+11 4.85447481758e+11 2.9527787708e+11 1.99532826754e+11 1.48878406124e+11 2.59768773139e+11 2.95019320945e+11 3.15711655242e+11 2.0997451917e+11 3.30919588698e+11 3.33777550745e+11 3.75495519471e+11 3.14942895577e+11 2.68582491619e+11 1.86185603578e+11 2.02536114174e+11 -9999.0 -9999.0 -9999.0 9875623417.41
-9999.0 -9999.0 -9999.0 -9999.0 -9999.0 -9999.0 -9999.0 -9999.0 -9999.0 -9999.0 -9999.0 -9999.0 -9999.0 -9999.0 -9999.0 -9999.0 -9999.0 -9999.0 -9999.0 -9999.0 -9999.0 -9999.0 -9999.0 -9999.0 -9999.0 -9999.0 1.27876015367e+12 1.17229919503e+12 1.4472532363e+12 1.58026439969e+12 1.31950892501e+12 9.95777501632e+11 9.83372672412e+11 9.22870833778e+11 9.4315623096e+11 1.19839349277e+12 9.39860690094e+11 8.85165464145e+11 6.66027520721e+11 4.13038044213e+11 2.21962935382e+11 1.53213921999e+11 1.59576028781e+11 2.7228959856e+11 3.30194663568e+11 3.26307391697e+11 2.91798640089e+11 2.77531260841e+11 3.38187531406e+11 3.31704593782e+11 1.48703061808e+11 1.4080673218e+11 -9999.0 -9999.0 1.83331995071e+11 50148546421.8 15056674502.0 35704663921.0
-9999.0 -9999.0 -9999.0 -9999.0 -9999.0 -9999.0 -9999.0 -9999.0 -9999.0 -9999.0 -9999.0 -9999.0 -9999.0 -9999.0 -9999.0 -9999.0 -9999.0 -9999.0 -9999.0 -9999.0 -9999.0 -9999.0 -9999.0 -9999.0 1.48308397638e+12 1.40374878645e+12 2.18656417854e+12 1.87538644507e+12 1.61253666552e+12 1.48733174926e+12 1.32792414373e+12 9.47437485538e+11 7.27667357613e+11 7.3656950837e+11 7.26147236989e+11 9.99447961185e+11 8.70212070601e+11 8.48980463075e+11 4.73312106946e+11 5.74751611525e+11 2.67971286489e+11 2.17569866498e+11 3.0441829735e+11 3.72405557545e+11 3.05125881417e+11 3.21391515011e+11 3.07019566724e+11 3.03323235515e+11 2.78524669393e+11 -9999.0 -9999.0 -9999.0 -9999.0 -9999.0 22763944656.5 19222706092.3 13293942761.4 23798602003.0
-9999.0 -9999.0 -9999.0 -9999.0 -9999.0 -9999.0 -9999.0 -9999.0 -9999.0 -9999.0 -9999.0 -9999.0 -9999.0 -9999.0 -9999.0 -9999.0 -9999.0 -9999.0 -9999.0 -9999.0 -9999.0 -9999 1.65910448271e+12 1.88892910266e+12 2.01805643703e+12 2.01563389746e+12 1.85084338949e+12 1.83477148927e+12 1.39299399213e+12 1.18509215161e+12 9.39999884392e+11 5.72283144071e+11 5.81299623674e+11 6.30051907545e+11 6.13262374539e+11 5.114364154e+11 4.57017847793e+11 4.6836290849e+11 4.76110856604e+11 5.3197527522e+11 3.19121118681e+11 3.36002260902e+11 3.77832818088e+11 4.31997807959e+11 3.48359172211e+11 3.36817388236e+11 2.19901832658e+11 46549923608.1 -9999.0 -9999.0 -9999.0 -9999.0 -9999.0 -9999.0 1.73851176445e+11 47946630571.1 59712571306.4 49797492792.9
-9999.0 -9999.0 -9999.0 -9999.0 -9999.0 -9999.0 -9999.0 -9999.0 -9999.0 -9999.0 -9999.0 -9999.0 -9999.0 -9999.0 -9999.0 -9999.0 -9999.0 -9999.0 -9999.0 -9999.0 -9999.0 1.68030718702e+12 3.01711811489e+12 2.88742318712e+12 2.57554622285e+12 2.07288788175e+12 1.42079415259e+12 8.80478235189e+11 1.12050585434e+12 9.98694587417e+11 6.45560026981e+11 5.97865271564e+11 5.75598899546e+11 6.08615777011e+11 2.64466111919e+11 2.88646473407e+11 2.90122905e+11 4.22821731597e+11 3.26669973969e+11 3.9060034684e+11 3.63454606139e+11 4.73935330209e+11 3.82100750298e+11 3.93273374304e+11 3.92639962388e+11 3.11273124755e+11 1.60032139247e+11 -9999.0 -9999.0 -9999.0 -9999.0 -9999.0 -9999.0 -9999.0 31839258014.5 16108971966.4 84872742029.8 1.18500608619e+11
-9999.0 -9999.0 -9999.0 -9999.0 -9999.0 -9999.0 -9999.0 -9999.0 -9999.0 -9999.0 -9999.0 -9999.0 -9999.0 -9999.0 -9999.0 -9999.0 -9999.0 -9999.0 -9999.0 -9999.0 -9999.0 1.84657594706e+12 3.8896804101e+12 3.3058535192e+12 2.97173004017e+12 1.94313205974e+12 1.01795462255e+12 7.5938856289e+11 1.09642363966e+12 9.0268774206e+11 6.03486880331e+11 6.07430585861e+11 7.42904547719e+11 3.62649075415e+11 3.82889909589e+11 3.15243583757e+11 3.64129613586e+11 4.84448104148e+11 3.82367795496e+11 4.20757568712e+11 4.66552928364e+11 3.95296320031e+11 3.83743192475e+11 4.38239042945e+11 4.60001007434e+11 3.23165059498e+11 2.21319441159e+11 -9999.0 -9999.0 -9999.0 -9999.0 -9999.0 -9999.0 -9999.0 2.83356866886e+11 80236670594.4 1.15645610822e+11 96461650872.8
-9999.0 -9999.0 -9999.0 -9999.0 -9999.0 -9999.0 -9999.0 -9999.0 -9999.0 1.38373211799e+12 1.30983801074e+12 -9999.0 -9999.0 -9999.0 -9999.0 -9999.0 -9999.0 -9999.0 -9999.0 -9999.0 -9999.0 1.68628930556e+12 3.98690931163e+12 4.16142962026e+12 2.80574885045e+12 1.98215291403e+12 1.51595093609e+12 9.72765906439e+11 6.86725255677e+11 5.97769877718e+11 6.07495531159e+11 3.65932440563e+11 3.78458380123e+11 3.38816134285e+11 2.0270160524e+11 3.54846540347e+11 3.87876306344e+11 5.01280392272e+11 4.45279908283e+11 3.5696746331e+11 4.71937828813e+11 3.2841789334e+11 3.40145172543e+11 3.93682924207e+11 3.44209071879e+11 2.74160204183e+11 2.08588529153e+11 1.35090024242e+11 0.0 -9999.0 -9999.0 -9999.0 -9999.0 -9999.0 2.54024280484e+11 1.30945638552e+11 2.39151063666e+11 2.1205733046e+11
-9999.0 -9999.0 -9999.0 -9999.0 -9999.0 -9999.0 -9999.0 -9999.0 1.40578425225e+12 1.37563530419e+12 -9999.0 -9999.0 -9999.0 -9999.0 -9999.0 -9999.0 -9999.0 -9999.0 -9999.0 -9999.0 -9999.0 -9999 2.56783292448e+12 3.7928697818e+12 2.48168328832e+12 1.81318956236e+12 1.70534652299e+12 5.74792047122e+11 7.40885990908e+11 6.44896867858e+11 3.50266196784e+11 5.18380369196e+11 4.83852801401e+11 5.37472428676e+11 5.63904790705e+11 4.0671903227e+11 4.31696925557e+11 6.01116921062e+11 5.47623468522e+11 5.19410083666e+11 5.14586882129e+11 4.01159250384e+11 4.19485922302e+11 3.1351734999e+11 2.90615416249e+11 2.33386945393e+11 1.421138319e+11 1256569094.85 0.0 84517374408.6 -9999.0 1.57236257885e+11 1.82102244691e+11 -9999.0 -9999.0 1.79277328469e+11 2.3859915897e+11 1.49799370947e+11
-9999.0 -9999.0 -9999.0 -9999.0 -9999.0 -9999.0 -9999.0 -9999.0 -9999.0 1.12622877923e+12 -9999.0 -9999.0 -9999.0 -9999.0 -9999.0 -9999.0 -9999.0 -9999.0 -9999.0 -9999.0 -9999.0 -9999.0 2.87811029753e+12 2.88320460519e+12 2.31269912019e+12 1.64961436122e+12 1.66334493081e+12 1.15007354134e+12 8.48108730856e+11 4.88606265391e+11 5.0540615944e+11 7.11465689233e+11 5.37318074033e+11 5.48134774102e+11 6.05971898719e+11 3.91719778304e+11 3.89512983091e+11 3.06542483264e+11 3.68106322526e+11 4.34803320085e+11 4.54576544313e+11 4.15224611164e+11 3.61164493328e+11 2.45166838364e+11 1.84117212663e+11 2.1007401618e+11 1.8096010606e+11 1.21749290916e+11 43147778.5815 621869746.283 -9999.0 -9999.0 -9999.0 -9999.0 -9999.0 -9999.0 -9999.0 2.13043693091e+11
-9999.0 -9999.0 -9999.0 -9999.0 -9999.0 1.44441062851e+12 1.64882041821e+12 -9999.0 -9999.0 -9999.0 -9999.0 -9999.0 -9999.0 -9999.0 -9999.0 -9999.0 -9999.0 -9999.0 -9999.0 -9999.0 -9999.0 -9999.0 1.35873857952e+12 2.06516002064e+12 2.86371320603e+12 2.44240685707e+12 1.81905894806e+12 1.16789760859e+12 7.80950852327e+11 9.25701473377e+11 7.66451708062e+11 9.3726716001e+11 8.47110016186e+11 7.25852651233e+11 4.73521602777e+11 4.28580129834e+11 4.23120556451e+11 2.89534915735e+11 2.72901709613e+11 2.86138611556e+11 2.2408072725e+11 2.20438681028e+11 4.21084755106e+11 1.67470606474e+11 1.16128148362e+11 0.0 0.0 4367092661.42 27102545076.7 18941739927.1 -9999.0 -9999.0 -9999.0 -9999.0 -9999.0 -9999.0 -9999.0 1.52048684712e+11
-9999.0 2.51034058877e+12 2.28214645026e+12 1.8378444869e+12 1.77610437431e+12 1.1657921376e+12 1.25305875683e+12 -9999.0 -9999.0 -9999.0 -9999.0 -9999.0 -9999.0 -9999.0 -9999.0 -9999.0 -9999.0 -9999.0 -9999.0 -9999.0 -9999.0 -9999.0 -9999.0 1.77369319681e+12 2.84385370449e+12 2.50784565019e+12 2.1497964115e+12 1.3138558473e+12 1.07904721412e+12 1.17368857802e+12 9.09437627856e+11 5.19087106632e+11 -9999.0 -9999.0 2.60124712567e+11 6.11805313486e+11 4.99551820736e+11 3.2179912772e+11 3.89485998229e+11 1.64564428543e+11 1.5545372759e+11 1.43358909383e+11 1.72155565744e+11 35967054515.4 3810725443.05 0.0 0.0 1.92633272181e+11 -9999.0 -9999.0 -9999.0 -9999.0 -9999.0 -9999.0 -9999.0 -9999.0 3.91855127571e+11 4.52942504714e+11
-9999.0 2.38814461683e+12 3.07758413374e+12 1.99114660489e+12 1.40195380336e+12 1.6315557669e+12 -9999.0 -9999.0 -9999.0 -9999.0 -9999.0 -9999.0 -9999.0 -9999.0 -9999.0 -9999.0 -9999.0 -9999.0 -9999.0 -9999.0 -9999.0 -9999.0 -9999.0 1.12161238026e+12 1.19807274534e+12 2.28586991123e+12 2.20595419964e+12 1.85990713096e+12 1.63670788077e+12 8.33311246642e+11 -9999.0 -9999.0 -9999.0 -9999.0 1.85626698668e+11 3.89802112956e+11 4.97385003658e+11 6.57739669326e+11 6.13258764663e+11 6.04198146858e+11 1.62537364702e+11 90014617394.0 1.4110874568e+11 15764618655.1 11183793867.0 1830301017.32 -9999.0 -9999.0 -9999.0 -9999.0 -9999.0 -9999.0 -9999.0 -9999.0 -9999.0 2.16363767824e+11 3.27678199819e+11 3.35495777981e+11
3.24849065341e+12 3.74010890085e+12 2.69422502838e+12 1.11660907439e+12 1.76548405363e+12 4.7967480632e+11 5.39958484756e+11 1.01959406082e+12 1.03915252435e+12 -9999.0 -9999.0 -9999.0 -9999.0 -9999.0 -9999.0 -9999.0 -9999.0 -9999.0 -9999.0 -9999.0 -9999.0 -9999.0 -9999.0 -9999.0 -9999.0 -9999.0 -9999.0 -9999.0 -9999.0 -9999.0 -9999.0 4.98039599803e+11 7.84802982683e+11 -9999 -9999.0 5.10027783529e+11 6.27770160786e+11 5.81455942925e+11 5.15618977061e+11 4.6706238494e+11 2.3676279744e+11 2.23857305197e+11 1.51570317212e+11 81911578464.6 11512557745.8 1.31306983513e+11 -9999.0 -9999.0 3.69561947051e+11 1751567403.48 4.16049305541e+11 -9999.0 -9999.0 -9999.0 -9999.0 3.55117058042e+11 2.16248295672e+11 2.98248492104e+11
4.35135652289e+12 4.27673146038e+12 2.45837985312e+12 1.77257032325e+12 1.292507685e+12 1.25289881868e+12 1.09477655146e+12 6.50739609875e+11 7.88151236291e+11 -9999.0 -9999.0 -9999.0 -9999.0 -9999.0 -9999.0 -9999.0 -9999.0 -9999.0 -9999.0 -9999.0 -9999.0 -9999.0 -9999.0 -9999.0 -9999.0 -9999.0 -9999.0 -9999.0 -9999.0 4.56843177304e+11 7.76208960167e+11 5.51646893305e+11 4.78926083526e+11 3.04778249485e+11 5.27150367683e+11 4.16377375839e+11 6.34353560167e+11 5.39608008017e+11 6.33694070852e+11 3.61418629719e+11 3.87374184402e+11 1.72639891379e+11 1.15094383859e+11 1.41127415873e+11 20735191399.7 1.03134765404e+11 1.10215191419e+11 -9999.0 228077671.363 1.04363091149e+11 -9999.0 -9999.0 -9999.0 -9999.0 3.63247535011e+11 3.53521767798e+11 3.16071257245e+11 4.19114422706e+11
4.52733361309e+12 5.52880318546e+12 4.57954861366e+12 3.07111425245e+12 1.53045925685e+12 1.45426975991e+12 9.98855145259e+11 7.97848602744e+11 -9999.0 -9999.0 -9999.0 -9999.0 -9999.0 -9999.0 -9999.0 -9999.0 -9999.0 -9999.0 -9999.0 -9999.0 -9999.0 -9999.0 -9999.0 -9999.0 -9999.0 -9999.0 -9999.0 -9999.0 7.70270609841e+11 6.53130818512e+11 5.13971433623e+11 6.23686997445e+11 45886757970.5 -9999.0 -9999.0 -9999.0 4.38260954477e+11 6.63992329723e+11 5.40941313328e+11 3.82405387384e+11 4.3438371651e+11 1.40471751566e+11 1.92588930077e+11 1.74985816933e+11 32913142967.0 1.17614609455e+11 -9999.0 -9999.0 2.95454433196e+11 -9999.0 -9999.0 -9999.0 -9999.0 -9999.0 3.74131342273e+11 5.28666499057e+11 4.3381352233e+11 3.95039203709e+11
3.49466946947e+12 5.03180693793e+12 5.47310929548e+12 2.96994430875e+12 1.72581730877e+12 8.99597974891e+11 1.16249933744e+12 -9999.0 -9999.0 -9999.0 -9999.0 -9999.0 -9999.0 -9999.0 -9999.0 -9999.0 -9999.0 -9999.0 -9999.0 -9999.0 -9999.0 -9999.0 -9999.0 -9999.0 -9999.0 -9999.0 -9999.0 -9999.0 6.6880592015e+11 6.31305684964e+11 5.12364476858e+11 6.25709895707e+11 4.15201267942e+11 3.21886838158e+11 -9999.0 -9999.0 4.48815889403e+11 6.12407042193e+11 8.37418666505e+11 7.09885584064e+11 6.56056596013e+11 2.52720638466e+11 1.30586293468e+11 65769249103.7 1.20835904615e+11 2.43047973721e+11 -9999.0 -9999.0 -9999.0 -9999.0 -9999.0 -9999.0 -9999.0 -9999.0 4.77284353044e+11 4.73520462076e+11 3.80536051016e+11 3.41146066122e+11
1.98250060669e+12 2.18315945764e+12 2.18458773628e+12 1.97039838015e+12 9.98575123283e+11 1.20392291076e+12 8.43404067326e+11 6.41393283932e+11 1.167167959e+12 -9999.0 -9999.0 -9999.0 -9999.0 -9999.0 -9999.0 -9999.0 -9999.0 -9999.0 -9999.0 -9999.0 -9999.0 -9999.0 -9999.0 -9999.0 -9999.0 -9999.0 -9999.0 -9999.0 7.23914675514e+11 6.73349927755e+11 8.51348793209e+11 6.39780015365e+11 6.86587480789e+11 5.46854952332e+11 3.48277948063e+11 3.71784556836e+11 4.08357789845e+11 4.93960658839e+11 5.65238789829e+11 5.74583138261e+11 4.55163075144e+11 -9999.0 -9999.0 -9999.0 -9999.0 -9999.0 -9999.0 -9999.0 -9999.0 -9999.0 -9999.0 -9999.0 -9999.0 -9999.0 3.86206921205e+11 4.96472831329e+11 4.48448740636e+11 3.21904651471e+11
2.78548302173e+12 2.66226996086e+12 2.17907326756e+12 3.36778235915e+12 2.40966396904e+12 2.34995392843e+12 1.58307375429e+12 1.2103673621e+12 7.05612416652e+11 8.59273434853e+11 -9999.0 -9999.0 -9999.0 -9999.0 -9999.0 -9999.0 -9999.0 -9999.0 -9999.0 -9999.0 -9999.0 -9999.0 -9999.0 -9999.0 -9999.0 -9999.0 -9999.0 -9999.0 9.93023195603e+11 5.91383098669e+11 8.40351347972e+11 5.10816205661e+11 4.31527521001e+11 3.66551891618e+11 3.91535357428e+11 3.33066709017e+11 2.74500419159e+11 4.11326106227e+11 4.30180431507e+11 4.74139844086e+11 4.19382959874e+11 4.03860888994e+11 2.86159264049e+11 -9999.0 -9999.0 -9999.0 -9999.0 -9999.0 -9999.0 -9999.0 -9999.0 -9999.0 -9999.0 9.01837797058e+11 3.48262117305e+11 3.39249399275e+11 3.2900952439e+11 3.23659239265e+11
8.3452825176e+11 2.58298269894e+12 1.49736644421e+12 1.94284469459e+12 3.20748564271e+12 3.24610831148e+12 1.43048963992e+12 1.65006091568e+12 6.17646874344e+11 4.98485953543e+11 8.11896303684e+11 -9999.0 -9999.0 -9999.0 -9999.0 -9999.0 -9999.0 -9999.0 -9999.0 -9999.0 -9999.0 -9999.0 -9999.0 -9999.0 -9999.0 -9999.0 -9999.0 -9999.0 6.95399334266e+11 6.23642514132e+11 5.80404055615e+11 5.37627733134e+11 6.36069492833e+11 5.63603912639e+11 3.36496465337e+11 2.70326079637e+11 3.01126887881e+11 3.42194006951e+11 4.88494485929e+11 5.35944965139e+11 -9999.0 -9999.0 -9999.0 -9999.0 -9999.0 3.50511236364e+11 2.77007525714e+11 3.30241670612e+11 2.27671591636e+11 2.79742951562e+11 -9999.0 2.17989885849e+11 3.92821367703e+11 4.77041073757e+11 3.93065907004e+11 3.66640532747e+11 3.32442298535e+11 2.91570195175e+11
1.06702268199e+12 -9999.0 2.87000550526e+12 2.98740845091e+12 3.42697079027e+12 3.77523780017e+12 2.77554774111e+12 2.6589063763e+12 1.19820744515e+12 5.54045521442e+11 6.56618126308e+11 5.04868191376e+11 -9999.0 -9999.0 -9999.0 -9999.0 -9999.0 -9999.0 -9999.0 -9999.0 -9999.0 -9999.0 -9999.0 -9999.0 -9999.0 -9999.0 -9999.0 -9999.0 -9999.0 7.07010060674e+11 5.15348804662e+11 4.963306438e+11 4.4314651584e+11 2.13404735489e+11 5.08191655583e+11 4.70952317267e+11 3.40236518409e+11 66437068.9685 2078886518.97 2.79968874491e+11 2.4178030826e+11 4.56406108814e+11 4.04337831033e+11 3.57294173544e+11 4.22323353181e+11 3.9858048046e+11 3.512748052e+11 3.46561536752e+11 3.25352563433e+11 85119646009.7 13283068036.8 2.31134165673e+11 3.05382047654e+11 3.82380098909e+11 3.13356476138e+11 2.76077675054e+11 2.94778117557e+11 1.1445825765e+11
-9999.0 -9999.0 -9999.0 -9999.0 -9999.0 3.33196393174e+12 1.45995801198e+12 1.89652014077e+12 1.42663158404e+12 4.73197414859e+11 5.18445022105e+11 6.6558923864e+11 7.55989922917e+11 -9999.0 -9999.0 -9999.0 -9999.0 -9999.0 -9999.0 -9999.0 -9999.0 -9999.0 -9999.0 -9999.0 -9999.0 -9999.0 7.61280658005e+11 7.70482663323e+11 6.9932448833e+11 5.70804006586e+11 4.2924899621e+11 4.48871703895e+11 3.69918189413e+11 2.75159887198e+11 3.19892678424e+11 3.4499548399e+11 2.69135541923e+11 45032330934.5 46754675538.9 1.47884265417e+11 1.64707673422e+11 2.78082254024e+11 2.67760212908e+11 3.10242720161e+11 4.02203719741e+11 3.76263646185e+11 2.90129172358e+11 3.10126258469e+11 2.08910846048e+11 1.98294653053e+11 29805100741.4 1.75021450355e+11 2.02790965304e+11 2.23850711945e+11 2.40296537055e+11 1.6110174428e+11 1.81446858008e+11 1.30060533063e+11
-9999.0 -9999.0 2.58430420117e+12 1.77440869659e+12 1.95688231167e+12 1.19624141457e+12 9.15269630038e+11 1.00062831054e+12 1.55651595571e+12 7.3044143877e+11 4.61660896208e+11 4.19937564081e+11 6.06073545336e+11 -9999.0 -9999.0 -9999.0 -9999.0 -9999.0 -9999.0 -9999.0 -9999.0 1.11296631282e+12 8.19322736196e+11 5.76640721446e+11 6.12693427851e+11 5.23991161419e+11 5.10558333303e+11 5.29993046069e+11 4.48590438097e+11 3.32613254442e+11 4.1667469267e+11 3.95791059536e+11 3.71419754374e+11 2.37949420372e+11 2.61631327783e+11 2.74114502064e+11 98393276384.1 81404774053.8 57982622971.9 1.17340220601e+11 3.41157918316e+11 2.0383793633e+11 58513140425.1 1.58898387654e+11 2.41054703007e+11 2.40389193054e+11 2.03008690074e+11 1.88390151599e+11 1.5164854858e+11 2.66821806447e+11 1.65867737918e+11 19509705127.8 50158940211.0 74094245370.1 19748530268.5 3267033902.18 1.06818199027e+11 1.13018212112e+11
-9999.0 -9999.0 2.52917350031e+12 3.08999903805e+12 3.38211195263e+12 1.61413057866e+12 4.65941171832e+11 5.57512354051e+11 5.37185411416e+11 5.21345817389e+11 4.41770542178e+11 4.07321222794e+11 6.44730661315e+11 7.72373226605e+11 4.70020259997e+11 7.5742530648e+11 -9999.0 -9999.0 -9999.0 -9999.0 -9999.0 8.90402340143e+11 8.89850896705e+11 5.87434576381e+11 4.62748020293e+11 3.99169174926e+11 4.99270306538e+11 3.62848977887e+11 3.2432221333e+11 2.25682962384e+11 2.21306986031e+11 2.26463730871e+11 1.84249163465e+11 1.55253250702e+11 2.2804646491e+11 3.19331602465e+11 1.24878402929e+11 1486404760.21 2.05782416171e+11 2.60797710779e+11 3.22316818292e+11 2.84498120962e+11 1.50581800329e+11 77887544328.7 18853797972.8 1.83469221544e+11 40555662503.4 1.47011657708e+11 1.74905974219e+11 1.34682010071e+11 19891666443.2 97554851314.3 1.05726812898e+11 8023752881.68 10223592383.0 46829773.9788 3611674424.62 1.41125005641e+11
-9999.0 -9999.0 2.4592585287e+12 2.05554946448e+12 2.8302549712e+12 1.48304849369e+12 8.09845730656e+11 8.31236435342e+11 8.23819732399e+11 4.67209433581e+11 7.37714940228e+11 3.2619398199e+11 3.86811486274e+11 3.47103789412e+11 4.00818634193e+11 7.8570768032e+11 -9999.0 -9999.0 -9999.0 -9999.0 1.05566408093e+12 8.53623975547e+11 6.52380266837e+11 4.313561256e+11 4.57960868158e+11 4.4705822308e+11 3.9401053112e+11 3.48921164607e+11 3.19481125438e+11 3.78362356402e+11 3.99059250431e+11 3.29555041187e+11 2.34606916068e+11 2.75133274754e+11 2.69707863544e+11 1.90248276999e+11 2.49386604309e+11 2.37441322891e+11 2.08934676402e+11 2.27871683131e+11 2.4680889932e+11 2.79782412829e+11 1.18753515151e+11 1.74937884401e+11 14769919211.8 1.79147274371e+11 2.21357493251e+11 1.76725396159e+11 1.18832561806e+11 1.35726308634e+11 71686820877.8 1.24758387807e+11 90725479453.3 63889460594.6 32495884968.7 18927047708.8 2223761376.23 4205311.38299
-9999.0 1.90411360373e+12 1.36309607278e+12 2.21888722912e+12 3.65873422614e+12 2.1320979794e+12 1.21926590049e+12 8.94723610147e+11 6.46911664136e+11 4.01533362548e+11 5.68929466068e+11 5.31082940727e+11 3.81491160059e+11 4.82885486164e+11 8.69401566048e+11 -9999.0 -9999.0 -9999.0 -9999.0 5.94141610742e+11 7.95120887226e+11 8.09007505419e+11 6.68775836763e+11 5.3304224319e+11 6.27842088801e+11 4.83164698476e+11 5.52165116347e+11 5.42554572137e+11 4.85685304386e+11 4.5161099711e+11 4.04178380565e+11 2.97063072765e+11 2.04372053168e+11 2.37777767116e+11 2.06369638609e+11 2.15927238043e+11 1.77380329373e+11 88705950626.2 2.01430902962e+11 2.64478487531e+11 2.83721717317e+11 28357613274.1 1.6802231108e+11 1.4678740347e+11 2.33352859368e+11 44778395938.3 79692969959.2 20622060294.0 6410079176.01 56924757039.9 20906076339.2 1.37080557017e+11 72938554879.5 0.0 13105749356.9 0.0 0.0 15317226129.5
-9999.0 -9999.0 -9999.0 2.31319785259e+12 1.81498250082e+12 1.03152440685e+12 1.3385794972e+12 1.00493063816e+12 6.1430745652e+11 4.1405997257e+11 3.7470404962e+11 6.752903735e+11 7.78587590954e+11 6.12686839869e+11 6.6148896697e+11 -9999.0 -9999 8.85960567334e+11 8.57426980584e+11 6.15261194407e+11 5.7312345978e+11 4.97447835211e+11 5.15293917791e+11 3.579797164e+11 4.25532989646e+11 6.43649763275e+11 6.38737629409e+11 7.07698268715e+11 4.42405320019e+11 5.27274526332e+11 3.82765855651e+11 2.84290681904e+11 2.01630911492e+11 1.01897230914e+11 1.2118746179e+11 1.77908240425e+11 2.03178251452e+11 63453915116.1 66899553706.6 54733197239.7 1.04291445998e+11 1.24891376764e+11 1.00277641786e+11 1.94794029179e+11 1.33043953499e+11 22169210006.2 3702570153.52 514764090.95 15369882324.5 5702446470.34 1.52714954843e+11 81221656633.7 36011690379.4 0.0 0.0 13606505548.1 0.0 22898054204.2
