critload/trunk/input/1999/q.asc
ncols 720
nrows 360
xllcorner -180
yllcorner -90
cellsize 0.5
NODATA_value -9999
[rows 26 to 51 of 360, columns 464 to 521 of 720]
-9999.0 -9999.0 -9999.0 -9999.0 -9999.0 -9999.0 -9999.0 -9999.0 -9999.0 -9999.0 -9999.0 -9999.0 -9999.0 -9999.0 -9999.0 -9999.0 -9999.0 -9999.0 -9999.0 -9999.0 -9999.0 -9999.0 -9999.0 -9999.0 -9999.0 -9999.0 -9999.0 -9999 -9999 1.13295734295e+15 1.12615539224e+15 1.14201325949e+15 4.36912138682e+14 4.17810015581e+14 -9999 -9999.0 -9999.0 -9999.0 -9999.0 -9999.0 -9999.0 -9999.0 -9999.0 -9999.0 -9999.0 -9999.0 -9999.0 -9999.0 -9999.0 -9999.0 -9999.0 -9999.0 -9999.0 -9999.0 -9999.0 -9999.0 -9999.0 -9999.0
-9999.0 -9999.0 -9999.0 -9999.0 -9999.0 -9999.0 -9999.0 -9999.0 -9999.0 -9999.0 -9999.0 -9999.0 -9999.0 -9999.0 -9999.0 -9999.0 -9999 -9999 -9999 -9999 -9999 -9999 -9999 2.05849748084e+15 1.95839657569e+15 1.69755488542e+15 1.66798253689e+15 8.14551858065e+14 8.60341282938e+14 8.35483358642e+14 1.17018239501e+15 1.0699939235e+15 9.052968241e+14 1.14310404622e+15 -9999.0 -9999.0 -9999.0 -9999.0 -9999.0 -9999.0 -9999.0 -9999.0 -9999.0 -9999.0 -9999.0 -9999.0 -9999.0 -9999.0 -9999.0 -9999.0 -9999.0 -9999.0 -9999.0 -9999.0 -9999.0 -9999.0 -9999.0 -9999.0
-9999.0 -9999.0 -9999.0 -9999.0 -9999.0 -9999.0 -9999.0 -9999.0 -9999.0 -9999.0 -9999.0 -9999.0 -9999 2.48880680062e+15 1.96893039869e+15 2.05470112019e+15 1.29424406107e+15 1.9200638333e+15 1.43068160655e+15 1.29870497817e+15 1.70790741085e+15 1.67239379562e+15 1.58133898434e+15 6.53350627066e+14 5.8644998967e+14 6.52993269285e+14 1.42119524362e+15 1.12003418446e+15 6.15116798571e+14 -9999.0 -9999.0 -9999.0 -9999.0 -9999.0 -9999.0 -9999.0 -9999.0 -9999.0 -9999.0 -9999.0 -9999.0 -9999.0 -9999.0 -9999.0 -9999.0 -9999.0 -9999.0 -9999.0 -9999.0 -9999.0 -9999.0 -9999.0 -9999.0 -9999.0 -9999.0 -9999.0 -9999.0 -9999.0
-9999.0 -9999.0 -9999.0 -9999.0 -9999.0 -9999.0 -9999.0 -9999 -9999 1.98636052167e+15 2.09378052769e+15 2.20804081211e+15 1.57057865433e+15 1.79561689157e+15 2.14447330038e+15 1.29305164668e+15 2.49336544696e+15 2.58534485874e+15 2.65435665846e+15 2.52126645507e+15 2.44927950649e+15 -9999.0 -9999.0 -9999.0 -9999.0 -9999.0 -9999.0 -9999.0 -9999.0 -9999.0 -9999.0 -9999.0 -9999.0 -9999.0 -9999.0 -9999.0 -9999.0 -9999.0 -9999.0 -9999.0 -9999.0 -9999.0 -9999.0 -9999.0 -9999.0 -9999.0 -9999.0 -9999.0 -9999.0 -9999.0 -9999.0 -9999.0 -9999.0 -9999.0 -9999.0 -9999.0 -9999.0 -9999.0
-9999.0 -9999.0 -9999.0 -9999.0 -9999.0 -9999.0 -9999.0 -9999 2.83366862429e+15 2.71757519657e+15 2.39476182738e+15 1.48944650313e+15 2.77094109254e+15 2.6273162619e+15 1.91999306183e+15 2.00237388588e+15 1.96531864785e+15 1.98173267621e+15 -9999.0 -9999.0 -9999.0 -9999.0 -9999.0 -9999.0 -9999.0 -9999.0 -9999.0 -9999.0 -9999.0 -9999.0 -9999.0 -9999.0 -9999.0 -9999.0 -9999.0 -9999.0 -9999.0 -9999.0 -9999.0 -9999.0 -9999.0 -9999.0 -9999.0 -9999.0 -9999.0 -9999.0 -9999.0 -9999.0 -9999.0 -9999.0 -9999.0 -9999.0 -9999.0 -9999.0 -9999 -9999.0 -9999.0 -9999.0
-9999.0 -9999.0 -9999.0 -9999.0 -9999.0 -9999 2.63581882369e+15 1.49306970506e+15 1.48616425373e+15 1.50562062173e+15 1.83908894984e+15 2.35435570483e+15 2.09447548239e+15 2.2943606963e+15 2.01305470166e+15 -9999.0 -9999.0 -9999.0 -9999.0 -9999.0 -9999.0 -9999.0 -9999.0 -9999.0 -9999.0 -9999.0 -9999.0 -9999.0 -9999.0 -9999.0 -9999.0 -9999.0 -9999.0 -9999.0 -9999.0 -9999.0 -9999.0 -9999.0 -9999.0 -9999.0 -9999.0 -9999.0 -9999.0 -9999.0 -9999.0 -9999.0 -9999.0 -9999.0 -9999.0 -9999.0 -9999.0 -9999.0 -9999.0 -9999.0 -9999.0 -9999.0 -9999.0 -9999.0
-9999.0 -9999.0 -9999.0 -9999 1.56051983682e+15 1.69806684299e+15 2.42786398876e+15 2.63334378557e+15 2.80701149081e+15 2.73061954543e+15 2.14220909632e+15 2.40959794142e+15 2.36128526529e+15 -9999.0 -9999.0 -9999.0 -9999.0 -9999.0 -9999.0 -9999.0 -9999.0 -9999.0 -9999.0 -9999.0 -9999.0 -9999.0 -9999.0 -9999.0 -9999.0 -9999.0 -9999.0 -9999.0 -9999.0 -9999.0 -9999.0 -9999.0 -9999.0 -9999.0 -9999.0 -9999.0 -9999.0 -9999.0 -9999.0 -9999.0 -9999.0 -9999.0 -9999.0 -9999.0 -9999.0 -9999.0 -9999.0 -9999.0 -9999.0 -9999.0 -9999.0 -9999.0 -9999.0 -9999
-9999.0 -9999.0 -9999 2.22688735663e+15 2.43213360894e+15 2.56908558813e+15 2.66800889705e+15 2.73532116376e+15 2.75741164193e+15 2.25686285416e+15 2.07579919339e+15 -9999.0 -9999.0 -9999.0 -9999.0 -9999.0 -9999.0 -9999.0 -9999.0 -9999.0 -9999.0 -9999.0 -9999.0 -9999.0 -9999.0 -9999.0 -9999.0 -9999.0 -9999.0 -9999.0 -9999.0 -9999.0 -9999.0 -9999.0 -9999.0 1.55237284524e+15 1.27904179504e+15 1.26115371781e+15 1.09266292364e+15 -9999 -9999.0 -9999.0 -9999.0 -9999.0 -9999 -9999 -9999 -9999 -9999 -9999 -9999.0 -9999.0 -9999.0 -9999.0 -9999 -9999.0 2.78579302038e+15 2.8436607244e+15
-9999 1.91632497602e+15 2.19957964903e+15 2.36615592811e+15 2.57170895573e+15 2.74129393327e+15 2.78085743971e+15 2.5345198377e+15 2.35834799551e+15 -9999.0 -9999.0 -9999.0 -9999.0 -9999.0 -9999.0 -9999.0 -9999.0 -9999.0 -9999.0 -9999.0 -9999.0 -9999.0 -9999.0 -9999.0 -9999.0 -9999.0 -9999.0 -9999.0 -9999.0 -9999.0 -9999.0 -9999.0 -9999.0 -9999 1.85761074019e+15 1.83009299253e+15 1.83647141688e+15 1.40365237857e+15 1.64659319493e+15 1.49085118695e+15 1.80351058029e+15 1.5602571027e+15 -9999.0 -9999.0 1.71726684127e+15 1.80865232713e+15 1.7658326505e+15 -9999.0 -9999.0 -9999.0 -9999.0 -9999 -9999.0 -9999 3.01207053736e+15 -9999 -9999 2.83586260196e+15
-9999 2.15696649423e+15 2.57112711471e+15 2.86736983055e+15 2.79340986982e+15 2.46742007401e+15 2.52932648096e+15 2.41150795189e+15 -9999.0 -9999.0 -9999.0 -9999.0 -9999.0 -9999.0 -9999.0 -9999.0 -9999.0 -9999.0 -9999.0 -9999.0 -9999.0 -9999.0 -9999.0 -9999.0 -9999.0 -9999.0 -9999.0 -9999.0 -9999.0 -9999.0 -9999.0 -9999.0 -9999.0 1.03773586645e+15 1.32706810507e+15 1.67383927976e+15 1.49005008598e+15 1.78912491053e+15 1.85450365224e+15 1.97980504211e+15 1.90259324836e+15 1.94149533362e+15 -9999.0 -9999.0 -9999.0 1.97868540381e+15 1.94532051231e+15 2.17842420418e+15 -9999.0 -9999 2.53713216557e+15 2.8075134341e+15 2.25302636952e+15 2.45899100819e+15 2.97393363266e+15 3.05405416711e+15 2.87119754153e+15 2.90007180453e+15
2.26320326767e+15 2.28567239829e+15 2.61068670816e+15 2.84106340366e+15 2.65292812972e+15 2.49665568905e+15 1.91383597821e+15 2.34719425702e+15 -9999.0 -9999.0 -9999.0 -9999.0 -9999.0 -9999.0 -9999.0 -9999.0 -9999.0 -9999.0 -9999.0 -9999.0 -9999.0 -9999.0 -9999.0 -9999.0 -9999.0 -9999.0 -9999.0 -9999.0 -9999.0 -9999.0 -9999.0 -9999.0 9.248705425e+14 2.25286567396e+15 1.16628329343e+15 1.28938276982e+15 1.46263976829e+15 1.53121454484e+15 1.77780575756e+15 1.5630436849e+15 1.85665293526e+15 1.64874565434e+15 -9999 2.00694962029e+15 2.39774270715e+15 2.0147474378e+15 2.03607442627e+15 -9999.0 2.48776966021e+15 2.95788875494e+15 2.21171017946e+15 2.3243869039e+15 2.57948624583e+15 3.4434477283e+15 2.59845316303e+15 3.33430480231e+15 3.36763018791e+15 3.33684225193e+15
2.44039033438e+15 2.14706547586e+15 2.20071915901e+15 2.71068325415e+15 2.52586508525e+15 2.3414468711e+15 2.71694159044e+15 2.09647011346e+15 2.06061137356e+15 -9999 -9999.0 -9999.0 -9999.0 -9999.0 -9999.0 -9999.0 -9999.0 -9999.0 -9999.0 -9999.0 -9999.0 -9999.0 -9999.0 -9999.0 -9999.0 -9999.0 -9999.0 -9999.0 -9999.0 1.86028120612e+15 1.37209059171e+15 2.51298654891e+15 2.36712484117e+15 1.84956368935e+15 1.62071608425e+15 1.67816735262e+15 1.67379344448e+15 2.06605668638e+15 2.19515425843e+15 2.82820963558e+15 1.32874814979e+15 -9999 2.10107571607e+15 2.05219105424e+15 2.21599669785e+15 2.47869202459e+15 2.74469721667e+15 2.58890898337e+15 -9999 2.28405618351e+15 2.74816431834e+15 2.85147059915e+15 4.21550252297e+15 3.24839462015e+15 3.19251925576e+15 3.35861688806e+15 3.3605407617e+15 3.59087642565e+15
-9999.0 -9999.0 -9999 3.10997296343e+15 2.34269168825e+15 2.40141656348e+15 2.2886374809e+15 2.05069939533e+15 2.2367379932e+15 2.63977740109e+15 2.92041141161e+15 -9999 -9999.0 -9999.0 -9999.0 -9999.0 -9999.0 -9999.0 -9999.0 -9999.0 -9999.0 -9999.0 -9999.0 -9999.0 -9999.0 -9999.0 -9999.0 -9999.0 -9999 2.27066774912e+15 2.68388843054e+15 2.21258352242e+15 2.0906377206e+15 2.09868765779e+15 1.80261547982e+15 1.97410086846e+15 1.82898789904e+15 2.00403581937e+15 2.02089324303e+15 2.28090147831e+15 3.01908491357e+15 2.2640354318e+15 -9999.0 2.28893016209e+15 2.78744561013e+15 2.91874858232e+15 2.85130193128e+15 2.59296001232e+15 2.874299786e+15 3.01416985099e+15 2.90548272301e+15 3.51166682947e+15 3.56584253726e+15 3.30153970997e+15 3.65769377279e+15 3.53790690142e+15 3.45048357818e+15 3.53804124091e+15
-9999.0 -9999.0 -9999.0 -9999.0 -9999.0 -9999.0 -9999.0 -9999.0 -9999.0 -9999.0 -9999.0 -9999.0 -9999.0 3.40167900759e+15 3.84025447964e+15 2.79587941752e+15 -9999 -9999.0 -9999.0 -9999.0 -9999.0 -9999.0 -9999.0 -9999.0 -9999.0 -9999.0 -9999.0 -9999.0 -9999.0 -9999 2.36631406969e+15 2.03192927927e+15 2.94779195216e+15 2.42440956769e+15 2.49472461229e+15 2.50311845539e+15 2.5789028171e+15 2.62506771884e+15 2.43319673482e+15 2.46424792708e+15 1.28776808923e+15 2.40993854441e+15 -9999.0 2.40436886081e+15 3.02779816496e+15 3.07168691492e+15 3.21144719499e+15 3.26251481533e+15 3.57270380068e+15 2.90657173174e+15 3.98230354357e+15 3.87693807477e+15 3.55629776285e+15 3.60219167235e+15 3.21723016522e+15 4.3827368595e+15 3.46544326979e+15 3.51182872264e+15
-9999.0 -9999.0 -9999.0 -9999.0 -9999.0 -9999.0 -9999.0 -9999.0 -9999.0 -9999.0 -9999.0 -9999.0 -9999.0 3.22931749715e+15 3.48985301859e+15 2.94241402812e+15 2.81077629602e+15 3.6066112486e+15 3.78458177575e+15 3.14481457739e+15 2.64585552812e+15 2.37172991096e+15 -9999 -9999 -9999 -9999.0 -9999.0 -9999.0 -9999.0 3.04610393929e+15 2.52088010502e+15 2.36162163401e+15 2.54772129009e+15 2.66888793411e+15 1.85452051182e+15 1.77564709372e+15 3.26772327814e+15 1.88707965098e+15 2.62972888288e+15 2.5435630974e+15 2.21847251073e+15 2.70282724635e+15 -9999.0 2.89347799055e+15 2.57506298427e+15 3.70004031212e+15 2.50846426482e+15 2.55396499617e+15 3.81096387994e+15 3.82948477438e+15 3.87704481305e+15 4.25852356133e+15 3.60829484567e+15 3.74130907441e+15 4.2090194836e+15 4.1612392978e+15 4.21012816989e+15 3.67257617198e+15
-9999.0 -9999.0 -9999.0 -9999.0 -9999.0 -9999.0 -9999.0 -9999.0 -9999.0 -9999.0 -9999.0 -9999.0 -9999.0 -9999.0 -9999 -9999.0 3.13166760602e+15 4.36810771337e+15 4.09912688364e+15 3.4557321271e+15 3.24417363018e+15 3.4839771102e+15 3.4679020638e+15 3.41098951822e+15 3.36468597139e+15 2.9964133689e+15 1.60172208299e+15 -9999 -9999 -9999.0 1.48574253198e+15 -9999.0 3.47667441192e+15 2.39675822177e+15 1.98756063654e+15 2.9595429232e+15 3.36626379154e+15 2.88266991391e+15 2.10760218465e+15 2.99426871903e+15 3.07651692767e+15 2.69696538277e+15 -9999.0 2.854103368e+15 2.4983323758e+15 2.44115810636e+15 3.96991135105e+15 3.77992793093e+15 3.28665343649e+15 3.69146737127e+15 4.03575021173e+15 3.85436833475e+15 3.67061390538e+15 3.82366850906e+15 3.8093492635e+15 4.37009981659e+15 4.41034144561e+15 3.71648105695e+15
-9999 3.46682967257e+15 2.919977917e+15 3.32215693283e+15 -9999 -9999.0 -9999 -9999 -9999 -9999 -9999 4.33041938348e+15 3.75526720036e+15 3.94982709235e+15 3.95916881932e+15 -9999 -9999 5.06412996093e+15 4.83240735758e+15 4.46010766561e+15 4.27130775191e+15 3.90122549363e+15 3.64271199931e+15 3.71441048421e+15 2.48607725607e+15 2.21276476273e+15 2.54341722636e+15 4.05718656513e+15 2.99415267163e+15 2.88690095862e+15 1.57962634359e+15 -9999 -9999.0 2.48248313423e+15 2.24084729396e+15 3.006130175e+15 2.09457794847e+15 3.45656181266e+15 2.84913668426e+15 2.67146213095e+15 2.99169858974e+15 3.34879258844e+15 -9999 -9999.0 -9999 3.51687686164e+15 3.14645005551e+15 4.06211867338e+15 3.48031345373e+15 4.67649360566e+15 3.73582710398e+15 3.99211634373e+15 3.75791645569e+15 3.73361386387e+15 3.87414557094e+15 5.19894017921e+15 5.27187326882e+15 4.59680400643e+15
3.69590800571e+15 3.39607630986e+15 3.74411142271e+15 3.89593482238e+15 2.77730196251e+15 3.40612474528e+15 4.12502666706e+15 4.40948810353e+15 4.70547091546e+15 5.31937498152e+15 4.12467176031e+15 4.51655458237e+15 4.16576422075e+15 4.61128320886e+15 5.20564551134e+15 5.22329286261e+15 4.72624408669e+15 4.41418606838e+15 4.11521218857e+15 4.16529255193e+15 3.79245056915e+15 3.44620618434e+15 3.54416778169e+15 3.64514438551e+15 2.95058775943e+15 3.08238558047e+15 3.1637828585e+15 3.90085065827e+15 2.80706929415e+15 2.62864219478e+15 3.13742442828e+15 3.21131094765e+15 3.69310640065e+15 4.12310947501e+15 2.61031266033e+15 3.40228923228e+15 2.30127635472e+15 2.36012686798e+15 2.56041747117e+15 3.24951807644e+15 2.73559937076e+15 3.37025263479e+15 2.28674621826e+15 3.97746804238e+15 3.59826623711e+15 3.29754945202e+15 3.83778485608e+15 4.48038652305e+15 4.38209356788e+15 3.96646957506e+15 4.10417803051e+15 3.45145715782e+15 3.6617203035e+15 3.76630413032e+15 3.72945871126e+15 4.50951689904e+15 4.86373812844e+15 3.93458440009e+15
4.00297125205e+15 3.31153048592e+15 3.66318251506e+15 5.62251554751e+15 2.98348001521e+15 3.31612961611e+15 4.40422828378e+15 4.76325334664e+15 4.96940689101e+15 4.47091480739e+15 5.43668103327e+15 4.90542529758e+15 4.74210837083e+15 4.76544991215e+15 5.05016308588e+15 4.82787019046e+15 4.83276567032e+15 4.42495448178e+15 4.21491795317e+15 4.5937214061e+15 4.3724346261e+15 3.75497342936e+15 4.22487844534e+15 3.39179313981e+15 3.35967223995e+15 3.52388567442e+15 3.55675874226e+15 3.44620424139e+15 3.83875503282e+15 3.84813319837e+15 3.54301939961e+15 4.01813159294e+15 3.85153602619e+15 3.92901556704e+15 2.67795198326e+15 4.2004049312e+15 4.00777897894e+15 3.14048860753e+15 3.50291988335e+15 2.92454895028e+15 2.93035662467e+15 2.71007458858e+15 3.44961272519e+15 -9999.0 -9999.0 3.32705753653e+15 3.7654366807e+15 3.79557942712e+15 4.26467195524e+15 4.74673444214e+15 4.54331240609e+15 3.99107698473e+15 4.14532201344e+15 4.26272306616e+15 4.8047546629e+15 4.72762938204e+15 5.0008090132e+15 3.84765344921e+15
3.21218842664e+15 2.36063844038e+15 3.91865889769e+15 4.23346979192e+15 4.23515402085e+15 4.84617144208e+15 5.3032437311e+15 5.56756677216e+15 5.27981698025e+15 5.89045191306e+15 4.91230770771e+15 4.45457329347e+15 4.66246477113e+15 4.5856986754e+15 4.75898804045e+15 4.68182369826e+15 4.64952969722e+15 5.15246836941e+15 4.33234192649e+15 4.72772874355e+15 4.48233140526e+15 3.92668914365e+15 3.79092826741e+15 3.56659136289e+15 3.48920561475e+15 4.17602504836e+15 4.07496350577e+15 3.80670697366e+15 3.90370871849e+15 3.57700721939e+15 3.47346742492e+15 3.67356482184e+15 2.4853254791e+15 3.44147824945e+15 3.07345304908e+15 3.86706642216e+15 3.55959956364e+15 3.83180272103e+15 3.64587525528e+15 4.27501408311e+15 2.48030462055e+15 -9999.0 -9999.0 2.58256083772e+15 3.75066054531e+15 4.07028583875e+15 3.59560815529e+15 4.42044954066e+15 4.92739391918e+15 5.62977475348e+15 5.36943384552e+15 3.9200402672e+15 4.04322112297e+15 4.00707120328e+15 4.19421915777e+15 4.19918069822e+15 4.43173584599e+15 4.00339019689e+15
2.70518993254e+15 2.96111348434e+15 3.26367556731e+15 4.03161169671e+15 3.43404290405e+15 3.22463263807e+15 4.18321500081e+15 4.564855464e+15 4.41866152962e+15 4.37405552422e+15 4.76500743568e+15 4.655456732e+15 4.91264454396e+15 4.70024194423e+15 4.73684904129e+15 4.85833829238e+15 4.9169941159e+15 4.8006590561e+15 4.75089132983e+15 4.9265171534e+15 3.88714570957e+15 4.8447423442e+15 4.87293523009e+15 4.78805908327e+15 5.0472123976e+15 4.78801016643e+15 3.11665967068e+15 2.99177718983e+15 2.75734106701e+15 2.55484428226e+15 2.61394493321e+15 2.69729599495e+15 2.78064148584e+15 2.76860767794e+15 2.89528102785e+15 3.95218483175e+15 3.70654742337e+15 3.43164275977e+15 4.22383584823e+15 3.67926432435e+15 -9999.0 3.40251597956e+15 3.70779395505e+15 3.56136528619e+15 4.97973628458e+15 4.21565445237e+15 4.87928009437e+15 4.72767539846e+15 4.8580935829e+15 4.91774996294e+15 5.04301344652e+15 4.58421805656e+15 4.18251081324e+15 4.45586088061e+15 4.33001178426e+15 4.39677549572e+15 3.97677590859e+15 4.12845065589e+15
3.21126398472e+15 2.52920558814e+15 3.18321097822e+15 3.58454447264e+15 4.07586073883e+15 3.28979341908e+15 3.35509484853e+15 3.60213221573e+15 3.58858288088e+15 4.1136808998e+15 4.00314497429e+15 4.62237304738e+15 5.07925482303e+15 5.33170460473e+15 5.38570676235e+15 4.86096709631e+15 4.66526961128e+15 4.74639633034e+15 4.64831510257e+15 5.63239094054e+15 5.36328115937e+15 5.57036101453e+15 5.35627731555e+15 4.89313668914e+15 3.7558158279e+15 2.63199746498e+15 2.7140702683e+15 2.93816074541e+15 3.09608840801e+15 3.07491880338e+15 2.88127903172e+15 2.84809155244e+15 2.96029156779e+15 3.0173997696e+15 3.14919801225e+15 3.29129936779e+15 2.84899073006e+15 2.9724661389e+15 3.14491280298e+15 3.24277131217e+15 2.98695412193e+15 3.29683389426e+15 3.49626005152e+15 3.90911131807e+15 3.71404736274e+15 3.85048896026e+15 3.51005729835e+15 3.67519786174e+15 3.88590227221e+15 3.82666309706e+15 3.86207256999e+15 4.08101052468e+15 4.19151562048e+15 4.1074402995e+15 4.4019273317e+15 4.37864140921e+15 4.20542696547e+15 4.32602697465e+15
3.34494590333e+15 2.92238898104e+15 2.78633264022e+15 2.75895632075e+15 2.94750588374e+15 3.49302040157e+15 3.77979385236e+15 4.08225637037e+15 3.29354160127e+15 4.20479114996e+15 5.46279257564e+15 4.29211099538e+15 5.78132874132e+15 5.33654873003e+15 5.37111529948e+15 4.72610450285e+15 5.77485067799e+15 6.47856836634e+15 5.04456713593e+15 6.06405519461e+15 6.24312809756e+15 5.49070925553e+15 4.25509834522e+15 4.07799688564e+15 3.84806341435e+15 3.50619836544e+15 3.90867356374e+15 3.77240637132e+15 3.25559879488e+15 3.26009899983e+15 3.34861638473e+15 3.39617925375e+15 4.34335213493e+15 3.67349955884e+15 3.76001459001e+15 3.91036238329e+15 3.6643607209e+15 3.43304177796e+15 3.39974507538e+15 3.83503695284e+15 3.5904713013e+15 3.84993847746e+15 3.93714277636e+15 4.06093327741e+15 3.80919476901e+15 4.05783228892e+15 4.25267164072e+15 4.07734959674e+15 4.21052213403e+15 4.24592736789e+15 4.16427877113e+15 4.25031448058e+15 4.27129243115e+15 4.22645662684e+15 4.4914346444e+15 5.04819784983e+15 4.52507496574e+15 5.29679031985e+15
2.96812879703e+15 2.80731317514e+15 3.29005531465e+15 3.37504253618e+15 3.55018829936e+15 2.65343658761e+15 2.79481512415e+15 3.91242542278e+15 3.57066608153e+15 4.16785081574e+15 4.09385203685e+15 5.1250242996e+15 6.2316257905e+15 6.14006736587e+15 5.81333929217e+15 7.66992690368e+15 7.69450926658e+15 6.87651684208e+15 7.30739817304e+15 6.39345214557e+15 5.04570050387e+15 4.79848803292e+15 3.67237393534e+15 3.39388500474e+15 3.34436173935e+15 4.10200843329e+15 3.97405530588e+15 4.79274072767e+15 3.07638647315e+15 3.13737875802e+15 3.08969077245e+15 3.89961076177e+15 3.1570587078e+15 4.57535465762e+15 3.84148613192e+15 4.28092301823e+15 4.77332462354e+15 4.25812257063e+15 4.20861919513e+15 4.30492102438e+15 4.0222468844e+15 4.36911072252e+15 5.16741512944e+15 5.52110842662e+15 5.70338177261e+15 5.52072990844e+15 5.19445472953e+15 4.48870842912e+15 4.50196430404e+15 4.60859714255e+15 5.15502954682e+15 6.3098886037e+15 5.1951799785e+15 5.04183401393e+15 4.86373716326e+15 5.35135274561e+15 5.20007535754e+15 5.11864490235e+15
2.81758484535e+15 2.69910295268e+15 2.97063349515e+15 3.33850696864e+15 2.94996507918e+15 2.53319232758e+15 3.35482585508e+15 3.42749962895e+15 3.73270726835e+15 4.0209169151e+15 5.47078663396e+15 4.82637739766e+15 5.9677026356e+15 7.1442514709e+15 8.59927984663e+15 8.2932809835e+15 7.04802863245e+15 6.93166409425e+15 6.11606418972e+15 5.05691093439e+15 4.97971554262e+15 5.04035953836e+15 4.72680446622e+15 3.24920496234e+15 3.81780065924e+15 3.66599706227e+15 4.57184303232e+15 4.03024016807e+15 3.94026828901e+15 3.42193768995e+15 4.51424938017e+15 4.24822535977e+15 4.53382785041e+15 4.86640889284e+15 5.17385776186e+15 5.01259035293e+15 5.23563865335e+15 4.58253459749e+15 4.53129203597e+15 5.14301402094e+15 5.19175608074e+15 5.46357356591e+15 5.41202557625e+15 5.88864264459e+15 5.6527600823e+15 5.95632216583e+15 5.48353803195e+15 6.12180195706e+15 4.83628936465e+15 5.07469906287e+15 5.39689761921e+15 5.18770937661e+15 5.4529352741e+15 5.09570412892e+15 5.0641012823e+15 5.1619915651e+15 5.26900775432e+15 5.07726639903e+15
3.91873472025e+15 2.44404313255e+15 2.69284111583e+15 3.01297317532e+15 2.75414113039e+15 3.36725517787e+15 3.16697358232e+15 3.36839399103e+15 4.28550166647e+15 5.1925160772e+15 4.41009471773e+15 4.74830407205e+15 6.33003003866e+15 7.86359826157e+15 8.64873096209e+15 6.83871769388e+15 6.34695194494e+15 3.6459836308e+15 4.99575549438e+15 3.91071531736e+15 5.3186937064e+15 4.92124663025e+15 4.07113227951e+15 5.58342013813e+15 5.47082052006e+15 2.445169896e+15 5.33884551118e+15 5.14059104107e+15 4.72012641567e+15 6.04871729102e+15 4.90063191559e+15 5.02670232906e+15 3.5562172716e+15 4.92483227583e+15 4.93253380886e+15 5.44900475749e+15 5.37364069516e+15 6.17630808112e+15 4.26238574524e+15 4.32450081473e+15 4.79113235263e+15 5.46326618648e+15 5.63800931567e+15 5.97681950524e+15 6.20814023085e+15 4.95815710684e+15 5.78952211279e+15 5.74844932392e+15 5.70222905166e+15 5.95018899575e+15 5.58906853257e+15 5.75007807566e+15 5.55593403635e+15 5.44526305339e+15 4.90609215227e+15 5.2611341791e+15 5.05229149335e+15 4.86579504918e+15
