critload/trunk/input/1999/q.asc
ncols 720
nrows 360
xllcorner -180
yllcorner -90
cellsize 0.5
NODATA_value -9999
[rows 52 to 77 of 360, columns 638 to 695 of 720]
2.55474468474e+11 2.53223455319e+11 1.74465171985e+11 1.76291690893e+11 2.52172655106e+11 2.37219182317e+11 2.03063462604e+11 2.21127094268e+11 1.21735743754e+11 1.34000219202e+11 2.57137418392e+11 2.46738442724e+11 1.98026213057e+11 3.09550150586e+11 3.2748933402e+11 3.21148599083e+11 3.50001467144e+11 4.09042885162e+11 3.53422732311e+11 3.15335205592e+11 3.40016247933e+11 3.72888375618e+11 4.75346646058e+11 3.55312376289e+11 3.98073314838e+11 3.73702569469e+11 2.90750029075e+11 3.13444913236e+11 2.91394025285e+11 3.06067325767e+11 3.34080268856e+11 3.74588433884e+11 3.63846627363e+11 3.70279983444e+11 3.92780685581e+11 3.88190298949e+11 3.66230433761e+11 3.90647666374e+11 3.45494682672e+11 3.76859820896e+11 4.00951396242e+11 2.74859562784e+11 2.50318539121e+11 2.69416674034e+11 2.09918547495e+11 1.75575707814e+11 1.76596248476e+11 1.67962710563e+11 1.9188538397e+11 2.75046620752e+11 2.5369616489e+11 2.22319102824e+11 2.06939382818e+11 2.64222624125e+11 2.87078916554e+11 2.3200671824e+11 2.90316907449e+11 2.11932492417e+11
3.16822548918e+11 2.56015765995e+11 2.72158703701e+11 1.79742254188e+11 1.70227028639e+11 2.55500601665e+11 2.50672832405e+11 2.369299181e+11 1.27739826995e+11 1.19784415533e+11 1.64211675233e+11 2.49299542649e+11 2.83115778827e+11 3.01889225418e+11 2.99643592011e+11 2.82371077403e+11 3.01203762872e+11 3.41832143969e+11 4.52192514129e+11 4.27865351207e+11 4.51014829355e+11 4.47515228054e+11 4.7209095671e+11 4.05795434462e+11 4.62587412225e+11 4.36265721675e+11 3.5356925699e+11 4.04902695615e+11 4.12639578743e+11 3.80369600495e+11 3.20983553821e+11 3.96537713316e+11 3.7070131245e+11 3.570718542e+11 3.51228418859e+11 3.86915523474e+11 4.05276556572e+11 3.9738421639e+11 3.17258139092e+11 3.89577043803e+11 3.89373344404e+11 4.06397493201e+11 2.79137538115e+11 3.14294069278e+11 2.79187000148e+11 2.29336069409e+11 2.57861401508e+11 2.63632009697e+11 2.09077419731e+11 2.86010967153e+11 2.95435013447e+11 2.41522855034e+11 2.48144938795e+11 2.63782727721e+11 2.35946515653e+11 2.69905245056e+11 2.73517423655e+11 2.52807332414e+11
3.28615541972e+11 3.30595083079e+11 2.97679151054e+11 2.91153082699e+11 2.76415827477e+11 2.27812387383e+11 1.92594794871e+11 2.43710383217e+11 2.26369147479e+11 2.59393739298e+11 1.96790579767e+11 1.95041128883e+11 2.8530404902e+11 2.81928587411e+11 3.06234000176e+11 3.68912974479e+11 3.00584931501e+11 3.06099364181e+11 4.27885550131e+11 4.03350069957e+11 4.96995867035e+11 4.78103527661e+11 3.48264300148e+11 3.62111541767e+11 4.52445463092e+11 4.36820356829e+11 3.03539504615e+11 3.81237862432e+11 3.75587814511e+11 4.20983969774e+11 4.48671241124e+11 4.52322915731e+11 4.1167478951e+11 3.93740584042e+11 3.41811311325e+11 3.61072066412e+11 4.48040993964e+11 4.97795547888e+11 3.89883634949e+11 4.64606902514e+11 4.39772572992e+11 4.33329956082e+11 3.99193956488e+11 3.69817429414e+11 3.40024561955e+11 3.09529701995e+11 3.01816054192e+11 2.85376418013e+11 2.88343337145e+11 2.92860403802e+11 2.66603555554e+11 2.58184314948e+11 2.57035347218e+11 2.56688078798e+11 2.43592845559e+11 2.5977363821e+11 2.5236114327e+11 2.714236002e+11
3.4710819537e+11 3.37877881722e+11 3.54493472185e+11 3.55609615014e+11 3.68213268872e+11 3.15350126916e+11 2.86706233679e+11 2.8292429025e+11 2.75103184785e+11 2.50614223169e+11 2.1408287592e+11 3.16361621876e+11 2.78134740858e+11 2.98151956082e+11 3.38018131127e+11 4.14305616765e+11 3.40263769543e+11 3.53610748772e+11 3.52810884126e+11 4.73412431026e+11 5.10609614907e+11 4.78737687717e+11 4.54284206419e+11 4.28448760431e+11 3.25129443234e+11 3.87869816506e+11 3.79054344781e+11 4.16139305806e+11 3.75820418593e+11 4.52482097294e+11 4.90595779341e+11 4.27604686644e+11 4.55140441421e+11 4.34148465142e+11 4.47463376937e+11 4.78508263596e+11 4.90910613631e+11 4.80591249267e+11 4.24897346813e+11 4.4092427258e+11 4.51954581968e+11 4.00489351216e+11 4.3539904945e+11 3.20043104552e+11 3.18440109572e+11 3.02749560158e+11 2.87051388177e+11 2.84579164499e+11 2.72431291184e+11 -9999.0 2.50863505784e+11 3.29315726006e+11 2.93288219669e+11 2.22880670584e+11 1.95640545518e+11 2.36833658895e+11 2.4428551067e+11 2.82800495135e+11
3.57400249924e+11 4.23489807896e+11 3.9304112532e+11 4.15598972483e+11 4.44552345651e+11 3.69543262272e+11 3.42204443451e+11 3.55368433519e+11 3.24758790923e+11 2.974820675e+11 3.05112291794e+11 2.79842444616e+11 3.05941677006e+11 3.83137251522e+11 3.56372781837e+11 3.71323611634e+11 3.27280620035e+11 4.63871679269e+11 3.70333420159e+11 4.44726106847e+11 4.51460852249e+11 4.04222927092e+11 5.26668196828e+11 4.58156479177e+11 4.19164813619e+11 3.9167191816e+11 4.03306371166e+11 5.22066734169e+11 4.73340472443e+11 3.9557399992e+11 4.43155254544e+11 4.40582308864e+11 4.77243224205e+11 4.85783818732e+11 4.807475457e+11 5.07055866595e+11 4.91605324945e+11 4.06972153709e+11 4.144480591e+11 4.75786167298e+11 4.3633758402e+11 3.63274424099e+11 3.83993249228e+11 4.79372271761e+11 4.14790349333e+11 3.57416378819e+11 3.01014645953e+11 1.71496028311e+11 3.19620240968e+11 -9999 1.40824871673e+11 2.44596988702e+11 2.08593124002e+11 1.72645506299e+11 2.1067685641e+11 2.80748454262e+11 2.93611041948e+11 3.12585554159e+11
3.38552325273e+11 4.52477710836e+11 4.09858637885e+11 4.78859267781e+11 4.78888609422e+11 4.97105027591e+11 3.72305008386e+11 3.91010791911e+11 3.53121054109e+11 3.46568120181e+11 3.64395266436e+11 3.58629828279e+11 3.59072326664e+11 4.11915945374e+11 3.5639151129e+11 3.68857927415e+11 3.94157920383e+11 3.9343620984e+11 4.27011191926e+11 4.42387563173e+11 4.50073045981e+11 4.70290039691e+11 4.72160602422e+11 4.06318333068e+11 3.41935004546e+11 3.84581204425e+11 4.46633632937e+11 5.06342494467e+11 5.18547641362e+11 4.09470448454e+11 4.72767148577e+11 4.65371682576e+11 4.42376080037e+11 4.77956371508e+11 4.02785431743e+11 4.91557594776e+11 -9999.0 -9999.0 -9999.0 -9999.0 -9999.0 4.18453800388e+11 4.18743725226e+11 2.21476119469e+11 2.78539750564e+11 3.24253002794e+11 3.64915135596e+11 -9999.0 -9999.0 2.75226155766e+11 2.42464723435e+11 2.25778730263e+11 3.19097722615e+11 3.12391918024e+11 2.49477428455e+11 2.43761058506e+11 3.4422188842e+11 3.88902171258e+11
4.26769539233e+11 4.80803977999e+11 4.00599735187e+11 4.4062534713e+11 5.3282945964e+11 4.64160780856e+11 4.39192192576e+11 3.83892581355e+11 3.47447487929e+11 3.43414272927e+11 2.86849680765e+11 3.7591344735e+11 3.48759336968e+11 3.21485588526e+11 3.44539058788e+11 3.6522213514e+11 3.72150489532e+11 3.58165509148e+11 4.10765237946e+11 3.66328091515e+11 4.52918586565e+11 4.97389458493e+11 5.11216706421e+11 4.32671905046e+11 3.31809514274e+11 3.91146122398e+11 4.28365034509e+11 4.0394328636e+11 4.98966982891e+11 5.45511055298e+11 4.15769080098e+11 5.1229509159e+11 5.81253765067e+11 5.66582341144e+11 3.92689657127e+11 -9999.0 -9999.0 -9999.0 -9999.0 -9999.0 -9999.0 5.08623987674e+11 5.37164619039e+11 3.78016878898e+11 5.00319918184e+11 -9999.0 -9999 3.09202575374e+11 3.3637762202e+11 3.48138565394e+11 2.37384136549e+11 2.68032995269e+11 2.98887037267e+11 2.81348786257e+11 2.64744892854e+11 2.19485566049e+11 3.54619990749e+11 3.60886740079e+11
4.65880648529e+11 4.48444927157e+11 4.92444754206e+11 4.85050101507e+11 5.09773749973e+11 5.17503821306e+11 4.99722793393e+11 4.497739668e+11 4.46371979595e+11 3.45168831855e+11 3.67770378456e+11 4.19036421588e+11 3.71279685415e+11 3.77179919672e+11 2.98195443705e+11 3.18952190574e+11 4.1313784038e+11 2.679606759e+11 3.3188164903e+11 4.89501899197e+11 4.59232013751e+11 4.28301114025e+11 4.38448000849e+11 4.39460712652e+11 4.08065879909e+11 4.35247398976e+11 4.55278220355e+11 4.75604758575e+11 5.27271591198e+11 5.58724062945e+11 6.33893087406e+11 5.08669143322e+11 5.88575129536e+11 -9999.0 -9999.0 -9999.0 -9999.0 -9999.0 -9999.0 -9999.0 -9999.0 -9999.0 -9999.0 -9999.0 -9999.0 3.66781640813e+11 5.792739448e+11 5.98230775181e+11 5.51430443598e+11 2.46169451707e+11 3.17338533769e+11 2.01035369655e+11 2.48707736985e+11 3.05539745232e+11 1.35591227393e+11 3.0932847787e+11 3.753828688e+11 3.27493844357e+11
4.92435869395e+11 5.22992817858e+11 5.42386205132e+11 5.93110448354e+11 5.96184124342e+11 5.4249145929e+11 5.10052817802e+11 4.63986155114e+11 4.57803429151e+11 4.52796135382e+11 4.81060837809e+11 3.69273517198e+11 4.06453855326e+11 4.15469646069e+11 3.58380236414e+11 3.76229902871e+11 3.70355499591e+11 3.79773236543e+11 3.48880056965e+11 3.50237654854e+11 3.49461694601e+11 4.02489350719e+11 3.66646221223e+11 3.20523902382e+11 4.52918843373e+11 4.69306810253e+11 4.9959541919e+11 3.62657249734e+11 3.82674159676e+11 3.87022112541e+11 4.70193427351e+11 -9999.0 -9999.0 -9999.0 -9999.0 -9999.0 -9999.0 -9999.0 -9999.0 -9999.0 -9999.0 -9999.0 -9999.0 6.19311868201e+11 7.88165609853e+11 7.10231865674e+11 6.27414057922e+11 5.19835327164e+11 3.66881623139e+11 3.36891608666e+11 3.06860011645e+11 3.15764869627e+11 2.55845661175e+11 -9999.0 2.81189847778e+11 -9999.0 -9999.0 -9999.0
5.34946045906e+11 6.22839192896e+11 5.4590897567e+11 5.45994529031e+11 5.37421010412e+11 5.54269164206e+11 5.53680281282e+11 5.17228603867e+11 5.14355684896e+11 4.51666038322e+11 4.4710696765e+11 3.95675595011e+11 3.6940491441e+11 4.29393070478e+11 4.30830716266e+11 4.16518410665e+11 4.38346090841e+11 2.92323463869e+11 2.8024256372e+11 2.98945813735e+11 2.69531389856e+11 -9999.0 -9999.0 3.26546730496e+11 3.36271069139e+11 4.15982188704e+11 5.0243920282e+11 5.41544376207e+11 4.46114367988e+11 4.7719233969e+11 5.08895963071e+11 5.12754994453e+11 5.52446608172e+11 -9999.0 -9999.0 -9999.0 -9999.0 -9999.0 -9999.0 -9999.0 -9999.0 6.14715704588e+11 8.73975606404e+11 8.5127891898e+11 7.40772135634e+11 6.98946114644e+11 7.00603647778e+11 5.1001847564e+11 4.75074568183e+11 -9999.0 3.94861247371e+11 4.37308241576e+11 -9999.0 -9999.0 -9999.0 -9999.0 -9999.0 -9999.0
6.09831719501e+11 5.48351679414e+11 5.10160211069e+11 5.36800333671e+11 6.4877861318e+11 5.94040705963e+11 -9999.0 -9999.0 -9999.0 -9999.0 -9999.0 -9999.0 -9999.0 -9999.0 -9999.0 -9999.0 -9999.0 -9999.0 -9999.0 -9999.0 -9999.0 -9999.0 -9999.0 -9999.0 4.52255310985e+11 4.49670257521e+11 4.13214164221e+11 4.97620456447e+11 -9999.0 -9999.0 -9999.0 -9999.0 -9999.0 -9999.0 -9999.0 -9999.0 -9999.0 -9999.0 -9999.0 -9999.0 7.62181946112e+11 5.65753961905e+11 7.04869717357e+11 8.42104947001e+11 8.01710097426e+11 7.61765851173e+11 6.00466656747e+11 5.81740670598e+11 3.9004662634e+11 4.32812430904e+11 4.44341786806e+11 4.48109169448e+11 -9999.0 -9999.0 -9999.0 -9999.0 -9999.0 -9999.0
6.90961246946e+11 5.98751930533e+11 5.78821243722e+11 6.88783417294e+11 5.43107196965e+11 -9999.0 -9999.0 -9999.0 -9999.0 -9999.0 -9999.0 -9999.0 -9999.0 -9999.0 -9999.0 -9999.0 -9999.0 -9999.0 -9999.0 -9999.0 -9999.0 -9999.0 -9999.0 -9999.0 -9999.0 -9999.0 -9999.0 -9999.0 -9999.0 -9999.0 -9999.0 -9999.0 -9999.0 -9999.0 -9999.0 -9999.0 -9999.0 -9999.0 8.93835155307e+11 6.27806149675e+11 6.32357560295e+11 6.24671123322e+11 8.6202721837e+11 9.3693836921e+11 8.46339021641e+11 5.67095959547e+11 8.09124138298e+11 -9999.0 -9999 -9999.0 -9999.0 -9999.0 -9999.0 -9999.0 -9999.0 -9999.0 -9999.0 -9999.0
7.54836857977e+11 6.39194235444e+11 6.45308511567e+11 -9999.0 -9999.0 -9999.0 -9999.0 -9999.0 -9999.0 -9999.0 -9999.0 -9999.0 -9999.0 -9999.0 -9999.0 -9999.0 -9999.0 -9999.0 -9999.0 -9999.0 -9999.0 -9999.0 -9999.0 -9999.0 -9999.0 -9999.0 -9999.0 -9999.0 -9999.0 -9999.0 -9999.0 -9999.0 -9999.0 -9999.0 -9999.0 8.09927201473e+11 6.91623339186e+11 6.93965623863e+11 6.80043802401e+11 6.95084805185e+11 6.8129071587e+11 7.63170765983e+11 8.35893829854e+11 1.0351740641e+12 6.9582650071e+11 4.89145157906e+11 6.59977092475e+11 5.20227416647e+11 6.07539384592e+11 -9999.0 -9999.0 -9999.0 -9999.0 -9999.0 -9999.0 -9999.0 -9999.0 -9999.0
8.51601464981e+11 6.87961075536e+11 -9999.0 -9999.0 -9999.0 -9999.0 -9999.0 -9999.0 -9999.0 -9999.0 -9999.0 -9999.0 -9999.0 -9999.0 -9999.0 -9999.0 -9999.0 -9999.0 -9999.0 -9999.0 -9999.0 -9999.0 -9999.0 -9999.0 -9999.0 -9999.0 -9999.0 -9999.0 -9999.0 -9999.0 -9999.0 -9999.0 -9999.0 -9999.0 -9999.0 8.08655854502e+11 8.35889750855e+11 7.74971204546e+11 8.82102249403e+11 7.56807947991e+11 8.22825067604e+11 8.97179301208e+11 9.6260064573e+11 8.05160679702e+11 6.32706355043e+11 5.29194007235e+11 5.43265048769e+11 7.07488604229e+11 6.15762662249e+11 -9999.0 -9999.0 -9999.0 -9999.0 -9999.0 -9999.0 -9999.0 -9999.0 -9999.0
-9999.0 -9999.0 -9999.0 -9999.0 -9999.0 -9999.0 -9999.0 -9999.0 -9999.0 -9999.0 -9999.0 -9999.0 -9999.0 -9999.0 -9999.0 -9999.0 -9999.0 -9999.0 -9999.0 -9999.0 -9999.0 -9999.0 -9999.0 -9999.0 -9999.0 -9999.0 -9999.0 -9999.0 -9999.0 -9999.0 -9999.0 -9999.0 -9999.0 7.20063113411e+11 8.5409781511e+11 7.9754114029e+11 7.43054543687e+11 8.32564425211e+11 9.55969679014e+11 9.90350999061e+11 1.04406635184e+12 1.14747488584e+12 1.00112482708e+12 8.53878746316e+11 8.88714239566e+11 7.13389840062e+11 6.43809558624e+11 7.88325000852e+11 7.48431460699e+11 -9999.0 -9999.0 -9999.0 -9999.0 -9999.0 -9999.0 -9999.0 -9999.0 -9999.0
-9999.0 -9999.0 -9999.0 -9999.0 -9999.0 -9999.0 -9999.0 -9999.0 -9999.0 -9999.0 -9999.0 -9999.0 -9999.0 -9999.0 -9999.0 -9999.0 -9999.0 -9999.0 -9999.0 -9999.0 -9999.0 -9999.0 -9999.0 -9999.0 -9999.0 -9999.0 -9999.0 -9999.0 -9999.0 -9999.0 -9999.0 -9999.0 -9999.0 7.26653217747e+11 9.06961018664e+11 8.30948699061e+11 8.41159369555e+11 9.90232865624e+11 1.03945748793e+12 1.18360804668e+12 1.21682987615e+12 1.15826240815e+12 1.09665203832e+12 1.08482019947e+12 7.41949218652e+11 7.26436348915e+11 8.28551705392e+11 5.35074686443e+11 7.26013389536e+11 -9999.0 -9999.0 -9999.0 -9999.0 -9999.0 -9999.0 -9999.0 -9999.0 -9999.0
-9999.0 -9999.0 -9999.0 -9999.0 -9999.0 -9999.0 -9999.0 -9999.0 -9999.0 -9999.0 -9999.0 -9999.0 -9999.0 -9999.0 -9999.0 -9999.0 -9999.0 -9999.0 -9999.0 -9999.0 -9999.0 -9999.0 -9999.0 -9999.0 -9999.0 -9999.0 -9999.0 -9999.0 -9999.0 -9999.0 -9999.0 -9999.0 -9999.0 9.39180408029e+11 8.18613611971e+11 8.33170977725e+11 9.49172691493e+11 1.03335655824e+12 1.11511246317e+12 1.11249603907e+12 1.18398075272e+12 1.20633086796e+12 1.23754379811e+12 1.16790225846e+12 8.6681734468e+11 7.05692776367e+11 7.48168449913e+11 -9999.0 -9999.0 -9999.0 -9999.0 -9999.0 -9999.0 -9999.0 -9999.0 -9999.0 -9999.0 -9999.0
-9999.0 -9999.0 -9999.0 -9999.0 -9999.0 -9999.0 -9999.0 -9999.0 -9999.0 -9999.0 -9999.0 -9999.0 -9999.0 -9999.0 -9999.0 -9999.0 -9999.0 -9999.0 -9999.0 -9999.0 -9999.0 -9999.0 -9999.0 -9999.0 -9999.0 -9999.0 -9999.0 -9999.0 -9999.0 -9999.0 -9999.0 -9999.0 -9999.0 9.46729519652e+11 8.47031779413e+11 8.12277734145e+11 1.05461722369e+12 1.06103959678e+12 1.15376874233e+12 1.17259932421e+12 1.26841984946e+12 1.2958252678e+12 1.39203966277e+12 1.31883404027e+12 1.05154558594e+12 7.91883157067e+11 -9999.0 -9999.0 -9999.0 -9999.0 -9999.0 -9999.0 -9999.0 8.13069877389e+11 8.83107808156e+11 -9999.0 -9999.0 -9999.0
-9999.0 -9999.0 -9999.0 -9999.0 -9999.0 -9999.0 -9999.0 -9999.0 -9999.0 -9999.0 -9999.0 -9999.0 -9999.0 -9999.0 -9999.0 -9999.0 -9999.0 -9999.0 -9999.0 -9999.0 -9999.0 -9999.0 -9999.0 -9999.0 -9999.0 -9999.0 -9999.0 -9999.0 -9999.0 -9999.0 -9999.0 -9999.0 -9999.0 9.10647056949e+11 9.00706194114e+11 9.66901047174e+11 1.10264633718e+12 1.11473872843e+12 1.08838954051e+12 1.26871359892e+12 1.33487987287e+12 1.44788459326e+12 1.3790547678e+12 1.34225385555e+12 1.3036179974e+12 1.19487730961e+12 9.85551460677e+11 -9999.0 -9999.0 -9999.0 -9999.0 -9999.0 -9999.0 -9999.0 9.01267775072e+11 8.93220010395e+11 -9999.0 -9999.0
9.88215198371e+11 9.8160849367e+11 7.73653341303e+11 -9999.0 -9999.0 -9999.0 7.62163170735e+11 9.04566701219e+11 -9999.0 -9999.0 -9999.0 -9999.0 -9999.0 -9999.0 -9999.0 -9999.0 -9999.0 -9999.0 -9999.0 -9999.0 -9999.0 -9999.0 -9999.0 -9999.0 -9999.0 -9999.0 -9999.0 -9999.0 -9999.0 -9999.0 -9999.0 -9999.0 -9999.0 9.89023654129e+11 9.10584434058e+11 9.2347722902e+11 1.09815450266e+12 1.18447000188e+12 1.22625143653e+12 1.40691625444e+12 1.46509138141e+12 1.50695401176e+12 1.44466124399e+12 1.29921469321e+12 -9999 -9999 -9999.0 -9999.0 -9999.0 -9999.0 -9999.0 -9999.0 -9999.0 -9999.0 -9999.0 -9999.0 -9999.0 -9999.0
9.43749934206e+11 7.88969357079e+11 8.64328491297e+11 5.78987615777e+11 -9999.0 -9999.0 -9999.0 8.67964612694e+11 5.35158081168e+11 -9999.0 -9999.0 -9999.0 -9999.0 -9999.0 -9999.0 -9999.0 -9999.0 -9999.0 -9999.0 -9999.0 -9999.0 -9999.0 -9999.0 -9999.0 -9999.0 -9999.0 -9999.0 -9999.0 -9999.0 -9999.0 -9999.0 -9999.0 -9999.0 9.97610874372e+11 9.45440913403e+11 1.00215118882e+12 1.05813815759e+12 1.20754756896e+12 1.38612682045e+12 1.46041001879e+12 1.51057850596e+12 1.52280465725e+12 -9999.0 -9999.0 -9999.0 -9999.0 -9999.0 -9999.0 -9999.0 -9999.0 -9999.0 -9999.0 -9999.0 -9999.0 -9999.0 -9999.0 -9999.0 -9999.0
9.11792686304e+11 8.7955635101e+11 9.39942482451e+11 7.62906988805e+11 7.65780553801e+11 9.62267603664e+11 9.03072955144e+11 9.03590509812e+11 8.14374061208e+11 -9999.0 -9999.0 -9999.0 -9999.0 -9999.0 -9999.0 -9999.0 -9999.0 -9999.0 -9999.0 -9999.0 -9999.0 -9999.0 -9999.0 -9999.0 -9999.0 -9999.0 -9999.0 -9999.0 -9999.0 -9999.0 -9999.0 -9999.0 -9999.0 -9999.0 9.81343762019e+11 9.86840239029e+11 1.02484077646e+12 1.23088960146e+12 1.39019050265e+12 1.42364132598e+12 1.47522643786e+12 1.40224933492e+12 1.20924546825e+12 -9999.0 -9999.0 -9999.0 -9999.0 -9999.0 -9999.0 -9999.0 -9999.0 -9999.0 -9999.0 -9999.0 -9999.0 -9999.0 -9999.0 -9999.0
7.79948758183e+11 8.61306937885e+11 7.04914850299e+11 7.26411498738e+11 7.0610920551e+11 9.27714158833e+11 9.34735545468e+11 8.76206800809e+11 8.58546507623e+11 -9999.0 -9999.0 -9999.0 -9999.0 -9999.0 -9999.0 -9999.0 -9999.0 -9999.0 -9999.0 -9999.0 -9999.0 -9999.0 -9999.0 -9999.0 -9999.0 -9999.0 -9999.0 -9999.0 -9999.0 -9999.0 -9999.0 -9999.0 -9999.0 -9999.0 1.04885544109e+12 1.1068787932e+12 1.04611659996e+12 1.25524874117e+12 1.36321681456e+12 1.37233692331e+12 -9999.0 -9999.0 -9999.0 -9999.0 -9999.0 -9999.0 -9999.0 -9999.0 -9999.0 -9999.0 -9999.0 -9999.0 -9999.0 -9999.0 -9999.0 -9999.0 -9999.0 -9999.0
7.31104838277e+11 6.58252609031e+11 7.94553223355e+11 6.22845899965e+11 6.93553329691e+11 7.74459651149e+11 5.95796631296e+11 8.37062683278e+11 8.49496642965e+11 -9999.0 -9999.0 -9999.0 -9999.0 -9999.0 -9999.0 -9999.0 -9999.0 -9999.0 -9999.0 -9999.0 -9999.0 -9999.0 -9999.0 -9999.0 -9999.0 -9999.0 -9999.0 -9999.0 -9999.0 -9999.0 -9999.0 -9999.0 -9999.0 -9999.0 1.34861357226e+12 1.23849792388e+12 1.06431309157e+12 1.25304659425e+12 1.25234039934e+12 1.17529680449e+12 -9999.0 -9999.0 -9999.0 -9999.0 -9999.0 -9999.0 -9999.0 -9999.0 -9999.0 -9999.0 -9999.0 -9999.0 -9999.0 -9999.0 -9999.0 -9999.0 -9999.0 -9999.0
5.55831988619e+11 6.81893733988e+11 5.51458278914e+11 5.57182081383e+11 6.67353108838e+11 6.57245762756e+11 8.97531357671e+11 9.08668033878e+11 8.51722955556e+11 -9999.0 -9999.0 -9999.0 -9999.0 -9999.0 -9999.0 -9999.0 -9999.0 -9999.0 -9999.0 -9999.0 -9999.0 -9999.0 -9999.0 -9999.0 -9999.0 -9999.0 -9999.0 -9999.0 -9999.0 -9999.0 -9999.0 -9999.0 -9999.0 -9999.0 -9999.0 1.16949585776e+12 1.11924175247e+12 1.16161125412e+12 1.2622226541e+12 -9999.0 -9999.0 -9999.0 -9999.0 -9999.0 -9999.0 -9999.0 -9999.0 -9999.0 -9999.0 -9999.0 -9999.0 -9999.0 -9999.0 -9999.0 -9999.0 -9999.0 -9999.0 -9999.0
5.70612610896e+11 6.35146220118e+11 5.93509615619e+11 7.39930985803e+11 -9999.0 -9999.0 8.49280192697e+11 6.06148086365e+11 8.73267419644e+11 8.49538019571e+11 -9999.0 -9999.0 -9999.0 -9999.0 -9999.0 -9999.0 -9999.0 -9999.0 -9999.0 -9999.0 -9999.0 -9999.0 -9999.0 -9999.0 -9999.0 -9999.0 -9999.0 -9999.0 -9999.0 -9999.0 -9999.0 -9999.0 -9999.0 -9999.0 -9999.0 1.21279006158e+12 1.14954338028e+12 -9999.0 -9999.0 -9999.0 -9999.0 -9999.0 -9999.0 -9999.0 -9999.0 -9999.0 -9999.0 -9999.0 -9999.0 -9999.0 -9999.0 -9999.0 -9999.0 -9999.0 -9999.0 -9999.0 -9999.0 -9999.0
