critload/trunk/input/1999/q.asc
ncols 720
nrows 360
xllcorner -180
yllcorner -90
cellsize 0.5
NODATA_value -9999
[rows 156 to 181 of 360, columns 174 to 231 of 720]
-9999.0 -9999.0 -9999.0 -9999.0 -9999.0 -9999.0 -9999.0 -9999.0 -9999.0 -9999.0 -9999.0 -9999.0 3.8376060331e+11 4.85687573832e+11 2.68330031275e+11 3.67411677984e+11 6.28589597684e+12 8.77426366134e+12 9.69131683248e+12 -9999.0 -9999.0 -9999.0 -9999.0 -9999.0 -9999.0 -9999.0 -9999.0 -9999.0 -9999.0 -9999.0 -9999.0 -9999.0 -9999.0 -9999.0 -9999.0 -9999.0 -9999.0 -9999.0 -9999.0 -9999.0 2.56493554287e+12 1.00232134395e+12 1.31736174192e+12 3.38401334e+12 -9999.0 8.27306732698e+11 0.0 -9999.0 -9999.0 -9999.0 -9999.0 -9999.0 -9999.0 -9999.0 -9999.0 -9999.0 -9999.0 -9999.0
-9999.0 -9999.0 -9999.0 -9999.0 -9999.0 -9999.0 -9999.0 -9999.0 -9999.0 -9999.0 -9999.0 -9999.0 -9999.0 3.19498648161e+11 1.35471717232e+12 2.01269029111e+12 3.64539023983e+12 9.95078871449e+12 5.4948250627e+12 -9999.0 -9999.0 -9999.0 -9999.0 -9999.0 -9999.0 -9999.0 -9999.0 -9999.0 -9999.0 -9999.0 -9999.0 -9999.0 -9999.0 -9999.0 -9999.0 -9999.0 1.66145184947e+12 6.82875266425e+12 6.62908296254e+12 4.28110870854e+12 3.25001816978e+12 2.36058369176e+12 2.0884097994e+12 -9999.0 1.70933745493e+11 4.91029279878e+11 2.62846460621e+11 613481840.02 9837277577.67 2.3046167745e+11 -9999.0 -9999.0 -9999.0 -9999.0 -9999.0 -9999.0 -9999.0 2.46370978026e+12
-9999.0 -9999.0 -9999.0 -9999.0 -9999.0 -9999.0 -9999.0 -9999.0 -9999.0 -9999.0 -9999.0 -9999.0 -9999.0 -9999.0 1.98263858356e+12 3.35884913026e+12 5.67105399569e+12 6.20454265812e+12 1.31359767014e+13 -9999.0 -9999.0 -9999.0 -9999.0 -9999.0 -9999.0 -9999.0 -9999.0 -9999.0 -9999.0 -9999.0 -9999.0 -9999.0 -9999.0 -9999.0 -9999.0 2.11048864145e+12 1.8106193675e+12 4.56555939382e+12 7.91302334383e+12 4.7967702067e+12 4.92657899936e+12 2.01060540463e+12 8.22259354376e+11 6.63683256501e+11 8.68273939457e+11 5.63068194051e+11 8.190990128e+11 3433484132.55 40414520683.1 58762737168.6 -9999.0 1.00495716598e+12 1.67588841184e+11 3949544368.83 -9999.0 1.93748000777e+12 -9999.0 2.37459145801e+12
-9999.0 -9999.0 -9999.0 -9999.0 -9999.0 -9999.0 -9999.0 -9999.0 -9999.0 -9999.0 -9999.0 -9999.0 -9999.0 -9999.0 2.22889820831e+12 2.3211383744e+12 6.52296765287e+12 9.20773056102e+12 1.20866672499e+13 7.89936908661e+12 -9999.0 -9999.0 -9999.0 -9999.0 -9999.0 -9999.0 -9999.0 -9999.0 -9999.0 -9999.0 -9999.0 -9999.0 -9999.0 -9999.0 3.35381598315e+12 2.81301769407e+12 2.44670385918e+12 3.90413017008e+12 3.87352562397e+12 5.12834792863e+12 4.99707285776e+12 2.40084824341e+12 1.44450347274e+12 1.69031545863e+12 4.96528934281e+11 1.69721842761e+12 1.00060001377e+12 1.25818465227e+12 5.4483716771e+11 9.25399424592e+11 1.0678786438e+12 2.51110305006e+12 4.46602653772e+11 5.97750431981e+11 3.25779578376e+11 63209284764.5 1.76356597176e+11 1.63765851847e+12
-9999.0 -9999.0 -9999.0 -9999.0 -9999.0 -9999.0 -9999.0 -9999.0 -9999.0 -9999.0 -9999.0 -9999.0 -9999.0 -9999.0 2.92188870575e+12 3.83747505478e+12 3.51985287956e+12 2.70116326396e+12 1.10408457474e+13 3.87009393828e+12 2.17501493881e+12 -9999.0 -9999.0 -9999.0 -9999.0 -9999.0 8.28416701408e+12 8.43389093978e+12 -9999.0 -9999.0 -9999.0 -9999.0 -9999.0 -9999.0 4.27961328554e+12 3.15156796992e+12 1.26231816146e+12 2.18718799256e+12 2.97667716911e+12 4.75350687957e+12 2.9372903049e+12 1.32372629625e+12 79047243203.7 2.26582135559e+12 1.90254595281e+12 2.59928510778e+12 4.43653679529e+12 1.90228302311e+12 1.64528202112e+12 1.82665987404e+12 2.38686716295e+12 1.92403787241e+12 1.89497662367e+12 7.58231757046e+11 1.51302634822e+11 2.72279748832e+11 5.0145864467e+11 1.25542599219e+12
-9999.0 -9999.0 -9999.0 -9999.0 -9999.0 -9999.0 -9999.0 -9999.0 -9999.0 -9999.0 -9999.0 -9999.0 -9999.0 -9999.0 -9999.0 -9999.0 -9999.0 4.01475175294e+12 3.89913916064e+12 4.09358317383e+12 5.31346210725e+12 2.95235174561e+12 5.40701273167e+12 -9999.0 4.46969979177e+12 6.6249183457e+12 7.30328217512e+12 7.68123834762e+12 6.32343876275e+12 5.76499595352e+12 4.6272509715e+12 -9999.0 -9999.0 6.1992345162e+12 2.50723248085e+12 1.85361905478e+12 1.86217675301e+12 1.23837995309e+12 2.19645571e+12 3.18136015108e+12 3.32501283205e+12 1.72480068801e+12 1.07890593515e+11 1.47666641555e+12 1.30961629037e+12 2.77636926375e+12 4.95886825302e+12 3.59424080741e+12 3.17663442261e+12 2.82053084436e+12 1.55477808976e+12 9.18380615491e+11 3.29313531464e+11 3.52814739353e+11 1.02532204059e+12 1.64506495511e+12 9.00854478994e+11 5.62886081132e+11
-9999.0 -9999.0 -9999.0 -9999.0 -9999.0 -9999.0 -9999.0 -9999.0 -9999.0 -9999.0 -9999.0 -9999.0 -9999.0 -9999.0 -9999.0 -9999.0 -9999.0 -9999.0 3.94821364764e+12 5.43219059538e+12 5.84976943591e+12 5.52850501821e+12 4.56906296709e+12 3.44600401234e+12 4.33708857722e+12 3.4806134527e+12 2.59200740274e+12 -9999.0 3.83451428746e+12 4.9081875756e+12 4.58601584627e+12 8.56501396869e+12 6.85543546232e+12 2.56025201443e+12 2.76239505546e+12 3.83840498806e+12 4.89997830086e+12 5.44522945401e+12 5.24911568856e+12 1.81161684302e+12 4.41253671067e+12 3.69610198987e+12 3.24563634792e+12 1.87369545557e+12 1.44983758905e+12 5.38177586905e+12 3.45748174793e+12 3.64623531442e+12 3.56878310132e+12 3.30053721485e+12 2.73589314869e+12 1.2676261709e+12 1.08281419592e+12 1.1378732209e+12 1.12893297039e+12 1.53966067014e+12 1.14251594428e+12 8.02351503348e+11
-9999.0 -9999.0 -9999.0 -9999.0 -9999.0 -9999.0 -9999.0 -9999.0 -9999.0 -9999.0 -9999.0 -9999.0 -9999.0 -9999.0 -9999.0 -9999.0 -9999.0 -9999.0 3.79767515465e+12 3.95439479971e+12 3.18737657368e+12 2.96620937923e+12 2.6197323115e+12 3.42701638195e+12 2.36608757454e+12 7.38665796325e+12 7.08348765236e+12 -9999 8.69185951947e+12 2.50342874344e+12 2.88896403902e+12 3.11928600793e+12 2.19813379835e+12 2.83456718953e+12 3.59590846593e+12 5.5476158374e+12 7.31588145748e+12 7.4149057654e+12 6.77400037862e+12 2.2744174217e+12 3.50578160275e+12 6.707401257e+12 1.13267478491e+12 1.72311779361e+12 2.78365284427e+12 3.14212483374e+12 1.81428620747e+12 3.19456674519e+12 2.90118698665e+12 2.80162397401e+12 2.8918996988e+12 2.17779193361e+12 1.14076801228e+12 1.09501156367e+12 1.36585373683e+12 1.16618410904e+12 1.67155236142e+12 1.50645051697e+12
-9999.0 -9999.0 -9999.0 -9999.0 -9999.0 -9999.0 -9999.0 -9999.0 -9999.0 -9999.0 -9999.0 -9999.0 -9999.0 -9999.0 -9999.0 -9999.0 -9999.0 -9999.0 -9999.0 -9999.0 -9999.0 -9999.0 5.60207983112e+12 2.65285756527e+12 2.8880382189e+12 2.59105896009e+12 -9999.0 -9999.0 -9999.0 9.90042892381e+12 1.07972218339e+13 9.70835339379e+12 8.60176964386e+12 6.90674907542e+12 6.2506106952e+12 6.75837555418e+12 7.18980527814e+12 5.64638526847e+12 5.36453970617e+12 4.54076355051e+12 4.0864119205e+12 2.27904686068e+12 2.92420221855e+12 2.46955825636e+12 2.53721227944e+12 3.22564025582e+12 3.48241269048e+12 3.83628049464e+12 3.98473794123e+12 2.58772283754e+12 3.14506150866e+12 1.88605024741e+12 2.68388297594e+12 2.5658603344e+12 3.12426592446e+12 2.96425295858e+12 2.67469666833e+12 3.12382643409e+12
-9999.0 -9999.0 -9999.0 -9999.0 -9999.0 -9999.0 -9999.0 -9999.0 -9999.0 -9999.0 -9999.0 -9999.0 -9999.0 -9999.0 -9999.0 -9999.0 -9999.0 -9999.0 -9999.0 -9999.0 -9999.0 -9999.0 5.59947776641e+12 -9999.0 2.55787546967e+12 7.97819385482e+12 -9999.0 -9999.0 -9999.0 9.70563238432e+12 1.10465448319e+13 1.19843829497e+13 1.07475155025e+13 7.74531085673e+12 5.66366664349e+12 6.05489092779e+12 6.10999464393e+12 5.21440625466e+12 5.13500480192e+12 4.26564925484e+12 1.30637999687e+12 1.15350348252e+13 1.66994296907e+12 2.82807804589e+12 3.43101024678e+12 3.37920600967e+12 2.90205419028e+12 3.25767063278e+12 3.19078968842e+12 3.16735630688e+12 3.17922367705e+12 3.05530794759e+12 2.7581233399e+12 2.20844363308e+12 2.15804757172e+12 2.20204462759e+12 1.67971801645e+12 1.55226312929e+12
-9999.0 -9999.0 -9999.0 -9999.0 -9999.0 -9999.0 -9999.0 -9999.0 -9999.0 -9999.0 -9999.0 -9999.0 -9999.0 -9999.0 -9999.0 -9999.0 -9999.0 -9999.0 -9999.0 -9999.0 -9999.0 -9999.0 -9999.0 -9999.0 -9999.0 -9999.0 -9999.0 -9999.0 -9999.0 -9999.0 1.05494582766e+13 1.27863381302e+13 1.37378354515e+13 4.62174619936e+12 5.6488650741e+12 4.18158762372e+12 4.38887126051e+12 7.12573891072e+12 6.22445091973e+12 7.24855580584e+12 2.79725431732e+12 4.17173785719e+12 5.01320598792e+12 3.1361916495e+12 3.92756254145e+12 3.54976611682e+12 3.08599468987e+12 2.59681115621e+12 2.38291811698e+12 1.60910383566e+12 2.56092897413e+12 3.06236307384e+12 3.12072099905e+12 2.33225855183e+12 2.00007076536e+12 2.91558839e+12 2.29715306712e+12 5.0107201609e+12
-9999.0 -9999.0 -9999.0 -9999.0 -9999.0 -9999.0 -9999.0 -9999.0 -9999.0 -9999.0 -9999.0 -9999.0 -9999.0 -9999.0 -9999.0 -9999.0 -9999.0 -9999.0 -9999.0 -9999.0 -9999.0 -9999.0 -9999.0 -9999.0 -9999.0 -9999.0 -9999.0 -9999.0 -9999.0 -9999.0 -9999.0 1.43198843636e+13 1.75711130082e+13 4.54061933358e+12 3.68457031122e+12 4.29249871185e+12 6.69621824461e+12 6.13959318042e+12 6.32113500037e+12 9.92632163406e+12 1.50340500526e+12 3.48005430619e+12 6.54378682804e+12 5.72338881219e+12 4.41854237395e+12 4.00162934611e+12 3.62118417732e+12 3.39635916749e+12 3.01884725259e+12 2.68093560169e+12 2.3726287509e+12 2.56356798458e+12 1.70392387431e+12 2.75692559703e+12 3.69431337019e+12 5.20569571756e+12 4.38592816997e+12 5.02673290163e+12
-9999.0 -9999.0 -9999.0 -9999.0 -9999.0 -9999.0 -9999.0 -9999.0 -9999.0 -9999.0 -9999.0 -9999.0 -9999.0 -9999.0 -9999.0 -9999.0 -9999.0 -9999.0 -9999.0 -9999.0 -9999.0 -9999.0 -9999.0 -9999.0 -9999.0 -9999.0 -9999.0 -9999.0 -9999.0 -9999.0 -9999.0 1.81714197165e+13 2.18689217692e+13 5.22862166239e+12 3.47109901989e+12 6.00000062839e+12 5.19159316815e+12 6.30633726102e+12 4.13835572018e+12 1.53488566438e+12 1.33817489792e+12 8.090354782e+12 7.59432792613e+12 6.43328838224e+12 4.98020373378e+12 4.62065515145e+12 4.2808085676e+12 3.66408464162e+12 3.38130002866e+12 2.77373668859e+12 2.4021432202e+12 1.72339608005e+12 3.08010604345e+12 6.46550800399e+12 5.21194943058e+12 5.93926359476e+12 6.95182495169e+12 6.57434415433e+12
-9999.0 -9999.0 -9999.0 -9999.0 -9999.0 -9999.0 -9999.0 -9999.0 -9999.0 -9999.0 -9999.0 -9999.0 -9999.0 -9999.0 -9999.0 -9999.0 -9999.0 -9999.0 -9999.0 -9999.0 -9999.0 -9999.0 -9999.0 -9999.0 -9999.0 -9999.0 -9999.0 -9999.0 -9999.0 -9999.0 -9999.0 1.90713108468e+13 2.00787490284e+13 5.95052622835e+12 4.46758012176e+12 6.00385415586e+12 2.242876574e+12 5.44079329523e+12 1.38583526718e+12 2.42637680126e+12 7.22192527513e+12 8.23607973689e+12 6.95031871272e+12 6.16736547729e+12 5.58768636842e+12 5.10320282163e+12 4.66673931548e+12 4.30199710508e+12 3.98056268735e+12 2.77038671724e+12 3.88303069961e+12 3.83614329047e+12 3.65910081214e+12 4.02724973371e+12 5.95586398878e+12 6.16715590754e+12 6.78131430017e+12 8.83495299005e+12
-9999.0 -9999.0 -9999.0 -9999.0 -9999.0 -9999.0 -9999.0 -9999.0 -9999.0 -9999.0 -9999.0 -9999.0 -9999.0 -9999.0 -9999.0 -9999.0 -9999.0 -9999.0 -9999.0 -9999.0 -9999.0 -9999.0 -9999.0 -9999.0 -9999.0 -9999.0 -9999.0 -9999.0 -9999.0 -9999.0 -9999.0 2.17263884101e+13 2.02367462094e+13 3.91897126738e+12 3.90451738088e+12 4.73560161533e+12 1.68301735281e+12 3.92750978311e+12 2.47812763536e+12 8.85054661235e+12 1.04960167753e+13 6.80071099393e+12 5.65600298469e+12 5.88428168864e+12 5.87947383554e+12 5.57622270111e+12 5.53021616262e+12 5.65564613348e+12 5.47211308842e+12 5.31731545673e+12 5.03294809997e+12 5.01454713637e+12 4.91241841165e+12 4.45593744998e+12 4.88709601922e+12 5.74147413599e+12 7.92181590954e+12 1.02087435878e+13
-9999.0 -9999.0 -9999.0 -9999.0 -9999.0 -9999.0 -9999.0 -9999.0 -9999.0 -9999.0 -9999.0 -9999.0 -9999.0 -9999.0 -9999.0 -9999.0 -9999.0 -9999.0 -9999.0 -9999.0 -9999.0 -9999.0 -9999.0 -9999.0 -9999.0 -9999.0 -9999.0 -9999.0 -9999.0 -9999.0 -9999.0 2.17223061039e+13 1.23256650052e+13 1.50923247212e+12 4.33467908126e+12 3.48964909062e+12 5.06477980664e+12 2.69707308729e+12 1.34372073898e+13 9.0340477372e+12 8.1389645361e+12 5.08574024952e+12 5.15618277456e+12 5.72871946516e+12 6.17611661565e+12 6.89756407976e+12 6.56169543628e+12 5.98417126788e+12 6.17035913778e+12 4.74808782932e+12 4.18829037305e+12 3.94304221287e+12 4.03592922225e+12 4.05876901387e+12 6.29408931226e+12 6.19152622123e+12 6.42547557254e+12 7.09024149592e+12
-9999.0 -9999.0 -9999.0 -9999.0 -9999.0 -9999.0 -9999.0 -9999.0 -9999.0 -9999.0 -9999.0 -9999.0 -9999.0 -9999.0 -9999.0 -9999.0 -9999.0 -9999.0 -9999.0 -9999.0 -9999.0 -9999.0 -9999.0 -9999.0 -9999.0 -9999.0 -9999.0 -9999.0 -9999.0 -9999.0 -9999.0 1.77562974283e+13 4.55882313789e+12 2.30495502602e+12 4.86980416438e+12 1.9792568259e+12 5.70024245251e+12 4.66038133848e+12 1.64425273842e+13 7.16144458789e+12 6.37100543249e+12 5.40600075758e+12 6.10250113019e+12 6.69650421232e+12 6.52885455568e+12 6.38002708106e+12 6.40571440144e+12 5.40918973526e+12 6.49471482368e+12 6.71994580242e+12 4.97309764575e+12 4.64574406836e+12 6.11580568771e+12 5.79547893119e+12 6.53961080022e+12 6.99967722131e+12 7.14013091215e+12 7.00204539192e+12
-9999.0 -9999.0 -9999.0 -9999.0 -9999.0 -9999.0 -9999.0 -9999.0 -9999.0 -9999.0 -9999.0 -9999.0 -9999.0 -9999.0 -9999.0 -9999.0 -9999.0 -9999.0 -9999.0 -9999.0 -9999.0 -9999.0 -9999.0 -9999.0 -9999.0 -9999.0 -9999.0 -9999.0 -9999.0 -9999.0 1.47386033522e+13 1.43577109143e+13 4.38900891236e+12 4.38014995797e+12 5.40351653264e+12 2.50653266764e+12 5.51030308503e+12 7.41709892675e+12 7.22027331262e+12 7.32316534993e+12 6.86392874051e+12 6.8060441896e+12 6.81731336493e+12 6.24160150815e+12 6.6923187311e+12 6.98709270043e+12 7.53781862727e+12 6.35570142592e+12 6.35531168874e+12 6.39390078224e+12 6.27805260194e+12 4.88810180713e+12 5.11523189119e+12 5.15385104554e+12 4.89430582057e+12 5.29731301682e+12 6.3213359083e+12 6.50912421407e+12
-9999.0 -9999.0 -9999.0 -9999.0 -9999.0 -9999.0 -9999.0 -9999.0 -9999.0 -9999.0 -9999.0 -9999.0 -9999.0 -9999.0 -9999.0 -9999.0 -9999.0 -9999.0 -9999.0 -9999.0 -9999.0 -9999.0 -9999.0 -9999.0 -9999.0 -9999.0 -9999.0 -9999.0 -9999.0 9.09705780968e+12 1.5278467595e+13 9.68387139236e+12 5.65319408033e+12 3.10325681816e+12 2.66695594565e+12 2.4928523498e+12 2.65749749111e+12 3.92441491587e+12 4.69444722975e+12 6.37240925022e+12 7.09749749733e+12 7.16143235972e+12 6.4475271037e+12 6.96190357927e+12 7.46168559565e+12 7.62497035994e+12 6.64711259884e+12 6.86022472844e+12 6.92649407616e+12 6.63703926996e+12 5.9704638054e+12 5.32711868788e+12 5.13692741947e+12 5.7966116488e+12 5.20690318741e+12 4.72734289561e+12 6.73725626781e+12 6.26477040717e+12
-9999.0 -9999.0 -9999.0 -9999.0 -9999.0 -9999.0 -9999.0 -9999.0 -9999.0 -9999.0 -9999.0 -9999.0 -9999.0 -9999.0 -9999.0 -9999.0 -9999.0 -9999.0 -9999.0 -9999.0 -9999.0 -9999.0 -9999.0 -9999.0 -9999.0 -9999.0 -9999.0 -9999.0 9.87391561873e+12 9.62987653e+12 9.91465335713e+12 5.77520650139e+12 5.75542695966e+12 3.58704330637e+12 1.61876881147e+12 1.97061519996e+12 3.43966323071e+12 4.15022339473e+12 4.71926715685e+12 5.50514120259e+12 5.84556195056e+12 6.70631969409e+12 7.56400467829e+12 7.8884471101e+12 8.22992620361e+12 8.34855337863e+12 7.21667872364e+12 7.35002910434e+12 7.45659428468e+12 7.2269787642e+12 7.03730109334e+12 5.85348037885e+12 5.48124730185e+12 5.20588771372e+12 6.28258141586e+12 5.13423283032e+12 5.60447604513e+12 5.80968451185e+12
-9999.0 -9999.0 -9999.0 -9999.0 -9999.0 -9999.0 -9999.0 -9999.0 -9999.0 -9999.0 -9999.0 -9999.0 -9999.0 -9999.0 -9999.0 -9999.0 -9999.0 -9999.0 -9999.0 -9999.0 -9999.0 -9999.0 -9999.0 -9999.0 -9999.0 -9999.0 -9999.0 -9999.0 5.87480880869e+12 7.99304302954e+12 7.61784394104e+12 3.12187696536e+12 3.91623527896e+12 3.61779775914e+12 1.69865047107e+12 5.73118539491e+12 5.36240802607e+12 5.54481720688e+12 5.40421913117e+12 5.75675461898e+12 6.43461424435e+12 7.25824113663e+12 7.88582745418e+12 8.2181463276e+12 8.57467009344e+12 8.80623593305e+12 6.40316725849e+12 6.50677180302e+12 6.60608375817e+12 6.64096532989e+12 6.41691152348e+12 5.63938550005e+12 5.33936874682e+12 5.18572864488e+12 7.66275641381e+12 6.8632402122e+12 5.72798220561e+12 5.20610098243e+12
-9999.0 -9999.0 -9999.0 -9999.0 -9999.0 -9999.0 -9999.0 -9999.0 -9999.0 -9999.0 -9999.0 -9999.0 -9999.0 -9999.0 -9999.0 -9999.0 -9999.0 -9999.0 -9999.0 -9999.0 -9999.0 -9999.0 -9999.0 -9999.0 -9999.0 -9999.0 -9999.0 2.9586199075e+12 6.50687268267e+12 1.53264100057e+13 3.82055502662e+12 3.24274581066e+12 2.96384195218e+12 4.99944799893e+12 6.06202518378e+12 5.72366389654e+12 5.69078571757e+12 5.57228145726e+12 5.45460980461e+12 6.24316300208e+12 6.79813877122e+12 7.33534396414e+12 7.83795761359e+12 8.19840817681e+12 8.62579994217e+12 7.11092117747e+12 6.95378448484e+12 7.47468318053e+12 7.45473037791e+12 7.15220176035e+12 6.73335872714e+12 6.20031781047e+12 5.67457359532e+12 7.27020794115e+12 5.62077811326e+12 6.47151175762e+12 4.80030543483e+12 4.21558647174e+12
-9999.0 -9999.0 -9999.0 -9999.0 4.77059509727e+11 -9999.0 -9999.0 -9999.0 -9999.0 -9999.0 -9999.0 -9999.0 -9999.0 -9999.0 -9999.0 -9999.0 -9999.0 -9999.0 -9999.0 -9999.0 -9999.0 -9999.0 -9999.0 -9999.0 -9999.0 2.04949867039e+12 3.45133815652e+12 4.6915662419e+12 6.6542318931e+12 4.13368182678e+12 6.43968096982e+11 2.95844194081e+12 9.61575721976e+12 8.13571359302e+12 7.29642726377e+12 6.5863798314e+12 6.0193750203e+12 5.44794467884e+12 5.57874577231e+12 6.23217947877e+12 6.98243779214e+12 7.60747100225e+12 7.7970630826e+12 8.35427251033e+12 8.68156105146e+12 6.92106015837e+12 7.39538504901e+12 7.98136707356e+12 7.86517087652e+12 7.33927863603e+12 6.75573613605e+12 5.98150001894e+12 5.53500553959e+12 7.1484772397e+12 4.97150635858e+12 4.78566559333e+12 4.36163056361e+12 4.30429991885e+12
-9999.0 -9999.0 -9999.0 0.0 -9999.0 3.99501992798e+11 -9999.0 -9999.0 -9999.0 -9999.0 -9999.0 -9999.0 -9999.0 -9999.0 -9999.0 -9999.0 -9999.0 -9999.0 -9999.0 -9999.0 -9999.0 -9999.0 -9999.0 -9999.0 -9999.0 2.85444116168e+12 4.66577678949e+12 6.392039821e+12 6.36651612196e+12 1.09036645236e+12 1.57232697415e+12 7.9944409926e+12 7.37602564536e+12 7.31865897387e+12 7.09668064864e+12 6.50480512686e+12 5.83952237285e+12 5.98935349505e+12 5.89271295433e+12 6.65176898457e+12 7.52855227195e+12 7.52991896413e+12 7.78220191155e+12 8.08756976801e+12 8.37987664405e+12 6.48044007846e+12 6.72735090367e+12 7.83889964581e+12 7.31835274587e+12 7.04859754053e+12 6.21349492267e+12 5.61700249958e+12 4.97269343604e+12 4.80711875542e+12 4.69587513601e+12 4.56250720129e+12 4.40028067392e+12 5.36979487331e+12
-9999.0 -9999.0 0.0 0.0 0.0 -9999.0 -9999.0 -9999.0 -9999.0 -9999.0 -9999.0 -9999.0 -9999.0 -9999.0 -9999.0 -9999.0 -9999.0 -9999.0 -9999.0 -9999.0 -9999.0 -9999.0 -9999.0 -9999.0 -9999.0 2.50094629239e+12 4.77482699763e+12 7.78508783431e+12 3.82717620417e+12 1.90691544359e+12 4.90751742374e+12 8.6129909685e+12 7.59667778262e+12 6.81898798951e+12 5.89262263787e+12 5.99915950723e+12 4.19636406208e+12 4.87882051286e+12 5.43774589521e+12 6.69849930938e+12 7.35085732029e+12 7.0545921407e+12 7.21319434966e+12 7.78400630486e+12 8.01468134295e+12 6.19388495176e+12 6.16521962981e+12 6.52316406679e+12 7.06825024626e+12 6.72238894893e+12 5.75568897041e+12 4.94989780696e+12 4.63642790657e+12 4.57924338435e+12 4.48909320926e+12 4.32618259229e+12 4.22429131925e+12 4.14322177664e+12
-9999.0 -9999.0 -9999.0 0.0 0.0 0.0 4.34481806218e+11 4.50836170353e+11 -9999.0 -9999.0 -9999.0 -9999.0 -9999.0 -9999.0 -9999.0 -9999.0 -9999.0 -9999.0 -9999.0 -9999.0 -9999.0 -9999.0 -9999.0 -9999.0 2.0210092205e+12 2.82760983866e+12 4.20171518037e+12 8.16555374797e+12 1.83451263469e+12 1.73421488631e+12 9.45043187641e+12 8.60460351875e+12 7.52355150736e+12 6.36373001991e+12 6.17663250022e+12 5.50448073814e+12 5.07314841048e+12 4.78528550074e+12 5.24861470157e+12 5.71633098636e+12 6.08780237751e+12 6.14992923223e+12 6.79600155515e+12 7.42711257074e+12 7.47240160187e+12 7.79616479369e+12 6.12103928302e+12 7.58895886793e+12 7.56085446178e+12 7.91731116392e+12 7.35482466425e+12 6.32698902399e+12 6.21424324353e+12 4.53441870952e+12 4.40023570255e+12 4.31178329849e+12 5.60920199202e+12 5.66971132519e+12
