critload/trunk/input/1999/q.asc
ncols 720
nrows 360
xllcorner -180
yllcorner -90
cellsize 0.5
NODATA_value -9999
[rows 78 to 103 of 360, columns 464 to 521 of 720]
19615260342.6 16349923640.9 14120187954.6 14559766112.0 19670598819.5 15227489834.0 38141700079.9 55215093849.4 38146463020.2 47417160583.9 65431524362.9 77880702176.1 79418655670.0 60829862684.6 22557917399.9 25723419418.9 64038548052.1 0.0 37712447112.8 0.0 20899540586.0 28013893320.5 35717024994.0 31455753122.6 0.0 0.0 35966950169.5 1.07475095933e+11 85363263917.1 56760072548.1 92294457292.3 47443360728.8 29837391355.3 0.0 0.0 6742369728.42 3405930700.0 57048323791.6 54178971221.9 41264307058.3 56622786040.0 20743148932.0 31933839794.6 21869763447.6 18710676448.3 14332016390.0 11673687852.5 23631855266.3 11841235751.7 23836367362.8 0.0 23041690104.7 26486146476.9 0.0 0.0 0.0 44990618290.7 11420814544.9
19492917119.5 9203349345.69 4804229134.77 5028971967.07 7986088068.16 10662895311.1 12991702217.9 15323590614.2 36033304663.8 55686660174.9 71700847523.2 51249717513.9 29545282403.3 18610223991.4 7798627066.52 1660796727.27 3451145816.89 4723882222.36 0.0 6172949935.22 0.0 18855971977.1 0.0 0.0 0.0 1827746510.98 13811758301.2 6185485180.22 5517344482.44 53521740827.3 55875666293.7 7668729514.88 0.0 0.0 0.0 0.0 26085044566.5 60685094937.6 51001532786.3 11513860475.9 25436507418.9 28155473767.4 18806573836.5 12431478748.0 16300975046.9 19180867004.9 12119616270.1 14194116602.2 9422248342.68 28377170633.6 27801449922.8 0.0 0.0 7089579847.76 7495917356.67 2813896551.46 17801270239.4 13497137460.7
0.0 1963490655.81 11256695454.2 0.0 3261242890.28 3906461343.31 7842350114.01 9063001605.69 9074994422.51 18922660269.0 14740925433.0 25509991906.2 12483891777.7 0.0 1112350513.19 926932168.056 547374509.875 0.0 7433445602.97 0.0 0.0 1593524232.38 0.0 0.0 0.0 1552730788.51 0.0 1214200300.29 3189116085.49 38694643594.7 23175923285.1 0.0 0.0 4362094878.17 0.0 1451239733.8 8250475321.94 11992663847.3 14571423112.8 11561121734.5 11544747660.6 18703476115.4 20336455138.0 7050436538.79 11895519794.8 10798714421.1 0.0 13017142499.4 22618685084.7 14751985632.7 60539635681.6 45085973623.9 27058918477.2 12418229596.8 0.0 10184204352.4 3485794108.38 52175577994.4
0.0 0.0 453292415.891 459758974.406 0.0 9223922275.72 8595703379.27 13189609272.4 8849893386.3 7310756797.71 12451799408.3 3766910753.8 5491878658.67 1.55688779668e+11 0.0 0.0 0.0 0.0 0.0 0.0 0.0 0.0 0.0 0.0 0.0 0.0 0.0 0.0 0.0 0.0 7241634980.67 3893180821.19 0.0 0.0 3182254722.68 0.0 0.0 12152200218.0 4391384290.17 0.0 0.0 6899445232.51 13689586856.8 11810698236.9 0.0 18563520674.0 43910655508.7 16138984067.2 18553015832.9 16839233085.9 22457681213.7 77651868589.9 0.0 50445425493.4 34470901345.0 22915341819.9 12560341475.0 1.16850811671e+11
0.0 0.0 0.0 26464896849.0 11343169348.4 888235677.403 0.0 1236536238.82 0.0 0.0 3385172678.3 0.0 3491107775.96 0.0 0.0 0.0 0.0 0.0 0.0 0.0 1650865251.09 0.0 0.0 0.0 0.0 206828037.879 0.0 0.0 0.0 5436836627.06 1837224521.72 0.0 0.0 0.0 0.0 0.0 0.0 2269933793.82 0.0 1219972834.49 8302913130.74 8973552404.06 0.0 9951233156.59 6959165467.06 0.0 0.0 0.0 15533601800.9 1337019831.96 0.0 20933914378.5 0.0 1.16514065767e+11 2.01232480789e+11 22437560981.5 1.68494047282e+11 1.40646150627e+11
0.0 0.0 0.0 0.0 0.0 63059457672.5 0.0 0.0 0.0 486263647.625 3001993602.86 0.0 0.0 0.0 0.0 0.0 0.0 0.0 3632734696.72 0.0 0.0 3113848754.83 0.0 833301052.803 0.0 0.0 0.0 0.0 0.0 0.0 4182625040.69 0.0 0.0 0.0 0.0 0.0 0.0 2495947381.7 0.0 0.0 91234214.2857 6063190832.8 936919042.17 0.0 11171321403.3 12609061939.6 0.0 0.0 0.0 0.0 59534173.8535 79158523203.0 1.19824428322e+11 1.0731673452e+11 97143879.651 1.56103982229e+11 94182670343.3 75373459496.5
406925404.938 15688048411.3 14037345584.4 21845968921.0 0.0 0.0 0.0 0.0 16696436630.3 0.0 0.0 0.0 0.0 0.0 0.0 911077756.754 0.0 2211211606.53 0.0 0.0 225617774.445 0.0 0.0 0.0 0.0 0.0 0.0 0.0 3475531787.7 2378178422.35 1149231982.26 1958199953.04 0.0 0.0 0.0 0.0 0.0 0.0 0.0 0.0 223290248.765 5634827919.69 0.0 0.0 13068336070.4 28583251200.2 0.0 6523351313.27 0.0 0.0 0.0 0.0 0.0 0.0 49517029740.8 89732172070.6 1.17826966488e+11 1.56570252909e+11
6303486359.74 24202173572.8 48356480003.8 10415593224.5 9344798506.49 18083036923.6 19173015883.5 0.0 0.0 0.0 0.0 2140203471.01 0.0 658467160.028 0.0 0.0 0.0 2301673076.6 3967397657.26 0.0 0.0 0.0 0.0 0.0 0.0 0.0 0.0 0.0 0.0 0.0 0.0 0.0 6011046040.27 0.0 0.0 0.0 0.0 0.0 0.0 0.0 0.0 0.0 0.0 0.0 3744694528.13 13553699183.4 0.0 18200652296.6 0.0 0.0 0.0 0.0 0.0 22290337077.9 16702651176.4 1160978694.99 3105851142.51 1.09173471188e+11
0.0 -9999 0.0 39731644832.7 64972515460.2 35960322141.8 6302968810.67 5129162356.98 1921372103.83 2467140472.33 6558120504.67 2964295874.89 0.0 0.0 1023589913.62 0.0 0.0 0.0 0.0 0.0 0.0 0.0 0.0 698254176.021 766715261.428 0.0 7292399888.32 0.0 0.0 0.0 0.0 0.0 0.0 0.0 0.0 0.0 0.0 0.0 0.0 0.0 0.0 0.0 8899662177.82 6031293138.72 0.0 0.0 0.0 0.0 0.0 0.0 0.0 0.0 0.0 0.0 0.0 0.0 7016745941.7 0.0
-9999 -9999 0.0 15910208139.5 0.0 51126732442.8 45453858975.3 2361499446.48 8363435453.14 565343734.523 1095538702.17 0.0 0.0 0.0 0.0 0.0 0.0 0.0 0.0 0.0 0.0 0.0 6546407474.24 4860653467.1 7993394346.53 6574258620.38 3956680854.54 1360984806.22 4773894669.29 767492237.611 0.0 2374441041.68 3636525620.47 3957892509.4 0.0 0.0 0.0 0.0 0.0 0.0 10606044163.6 9934171297.96 9291386034.79 0.0 0.0 0.0 0.0 24345383679.4 0.0 0.0 0.0 0.0 0.0 0.0 0.0 2978861397.94 0.0 58141689652.9
-9999 0.0 37536079096.6 93992368011.0 15079846082.2 24052710463.0 44326433740.3 12636922348.0 20925521864.4 17110157722.1 0.0 23498609314.1 8706512789.44 0.0 0.0 0.0 -9999 0.0 0.0 28219731774.8 4691515551.74 5416340383.4 5137118406.25 12276919080.2 44116781557.7 43781084168.1 14606759231.0 0.0 0.0 2472900883.47 2499838458.27 13250174424.0 0.0 0.0 0.0 0.0 0.0 18074452991.1 18425970421.8 36550210439.5 0.0 9620685566.03 0.0 -9999 0.0 13599768559.4 2.96197101184e+11 93751167266.1 0.0 95921152216.8 8826413019.34 23643187221.9 2764495663.94 31004330031.6 9388066048.98 15347850473.4 26538790221.3 98584128876.4
0.0 0.0 44385720335.0 60303907907.3 1.26259279487e+11 47800457921.3 32020318115.3 4814561517.57 295738278.945 8388348698.52 5111432861.26 17919695936.5 0.0 0.0 -9999 -9999 -9999 -9999 0.0 0.0 6070195407.35 5366667717.39 29514194591.7 64705906742.1 27480028416.2 36512067646.6 44496145906.1 49874410055.5 0.0 10461053715.3 5272868665.31 0.0 0.0 0.0 0.0 31909149482.4 34106245820.7 28306460977.9 34332422945.4 46508989464.7 33503655988.2 36853922805.8 28023885804.9 0.0 0.0 17331569462.1 27117023366.7 2.20115847994e+11 29850267939.8 3907946128.72 0.0 76276107631.3 85259096332.8 1.37569804371e+11 2.94336756971e+11 4.45311056759e+11 4.10751910198e+11 3.40790439887e+11
8134796557.72 18582160775.3 20058771761.2 20518189714.4 20021329119.0 26824214843.3 16216924596.4 15616168369.9 16547090382.3 15025868945.5 19414324337.0 27313524467.3 0.0 -9999 0.0 -9999 -9999 -9999 0.0 0.0 4720136719.76 0.0 31886840540.3 43955359171.6 38746694974.0 33289309238.1 14842470081.5 16833656120.0 67828071112.1 65376544835.0 29562534923.2 16593902510.8 7840714409.22 41890499582.2 50056929395.0 47535157419.3 21872756485.7 7310928569.82 17730423159.6 0.0 50542376348.4 73333302057.5 24436215417.1 15773435612.0 0.0 13824209630.4 0.0 0.0 19386981023.1 0.0 0.0 95384186360.5 2.33147510487e+11 3.28080075118e+11 4.68123061713e+11 5.59965600524e+11 5.90143819823e+11 3.98176572287e+11
12368934441.4 23393689228.5 22397899592.3 0.0 8478125843.56 4586237256.82 7077492821.77 25980778956.2 25251309010.8 28841601310.2 1.28859588973e+11 1.34337403613e+11 0.0 -9999 -9999 -9999 -9999 0.0 0.0 0.0 0.0 34844629699.8 58516023379.9 48907819006.7 220371455.488 1554419238.26 5464611601.35 7231968352.7 921645655.381 33046650795.7 55488056406.8 95884397616.9 67367606365.5 11663282150.0 0.0 0.0 0.0 0.0 0.0 0.0 3014609426.52 7822418431.59 19443326259.2 73714394391.2 0.0 5910558338.25 52228642195.7 0.0 20355670393.6 3463350760.64 29995520620.4 69612744695.2 88840018331.5 1.75993549726e+11 2.8013302284e+11 1.95934728423e+11 57772569025.1 89514111244.7
12818327022.0 5745994980.34 2581336783.71 3150309922.86 1881201459.59 2462247862.05 4565268854.93 10585576962.5 25993395969.1 1.12110783634e+11 71070269864.5 1.32124786047e+11 0.0 0.0 0.0 0.0 0.0 0.0 0.0 0.0 0.0 0.0 0.0 0.0 0.0 0.0 0.0 0.0 2280264180.19 1497980657.54 55349003948.2 60623145557.0 1.92936710753e+11 1.31184359107e+11 1.0552390894e+11 1.14743820553e+11 22029130481.0 9823376196.85 821177953.625 0.0 0.0 0.0 0.0 14578950365.7 1.27027454953e+11 1.6226452503e+11 1.45065115209e+11 16226319834.1 20661665601.8 1803484907.69 0.0 0.0 56813882174.1 2.02545148776e+11 1.11349927431e+11 1.05300702513e+11 1.42280594383e+11 1.5344016683e+11
0.0 11357566531.5 4326157938.11 4114180872.1 0.0 3597774539.1 4794896069.1 8967004339.14 19351525583.3 17723588149.8 0.0 0.0 0.0 0.0 18064589312.7 0.0 0.0 15991788399.1 39201639938.6 0.0 0.0 0.0 0.0 0.0 0.0 0.0 0.0 0.0 0.0 0.0 89305908482.4 75618307904.7 1.39491537007e+11 1.68645043107e+11 1.56917062387e+11 2.05408762638e+11 1.37350759434e+11 67371125195.6 30724660195.3 9163627006.27 0.0 4031303815.57 24582368903.2 34301346564.0 82885068431.7 2.03890309502e+11 2.55455970361e+11 2.95592153357e+11 2.2471280498e+11 5.21643948277e+11 5.55870532327e+11 4.43993066683e+11 2.79783793494e+11 1.71737686801e+11 2.08586433601e+11 1.84496650068e+11 2.05211300431e+11 2.04405202014e+11
0.0 0.0 1213508045.88 996393.964721 0.0 2577029062.57 3378514168.62 7396546723.58 17716769071.5 28019523038.7 15553451246.8 12607095068.6 23613900054.9 52733032162.8 11554738106.2 35903611694.4 1689969324.14 0.0 0.0 0.0 0.0 0.0 0.0 0.0 0.0 0.0 0.0 0.0 0.0 0.0 84829538110.8 63892801202.7 1.10484016373e+11 1.56193712833e+11 1.39791923058e+11 3.89546315907e+11 45077937626.2 1.74109742375e+11 2.41236868934e+11 2.85679260534e+11 4.31353321931e+11 3.7491527216e+11 4.6291999174e+11 3.76038595405e+11 5.11582820108e+11 4.35630663717e+11 4.13403295577e+11 3.71111219293e+11 3.71859467904e+11 1.58214782217e+11 5610987507.56 0.0 1.4182701252e+11 3.19652253606e+11 3.25467943887e+11 2.88608875336e+11 2.00323168667e+11 1.90046477393e+11
0.0 14550131929.2 16730891645.2 17139082319.6 12851054382.6 0.0 7069374895.9 9714067990.61 33926049993.5 32643514115.0 32836647632.3 0.0 58839357268.0 49301710288.6 48907140155.7 27147667555.2 21182528556.5 3324762654.84 0.0 0.0 0.0 0.0 9229109125.3 12025532144.3 0.0 0.0 0.0 0.0 0.0 0.0 0.0 28122121733.6 1.53555311205e+11 79015112329.0 2.31153441237e+11 2.38140907498e+11 3.89867763835e+11 6.75125922725e+11 6.27220544707e+11 6.2462811235e+11 5.76624209085e+11 6.13747212793e+11 6.46891738057e+11 6.39882262272e+11 5.61211292655e+11 5.62947940899e+11 3.99833147306e+11 3.53881317245e+11 2141558229.7 0.0 0.0 0.0 3.52284657194e+11 3.71527404894e+11 3.38315415788e+11 4.87844057324e+11 333711997.21 4.29089995286e+11
-9999 69672021295.6 -9999 1.1813611918e+11 0.0 0.0 15498630611.9 8204278998.03 8331738907.36 10967585195.7 0.0 0.0 19361838094.0 46688448310.8 49696994407.8 15297312260.7 13926090556.6 20877508000.7 1971007001.1 0.0 0.0 0.0 0.0 0.0 3402946176.89 1345297204.58 0.0 0.0 0.0 0.0 0.0 13777450212.0 51959455563.2 2.08528036021e+11 3.95427757033e+11 5.26557785171e+11 4.72036090565e+11 6.13447130595e+11 5.44944853656e+11 5.02091526155e+11 4.88554468871e+11 3.24962063449e+11 4.87382819964e+11 5.41638236872e+11 5.15147909333e+11 4.20128875363e+11 1.56722409012e+11 3.67919540156e+11 3.12561671906e+11 3.66064623712e+11 4.00690658864e+11 3.78807642341e+11 3.69584958631e+11 3.45556299305e+11 2.19407875948e+11 2.77163483669e+11 2.34840166078e+11 1.00490118629e+11
-9999 0.0 -9999 -9999 1.00151499308e+11 405065545.981 0.0 0.0 0.0 11026151157.9 0.0 0.0 25938569233.5 20824891635.0 0.0 0.0 39789109933.6 11460413427.3 2467259260.34 0.0 0.0 0.0 0.0 709615866.487 1102466969.64 516123886.797 0.0 0.0 0.0 0.0 0.0 0.0 0.0 1.81174614185e+11 2.60007353576e+11 6.00639473091e+11 5.82692529526e+11 6.69169096403e+11 4.0910931587e+11 2.52308057917e+11 2.93181168303e+11 3.79054084276e+11 4.28298347862e+11 4.6564187266e+11 3.79721225118e+11 3.38088717609e+11 2.8307569969e+11 2.51615768731e+11 2.65728823644e+11 3.01965916605e+11 3.79143986158e+11 3.8668313726e+11 2.90870075131e+11 1.28027551335e+11 78369738420.0 1.90976886871e+11 1.56914710781e+11 0.0
-9999 0.0 0.0 71095834799.8 94605976247.8 64433189148.9 23696371413.7 0.0 0.0 0.0 0.0 0.0 24687616536.7 27727302253.5 0.0 0.0 25228483779.0 30274790134.5 21626695129.1 40215969147.4 0.0 58332050.957 0.0 21111264560.9 0.0 1242286525.2 0.0 15872494126.5 0.0 41677956169.9 50697236214.3 0.0 2.14860440706e+11 2.83663911961e+11 2.92129634457e+11 2.78193113055e+11 7.12185774705e+11 3.8650074059e+11 1.54791688102e+11 68089194326.9 1.52051003001e+11 2.21886064945e+11 2.79323164118e+11 2.64781183244e+11 3.45319606845e+11 3.76517215626e+11 2.44810354836e+11 1.99843244182e+11 1.70123092367e+11 1.5431759107e+11 98709068945.7 67219806191.8 49928581371.6 37688687768.9 46729186570.6 1.04321453768e+11 94785318133.4 0.0
-9999 0.0 0.0 0.0 0.0 0.0 0.0 0.0 18527447948.8 0.0 7501962825.15 0.0 0.0 11186094912.7 541968811.735 0.0 0.0 0.0 0.0 41824143782.7 0.0 3503073550.06 0.0 23053047055.7 62126317357.6 5134671009.94 30669962940.9 1.34423265151e+11 1.59575361427e+11 2.57658689002e+11 33891082912.9 1.91177951741e+11 2.75700312592e+11 2.15433917727e+11 3.16693316715e+11 2.16369520688e+11 1.41533801118e+11 2.42215478204e+11 3.92804595553e+11 1.71735121744e+11 3.04205091605e+11 3.03122771127e+11 2.19704225122e+11 2.4471420389e+11 2.00151987137e+11 2.2517700876e+11 1.49429633028e+11 1.36479580413e+11 73747743673.9 43666440382.4 0.0 17680529657.3 11034125861.3 998496631.033 72019520925.6 47620366459.3 21399766615.4 0.0
-9999 -9999 0.0 61356593149.7 12486860091.5 38129443947.3 0.0 0.0 0.0 0.0 0.0 0.0 0.0 0.0 0.0 0.0 662134899.22 0.0 0.0 22023134184.3 0.0 0.0 60979846747.8 0.0 43952388897.1 0.0 83407158998.7 1.78615992051e+11 17682788843.7 2.97972042847e+11 3.07250595791e+11 5.33020263512e+11 6.43430000804e+11 8.4500192421e+11 9.07762220863e+11 1.03849100235e+12 9.71980788813e+11 1.02668132825e+12 9.22235891276e+11 8.18490138291e+11 5.9991008424e+11 5.03733153735e+11 2.99854739301e+11 2.40581142056e+11 96480079208.2 27509947359.0 84870455717.9 78532292180.3 87007608581.7 78414975553.6 69283901637.2 0.0 53928686013.9 43520984415.3 0.0 0.0 27811162797.7 31486046847.7
-9999 -9999 0.0 0.0 73576204220.9 93002711796.5 1.55336164133e+11 1.30045387157e+11 80268794976.7 0.0 0.0 0.0 18913066437.4 0.0 0.0 0.0 0.0 0.0 0.0 0.0 0.0 0.0 0.0 0.0 0.0 0.0 54325269205.6 1.50592505258e+11 1.30583925714e+11 3.7450373643e+11 6.12988397943e+11 7.93784877877e+11 9.15724123072e+11 9.38064354536e+11 1.01144360973e+12 1.09496258901e+12 1.00674807072e+12 9.15767737157e+11 1.01938736142e+12 1.09620144612e+12 1.01980117776e+12 7.86745100108e+11 3.87364845896e+11 3.01484630245e+11 80453078874.1 54155209541.6 62437683890.6 44857447759.5 44006073834.3 55243387534.5 50946902913.2 30009622193.2 0.0 0.0 0.0 0.0 29503263477.9 53223229523.8
-9999 -9999 -9999 0.0 1.777226903e+11 1.71521079924e+11 1.49613839243e+11 1.11114141636e+11 1.14629406844e+11 1.3984169788e+11 14983091743.9 0.0 0.0 68266427962.7 0.0 0.0 0.0 7305594081.54 0.0 0.0 0.0 1.06610064157e+11 70715550463.7 0.0 0.0 0.0 58317800711.9 1.15199346771e+11 1.94243553339e+11 4.58519077901e+11 6.84074883379e+11 7.44314097503e+11 9.39192963288e+11 9.31375868345e+11 1.01458876189e+12 9.37200659398e+11 9.02363625059e+11 9.20055378339e+11 1.04672465291e+12 1.11263300427e+12 1.08483130266e+12 8.42169040631e+11 5.17759740369e+11 3.3805227875e+11 86157412542.3 36565361997.4 29323264181.5 17314831216.2 6913026274.32 8697631876.58 0.0 0.0 0.0 0.0 0.0 0.0 27245247948.8 40265941100.3
-9999 -9999 -9999 0.0 2.59396238652e+11 95149616227.8 69098301105.8 90864665617.8 69629751335.8 96612009375.9 1.34262224034e+11 96717577283.1 20752086986.8 18560481579.6 0.0 0.0 0.0 0.0 0.0 0.0 0.0 0.0 0.0 0.0 0.0 6315263275.16 75507909258.9 0.0 1.95897063391e+11 95100851228.6 3.35935491003e+11 4.10751195197e+11 2.39450556445e+11 4.59237839707e+11 3.79720283679e+11 6.36313059024e+11 8.74251051823e+11 9.6587761267e+11 9.6183784542e+11 8.97170089827e+11 9.86108490059e+11 5.59275760251e+11 5.74005572209e+11 2.84161495295e+11 82398467378.6 0.0 69745125562.0 25557713366.1 1435273243.12 2639333730.73 25047293013.3 0.0 0.0 0.0 0.0 0.0 48388502655.7 43587460775.6
