critload/trunk/input/1999/q.asc
ncols 720
nrows 360
xllcorner -180
yllcorner -90
cellsize 0.5
NODATA_value -9999
[rows 225 to 249 of 360, columns 616 to 671 of 720]
21817270475939.703 0.0 0.0 0.0 0.0 0.0 0.0 12834275715228.504 245696778831643.88 420959352996797.1 115084870268609.33 0.0 342963919412444.6 417378621273097.75 102090632392545.84 40606438920170.03 119995573893026.05 122885023543445.3 54022635930995.3 340052369397429.3 251945713279850.8 236738944242980.28 366427454533045.8 116913019189841.61 106108410979357.88 30425716617809.816 1153597281532.4731 5008416743599.842 0.0 0.0 1882568820336375.5 22967217069752.54 390189390181916.3 578515280279074.4 716544569681047.1 1777819731164747.8 989489767247013.8 1964200877404019.2 300189870614859.4 1811708931842561.8 6669975600853909.0 5466872566083325.0 5252466761784060.0 5633069518498705.0 12078284905077.834 1812784322997.251 -9999.0 -9999.0 -9999.0 -9999.0 -9999.0 -9999.0 -9999.0 -9999.0 -9999.0 -9999.0
0.0 0.0 0.0 0.0 0.0 0.0 0.0 0.0 40568661982746.016 341855751441176.2 204111259517881.75 504674785526366.25 1080885137218032.6 452932784675637.0 137150204987209.94 102075498447543.45 29286259567122.867 0.0 0.0 213057519381388.97 0.0 543398253972252.4 14804292220495.56 155219051041985.72 0.0 0.0 0.0 0.0 0.0 391317935492861.56 1419872554983379.2 950753291907678.0 1172872258724303.0 406816289085360.44 1011403168560423.4 1032557263826005.5 389466113208326.75 1482611444923742.0 2662011424454566.0 667128212864524.8 3271688732412570.5 6378894081699513.0 798930573775110.6 2277119606210077.0 7964848700774439.0 824314825622681.1 -9999.0 -9999.0 -9999.0 -9999.0 -9999.0 -9999.0 -9999.0 -9999.0 -9999.0 -9999.0
0.0 0.0 0.0 0.0 1509177824947.016 0.0 0.0 75297707118247.86 116733712281616.6 67849814210017.95 131239541192169.38 182265874538641.78 403154226947996.56 298106611668327.25 436123640298291.5 0.0 5225048659658.478 0.0 0.0 0.0 0.0 129553883930524.39 0.0 0.0 0.0 0.0 8395320668164.76 32868655839370.06 0.0 795079822913439.2 918551581327156.4 561388107381937.2 144316069180114.94 1102071742651713.2 1584779189531448.0 325576151515452.1 508779595796459.4 260394740432194.44 69576879837782.484 311047412016458.2 2007302398693286.0 3407599793775736.0 19536093918556.086 3541569794461350.0 3793065743701844.5 4056693027760182.5 5612138339418454.0 -9999.0 -9999.0 -9999.0 -9999.0 -9999.0 -9999.0 -9999.0 -9999.0 -9999.0
27328020024356.273 0.0 0.0 0.0 0.0 0.0 0.0 297562363936532.5 357037950047065.6 266989554692646.4 111442923059354.11 11421109790588.557 131880503854699.12 35517811901457.92 0.0 0.0 0.0 0.0 0.0 0.0 0.0 21030757743875.457 0.0 0.0 33559703890636.16 83561819521443.7 68107541165890.055 17674757160791.87 0.0 0.0 920697369159134.6 643039735780318.8 2056138484480901.0 1448705120922821.2 1928890763255508.2 2348617898522224.5 150222526218543.1 110293401417.9072 1470914438396006.5 2069211628528190.8 4802753608418687.0 4240138010676288.5 0.0 3613260663349901.0 3153652953125337.5 0.0 0.0 9443224951131.904 -9999.0 -9999.0 -9999.0 -9999.0 -9999.0 -9999.0 -9999.0 -9999.0
367110168016300.0 150964078565367.88 76266153794188.75 31886156371633.375 0.0 25356433667940.223 50333509422221.125 0.0 0.0 0.0 0.0 0.0 0.0 0.0 0.0 0.0 0.0 0.0 0.0 0.0 0.0 58561375737096.38 207821099392969.0 17198637396321.574 4060723163551.1504 23918985952628.125 28913075030537.875 56494725828946.87 0.0 0.0 1342686213447805.0 1202331870792268.5 1994723625388128.8 999681039146430.0 4547695497637800.0 4067350242470462.5 1414080357448440.0 104607334791423.52 120909820603422.27 0.0 0.0 2763837069828881.5 2434844744820972.5 2694054203491016.0 2783598490071816.5 769139932742788.8 0.0 0.0 495005187767810.0 -9999.0 1.0150722635907986e+16 -9999.0 -9999.0 -9999.0 -9999.0 -9999.0
111165513842066.73 370305364920921.3 240321687695286.28 202281211171720.28 26000393917491.094 27027093614200.28 78917349082.3464 23836693341630.85 335955509879962.4 111506764879320.84 0.0 0.0 0.0 0.0 0.0 0.0 0.0 0.0 0.0 0.0 0.0 67529375843050.66 0.0 130240153274388.17 122779597855586.2 326288551425.5544 763852569652.8328 170640424406173.9 0.0 24268676564014.36 377831538188386.5 1476666791769915.5 1077928738945910.5 474186716044939.4 2864166082789090.5 4162574753260728.5 2877489397827974.5 134680521356588.58 397214703514451.4 0.0 0.0 692477687243825.5 0.0 276994938284892.44 552622100320426.8 0.0 0.0 0.0 3171981073149.928 2271510870282112.5 4125566746245582.5 -9999.0 -9999.0 -9999.0 -9999.0 -9999.0
668020703114023.0 259706559553558.38 181175982766516.34 94724925885437.3 379007518655008.8 120880127241012.12 191298897165854.0 123586750940534.88 505121121302559.8 536348330549447.1 63434722670816.61 115323266972357.8 37978149271965.37 3415550524824.4023 80017406890298.69 0.0 0.0 0.0 0.0 0.0 0.0 0.0 0.0 1653735138575.4631 0.0 0.0 0.0 0.0 0.0 0.0 148252741946811.75 428515419502054.06 787576129767649.4 1437141773282596.2 179774091866238.22 1354624766955008.2 1565235407159172.5 1727332291131630.2 27217679654112.312 51774887990578.37 1174683072145518.0 766547181669040.1 76631198580978.62 1731110622403907.8 2949964307267417.0 690810348450316.4 0.0 0.0 0.0 41789634404778.734 3851704934607274.0 -9999.0 -9999.0 -9999.0 -9999.0 -9999.0
700023754312373.8 613340999696053.0 874898926033071.6 31649720510837.355 919427849960777.8 352988524863938.4 856027988331403.0 523130109539159.2 481457073256502.9 227817047407262.03 71821063779242.06 68519900395666.2 182782456793601.1 0.0 7498154997947.894 95554631186738.14 0.0 0.0 0.0 0.0 0.0 0.0 0.0 0.0 0.0 0.0 0.0 90718926786910.16 0.0 15334846928461.094 236547636658864.2 211564941483160.53 845841376151049.0 743697233920472.5 57256914239517.875 214638358126160.12 1420400426888085.0 55507868893959.93 405723622760512.75 815348746572233.6 2786038299997893.5 3725582210523174.5 2487791167566015.5 2302628733152986.5 22567192701084.145 0.0 2777228984206526.0 1155493681590449.0 0.0 130855008133712.31 1.1673304862047792e+16 -9999.0 -9999.0 -9999.0 -9999.0 -9999.0
294074895619128.8 570527189001387.5 5819451980021.729 12539814965013.693 119426994644447.73 53783067295893.06 40248063748493.36 460514623019729.94 373638698954930.5 614431448427204.2 468665117345489.56 580910403605223.9 209082628537727.38 144735857258288.4 309746934927895.9 29574954852750.473 0.0 0.0 0.0 0.0 0.0 0.0 27236571970709.246 0.0 0.0 0.0 0.0 0.0 7120588210027.362 0.0 55760379440345.62 385123044653938.2 746767612726635.2 1027819376075468.6 1570254565565680.5 657847943542276.6 377841361267507.75 40883199330047.82 117175157817750.66 424601585324202.56 2956962660559177.0 4315842239678836.5 3328256745258555.0 2643728072703589.0 2446060096760842.5 2164600327053437.0 3838151383391192.0 35028825535749.535 1143026749531998.5 413374935712463.6 1.5422593812812838e+16 -9999.0 -9999.0 -9999.0 -9999.0 -9999.0
0.0 0.0 376289848147806.06 0.0 16016264591198.598 21452261959324.94 255379754019472.84 299217754897688.1 169259076643278.28 1007591833370644.0 387571620399891.0 268166830990303.22 9964316333938.697 201656857693881.47 17165776362849.531 29396546714845.223 0.0 0.0 0.0 0.0 0.0 0.0 0.0 0.0 0.0 0.0 0.0 0.0 0.0 0.0 40539813379230.836 438006722189687.1 511177819092496.1 1290969862948493.2 755352675043989.0 0.0 458712057550646.6 265287239717769.84 19172205544693.715 627330626238299.1 199036755925018.66 2728261435364786.0 2891042727476160.0 2484102267914081.5 2060065022135412.8 1757620542332246.5 1501654493049029.0 3160766412613595.5 1253785107032607.0 31540984681377.164 1.2082149903479946e+16 -9999.0 -9999.0 -9999.0 -9999.0 -9999.0
449891414823053.94 879323169701736.0 214316851234855.2 0.0 200080009481.58 0.0 0.0 1182767061514.8599 1041593879791416.0 2217590889362910.0 0.0 0.0 6299264208123.0 0.0 7754018881069.9795 10370861364288.781 0.0 34764338952312.6 4793278973155.2 0.0 0.0 0.0 0.0 0.0 0.0 0.0 0.0 0.0 0.0 0.0 49609781182052.4 470109241683660.0 559764120677363.94 1569875998084986.0 61847036757912.59 0.0 883733084122631.9 1669862929192014.0 194965674890514.0 808057014466608.0 1494687976496208.0 605224698094938.0 1351031245402038.0 1833790865142552.2 1832024015259624.2 1074554711242950.0 2341989780856620.0 4110075833584799.5 4179432698233920.5 1614641644163232.0 1.020471001133394e+16 -9999.0 -9999.0 -9999.0 -9999.0 -9999.0
190741449364041.1 1399470577018583.5 2036986684846035.0 306006284261177.0 0.0 0.0 0.0 0.0 0.0 0.0 106550878264004.02 93150764785765.52 114168489870987.86 0.0 0.0 1747355479139.736 23548598256212.492 22629968039389.094 -9999 0.0 0.0 0.0 0.0 0.0 0.0 0.0 0.0 0.0 0.0 0.0 93234589903661.06 283688689068054.6 502182764366194.8 1286018102853355.8 0.0 1789960627743978.5 960198528332096.1 1410154846711485.0 1739983025875244.8 1615349508638944.5 2351688289315690.0 3575650979698471.0 1019834406884493.6 2562109075402030.5 2129565884623166.5 2604175214468514.0 2665504197648733.5 2856674842801712.5 7064213916597697.0 9487566739449426.0 4157037910786286.0 1.4298121181188432e+16 -9999.0 -9999.0 -9999.0 -9999.0
2337493252540272.5 160252863473942.78 1140666368168808.2 0.0 0.0 61416638744475.65 0.0 0.0 0.0 5164889233209.175 0.0 0.0 2224223445768.7188 0.0 3835872437190.908 3342824865795.947 19338966360151.203 46915818123063.055 164255408297913.6 0.0 0.0 0.0 0.0 0.0 0.0 0.0 0.0 9574678968765.05 0.0 0.0 0.0 111886504593898.7 580827840097103.5 246351664169938.88 0.0 1038218842373221.8 1112199763566036.1 555274024459949.44 1032823710701230.9 2468749537916511.5 4933052770405272.0 3588602116804423.0 4051989384030362.0 5318516669630077.0 5079750175982316.0 2646264538465748.5 1782482485481184.2 2588238416325498.5 2362083225857750.5 4815946867221487.0 2.3871934992003036e+16 1.8732611568296596e+16 -9999.0 -9999.0 -9999.0 -9999.0
817737710546971.2 107576038793234.53 194218042591002.38 175074182942007.8 0.0 0.0 0.0 0.0 2615778463500.615 40467419046549.75 0.0 0.0 27445068353741.55 22438626726877.87 0.0 14263402784827.81 9158892890098.06 0.0 62926840088117.94 28878177696602.973 0.0 0.0 0.0 0.0 0.0 0.0 0.0 0.0 0.0 0.0 25109400523310.28 234141529598915.66 820537206944921.0 1882918541151587.0 0.0 1081490104614543.4 0.0 1686111161749803.2 632341627065451.2 2005993619471951.5 3508942825021919.5 1986392174812527.2 2616160924213865.0 4251321995270718.5 3055517205911775.0 4131559244037221.5 4919619247168130.0 3842676539849583.0 7920962431266414.0 1.0960157449988052e+16 1.5669070090095684e+16 -9999.0 -9999.0 -9999.0 -9999.0 -9999.0
102349833934361.52 0.0 0.0 343753314845895.7 0.0 4728262697551.708 233642079221930.8 81435562331741.12 0.0 423907398788835.75 337837543385512.94 1597466102863.425 6600413020036.409 218329920502295.53 31361052489040.355 0.0 0.0 20575247798142.625 0.0 0.0 0.0 0.0 0.0 3885490811810.043 0.0 0.0 140973964835502.03 11850893537334.914 0.0 0.0 295190685060259.1 500799772290838.44 763335167820827.2 1023647920476989.6 0.0 0.0 1098399199211871.8 671907815098375.4 0.0 2292027498943871.5 2904217860670240.0 5037126884655935.0 4291720167600124.5 4238875956608035.5 3894343836688547.0 3811455432619624.0 9478611394178026.0 1.1280401364284946e+16 7030768084916206.0 1.6067136191009336e+16 1.836436053728203e+16 -9999.0 -9999.0 -9999.0 -9999.0 -9999.0
51797229514849.06 29761740537198.09 0.0 86056533031328.75 333368523206751.3 117814909548089.42 94516780592623.34 0.0 0.0 0.0 0.0 295575974928560.25 241985527927580.56 157213665341448.38 170489400730653.75 0.0 22063994264371.773 191614212270210.72 0.0 0.0 0.0 0.0 183872810689127.4 56880555792545.55 0.0 0.0 332043571847455.5 51225000984457.48 3753434083070.744 2225142548995.7964 321557497736489.75 932343524655413.5 421879983405021.2 1149139883565183.2 0.0 303556743378546.94 199123017186454.44 651883445546938.9 1620387199842622.5 3048628713739855.0 1334915791291207.0 2261907254461312.5 3100971944979853.5 3419308463454552.5 5369693120797182.0 759573594130233.2 6239673143802295.0 1.2727383241902084e+16 1.5591723613581722e+16 2.7634202996963416e+16 4.0421408628383384e+16 -9999.0 -9999.0 -9999.0 -9999.0 -9999.0
69784219988995.76 100761453582633.47 13738422114342.219 0.0 10007028194118.94 18895492502895.418 11640142750142.523 0.0 0.0 0.0 0.0 0.0 341994239806555.44 229828738401302.84 323566972337195.8 0.0 0.0 0.0 175001223342504.84 195195805121236.0 40903133624476.48 0.0 53637323097441.15 349783091537250.94 0.0 0.0 7733443487596.585 1767839497904.3564 0.0 6838232010114.133 0.0 16114092694940.246 955040550988.9824 0.0 0.0 0.0 0.0 0.0 2964133809792373.0 683919117938792.0 897424945112923.0 418153137994784.2 0.0 1631170638766871.5 4719132890879530.0 4699627722461262.0 6105854828716893.0 9817069022819558.0 1.5609779287312866e+16 2.2236609258432496e+16 -9999 -9999.0 -9999.0 -9999.0 -9999.0 -9999.0
88380879129971.6 64541859968654.67 78773139339617.1 108053549835455.53 58654531100857.734 396558012474651.6 886780691848345.9 460084525254257.56 62981316791634.23 0.0 0.0 0.0 0.0 0.0 494973504903461.3 373201654694994.4 337073120005085.8 151269177853468.56 81033446550946.95 414628619824576.75 291235520953707.94 887110074641693.2 92798201543708.42 17296604233147.39 0.0 76012928754524.11 0.0 1522915740828.3113 74268812782906.28 71741796594865.55 34763507762433.613 0.0 64824588955219.39 0.0 0.0 0.0 0.0 0.0 793044997209189.4 1837224167950792.5 109218905407722.12 1462712514227228.8 1182269104073363.8 4840206484858987.0 3577498018183017.5 4644825560136773.0 2067876678801448.0 1.2754635148407086e+16 1.6067777043155384e+16 2.2220426197238452e+16 -9999 -9999.0 -9999.0 -9999.0 -9999.0 -9999.0
835450787990072.9 435129521218218.8 370278418399455.7 8208729171758.616 725268760220855.4 315485339470281.56 856373952205083.8 0.0 174058130234400.6 0.0 0.0 0.0 0.0 0.0 1068952458258813.0 1248731558167131.0 368881785223023.94 416008843721041.25 0.0 336885320359722.7 199894795073496.47 0.0 168897764983932.4 7525360076629.509 39768696977802.26 5946617106531.063 146826221739624.7 72698442906853.25 9592037954929.588 112095825173160.12 0.0 466709551928067.94 0.0 0.0 0.0 96542123660156.92 0.0 124276610887990.56 34679312450080.266 1727451284202204.0 1588518464726336.5 1826316464845094.0 1240525774386486.5 6107534272304257.0 7132182130411625.0 6391659803883634.0 2025040300226482.0 8817013020318960.0 1.1089074764509868e+16 2.1482642528666096e+16 -9999.0 -9999.0 -9999.0 -9999.0 -9999.0 -9999.0
0.0 -9999.0 -9999.0 -9999.0 -9999.0 -9999.0 -9999.0 -9999.0 912951599862483.8 1213811006819210.5 674387324525910.8 147221137418202.6 0.0 0.0 225487239397784.84 0.0 1313620596721598.2 0.0 0.0 384180566077004.9 0.0 8134564316312.182 0.0 150762900402287.06 0.0 0.0 37237624792250.0 69649366852049.516 0.0 0.0 4189232080674.4937 244067414439755.78 0.0 0.0 0.0 115430973471907.02 151600642109486.22 0.0 72956600990029.64 550139542940285.25 2000615461340024.8 768031123816462.4 1634678279463518.0 3136815887394218.0 24996009036053.61 5519658110702156.0 1866901633302855.0 3492804622938813.5 1.2238306133374132e+16 -9999.0 -9999.0 -9999.0 -9999.0 -9999.0 -9999.0 -9999.0
-9999.0 -9999.0 -9999.0 -9999.0 -9999.0 -9999.0 -9999.0 -9999.0 -9999.0 -9999.0 -9999.0 -9999 0.0 0.0 0.0 0.0 0.0 0.0 0.0 130516280430726.8 5585652823299.547 0.0 0.0 0.0 0.0 46818584095779.01 0.0 45440648582836.695 0.0 0.0 0.0 0.0 2577190878479125.5 0.0 434707993612957.56 86294686557033.98 600959158462141.4 97904270818045.73 0.0 2280398531865920.0 3589200372158117.5 2991650641720526.5 4212506003555075.0 2524200672084433.0 72946291400762.61 774574243556.868 8218795484381875.0 7129946583119111.0 8203965610401502.0 -9999.0 -9999.0 -9999.0 -9999.0 -9999.0 -9999.0 -9999.0
-9999.0 -9999.0 -9999.0 -9999.0 -9999.0 -9999.0 -9999.0 -9999.0 -9999.0 -9999.0 -9999.0 -9999.0 0.0 1889072779418.5383 0.0 6039611163549.46 0.0 492932418421700.3 0.0 0.0 0.0 0.0 2342752667941.715 0.0 0.0 0.0 0.0 223988213581144.53 0.0 0.0 0.0 0.0 2332938660561302.5 178471607733035.0 588003979383445.4 0.0 0.0 61956724345916.984 1836670856660901.8 3645691116288858.0 3276590479519224.0 4753541876943073.0 1368242786839226.8 3860816552003356.0 646821665849268.8 15412239529315.646 380399737470667.7 8696179859252615.0 -9999.0 -9999.0 -9999.0 -9999.0 -9999.0 -9999.0 -9999.0 -9999.0
-9999.0 -9999.0 -9999.0 -9999.0 -9999.0 -9999.0 -9999.0 -9999.0 -9999.0 -9999.0 -9999.0 -9999.0 -9999.0 0.0 0.0 6460693238885.47 18230335271788.83 14324427660264.33 96423118920978.4 0.0 0.0 29879246236081.52 1792404361901124.5 0.0 0.0 0.0 0.0 467800168864804.25 0.0 0.0 0.0 0.0 480464274888153.0 23035133116299.26 903785545512147.6 0.0 0.0 0.0 1342947931036719.2 0.0 56127801113830.625 3946798657995172.5 6927112113399100.0 2436044352476997.0 3158599553663480.5 6253405802215083.0 3796040078653638.0 -9999.0 -9999.0 -9999.0 -9999.0 -9999.0 -9999.0 -9999.0 -9999.0 -9999.0
-9999.0 -9999.0 -9999.0 -9999.0 -9999.0 -9999.0 -9999.0 -9999.0 -9999.0 -9999.0 -9999.0 -9999.0 -9999.0 -9999.0 0.0 0.0 0.0 -9999.0 1515244357391267.0 1017035033294583.2 1318563649037033.8 1275296250684833.2 1492536873801707.0 89124028975392.22 24437940439465.438 436513884129919.2 0.0 587111303329477.8 695586638358532.5 0.0 0.0 835998843049386.4 1007278585449751.9 854512071519798.0 0.0 0.0 1626180747401994.5 1284211957966316.5 0.0 876945902188055.0 2673031879889254.5 101347805009686.02 407103350983234.1 2141166907624329.2 1333769015576404.0 8348270027926114.0 7610717416013096.0 -9999.0 -9999.0 -9999.0 -9999.0 -9999.0 -9999.0 -9999.0 -9999.0 -9999.0
-9999.0 -9999.0 -9999.0 -9999.0 -9999.0 -9999.0 -9999.0 -9999.0 -9999.0 -9999.0 -9999.0 -9999.0 -9999.0 -9999.0 655237329399620.8 2551909666227372.5 -9999.0 -9999.0 1192576720622427.2 1043485893446261.8 2004286556188800.5 3327898711203747.5 880653445346729.2 539400806572643.5 275583885922936.25 227705163367604.12 0.0 0.0 745837734167370.2 290469473785497.0 357627050638883.0 1096322990924242.0 1357895680262501.5 865769563984403.2 48783327511863.02 1649632822897601.8 581217695205511.5 933314706220017.8 282066075944307.0 1058692538312951.9 1233710036768905.0 1838596263476932.0 976070131121124.5 1968009257709087.8 495083942449362.5 893258225435034.4 -9999.0 -9999.0 -9999.0 -9999.0 -9999.0 -9999.0 -9999.0 -9999.0 -9999.0 -9999.0
