critload/trunk/input/2010/a_ag.asc
ncols 720
nrows 360
xllcorner -180
yllcorner -90
cellsize 0.5
NODATA_value -1
[rows 108 to 143 of 360, columns 316 to 394 of 720]
-1 -1 -1 -1 -1 -1 -1 -1 -1 -1 -1 -1 -1 -1 -1 -1 -1 -1 -1 -1 -1 -1 -1 -1 -1 -1 -1 -1 -1 -1 -1 -1 94651.0640707244 54806.6726977229 -1 -1 -1 -1 -1 -1 -1 24302.037591779692 118117.7911705551 146775.2084181019 233537.2527521846 246687.92117824015 248823.81925401412 247740.22903400002 248878.5581724879 249242.21272293015 249671.68044995004 249656.75735495007 249650.58887123983 249395.1755323245 249567.261505 242371.177357212 232289.6001168911 246075.85540748815 241803.93905599997 245650.87202969947 249420.23927376044 249275.57046384265 249737.2464922755 249533.18634000001 233595.5342143787 140552.9959777329 -1 -1 -1 -1 -1 -1 7590.370142072968 4977.888165411752 -1 -1 -1 -1 -1
-1 -1 -1 -1 -1 -1 -1 -1 -1 -1 -1 -1 -1 -1 -1 -1 -1 -1 -1 -1 -1 -1 -1 -1 -1 -1 -1 -1 -1 -1 -1 62660.47821984507 250701.50375399995 243556.44363963135 94066.73793777183 95519.86781302492 122938.180876 121708.028507 75443.58762312662 54941.07080726055 78737.94606271906 205636.01301237755 230978.57462207717 194701.03736830375 249610.17392468383 202375.98789295112 250975.7164 251142.04207738722 251494.7990419246 251948.7706946152 252166.9745923084 251569.83861799468 244531.99994305256 238146.48073462097 251963.98086492438 251751.38622236514 251305.06897 251086.30578501883 250762.03229472326 250803.93905599997 250863.11010803544 243230.314212359 249853.16791431105 250642.87338300003 251675.83562206596 249167.878464981 36599.4905472 -1 -1 -1 -1 -1 -1 -1 -1 -1 -1 -1 -1
-1 -1 -1 -1 -1 -1 -1 -1 -1 -1 -1 -1 -1 -1 -1 -1 -1 -1 -1 -1 -1 -1 -1 -1 -1 -1 -1 -1 -1 -1 -1 181510.43202377242 230619.52101573197 91177.46472609704 224205.36002471583 238631.80328045308 253374.49798600003 253402.93197599996 253408.78677400004 252900.54029478345 244075.24771534125 245057.79043849153 197140.79636917962 225315.04629258867 252758.54873699998 252898.6745987412 252910.22638197753 253175.98113994938 253371.9940189468 253690.5017036597 253690.22572195274 253344.71589663308 253090.90257621137 253311.35635410386 253695.15533399995 253606.21871887316 253691.7815168065 253553.68957500003 253660.70709210398 253826.798875547 253417.77191199997 253645.58158248005 253058.2013549464 253668.00673572722 253877.13975839576 142089.34378284786 11379.8418999 -1 -1 -1 -1 -1 -1 -1 -1 -1 -1 -1 -1
-1 -1 -1 -1 -1 -1 -1 -1 -1 -1 -1 -1 -1 -1 -1 -1 -1 -1 -1 -1 -1 -1 -1 -1 -1 -1 -1 -1 -1 -1 78467.6506042 254023.5588069924 253778.50719812035 251349.781703598 248556.50558500004 252211.54785200002 254330.49621599997 247413.36414841627 255424.198914 226644.5566745276 248138.3665544455 254700.57296797453 254909.23861135618 241046.23836513355 226046.6923478688 254372.71728497455 247752.73208634244 254572.65090906876 254486.494446 255259.15756197448 255178.6006850823 255351.47094702686 255276.19094800003 255205.0949100383 255194.97523321473 254633.96033507466 155710.90046640442 163032.43525326072 155987.09708745586 170190.80850327862 225591.7018434342 225042.4869713939 248389.70290811633 241345.10224666697 84545.3179359 -1 -1 -1 -1 -1 -1 -1 -1 -1 -1 -1 -1 -1 -1
-1 -1 -1 -1 -1 -1 -1 -1 -1 -1 -1 -1 -1 -1 -1 -1 -1 -1 -1 -1 -1 -1 -1 -1 -1 -1 -1 -1 11194.443634179583 142163.11245 249174.453163 253850.08747290712 254760.3801868903 242439.37062857815 256996.565247 257012.99542664434 256955.92117299995 228358.3097374701 128353.8710071349 42773.06045451711 199748.33556951868 249732.61260991168 256513.89236499998 256554.13282375332 255952.4971010691 255345.05233805106 255443.58444207662 241724.1301901199 199192.7420223913 199194.664832308 227729.6244102084 256899.43084687254 256949.060059 256912.788391 192631.5101627541 199311.20510461426 56795.74004396604 28378.212395341354 78190.98639563019 85243.04023293949 35024.035717622624 56394.31402693559 78486.73048445143 206386.1406889099 152653.36104994803 91989.91751337965 18479.078114779113 -1 -1 -1 -1 -1 -1 -1 -1 -1 -1 -1 -1
-1 -1 -1 -1 -1 -1 -1 -1 -1 -1 -1 -1 -1 -1 -1 -1 -1 -1 -1 -1 -1 -1 -1 -1 -1 -1 32542.9395199 187339.622068 253711.83776900003 257109.58557099997 258404.53186 258107.50198400003 257956.99077983934 257864.55043546145 257829.33510346524 243957.7267745999 251188.46284815954 229738.07067892796 86220.27053826147 57534.99832170642 143480.22638639607 186514.72015389873 258238.777924 258259.26590008262 257156.468201 171404.70046978502 100317.5346375948 71528.88412473361 14307.16857910577 71669.92340100514 136271.22344982973 172239.82238805367 229669.53811621253 251304.07791155664 43083.629608252835 21440.246795816634 64206.40372751922 28347.42335962786 0.0 0.0 7184.049987808264 7163.459813603682 6424.194297190317 28674.458998476286 242991.9615785554 249726.44648574118 142281.69637029668 47401.306807960405 -1 -1 -1 -1 -1 -1 -1 -1 -1 -1 -1
-1 -1 -1 -1 -1 -1 -1 -1 -1 6504.97987864838 9289.040139305009 -1 -1 -1 -1 -1 -1 -1 -1 -1 -1 -1 -1 -1 -1 42976.82223035926 223245.44306270196 257584.04617299995 259503.4109038593 259034.24036035204 255220.5337945567 259544.25722029654 251776.3472293389 259214.334869 259215.98510479444 230810.1110814913 195080.8141499854 158684.02862563738 108290.79895007619 158728.95660384352 187645.53604100834 223431.6169921973 259352.53219589623 230637.10956013878 129609.95407093629 14323.1903076404 7204.499816881236 0.0 7224.8100280671315 14422.57995605192 93573.75876538192 143775.9853813596 144154.75048260082 223776.80006367006 14469.829559332476 28798.46866131306 0.0 0.0 0.0 0.0 0.0 0.0 7218.060302720147 0.0 114075.96558169524 158783.31969955124 202125.30814976254 230739.41896023942 193423.5542823015 153369.0784449338 176422.5686069294 153483.35680979383 78478.1988144 -1 -1 -1 -1 -1 -1
-1 -1 -1 -1 -1 -1 -1 -1 -1 -1 -1 -1 -1 -1 -1 -1 -1 -1 -1 -1 -1 -1 -1 -1 -1 139277.59002524262 259038.90060377942 260196.02958400568 260322.158813 259549.916077 257777.6724849734 258487.12052659708 261420.2953053544 254141.98870956566 261420.2951887087 217823.57658923836 65271.638827889605 21794.979329389796 29040.080261371524 43512.01426231249 116134.42916852768 188521.07413632853 173974.95803799003 21715.9919738976 36285.07003773038 43530.00869757914 21761.720275852746 7251.6799926685835 0.0 0.0 14503.35006713683 79411.63522279121 28868.087908655318 72490.02914418146 28960.181048605657 7278.309768419474 0.0 0.0 0.0 0.0 0.0 0.0 0.0 0.0 21768.28924414157 72729.94518275383 101736.57640481663 202822.52363800848 232393.58468967525 237593.82530668983 236404.53517440878 244544.83108674822 210498.66641703088 213084.98920195398 126479.78467313854 -1 -1 -1 -1
-1 -1 -1 -1 -1 -1 -1 -1 -1 -1 -1 -1 -1 -1 -1 -1 -1 -1 -1 -1 -1 -1 -1 -1 57188.56430050001 253689.83659700005 255564.7947741524 262243.0937857295 261545.9749708576 238805.90544384177 262160.2271282496 262652.445221 262351.17416405247 211690.8382067173 145649.04639597735 91884.61165627671 29121.185774273446 14594.953918447245 64576.2886045483 138095.77854450946 94680.39093035785 80237.52288802822 7311.239624036188 0.0 0.0 0.0 0.0 0.0 0.0 0.0 0.0 14534.045410130791 14583.059692374602 0.0 28873.441426092133 14576.459781793974 7214.209123514124 0.0 7304.689788813135 0.0 0.0 0.0 0.0 7317.78030396565 7317.78030396565 64419.745915330386 182426.20692714618 131267.23791076045 131260.59722914387 123962.49652515394 94763.46786552931 86416.38884242662 138533.97320498934 94927.75669525347 93861.39731028498 0.0 -1 -1 -1
-1 -1 -1 -1 -1 -1 -1 -1 -1 -1 -1 -1 -1 -1 -1 -1 -1 -1 -1 -1 -1 -1 -1 -1 160907.47212169255 234412.5533352005 264259.080505 190886.03124070374 264151.615906 248866.14860700368 263903.95010572753 256035.30935470707 249568.58832125866 227242.93457668382 58627.01034535207 72715.6259545477 29361.383819659564 21976.694488540274 87926.92525850069 51326.847076468715 51341.6099548127 7330.819702127496 7343.7896728350715 0.0 0.0 0.0 7337.310028078024 0.0 0.0 0.0 0.0 7324.310302747845 0.0 0.0 0.0 0.0 0.0 0.0 0.0 0.0 0.0 7324.310302738458 0.0 0.0 29310.26000959507 14661.639404281419 0.0 7324.31030272289 14648.62060544578 7324.31030272289 22024.829302701666 73321.1395074262 21972.930526803175 0.0 36673.52929325592 109340.88880940525 113235.33134064652 98322.11876171929 51155.31958385129
-1 -1 -1 -1 -1 -1 -1 -1 -1 -1 -1 -1 -1 -1 -1 -1 -1 -1 -1 -1 -1 -1 -1 -1 159190.36241575825 265442.6217043444 257819.60443585433 235777.9918814117 243514.21240075084 250883.83410455348 249815.24841182405 250739.84464347406 169608.12348398566 36866.810607855776 44306.71081530529 103317.66815167817 66380.68847655407 7369.550323507534 14687.021112451794 14706.808471681565 14758.260345477689 0.0 0.0 0.0 0.0 0.0 0.0 0.0 0.0 29360.398187986964 7388.709893820919 0.0 0.0 0.0 0.0 0.0 14705.887804936889 14764.610194446657 0.0 0.0 0.0 0.0 0.0 0.0 0.0 0.0 0.0 0.0 0.0 7382.340240478879 22159.74028115692 7382.340154071409 0.0 0.0 0.0 0.0 36822.071048746584 88396.08357401103 117906.28204378358
-1 -1 -1 -1 -1 -1 -1 -1 -1 -1 -1 -1 -1 -1 -1 -1 -1 -1 -1 -1 -1 -1 -1 -1 70327.80170439999 263874.908447 265853.33786 252195.7693318434 252202.07874104613 244732.32460678896 237207.1094188947 214886.36283391868 102659.50611309631 7432.8500133002835 0.0 14821.720123306894 7420.320129392554 0.0 37114.119720545285 0.0 0.0 0.0 0.0 0.0 0.0 7432.849884053124 0.0 0.0 0.0 7365.866590862457 0.0 0.0 0.0 0.0 0.0 0.0 0.0 0.0 0.0 0.0 0.0 0.0 7298.05668035257 0.0 0.0 0.0 7407.720184321289 14846.920013453217 29700.11978159745 0.0 0.0 7407.720184321289 7407.720184321289 0.0 0.0 0.0 0.0 0.0 0.0
-1 -1 -1 -1 -1 -1 -1 -1 -1 -1 -1 -1 -1 -1 -1 -1 -1 -1 -1 -1 -1 -1 -1 6221.7188835100005 204850.977516 245928.43471332072 253396.66324289207 253451.8715137357 208315.9553814321 141446.48691865013 96922.90267952954 44201.23901361232 58125.602569484356 21781.56051632542 0.0 14890.640258801253 0.0 0.0 14909.280395527208 14921.659851048325 0.0 0.0 0.0 7463.9198303394005 0.0 7454.442596422995 14884.429931656608 7463.919830319117 52018.21212782272 111389.29061877806 81647.00698850307 0.0 0.0 0.0 0.0 0.0 0.0 0.0 0.0 0.0 0.0 0.0 0.0 0.0 0.0 14933.999633800797 126818.36929346077 82034.82894920172 0.0 0.0 0.0 0.0 7439.100417499912 0.0 0.0 0.0 0.0 0.0 0.0
-1 -1 -1 -1 -1 -1 -1 -1 -1 -1 -1 -1 -1 -1 -1 -1 32446.789268944747 0.0 -1 -1 -1 -1 -1 148236.13881645928 208771.31669698365 202193.415296415 232141.8774790963 171699.5833613371 163360.91308592865 104378.48053008915 82397.48992922486 29965.939331140253 30008.739471489418 0.0 0.0 7506.739807124553 7494.589996339319 89847.0649720741 104881.33087140825 74939.6995543531 0.0 0.0 7494.589996320984 7476.2299913890965 29923.73383008048 0.0 15006.582641622055 14955.15670774639 7464.758300777429 201281.82296755808 0.0 0.0 0.0 0.0 0.0 0.0 0.0 0.0 0.0 0.0 0.0 0.0 0.0 29898.59313955239 0.0 82385.37063604208 119736.07025134473 142317.40951545225 67512.07885744052 74976.10015863119 15013.479614249107 0.0 0.0 0.0 7506.739807124553 29709.534831374298 14879.504437767853 0.0 0.0
-1 -1 -1 -1 -1 -1 -1 -1 35131.20286941389 -1 -1 17311.92650611952 -1 -1 -1 0.0 57687.44016536963 -1 -1 -1 -1 45966.7394637583 179839.45286264672 149613.65150921105 120463.53833083983 195521.895710635 150013.9541420253 186919.58236699368 67645.37887579146 45184.97924820712 22562.539672872786 60156.69860840041 15031.639862081402 0.0 0.0 7524.859619142168 82731.29806522638 75188.33847064442 0.0 0.0 0.0 0.0 0.0 15060.931072366013 45152.56374553986 0.0 135326.771545505 97906.87408458145 75102.5238037766 217955.9364320432 0.0 0.0 0.0 0.0 0.0 0.0 0.0 0.0 0.0 0.0 0.0 0.0 14963.43383789136 59942.27447510321 45155.13916014201 45088.87939459499 15037.680053730617 60156.69860840041 97750.75912491836 203236.697387927 135465.2282715007 0.0 0.0 7512.799835216092 7518.840026865309 22550.459483289505 22562.539672872786 45191.12930304911 0.0
-1 -1 -1 -1 -1 -1 -1 -1 -1 35142.474252327585 97325.84412747412 39570.026455990905 33830.79011492623 8063.181400300001 -1 33315.85939376227 27969.330310818426 -1 -1 24171.189117471855 84572.91665050502 91127.78091439429 113409.69085694241 60449.679572759014 45351.981020023006 128495.44143745075 98193.65081774273 30242.5605775002 7554.730224618256 22652.31018066025 7554.730224618256 0.0 0.0 0.0 0.0 0.0 0.0 0.0 0.0 0.0 0.0 0.0 0.0 83155.9226137246 0.0 0.0 0.0 98193.97048939257 120853.41110198986 264185.70098902413 264149.3736263703 211445.36743149773 0.0 0.0 0.0 0.0 0.0 0.0 0.0 0.0 0.0 0.0 0.0 15031.360626217422 0.0 0.0 0.0 0.0 0.0 15097.579956041993 0.0 0.0 0.0 0.0 0.0 0.0 0.0 0.0 7548.789549606358
-1 -1 -1 -1 -1 -1 -1 11105.967931437506 18595.56035546432 -1 -1 -1 75635.12169251744 25773.9681244 -1 -1 -1 19856.90078733785 132253.0609129626 147217.4369815176 66689.34478762219 15220.779418961138 15214.97955318642 15226.55944824413 22764.300537080046 0.0 0.0 49919.6823118618 22787.599182100013 15220.779418926733 22810.85968013102 15203.3996581728 30366.02020273092 45546.110534517844 7584.210205074277 0.0 15214.999389627223 7590.0497436295245 0.0 0.0 0.0 0.0 0.0 129183.37393066104 0.0 0.0 0.0 0.0 0.0 0.0 0.0 0.0 0.0 0.0 0.0 0.0 0.0 0.0 0.0 0.0 0.0 0.0 0.0 0.0 0.0 0.0 0.0 0.0 0.0 0.0 0.0 15226.558930973424 59740.79990740439 7607.499352075654 15209.199306349357 7613.279724113125 15226.55944822625 0.0 0.0
-1 -1 -1 -1 -1 -1 -1 -1 -1 -1 -1 -1 -1 -1 -1 -1 -1 79579.02259834307 118889.04724141955 81694.15893567928 22897.280120852007 22696.153259247985 30332.146453798 45145.13854995405 60848.44436643706 30326.625823872735 7624.800109862602 15266.75033571093 7619.04983521383 15283.90045165842 7641.95022582921 7636.2503051702915 7647.640228276341 7624.800109862602 15249.579620370714 0.0 0.0 0.0 0.0 0.0 0.0 0.0 0.0 91544.6177665068 0.0 0.0 15287.157541521787 7637.296135364299 15221.148379160573 15232.971532485013 0.0 0.0 0.0 0.0 0.0 0.0 0.0 0.0 0.0 0.0 0.0 0.0 0.0 0.0 0.0 0.0 0.0 0.0 0.0 0.0 7529.25719768291 7619.05011386512 36051.42223350888 30544.980747913905 0.0 0.0 0.0 0.0 0.0
-1 -1 -1 -1 -1 -1 -1 -1 -1 -1 -1 -1 -1 -1 -1 -1 41619.0801263141 126843.47915682888 149930.86242682493 83305.3985595738 45115.95916758984 45379.33807383805 38356.63070698356 23016.23077395257 45993.13049329934 23027.45056154534 15104.319000254993 0.0 0.0 15317.91992189314 7675.820159906099 7664.600372318333 0.0 0.0 0.0 0.0 0.0 0.0 0.0 0.0 0.0 0.0 0.0 15309.062070389617 30647.051432144162 0.0 15296.59756889519 0.0 0.0 0.0 0.0 0.0 0.0 0.0 0.0 0.0 0.0 0.0 0.0 0.0 0.0 0.0 0.0 0.0 0.0 0.0 0.0 0.0 15362.820527344498 29557.559233858155 23044.2311182855 38351.08115144953 30624.539945305252 0.0 0.0 0.0 0.0 0.0 23027.45056155483
-1 -1 -1 -1 -1 -1 -1 -1 -1 -1 -1 -1 -1 -1 -1 43299.75051887617 120717.4812317122 52720.871734513465 92382.25021358227 76622.2595215487 68666.35818500689 38523.40087880996 22664.535522459268 38490.34957878104 46000.94375603809 38259.293365348494 23094.190216083527 0.0 0.0 0.0 0.0 0.0 0.0 0.0 0.0 0.0 0.0 0.0 0.0 0.0 0.0 0.0 0.0 0.0 0.0 0.0 0.0 0.0 0.0 0.0 0.0 0.0 0.0 0.0 0.0 0.0 0.0 0.0 0.0 0.0 0.0 0.0 0.0 0.0 0.0 0.0 0.0 0.0 15373.959779752859 7714.600068335204 38501.361217775346 15418.221084033768 15373.959463473131 30847.421475974297 15407.200713473016 7692.540428040501 0.0 0.0 0.0
-1 -1 -1 -1 -1 -1 -1 -1 -1 -1 -1 -1 -1 -1 12830.789184576617 92601.87606792088 106965.60287488789 83464.51797470631 76705.59310913536 76743.53332510736 0.0 0.0 0.0 0.0 0.0 0.0 0.0 0.0 0.0 0.0 0.0 0.0 0.0 7720.079803467283 0.0 0.0 0.0 0.0 0.0 0.0 0.0 0.0 0.0 0.0 0.0 0.0 0.0 0.0 0.0 0.0 0.0 0.0 0.0 0.0 0.0 0.0 38703.58963005114 0.0 0.0 0.0 0.0 0.0 0.0 15445.61004638416 0.0 7730.980298684767 0.0 0.0 0.0 0.0 0.0 22342.088270658358 15440.159624816533 0.0 0.0 0.0 0.0 0.0 0.0
-1 -1 -1 -1 -1 -1 -1 -1 -1 -1 -1 -1 -1 -1 30901.9409179054 62138.07830807859 23279.080200240107 69912.09716800076 62106.15844731114 61746.90322878132 0.0 0.0 0.0 0.0 0.0 0.0 0.0 0.0 0.0 0.0 0.0 0.0 0.0 0.0 0.0 0.0 0.0 0.0 0.0 0.0 0.0 0.0 0.0 0.0 0.0 0.0 0.0 0.0 0.0 0.0 0.0 0.0 0.0 0.0 0.0 0.0 0.0 0.0 23337.65945430085 0.0 0.0 0.0 0.0 7752.580261208047 0.0 0.0 0.0 0.0 0.0 0.0 0.0 0.0 0.0 0.0 0.0 0.0 0.0 0.0 0.0
-1 -1 -1 -1 -1 -1 -1 -1 -1 -1 -1 -1 -1 -1 31006.82983403321 31211.309051483182 31065.325927875238 54554.67300414371 31013.150787280636 30935.018920981536 0.0 0.0 0.0 0.0 0.0 0.0 0.0 0.0 0.0 0.0 0.0 0.0 0.0 0.0 0.0 0.0 0.0 0.0 0.0 0.0 0.0 0.0 0.0 0.0 0.0 0.0 0.0 0.0 0.0 0.0 0.0 0.0 0.0 0.0 15589.999389640692 0.0 0.0 0.0 0.0 23416.309356703707 46848.2391357437 31232.159423735564 15610.869598368254 0.0 23181.393661324386 0.0 0.0 0.0 0.0 0.0 0.0 0.0 0.0 0.0 0.0 0.0 0.0 0.0 0.0
-1 -1 -1 -1 -1 -1 -1 -1 -1 -1 -1 -1 0.0 21163.5799407005 23498.79989621416 39140.78979494891 31319.80972294443 46972.019958653094 30986.095428387634 23400.22735596079 0.0 0.0 0.0 0.0 0.0 0.0 0.0 0.0 0.0 0.0 0.0 0.0 0.0 0.0 0.0 0.0 0.0 0.0 0.0 0.0 0.0 0.0 0.0 0.0 0.0 0.0 0.0 0.0 0.0 0.0 0.0 0.0 0.0 0.0 0.0 15636.789703359562 0.0 0.0 54782.719421343885 0.0 0.0 23473.179626433717 0.0 7841.459655779455 0.0 0.0 0.0 0.0 0.0 0.0 0.0 0.0 0.0 0.0 0.0 0.0 0.0 0.0 0.0
-1 -1 -1 -1 -1 -1 -1 -1 -1 -1 -1 -1 19504.07409659159 39308.280181872666 23595.050048826597 23579.940032981303 31426.45034781687 23580.00946047218 23579.940032981303 23574.9099731665 0.0 0.0 0.0 0.0 0.0 0.0 0.0 0.0 0.0 0.0 0.0 0.0 0.0 0.0 0.0 0.0 0.0 0.0 0.0 0.0 0.0 0.0 0.0 0.0 0.0 0.0 0.0 0.0 0.0 0.0 0.0 0.0 0.0 0.0 0.0 7838.022613528652 55011.61880509089 62863.03024295228 39252.89993294597 39278.00064105612 0.0 0.0 0.0 0.0 0.0 0.0 0.0 0.0 0.0 0.0 0.0 0.0 0.0 0.0 0.0 0.0 0.0 0.0 0.0
-1 -1 -1 -1 -1 -1 -1 -1 -1 -1 -1 3848.5828399637785 26863.859939600705 23689.250183131935 23684.35058598352 23674.47052003892 23674.510192903854 23664.649963405238 7565.121459967135 0.0 0.0 0.0 0.0 0.0 0.0 0.0 0.0 0.0 0.0 0.0 0.0 0.0 0.0 0.0 0.0 0.0 0.0 0.0 0.0 0.0 0.0 0.0 0.0 0.0 0.0 0.0 0.0 0.0 0.0 0.0 0.0 0.0 0.0 0.0 0.0 0.0 39457.460021949286 15773.15979004946 0.0 7896.420288091757 0.0 0.0 0.0 0.0 0.0 0.0 0.0 0.0 0.0 0.0 0.0 0.0 0.0 0.0 0.0 0.0 0.0 0.0 0.0
-1 -1 -1 -1 -1 -1 -1 -1 -1 -1 -1 18866.081142340212 23742.810058558138 23742.829132108065 23766.95022584469 31663.4994506417 23781.439971910848 15831.749725356094 0.0 0.0 0.0 0.0 0.0 0.0 0.0 0.0 0.0 0.0 0.0 0.0 0.0 0.0 0.0 0.0 0.0 0.0 0.0 0.0 0.0 0.0 0.0 0.0 0.0 0.0 0.0 0.0 0.0 0.0 0.0 0.0 0.0 0.0 0.0 0.0 0.0 0.0 47509.77935792835 0.0 0.0 0.0 0.0 0.0 0.0 0.0 0.0 0.0 0.0 0.0 0.0 0.0 0.0 0.0 0.0 0.0 0.0 0.0 0.0 0.0 0.0
-1 -1 -1 -1 -1 -1 -1 -1 -1 -1 9223.00901412599 29009.124469877825 23838.549804720293 31811.550140489082 31802.02026363292 23843.329620379776 23866.880035439484 23648.542785658374 0.0 0.0 0.0 0.0 0.0 0.0 0.0 0.0 0.0 0.0 0.0 0.0 0.0 0.0 0.0 0.0 0.0 0.0 0.0 0.0 0.0 0.0 0.0 0.0 0.0 0.0 0.0 0.0 0.0 0.0 0.0 0.0 0.0 0.0 0.0 0.0 0.0 0.0 0.0 0.0 0.0 0.0 0.0 0.0 0.0 0.0 0.0 0.0 0.0 0.0 0.0 0.0 0.0 0.0 0.0 0.0 0.0 0.0 0.0 0.0 0.0
-1 -1 -1 -1 -1 -1 -1 -1 -1 -1 27015.125799256803 31895.590209933143 23913.580322305905 23941.259765664126 39914.52026364138 23922.840118437387 23904.2900085831 23950.559997593347 0.0 0.0 0.0 0.0 0.0 0.0 0.0 0.0 0.0 0.0 0.0 0.0 0.0 0.0 0.0 0.0 0.0 0.0 0.0 0.0 0.0 0.0 0.0 0.0 0.0 0.0 0.0 0.0 0.0 7963.439941402661 7986.5798950242415 7981.990051270198 0.0 7968.099975586933 7968.099975586933 0.0 0.0 0.0 15950.09002688584 0.0 0.0 0.0 0.0 0.0 0.0 0.0 0.0 0.0 0.0 0.0 0.0 0.0 0.0 0.0 0.0 0.0 0.0 0.0 0.0 0.0 0.0
-1 -1 -1 -1 -1 -1 -1 -1 -1 0.0 8000.2601623344735 7995.719909657405 7991.159820578828 7995.719909657405 7991.159820543334 7995.719909671459 7991.159820555552 7995.719909664441 0.0 0.0 0.0 0.0 0.0 0.0 0.0 0.0 0.0 0.0 0.0 0.0 0.0 0.0 0.0 0.0 0.0 0.0 0.0 0.0 0.0 0.0 0.0 0.0 0.0 0.0 0.0 0.0 0.0 0.0 0.0 0.0 0.0 0.0 0.0 0.0 7991.159820543334 8013.790130604146 0.0 8013.790130604146 0.0 0.0 0.0 0.0 0.0 0.0 0.0 0.0 0.0 0.0 0.0 0.0 0.0 0.0 0.0 0.0 0.0 0.0 0.0 0.0 0.0
-1 -1 -1 -1 -1 -1 -1 -1 -1 0.0 0.0 0.0 0.0 0.0 0.0 0.0 0.0 8038.855893159891 0.0 0.0 8017.461097988842 0.0 0.0 0.0 0.0 0.0 0.0 0.0 0.0 0.0 0.0 0.0 0.0 0.0 0.0 0.0 0.0 0.0 0.0 0.0 0.0 0.0 0.0 0.0 0.0 0.0 0.0 24107.9803466373 128541.34368881502 16076.390075670526 0.0 8040.390014628488 32148.39019784132 16063.180541962456 24085.91003415968 24063.700866665018 8018.260192857847 8040.390014628488 0.0 0.0 0.0 0.0 0.0 0.0 0.0 0.0 0.0 0.0 0.0 0.0 0.0 0.0 0.0 0.0 0.0 0.0 0.0 0.0 0.0
-1 -1 -1 -1 -1 -1 -1 -1 -1 -1 -1 0.0 0.0 0.0 0.0 0.0 0.0 56416.517715886985 48293.973541348816 0.0 0.0 0.0 0.0 0.0 0.0 0.0 0.0 0.0 0.0 0.0 0.0 0.0 0.0 0.0 0.0 0.0 0.0 0.0 0.0 0.0 0.0 0.0 0.0 0.0 0.0 0.0 0.0 16089.520263693406 136860.90087879734 88648.31771859496 16089.520263697865 0.0 8066.369628920568 0.0 8044.760131848932 24181.909179729148 16102.539825446649 8053.459930438221 0.0 0.0 0.0 0.0 0.0 0.0 0.0 0.0 0.0 0.0 0.0 0.0 0.0 0.0 0.0 0.0 0.0 0.0 0.0 0.0 0.0
-1 -1 -1 -1 -1 -1 -1 -1 -1 -1 -1 31833.015108087144 48508.460998708026 0.0 105097.21603391584 56563.027954117024 56577.46499189081 64626.51269010703 48474.019622866086 48481.72225943724 48476.75247211929 48497.81265268917 48466.25061029741 48512.690735047516 0.0 0.0 0.0 0.0 0.0 0.0 0.0 48466.22009276163 0.0 0.0 0.0 0.0 0.0 0.0 0.0 0.0 0.0 0.0 0.0 0.0 0.0 16078.167724616314 16082.419586205173 8036.808013936886 0.0 8070.639801009817 48474.69024667816 56612.860870391305 105142.2889709833 105112.91122454334 32345.939636319563 16170.869445821085 0.0 0.0 0.0 0.0 0.0 0.0 0.0 0.0 0.0 0.0 0.0 0.0 0.0 0.0 0.0 0.0 0.0 0.0 0.0 0.0 0.0 0.0 0.0
-1 -1 -1 -1 -1 -1 -1 -1 -1 -1 -1 37646.47455232478 48647.544097847276 105375.78887961287 145853.7139891539 64836.034131270986 48644.30847183764 48633.329772798636 48627.14614887092 48623.672485287854 48610.8306886332 48645.64971913415 48645.61004652215 48653.95965588643 48625.01983655215 48616.85943595378 48662.03002922258 48645.649719181994 48657.96966569106 48629.15954598702 48653.86962891604 48637.48016346667 8095.909881598044 0.0 0.0 0.0 0.0 0.0 0.0 0.0 0.0 0.0 0.0 0.0 0.0 8056.3308715897 8061.935424788004 0.0 0.0 0.0 32437.319946373456 64874.4995117578 24316.64962771094 8095.909881598044 0.0 0.0 0.0 0.0 0.0 0.0 0.0 0.0 0.0 0.0 0.0 0.0 0.0 0.0 0.0 0.0 0.0 0.0 0.0 0.0 0.0 0.0 0.0 0.0 0.0
-1 -1 -1 -1 -1 -1 -1 -1 -1 -1 -1 13736.299896214809 48799.81002801513 48779.66003426744 48811.84082026552 48787.779998840146 48779.66003426744 48811.87057493825 48770.317077648084 48795.79010029351 65032.12203990428 97580.78918448494 73205.60150152542 65061.060333392576 48791.87011733694 48775.70037854395 48767.769623014596 48799.83062753903 48787.730407718926 48779.769897516846 48787.67013559076 48775.7797243379 16277.280426043419 0.0 0.0 0.0 0.0 0.0 0.0 0.0 0.0 0.0 0.0 0.0 0.0 8081.147003174248 16197.80578614425 8096.533203101049 8098.186492907895 0.0 0.0 0.0 0.0 0.0 0.0 0.0 0.0 0.0 8128.000755595686 16258.068847652707 0.0 0.0 0.0 0.0 0.0 0.0 0.0 0.0 0.0 0.0 0.0 0.0 0.0 0.0 0.0 0.0 0.0 0.0 0.0
-1 -1 -1 -1 -1 -1 -1 -1 -1 -1 -1 2308.8207244817745 57002.80609134012 48899.05853262608 48942.03948976927 48906.76956182188 89762.95928951887 48942.03948976927 48934.328460573466 130450.73452442828 211979.04586798482 65179.44964093488 65192.18902587643 57090.56930543389 48910.84823593295 48957.67974850448 48898.95935065284 48949.740600503545 48914.70870976161 48934.18960563479 48945.9396362698 48926.45874010306 16308.750152574807 0.0 0.0 0.0 0.0 0.0 0.0 0.0 0.0 0.0 0.0 0.0 0.0 24393.909454302142 40528.00674445642 32464.646911499814 16229.377746546623 0.0 0.0 0.0 0.0 0.0 0.0 0.0 0.0 0.0 8160.279846208257 16286.051775963568 0.0 0.0 0.0 0.0 0.0 0.0 0.0 0.0 0.0 0.0 0.0 0.0 0.0 0.0 0.0 0.0 0.0 0.0 0.0
