critload/trunk/input/2010/fgw_rec_ag.asc
ncols 720
nrows 360
xllcorner -180
yllcorner -90
cellsize 0.5
NODATA_value -9999
[rows 54 to 80 of 360, columns 180 to 239 of 720]
-9999.0 -9999.0 -9999.0 -9999.0 -9999.0 -9999.0 -9999.0 -9999.0 -9999.0 -9999.0 -9999.0 -9999.0 0.07546332402684999 0.07788845951495 0.08735646597544999 0.08408534644715 0.1057398566071 -9999.0 -9999.0 -9999.0 -9999.0 -9999.0 -9999.0 -9999.0 0.194286664456725 0.19551270973867502 -9999.0 -9999.0 -9999.0 -9999.0 -9999.0 0.15321083127895 -9999.0 -9999.0 -9999.0 -9999.0 -9999.0 -9999 0.1371717259769 0.1422805759768 0.108795586909925 0.151727962110175 0.17685861099394998 0.19230441977517498 0.21114248867705 0.217529095288 0.13835452279005 -9999.0 0.2053001441379 0.22723639144257501 0.2427692064013 0.27042076094625 -9999.0 -9999.0 -9999.0 -9999.0 -9999.0 -9999.0 -9999.0 -9999.0
-9999.0 -9999.0 -9999.0 -9999.0 -9999.0 -9999.0 -9999.0 -9999.0 -9999.0 -9999.0 -9999.0 -9999.0 0.07445854635995 0.070564137682225 0.07186882560055 -9999.0 -9999.0 -9999.0 -9999.0 0.14077203349027498 0.17624462651502498 0.1833089872422 -9999.0 0.1773702426757 0.19736016225615 0.214060393961225 0.224962322984175 0.199722145801225 0.2024434091357 0.200058496221525 0.18213518394035 0.19062564905249998 0.199102973483925 0.18514456727955 0.16504414543332502 -9999.0 -9999.0 -9999.0 -9999.0 -9999.0 -9999.0 0.11381599535975 0.1105149572088 0.14970324435694998 0.17420009795105001 0.19015558260485 0.2145136346354 0.21842004232565 -9999.0 -9999.0 0.237277886979475 0.25008813521702505 -9999.0 -9999.0 -9999.0 -9999.0 -9999.0 -9999.0 -9999.0 -9999.0
-9999.0 -9999.0 -9999.0 -9999.0 -9999.0 -9999.0 -9999.0 -9999.0 -9999.0 -9999.0 -9999.0 -9999.0 -9999.0 -9999.0 -9999.0 -9999.0 -9999.0 -9999.0 -9999.0 0.1383362961366 0.157529395433225 0.176841420534475 -9999.0 0.1821731758074 0.186316071446025 0.19009101883785 0.1952437447293 0.20529670927325 0.21546189218055 0.234656375564475 0.21399629726504998 0.230275085424375 0.226980383529275 0.22737129256025002 0.19361563653715 0.17866343239965002 0.13603637145789998 -9999.0 -9999.0 -9999.0 -9999.0 -9999.0 -9999.0 -9999.0 -9999.0 -9999.0 0.2030947982178 0.227846604060975 -9999 0.2324236686293 0.25465127938072496 -9999.0 -9999.0 -9999.0 -9999.0 -9999.0 -9999.0 -9999.0 -9999.0 -9999.0
-9999.0 -9999.0 -9999.0 -9999.0 -9999.0 -9999.0 -9999.0 -9999.0 -9999.0 -9999.0 -9999.0 -9999.0 -9999.0 -9999.0 -9999.0 -9999.0 -9999.0 -9999.0 -9999.0 -9999.0 -9999.0 -9999.0 -9999.0 -9999.0 0.181154455693975 0.19135358287505 0.20165926426582498 0.19391166977825 0.209441459499975 0.21424593939744999 0.21262350412175 0.203999458468875 0.22312684687492498 0.221914676520625 0.2140700545497 0.207607958659225 0.17585840808387498 0.178928546353175 0.160755134148375 0.1715350679813 0.1199139856285 -9999.0 -9999.0 -9999.0 -9999.0 -9999.0 -9999.0 -9999.0 -9999.0 0.224548678933675 0.25934626695125 -9999.0 -9999.0 -9999.0 -9999.0 -9999.0 -9999.0 -9999.0 -9999.0 -9999.0
-9999.0 -9999.0 -9999.0 -9999.0 -9999.0 -9999.0 -9999.0 -9999.0 -9999.0 -9999.0 -9999.0 -9999.0 -9999.0 -9999.0 -9999.0 -9999.0 -9999.0 -9999.0 -9999.0 -9999.0 -9999.0 -9999.0 -9999.0 0.17065459165745 0.1915731435016 0.19749167699005002 0.2007992652561 0.1900443282027 0.204642956927925 0.20648379195915 0.206369543682825 0.2042048585707 0.198261437332325 0.2094830436329 0.201500671494775 0.18996716681725 0.1871996502642 0.1836386182973 0.17866415089985 0.174756778808075 0.147603728605475 0.158233851914325 -9999.0 0.16511152336205 0.191045035086825 -9999.0 -9999.0 -9999.0 -9999.0 -9999.0 -9999.0 -9999.0 -9999.0 -9999.0 -9999.0 -9999.0 -9999.0 -9999.0 -9999.0 -9999.0
-9999.0 -9999.0 -9999.0 -9999.0 -9999.0 -9999.0 -9999.0 -9999.0 -9999.0 -9999.0 -9999.0 -9999.0 -9999.0 -9999.0 -9999.0 -9999.0 -9999.0 -9999.0 -9999.0 -9999.0 -9999.0 -9999.0 -9999.0 -9999.0 0.17696579242215 0.19188507824265 0.189271821308775 0.198849738544625 0.209545142257725 0.19702986263997502 0.2102056908831 0.191851847645925 0.200772134998875 0.203016072303 0.196215803950175 0.184137035493775 0.1886466523117 0.194807485702225 0.18675730716875 0.18581427818705 0.164166442000825 -9999.0 -9999.0 0.16888912080309998 0.18908775924815 -9999.0 -9999.0 -9999.0 -9999.0 0.20579806879785 0.246537780617425 0.249186554610875 -9999.0 -9999.0 -9999.0 -9999.0 -9999.0 -9999.0 -9999.0 -9999.0
-9999.0 -9999.0 -9999.0 -9999.0 -9999.0 -9999.0 -9999.0 -9999.0 -9999.0 -9999.0 -9999.0 -9999.0 -9999.0 -9999.0 -9999.0 -9999.0 -9999.0 -9999.0 -9999.0 0.1454616084168 -9999.0 -9999.0 -9999.0 -9999.0 0.156491290597825 0.18805619325040002 0.194207943385025 0.202317248505375 0.20270336959525 0.20370739870632498 0.195662813718225 0.218130544545425 0.205213137974175 0.2040879006564 0.1892097927436 0.20115208770645 0.203948925996675 0.20151791380525 0.19817293881787498 0.200698715517125 0.170485586026175 -9999.0 -9999.0 -9999.0 -9999.0 -9999.0 -9999.0 -9999.0 -9999 0.22634547077265 0.2799820369713 0.29647743904100005 0.294442045092775 -9999.0 -9999.0 -9999.0 -9999.0 -9999.0 -9999.0 -9999.0
-9999.0 -9999.0 -9999.0 -9999.0 -9999.0 -9999.0 -9999.0 -9999.0 -9999.0 -9999.0 -9999.0 -9999.0 -9999.0 -9999.0 -9999.0 -9999.0 -9999.0 -9999.0 -9999.0 -9999.0 -9999.0 -9999.0 -9999 0.187055768996975 0.191869948431025 0.200968542295725 0.19990012729849999 0.220648578194625 0.214286085220875 0.200440496848375 0.1957816872016 0.1908214136335 0.17884901018764998 0.19607459318425 0.20023803068902502 0.206209842196225 0.206440302974575 0.2067704279285 0.21297832473275 0.2044894977968 0.17801012197437502 0.18955996842460002 -9999.0 -9999.0 -9999.0 -9999.0 -9999.0 -9999.0 0.221166913730925 0.247243825560275 0.27334992471225 0.2949282140067 0.2906086494174 0.3149594144169 -9999.0 -9999.0 -9999.0 -9999.0 -9999.0 -9999.0
-9999.0 -9999.0 -9999.0 -9999.0 -9999.0 -9999.0 -9999.0 -9999.0 -9999.0 -9999.0 -9999.0 -9999.0 -9999.0 -9999.0 -9999.0 -9999.0 -9999.0 -9999.0 -9999.0 -9999.0 -9999.0 -9999.0 0.16955984278705 0.1858932547527 0.19496023404572502 0.20590150459217502 0.212312896462775 0.20634324597045 0.22319677113995 0.214087246674525 0.214116616742 0.202798451249175 0.22548696069555 0.21475005079275 0.21700273327865 0.201128347748425 0.2011281821316 0.206017002697525 0.22156375707560003 0.170325008321325 0.137149282964575 0.13757012470385 0.1720915361129 0.167816812826525 -9999.0 -9999.0 0.200361426902475 0.17416528182095 0.21001003285885 0.22933406528655 0.2786130642036 0.30423676256962495 0.336774400052675 0.3181247403948 0.335316055198975 -9999.0 -9999.0 -9999.0 -9999.0 -9999.0
-9999.0 -9999.0 -9999.0 -9999.0 -9999.0 -9999.0 -9999.0 -9999.0 -9999.0 -9999.0 -9999.0 -9999.0 -9999.0 -9999.0 -9999.0 -9999.0 -9999.0 -9999.0 -9999.0 -9999.0 -9999.0 -9999.0 -9999.0 0.16400657108362499 0.1700651140383 0.20106286768695 0.22194752152945 0.22497222766185 0.228355966360875 0.22401797463345 0.225767934561825 0.23166898735535 0.221826049283075 0.18755699853545 0.188359993282525 0.184985073592625 0.18798929063185 0.1913977499169 0.1932428770068 0.17889691593455 0.14037615763699998 0.15947504789555 0.13950048034217502 0.133490280561425 0.14103964301115 0.12291777123045002 0.16433565794215 0.181119952353275 0.215754311775075 0.24740581792865 0.295740690452025 0.290217770602125 0.28607873399412503 0.296083300561975 0.30113523812005 0.31351029689230003 -9999.0 -9999.0 -9999.0 -9999.0
-9999.0 -9999.0 -9999.0 -9999.0 -9999.0 -9999.0 -9999.0 -9999.0 -9999.0 -9999.0 -9999.0 -9999.0 -9999.0 -9999.0 -9999.0 -9999.0 -9999.0 -9999.0 -9999.0 -9999.0 -9999.0 -9999.0 -9999.0 -9999.0 -9999.0 0.168291382369175 0.22674486392729998 0.2218778821509 0.23535783146060002 0.22341003563865 0.23782377450269998 0.20577955796377498 0.198432473439925 0.20100244820802501 0.1967682006055 0.20418864573009998 0.2042622229717 0.200942848148275 0.2074174452816 0.208192015386 0.1942935490103 0.206009193856175 0.203028887625825 0.173810707707875 0.187593591178375 0.186026826609475 0.2078674911243 0.2209328104469 0.2125681539573 0.25045851586045 0.27578393293957504 0.2858845859374 0.29242174076405003 0.312326517031025 0.3176019126334 0.343295812190875 0.334300243641175 -9999.0 -9999.0 -9999.0
-9999.0 -9999.0 -9999.0 -9999.0 -9999.0 -9999.0 -9999.0 -9999.0 -9999.0 -9999.0 -9999.0 -9999.0 -9999.0 -9999.0 -9999.0 -9999.0 -9999.0 -9999.0 -9999.0 -9999.0 -9999.0 -9999.0 -9999.0 -9999.0 -9999.0 -9999.0 0.195488094314325 0.21263340144120002 0.22488631051827498 0.227831305420575 0.22370138574787501 0.21727084057055 0.20154708474892502 0.210639443866225 0.22576555119612499 0.22942035395565 0.213662919474075 0.218914556196325 0.21078116056985 0.22937786364812499 0.222150572797125 0.2296887351753 0.219043426623275 0.1809384490407 0.207136755941275 0.2086150038417 0.21913867716725 0.225624532879775 0.24723317321645 0.23961428968930001 0.29347823510759996 0.30116147680085 0.302735182500575 0.309818423841725 0.31970150262215 0.32853453543767497 0.3480240077999 0.3592431068068 -9999.0 -9999.0
0.126651547286675 0.11566388044357499 0.131295245683875 0.134174283405725 -9999.0 -9999.0 -9999.0 -9999.0 -9999.0 -9999.0 -9999.0 -9999.0 -9999.0 -9999.0 -9999.0 -9999.0 -9999.0 -9999.0 -9999.0 -9999.0 0.156434344611975 0.1996496988397 -9999.0 -9999.0 -9999.0 -9999.0 -9999.0 0.21846065543934998 0.250902209582775 0.233206109680825 0.240523602581525 0.2305310053558 0.24174367811715 0.21404508703302502 0.215041647801275 0.22108788330645 0.20092312470142498 0.233101910732975 0.204917432478325 0.2012049398896 0.21043140466914997 0.223062975936275 0.222898736996975 0.207119334044225 0.22738674015685 0.21020894327175 0.212706659851875 0.24797179578730003 0.26073842360302496 0.2370606082249 0.2527871842588 0.27897787379765 0.29286993703512504 0.29546401370935 0.325724530634325 0.39335512103395 0.441916982934025 0.3260820976863 -9999.0 -9999.0
0.170880979744475 0.145311152132125 0.147138316406375 0.1177911379155 0.1053124678673 -9999.0 -9999.0 -9999.0 -9999.0 -9999.0 -9999.0 -9999.0 -9999.0 -9999.0 -9999.0 -9999.0 -9999.0 -9999.0 -9999.0 -9999.0 0.158831748502825 0.183748910113375 0.231621047517225 -9999.0 -9999.0 -9999.0 0.18099406807605 0.194511900205625 0.24516615511009998 0.251177684235825 0.22525353268672502 0.22394443582695 0.2439548897562 0.23386100673292498 0.234219937866625 0.24068671699869998 0.194720239138625 0.21684298523255 0.23425790213665 0.229721028764225 0.23400517942975 0.22195363498464998 0.24631355592169998 0.21671584878645 0.242838968583975 0.201084130127625 0.200858817641525 0.1986963615505 0.293822249630575 0.290846223302225 0.29460031930127495 0.260650398351025 0.27444203782759996 0.28291736311132504 0.3180812001639 0.35347774299824997 0.37505897927724996 0.273999905141475 0.33181388467252504 -9999.0
0.09571104222974999 0.19322885520345 0.184198274743375 0.1555679332058 0.154548689687975 0.147788346152 0.14285310015244998 0.118425149962875 0.143561425774075 -9999.0 -9999.0 -9999.0 -9999.0 -9999.0 -9999.0 -9999.0 -9999.0 -9999.0 -9999.0 -9999.0 0.193852283789125 0.21533353894927498 -9999.0 -9999.0 -9999.0 0.171760741110675 0.22357756160265 0.246682003315125 0.23840760254167498 0.245256405575125 0.23312904685455 0.2380817147673 0.2231814195893 0.222782252030675 0.231393897638975 0.222617041342075 0.18013009451665 0.17561532503695002 0.178455451652275 0.230977466299875 0.269659788326275 0.249861760677475 0.25833839018009996 0.24847771928812498 0.240942079190825 0.2691198097299 0.32722463058912504 0.226155791222375 0.2550119858787 0.234313322497075 0.280279846245475 0.303137512088125 0.294180869098725 0.285426658812525 0.304059290693675 0.33554875305585 0.33488650592025 0.307639196554725 0.301811151418425 0.3592596537225
0.117202292041125 0.111543669328175 0.104687923854325 0.09349890387615001 0.118526337728025 0.17603640522147498 0.156066087647475 0.159404074612025 0.15321998622945 0.14732575750680002 0.13901318646295 0.14756649441045 0.147713619266475 0.12128451120445 0.15728691352444998 0.156058972551225 -9999.0 -9999.0 -9999.0 -9999.0 -9999.0 -9999.0 -9999.0 0.199881897552325 0.1853027580163 0.2153934553538 0.220905644537125 0.220793266842625 0.222131869585675 0.22552233234005 0.2338706160936 0.23392280120859998 0.230853652876825 0.220715327596225 0.20596644613095003 0.212455582961075 0.20442546496105 0.18947264202585 0.1929359388183 0.165482570282275 0.225478679645775 0.26806017691695 0.28611145641542496 0.24783788021957498 0.24444982556795 0.2334468280666 0.23676772638364998 0.240454885745125 0.275533464837275 0.231045294501525 0.2449263336578 0.248991171823 0.293254600762775 0.28056622330182496 0.31355457891835 0.322114593170925 0.31962450454312497 0.273484465827425 0.298716679806375 0.28680971622085
0.12110295750672499 0.127553502588025 0.1379292988485 0.12457528195965001 0.1282137735056 0.12280007443892499 0.10752338222665 0.097549580548575 0.1169269321343 0.104554958202525 0.111375259776775 0.14571695712415 0.18838874205759998 0.17704030748285 0.14132935164435 0.1211564669716 -9999.0 -9999.0 -9999.0 -9999.0 0.18707419894045 0.1758042389504 0.1713715737204 0.18120023316205 0.192296349337075 0.20505340845925 0.21108981224485 0.20957101007515 0.227675454255475 0.2212442868975 0.22367123081082502 0.226483893584025 0.230541324185975 0.22403491759559999 0.212080555053025 0.20913210342515 0.21180428418645 0.18575888573524998 0.211455624353 0.19642707386545 0.233851500669075 0.23543323045450001 0.240226306026625 0.246438140732875 0.23301570527485 0.23894919823375002 0.2003148187924 0.1870819066429 0.22302758813132498 0.227591876135875 0.24580294528427502 0.260860725947525 0.24931527499387499 0.248320726706575 0.283665553297475 0.287136118921825 0.311584852475625 0.30994478582075 0.35965975759115 0.354053530334125
0.1342726178967 0.13445782038435 0.114219782633475 0.121289830928475 0.11824127465847499 0.129815587804375 0.134782882266725 0.129687422410425 0.125650111216275 0.09644905010025001 0.102859768403275 0.105731874468175 0.11246561576025 0.112651648143675 0.10855913257065 0.13852964603277498 -9999.0 -9999 -9999.0 -9999.0 -9999 0.15424200761329998 0.158230935090375 0.17597534334019999 0.1846236189478 0.18361428608505 0.190503816512925 0.1840036076513 0.20597075208670002 0.20417680079997502 0.21829745996675 0.21810839760535 0.22599905081975 0.22018661339305 0.226309036172675 0.19793603121460002 0.210964201944775 0.180268296085375 0.2045727234208 0.21372354941695 0.21061840682445002 0.254189114270225 0.246743955167325 0.2458126356733 0.2785984378535 0.225662027229925 0.268375571892875 0.19926061141092502 0.2205924829314 0.212206054546525 0.22353306986552499 0.22521905438280002 0.243945143491025 0.23994436029799998 0.258264931127525 0.242121758122025 0.22741671780109998 0.22930695006925 0.26752060189055005 0.30425593938789997
0.0915182388584 0.1030491999475 0.109121110777775 0.1145470570174 0.13783304815212502 0.15962349692 0.156863288522675 0.108120374453625 0.11630452934675001 0.086499034838525 0.11979006231087501 0.182979059438925 0.109474486176575 0.1097571193936 0.1102297486382 0.106687418590275 -9999.0 -9999.0 -9999.0 -9999.0 -9999.0 0.178032705194825 0.1413853719635 0.16192566196565 0.1752994077781 0.15566251330865 0.15362952087825 0.16375982069849998 0.159771721097025 0.16152022724895 0.17646231756959999 0.19409745458075 0.20158372759365 0.193069582924 0.2086762680972 0.23129892030835 0.24351108538690003 0.231635461683875 0.2159868587919 0.217074263451225 0.20376141131542502 0.2206882267073 0.22363383454295002 0.267010796414225 0.24195518314697498 0.21182397095142502 0.210349144812775 0.19738645226165 0.213789155987075 0.24863849638229998 0.22383166672437502 0.22490600000927502 0.24046811078014999 0.25418203185255 0.258454305600025 0.2581680483572 0.27106967019585 0.27878513970999996 0.30158303203762504 0.29836386426965
0.1375578980509 0.132485938715575 0.094083598556425 0.118262607628575 0.084703365948475 0.197466711055125 0.21607522294785 0.11893452117805 0.241190145053775 0.11992323466605 0.18411142982505002 0.18443633646697502 0.184047440625175 0.18719527346695 0.2064259225334 0.195691179752075 0.143520721021475 0.11092662802237499 0.153403879599525 0.17526604399850002 -9999.0 0.1873403476278 0.13364326762995002 0.149510550991525 0.1653082796566 0.17661900073804998 0.154976024279675 0.17636607650289998 0.179070641227575 0.19516057323914998 0.1869403717441 0.19542338759275 0.19304959979654998 0.19874014243065002 0.20419840478085 0.22548463778595 0.24246959868259998 0.254628432619825 0.24675159319725 0.22960316278482498 0.226571426708 0.255896667681075 0.254217181894825 0.29768997936425 0.34224455263897496 0.205938023086175 0.200893719792225 0.20102917153369998 0.208855837156575 0.23166561324985 0.255349929230025 0.251129343823075 0.2325134872419 0.22497337610212498 0.251165797611625 0.253472377853525 0.258115921697125 0.2672967109512 0.279975994771325 0.281143565719775
0.10587558898332501 0.07721105769719999 0.086583117496475 0.110242921551475 0.13820389226065 0.16838287420015002 0.224871311951525 0.19984030425569999 0.1610351300761 0.200446693259 0.230009816254625 0.19797149444195 0.18911210745222498 0.18968152386769999 0.18309003877 0.20626910715725 0.125647322621425 0.14409146400365 0.160962170304575 -9999.0 -9999.0 -9999.0 0.132623140547525 0.143487834335675 0.15798298503052502 0.1676201213215 0.17319643991425 0.178314392617025 0.19875086003045 0.176544875696525 0.22033446363915002 0.2229719202674 0.22368404075665002 0.226154323446725 0.235497502606175 0.24743377591375 0.2946556863439 0.2659450057065 0.250750759567225 0.2484129047045 0.25685147782225004 0.25425866426375 0.25318785111360004 0.24849253288275 0.22396987225554998 0.2057294452866 0.189433085544425 0.18535066835692499 0.1758184969152 0.2064673860035 0.24597281105124996 0.26579127917555 0.284816807472475 0.281266335137475 0.2938333664028 0.307831614697075 0.2986553562115 0.34396775471962504 0.3762764478528 0.331625298161375
0.05651358342345 0.08146926059995001 0.08706834851055 0.089191366752825 0.093837945234625 0.116717287814375 0.1752025592035 0.10563434146180001 0.1047974092933 0.093408359371875 0.057065191617725004 0.050082041762625006 0.0466039573058475 0.1046504236631 0.113624710196425 0.09833126983945001 0.12029608401225 0.122467148378175 -9999.0 -9999 -9999.0 0.16146395325604998 0.171450675193 0.12731367969125 0.130645759239925 0.1437875217038 0.17717194494059998 0.1768608282778 0.167781025330925 0.152344136999825 0.206882163834825 0.203912379751275 0.20096187234145 0.22999439706872501 0.2307276184293 0.27053599441912496 0.28963177995845 0.271811945934225 0.287824554433825 0.23623112693015 0.246387953360525 0.237107138389375 0.25680521126282496 0.25652276143902497 0.2186760237938 0.20856712278672498 0.19209823120185 0.202547061921425 0.195143369047425 0.25487334888602503 0.28439788539725 0.2802988156113 0.317173629736975 0.33938815574605 0.341808849599875 0.354847844531725 0.37332655903975004 0.390991764061525 0.364615576814925 0.35601761454112496
0.06111653090185001 0.057460547299925 0.06653989958199999 0.0571231272979 0.05392027716455 0.03587494807705 0.0560383359399 0.15475397614795 0.12825778110705 0.10550995752955 0.062665834201425 0.060178533223225 0.054775300012524994 0.06316497538435 0.099873477194775 0.100204731448375 0.112935780257875 0.129822293514275 0.17797322301677498 -9999.0 0.16958037408445 0.16066662295047499 0.13438846709545002 0.14487571302820001 0.1381269334988 0.137078613015575 0.16938239461075 0.15534107496615 0.140337595044625 0.13563237991565 0.14764600921855 0.1732837850527 0.198813166422175 0.21173215027985 0.188167402307625 0.216816669606025 0.2275718772465 0.21546825723945 0.225796134858675 0.236240474106025 0.23255124951912498 0.225914998523325 0.218297540520575 0.22593198684655 0.2528836476027 0.252887074 0.2279875174313 0.23082392468072502 0.2176566438327 0.251300721605775 0.33499219734755 0.3357420184994 0.3583916167661 0.39864728783847503 0.37201342478210003 0.41192777110972495 0.35254927949065 0.418007062641525 0.35668765016385 0.3214483214406
0.0600741700807 0.059912321291525 0.065383035406675 0.067241885408075 0.078431940630225 0.07589381778797501 0.063212991668975 0.063155449779475 0.155021068302625 0.15949315504279998 0.07095092337595 0.067670561131875 0.08380192757299999 0.152534717863075 0.15319242886030002 0.16620652043609999 0.151676955696275 0.1434357494091 0.13097333115055002 0.18322355781865 0.159241111740275 0.17594592554045 0.17761139509795 0.177492645011975 0.18472048575195002 0.200014624215475 0.17337520297985 0.146548764036 0.133142711294725 0.131851794240575 0.1570526039807 0.160838149342625 0.18997899365605 0.174705547247025 0.19186835500837499 0.204979131687525 0.22915050316865 0.213477057119275 0.199272164660175 0.21825189708515 0.22484524852055 0.188439195737275 0.170433331073825 0.19511147950632501 0.231477038363375 0.288683846460675 0.30628723145652503 0.31934249998005 0.3151388267657 0.312367495651525 0.355537189746625 0.39375527070067495 0.436149871499775 0.45065949353845 0.429830828535425 0.44625733435125003 0.344018396528275 0.381681155307225 0.37336176781909997 0.34855065245135003
0.071200606691325 0.067275816106825 0.06552374817025 0.0679537862825 0.080308697733575 0.07154952859985 0.0608532852701 0.074073443855325 0.072565547111825 0.06181020245665 0.077849240626 0.090139345931825 0.2146508194348 0.106408075867825 0.15481713800897498 0.09829284942645 0.16223733610175 0.20191733789855001 0.1949660518139 0.1944049784281 0.192645158645425 0.19577654100789998 0.18715241181535 0.19170848372875 0.182198345222825 0.15482403652565 0.12623133634359998 0.1251829642768 0.141565604056375 0.150565539441625 0.162455983310425 0.16230550805425 0.154938305879625 0.164218033578625 0.182074845303575 0.210951771689725 0.22498447745442499 0.202952266973725 0.19513178680180002 0.201900892191575 0.232845600416625 0.17759181614705 0.18141900468915 0.217286408149775 0.26196348446742496 0.313247729447025 0.347818762208925 0.418368689794475 0.4221003013384 0.426578220185575 0.407270873835275 0.400888312297725 0.39794954153275003 0.358412065574525 0.35382781344632497 0.314571617883275 0.347935730165675 0.34551263037605 0.34435575900827503 0.340080655659675
0.055297532144824996 0.05321540206405 0.06179170023717501 0.068632887322025 0.076357459584175 0.0763912948939 0.064346061300225 0.0772831903612 0.075358131071675 0.141987966200825 0.068059391056025 0.07056272770505 0.08550147116620001 0.08870016161245001 0.0767640705961 0.0969560403955 0.09594033154315 0.091747352415625 0.08722273566104999 0.1680139947966 0.140199448026325 0.150348396251575 0.19693138209410002 0.19464798853829998 0.16616169807095002 0.14252455407192502 0.1319478643866 0.117927565756325 0.160305487283825 0.19150229503382502 0.1946357446951 0.1521404766387 0.16477499789664998 0.14694402507445 0.17129493502542498 0.183155971067575 0.17898158138995002 0.182327431848875 0.15743333324249997 0.154938683536925 0.142479022216375 0.15165639961622498 0.20053261608167502 0.21855658829375 0.286806884068975 0.356288243915825 0.32967349785765 0.39247466471567505 0.2900602572035 0.31496869184662496 0.3529243744478 0.327998431621975 0.32543481568315 0.33568363825627495 0.30552050148314996 0.33194025466765 0.365584368238625 0.343291311406275 0.3338238156938 0.3631796985535
0.050249097067649996 0.06523483312525 0.06309088519785 0.065657029607275 0.06785426794 0.06758376958265 0.048203914774475005 0.084331455759925 0.07759927814885001 0.0669372401277 0.07615543919095 0.083827473120975 0.14930768735075 0.10767746059722501 0.091751877847975 0.10121901045715001 0.127831205636125 0.0845406729038 0.095184109654675 0.11886474626537501 0.0775930721741 0.1043241945922 0.1066721744053 0.15850349138475 0.182330258436125 0.1588682097807 0.139246117591375 0.12357061154205 0.14091132259905 0.148500381518875 0.1744065751567 0.14509793161605 0.12230408838222499 0.10848255908605 0.12977926427317502 0.126306329510325 0.16823582067297502 0.159391298749825 0.15701060526065 0.14358782452084998 0.122913099056825 0.160098582043325 0.220223435375 0.27126479917175 0.266229549730725 0.271448620805425 0.27239767729250003 -9999.0 -9999.0 -9999.0 -9999.0 0.313570146655275 0.29978922265382496 0.284675030993425 0.34076895642557503 0.245252627199975 -9999.0 -9999.0 -9999.0 -9999.0
