critload/trunk/input/2010/fgw_rec_ag.asc
ncols 720
nrows 360
xllcorner -180
yllcorner -90
cellsize 0.5
NODATA_value -9999
[rows 81 to 107 of 360, columns 600 to 659 of 720]
0.0243071183433775 0.0571766627752 0.071646740243075 0.09552995280035 0.0067557168902925005 0.0068327897124675 0.00463852402065275 0.00586327188585 0.02447798656123 0.0665288287893 0.0086745226393275 0.0649907867997 0.037568363963815 0.00327647318316625 0.0294618389553375 0.0139151056343925 0.07665369036684999 0.0463934985799925 0.044431053801055005 0.0839141271444 0.0155554167432675 0.0144317797682275 0.0433351497485625 0.107452902614425 0.085460586638925 0.08286203347777499 0.08056147307190001 0.07447798822442499 0.092933140813925 0.099443611112425 0.096175203139675 0.16900764915195002 0.185160406849 0.12710331272485 0.151006621315175 0.202303637617875 0.236940477774675 0.2546673524711 0.272248638146575 0.24031768344719998 0.1747725354639 -9999.0 -9999.0 -9999.0 0.297346572105975 0.302345640022275 0.25034283482737496 0.25691406163060004 0.29602679712222496 -9999.0 -9999.0 -9999.0 -9999.0 -9999.0 -9999.0 -9999.0 -9999.0 -9999.0 -9999.0 -9999.0
0.0538323876058 0.10866561519405 0.11289847930302499 0.008849944580245 0.005300134060845 0.043339515721037496 0.0028167102200895 0.05057521839905 0.0375437008907425 0.033327388521757505 0.0209095382307075 0.04566560489708 0.04060677339791 0.063258929699875 0.0010204698072369999 0.005865789483605 0.022183252062987498 0.11759268619775 0.0199878119216125 0.0239525044256825 0.07209878567665 0.035227292225435 0.0017281218531312499 0.0017098515268939999 0.061728717963674996 0.054013501753725 0.0420746527377975 0.048763059575725 0.057592347586725 0.0964572542974 0.11064492089290001 0.11407310047697501 0.1151890564743 0.1555832640341 0.177183767384225 0.284883516966475 0.28682605164612496 0.27542512352225 0.26326490239265 0.265704149043 0.21672791004012498 -9999.0 -9999.0 0.3385335096923 0.31879834578787497 0.322938256779675 -9999.0 -9999.0 -9999 -9999 -9999.0 -9999.0 -9999.0 -9999.0 -9999.0 -9999.0 -9999.0 -9999.0 -9999.0 -9999.0
0.059133643624625 0.09310515449147501 0.0771247086803 0.0016719853292687498 0.00260810755941825 0.0127598195189825 0.036315461867985004 0.015749145175207497 0.0481994465801 0.02203869259879 0.0185323226742425 0.046135160127785006 0.06020536820335 0.062126228030224995 0.082455539835025 0.012374378605215 0.027794755065972503 0.01485332726502 0.019052833075657503 0.0132787699163725 0.081889972362125 0.05404076347575 0.0022379917500297496 0.0069433324585975 0.0027926234175775 0.012270085883625 0.029308128083475 0.059181512065975 0.067925618923575 0.1118909005502 0.130299235971675 0.159555428012575 0.1334673394641 0.17992206531832503 0.274784083915425 0.264166654201625 0.27891432747115 0.2831089865668 0.246665026166275 0.238576239711175 0.17719585741862498 -9999.0 -9999.0 -9999.0 0.319462341890575 0.3777775110373 -9999.0 -9999.0 -9999.0 -9999.0 -9999.0 -9999.0 -9999.0 -9999.0 -9999.0 -9999.0 -9999.0 -9999.0 -9999.0 -9999.0
0.1029101333254 0.12141746088295 0.103428300142175 0.0002076914089758 0.0005957007817987501 0.02656573760381 0.043440382139045 0.045130522798875 0.057262225742624996 0.020892224381195 0.044279666804135 0.0228955494496 0.030016298657975 0.08070166217552499 0.07338135507889999 0.0017096659305905 0.0143370077383975 0.0269470493215825 0.043722287578977496 0.0120351915023475 0.003275040422298 0.0198826494812925 0.07154467961175 0.0243932274725 0.024487635285487502 0.0355904023510425 0.08222900360215 0.047530098767349996 0.08542609714067499 0.095528315975525 0.10551189708280001 0.13184247026464999 0.165723262829475 0.187175289450775 0.213455783836725 0.240067640370625 0.26488112898325 0.24149236335585 0.2374433777181 -9999.0 -9999.0 -9999.0 -9999.0 0.35297067143477495 0.344543060310975 0.416953685056075 -9999.0 -9999.0 -9999.0 -9999.0 -9999.0 -9999.0 -9999.0 -9999.0 -9999.0 -9999.0 -9999.0 -9999.0 -9999.0 -9999.0
0.10718667011047499 0.105155584335775 0.0 0.0 0.002376122614715 0.028922946515385 0.03326464900703 0.03200093906216 0.00915369652318 0.02946597332242 0.0078146825533925 0.0224579706881775 0.08747993322942499 0.06261083751060001 0.07118243626315 0.085477308676675 0.013528144293647501 0.02055235875921 0.0293480875601725 0.019263175543552502 0.0143655847744675 0.087800887937375 0.0032261346506542504 0.08001669634425 0.07650112956285 0.112790550509825 0.078245356495825 0.048181639555425 0.08752309780135 0.11802523764605 0.126824098713625 0.15028326044825002 0.167820180764625 0.24433430281342502 0.234801547777675 0.271923344274675 0.291547015605775 0.3126009439457 -9999.0 -9999.0 -9999.0 -9999.0 -9999.0 0.37203740982445 0.3410471984861 0.350347170336925 -9999.0 -9999.0 -9999.0 -9999.0 -9999.0 -9999.0 -9999.0 -9999.0 -9999.0 -9999.0 -9999.0 -9999.0 -9999.0 -9999.0
0.0902559310932 0.0 0.0 0.0 0.0 0.0176583930555625 0.010965395632717501 0.02604422219255 0.041754603503869996 0.012397046855699999 0.02169525553303 0.0312262171791575 0.0436325420925325 0.06579148982567501 0.08763736983195 0.12202314693470001 0.039845628167827496 0.049737985881875 0.034460368265955 0.018859926100500003 0.02213727529655 0.034286293727374996 0.0431598114932875 0.081584470282925 0.08787770579 0.114994008764725 0.0413751603018625 0.0352991245008125 0.082063146741125 0.1010184534957 0.132203432948175 0.18068398700635 0.21858025238762502 0.21997313317404998 0.1974233893988 0.235250749799975 0.26890437349984997 -9999.0 -9999.0 -9999.0 -9999.0 -9999.0 -9999.0 0.38124709552872504 0.30967092552265 0.2923391858144 0.30543207845189996 -9999.0 -9999.0 -9999.0 -9999.0 -9999.0 -9999.0 -9999.0 -9999.0 -9999.0 -9999.0 -9999.0 -9999.0 -9999.0
0.061712245033025005 0.01488059002302 0.0 0.0 0.0220949690092975 0.016287643702315002 0.0278415665938475 0.0076159323128200005 0.011629534253135 0.0295205994769075 0.0291908981324 0.0444449046073975 0.061664851517575 0.07484021160165 0.09661065955165 0.1529938740875 0.021156981439194998 0.037902772538847496 0.0369656831225425 0.0637323260481 0.07940517202285 0.038577714280440004 0.0057245290174325 0.01452507679761 0.056994682902725004 0.04926509251495 0.06369135847895 0.0679084483609 0.09069379510585 0.121220933560725 0.16520201554935002 0.23841762241349998 0.25448864949822503 0.25957276034814997 0.257986342089 0.25143465143252497 0.24200212372475 -9999.0 -9999.0 -9999.0 -9999.0 -9999.0 -9999.0 0.369996918275975 0.2848292069176 -9999.0 0.439803365883675 0.4238395964523 -9999.0 -9999.0 -9999.0 -9999.0 -9999.0 -9999.0 -9999.0 -9999.0 -9999.0 -9999.0 -9999.0 -9999.0
0.06266920878905001 0.0586946828783 0.0 0.0249988092395675 0.0313206590005775 0.016215077962385 0.0245168000734475 0.0281398376140975 0.023422756500955 0.053724149791375 0.03409387443809 0.054046232960625 0.0741275361091 0.09935818003682499 0.1035185698637 0.10107010706290001 0.09012547204775001 0.015202146905759998 0.082765717523525 0.03792074168069 0.014604027102077501 0.0458679392870125 0.009369643851805 0.0877193770819 0.09935475074725 0.09366112658057499 0.07439045529044999 0.08208856462144999 0.10416551010767501 0.17700266154310001 0.25785912313445 0.2786086421037 0.295437322263775 0.355600732193325 0.3435661947855 0.33921710137375 -9999.0 -9999.0 -9999.0 -9999.0 -9999.0 -9999.0 -9999.0 0.25706369621277503 -9999.0 -9999.0 -9999.0 -9999.0 -9999.0 -9999.0 -9999.0 -9999.0 -9999.0 -9999.0 -9999.0 -9999.0 -9999.0 -9999.0 -9999 0.543599465477
0.046225442511432506 0.058985574373125 0.0245241676575625 0.0122362618099775 0.0148646942274875 0.020551949439217503 0.0256042201467125 0.0459138261523375 0.028879242757375002 0.029789689336375002 0.036221926726375 0.048320061696575003 0.0778947324096 0.106198021341225 0.140127109070775 0.07735814295105 0.003136404748679 0.030028787086749997 0.16471573327240002 0.117801387674025 0.021116532951232503 0.029452836337432498 0.046841009264995 0.08566845821942501 0.045255860800877505 0.092196695622175 0.0552743970062 0.11328861050345 0.1236655169648 0.2689882013773 0.28275669437510004 0.30594445715 0.31427133673095 0.3113479218586 0.31196336094665 -9999.0 -9999.0 -9999.0 -9999.0 -9999.0 -9999.0 0.28851607003725 0.3408881714672 0.294858524934125 0.31380516945665 -9999.0 -9999.0 -9999.0 -9999.0 -9999.0 -9999.0 -9999.0 -9999.0 -9999.0 -9999.0 0.4915003799405 0.51956863114625 0.5583955757272501 -9999.0 -9999.0
0.0399415730860875 0.043369197339397494 0.020894834177115 0.0066590825226425 0.0008472618663805 0.0106101081296825 0.0170392346887275 0.01675681006781 0.0224882477597925 0.0311269800609775 0.0259210189174025 0.079749999640375 0.06649539030835 0.08908888637729999 0.12456586966745 0.01477548768673 0.0196908083715075 0.11486917196652499 0.088301957553325 0.13825395960762502 0.063010674282 0.0456194603493375 0.036749494984402505 0.034045456494129996 0.1261198782054 0.063413746782375 0.1157173294438 0.16116661745665 0.2576894100244 0.28820364253784997 0.303002535298675 0.29915531068372503 0.281921718782425 -9999.0 -9999.0 -9999.0 -9999.0 -9999.0 -9999.0 -9999.0 -9999.0 -9999.0 -9999.0 0.3129280234129 0.310637832419475 0.27396853658132503 0.286465627514275 -9999.0 -9999.0 -9999.0 -9999.0 -9999.0 -9999.0 -9999 0.44173459501850004 -9999 -9999.0 -9999.0 -9999.0 -9999.0
0.008659483384647499 0.0013397221957565 0.0 0.00992013011888 0.01659696888523 0.0 0.01014529524383 0.0111013069131325 3.63741728329e-05 0.0225076208873975 0.05456921521245 0.079070874175875 0.09770915117409999 0.08603606115927499 0.0093409375700875 0.08568973640065 0.203728968872425 0.049835193424424995 0.1015457531655 0.049718726015075 0.20253048287625 0.16178703463305 0.05408734271105 0.0031576635062562503 0.10315471400695 0.1090852261727 0.166344909497775 0.17675824759224998 0.31627325946977497 0.3376740262395 0.302712415260375 0.23882812453755 -9999.0 -9999.0 -9999.0 -9999.0 -9999.0 -9999.0 -9999.0 -9999.0 -9999.0 -9999.0 -9999.0 0.36393301820194995 0.356648216745425 0.2993398164143 0.26768446309275 0.37753536928267495 0.419153953458925 0.3938770951605 0.5053271320739999 -9999.0 0.49188713047425003 -9999 -9999.0 -9999.0 -9999.0 -9999.0 -9999.0 -9999.0
0.0214746738954525 0.0 0.0001897452704466 0.0009979122426865 0.01798665071547 0.01024040582535 0.0234300813434775 0.02771876806905 0.040296670846145 0.043246700701325004 0.07058090454287501 0.10546312379875 0.1186359630773 0.05382861706245 0.0451809388599275 0.0467592389720725 0.120265631685775 0.03522892217245 0.18048180585270002 0.215743945993525 0.2127723520056 0.1579596347967 0.094659896191925 0.0792880186964 0.2510927138708 0.346575205490525 0.31400716865205 0.402285475278975 0.413128100040825 0.320329424648925 0.28337905982004996 -9999.0 -9999.0 -9999.0 -9999.0 -9999.0 -9999.0 -9999.0 -9999.0 -9999.0 -9999.0 -9999.0 0.5006827091032501 0.4574910713638 0.42125325988265 0.435202068086925 0.501842178294 0.2756094843156 0.288351223365375 0.386569638302525 0.48763583052799997 -9999.0 -9999 -9999.0 -9999.0 -9999.0 -9999.0 -9999.0 -9999.0 -9999.0
0.0 0.0 0.0 0.011835977080184999 0.008693076224305 0.0 0.00022991416996535 0.0005920629965455001 0.02660052611228 0.055250462879575 0.07588607085764999 0.115351226718775 0.1707177984777 0.053450380585925 0.07913064720117499 0.061986827925350006 0.049678365302125 0.056562431377025 0.0943729250659 0.20590379442847498 0.25000623400702504 0.288304191864525 0.251438645619175 0.094415125607275 0.159726251698275 0.287533736544525 0.3981038384152 0.41629867166365 0.36671225143749997 0.30269060470579995 -9999.0 -9999.0 -9999.0 -9999.0 -9999.0 -9999.0 -9999.0 -9999.0 -9999.0 -9999.0 0.57297852197075 0.5712015376322499 0.55117565521375 0.505932541177 0.49149721970374993 0.4674590638123 0.410801522321725 0.353921631007925 0.381969770737425 0.3275908736567 0.3108940163369 0.42751235743042504 -9999.0 -9999.0 -9999.0 -9999.0 -9999.0 -9999.0 -9999.0 -9999.0
0.0 0.00946400028884 0.0 0.0170585184112625 0.0040284779789625 0.008196497607004999 0.0068737356391450006 0.0046307453912644994 0.045298994824935004 0.109521077482575 0.14060990827675 0.155497131578725 0.034354419868405 0.07285394563185 0.068041008748875 0.1040497371013 0.15920061646932498 0.164514015149225 0.154483038978 0.15531878955265 0.020177326363835 0.032481347530007504 0.12479401738865 -9999.0 0.22279895515297501 0.24041197666050002 0.29469305543465 0.31387410399125 -9999.0 -9999.0 -9999.0 -9999.0 -9999.0 -9999.0 -9999.0 -9999.0 -9999.0 -9999.0 -9999.0 0.60321334868175 0.63416021963975 0.62005449371725 0.5884637939224999 0.51604720222075 0.49112802633850006 0.54426315660975 0.395266283773825 0.346927938197225 -9999.0 -9999.0 -9999.0 -9999.0 -9999.0 -9999.0 -9999.0 -9999.0 -9999.0 -9999.0 -9999.0 -9999.0
0.00233055524314425 4.159109918855e-05 0.0 0.0326092575804875 0.011225781105167499 0.031066232838797496 0.020609548730804998 0.034921609490957496 0.12240457972897499 0.120832867381475 0.1617264523835 0.180444879524175 0.0899292108476 0.20760110033895002 0.228766022326925 0.29577435827674997 0.32543514778509997 0.23173004790472498 0.28485066955415 0.190636661622075 0.182430109057275 0.20346471939135 -9999.0 -9999.0 -9999.0 -9999.0 -9999.0 -9999.0 -9999.0 -9999.0 -9999.0 -9999.0 -9999.0 -9999.0 -9999.0 -9999.0 -9999.0 -9999.0 0.470706283844325 0.56785646212775 0.56247519430975 0.595735990276 0.50099459786525 -9999.0 0.50166429950075 0.515716794002 0.61181365925675 -9999.0 -9999.0 -9999.0 -9999.0 -9999.0 -9999.0 -9999.0 -9999.0 -9999.0 -9999.0 -9999.0 -9999.0 -9999.0
0.01684592181847 0.01310178335576 0.025712528859305 0.056553855835325 0.0019892122864287503 0.025421568173130002 0.042804158315445 0.072146505575525 0.11992254735245 0.15015439002747502 0.119523175636925 0.12752259010387498 0.245943860603525 0.21758096489232498 0.27916215589395 0.369030296860325 0.50420245453375 0.44859792550087496 0.406334915524025 0.10871180066575 -9999.0 -9999.0 -9999.0 -9999.0 -9999.0 -9999.0 -9999.0 -9999.0 -9999.0 -9999.0 -9999.0 -9999.0 -9999.0 -9999.0 -9999.0 -9999.0 -9999.0 -9999.0 -9999.0 0.48918087305525 0.512342184375 0.47712390098275004 0.50314816618425 -9999.0 -9999.0 -9999.0 -9999.0 -9999.0 -9999.0 -9999.0 -9999.0 -9999.0 -9999.0 -9999.0 -9999.0 -9999.0 -9999.0 -9999.0 -9999.0 -9999.0
0.000243380479521325 0.03328880121689 0.025594194982200003 0.049462209106025 0.0286053197258825 0.04200402014275 0.07117893862535 0.08704269730167499 0.14607786330215 0.198525092352325 0.079967927548 0.0696368714126 0.24632188053039997 0.2626375620067 0.334817792848225 0.35359002548185 0.49857021414825003 0.548868770703 0.434386185075075 0.14102951791827498 -9999.0 -9999.0 -9999.0 -9999.0 -9999.0 -9999.0 -9999.0 -9999.0 -9999.0 -9999.0 -9999.0 -9999.0 -9999.0 -9999.0 -9999.0 -9999.0 -9999.0 -9999.0 -9999.0 -9999.0 0.50866842532925 0.48218656393775 0.430710654209025 -9999.0 -9999.0 -9999.0 -9999.0 -9999.0 -9999.0 -9999.0 -9999.0 -9999.0 -9999.0 -9999.0 -9999.0 -9999.0 -9999.0 -9999.0 -9999.0 -9999.0
0.06541554780719999 0.0407186994214175 0.0608151590607 0.061390146837625 0.053700693236875 0.057758480517274995 0.11076499547125 0.1202609283493 0.17529388192165002 0.19357112842677499 0.233485652330775 0.23962049358402499 0.286444205568125 0.357012660130625 0.38892358435359997 0.529554910767 0.513161535416 0.455401242566625 0.30067332105502503 0.17077070781285 -9999.0 -9999.0 -9999.0 -9999.0 -9999.0 -9999.0 -9999.0 -9999.0 -9999.0 -9999.0 -9999.0 -9999.0 -9999.0 -9999.0 -9999.0 -9999.0 -9999.0 -9999.0 -9999.0 0.5382838667985 0.53590333899075 0.4650236989009 0.309618139184 0.40157377617124995 -9999.0 -9999.0 -9999.0 -9999.0 -9999.0 -9999.0 -9999.0 -9999.0 -9999.0 -9999.0 -9999.0 -9999.0 -9999.0 -9999.0 -9999.0 -9999.0
0.060860318669675 0.00571907283555 -9999.0 0.017369154303145 0.078924396200025 0.04139969690134 0.102047396464125 0.033428406801729996 0.15169523571645 0.151921939621 0.19750735501675 0.21034218999055 0.23677337588070002 0.389607686305225 0.43771409546515 0.440645628002475 0.388494645134475 0.34076830346445 -9999.0 -9999.0 -9999.0 -9999.0 -9999.0 -9999.0 -9999.0 -9999.0 -9999.0 -9999.0 -9999.0 -9999.0 -9999.0 -9999.0 -9999.0 -9999.0 -9999.0 -9999.0 -9999.0 -9999.0 -9999.0 0.50328138054225 0.605862369983 0.4662579778794 0.39441408951379997 0.39586119688305 -9999.0 -9999.0 -9999.0 -9999.0 -9999.0 -9999.0 -9999.0 -9999.0 -9999.0 -9999.0 -9999.0 -9999.0 -9999.0 -9999.0 -9999.0 -9999.0
-9999.0 -9999.0 0.031268368029737495 0.066157528081325 0.099855743027025 0.10259060270307499 0.05933945534815 0.07488434449907501 0.049817323467475 0.149289952759775 0.17596613913172499 0.194988725562225 0.24388119789615 0.41085372552044996 0.38818250171405 0.18800069614185 -9999.0 -9999.0 -9999.0 -9999.0 -9999.0 -9999.0 -9999.0 -9999.0 -9999.0 -9999.0 -9999.0 -9999.0 -9999.0 -9999.0 -9999.0 -9999.0 -9999.0 -9999.0 -9999.0 -9999.0 -9999.0 -9999.0 -9999.0 0.4372838261002 0.5547933095680001 0.49734217950075 0.501255344902 0.52408454122825 -9999.0 -9999.0 -9999.0 -9999.0 -9999.0 -9999.0 -9999.0 -9999.0 -9999.0 -9999.0 -9999.0 -9999.0 -9999.0 -9999.0 -9999.0 -9999.0
-9999.0 -9999.0 0.071536999744775 0.0523408007644 0.05531827579715 -9999.0 -9999.0 -9999.0 -9999.0 -9999.0 0.13141649649759998 0.156680214503375 0.273440485319975 0.431946018212925 0.470462676593575 0.228984082068425 -9999.0 -9999.0 -9999.0 -9999.0 -9999.0 -9999.0 -9999.0 -9999.0 -9999.0 -9999.0 -9999.0 -9999.0 -9999.0 -9999.0 -9999.0 -9999.0 -9999.0 -9999.0 -9999.0 -9999.0 -9999.0 -9999.0 -9999.0 0.397353327877325 0.53793095700325 0.5129074129905 0.50196005062225 0.53253525441975 -9999.0 -9999.0 -9999.0 -9999.0 -9999.0 -9999.0 -9999.0 -9999.0 -9999.0 -9999.0 -9999.0 -9999.0 -9999.0 -9999.0 -9999.0 -9999.0
-9999.0 -9999.0 0.0769134742062 0.054112833121025 -9999.0 -9999.0 -9999.0 -9999.0 -9999.0 -9999.0 0.17987309560467502 0.2235568264932 0.252140258408275 0.383134707847925 0.45068809752260003 0.449189526817475 0.377276406506475 -9999.0 -9999.0 -9999.0 -9999.0 -9999.0 -9999.0 -9999.0 -9999.0 -9999.0 -9999.0 -9999.0 -9999.0 -9999.0 -9999.0 -9999.0 -9999.0 -9999.0 -9999.0 -9999.0 -9999.0 -9999.0 -9999.0 0.508799918957 0.49523658081899996 0.468386599212175 0.406923573932525 0.439341465870675 -9999.0 -9999.0 -9999.0 -9999.0 -9999.0 -9999.0 -9999.0 -9999.0 -9999.0 -9999.0 -9999.0 -9999.0 -9999.0 -9999.0 -9999.0 -9999.0
-9999.0 -9999.0 -9999.0 -9999.0 -9999.0 -9999.0 -9999.0 -9999.0 -9999.0 0.132842552423075 0.21452423854157499 0.237932810911825 0.312384083526 0.39854557417375003 0.406124773003675 0.385994004205925 0.3768730355902 0.36021914110744996 -9999.0 -9999.0 -9999.0 -9999.0 -9999.0 -9999.0 -9999.0 -9999.0 -9999.0 -9999.0 -9999.0 -9999.0 -9999.0 -9999.0 -9999.0 -9999.0 -9999.0 -9999.0 0.3110893001951 0.194153687220625 0.291905950433075 0.43370983326240004 0.431366197345675 0.421932343337675 0.4577623118184 -9999.0 -9999.0 -9999.0 -9999.0 -9999.0 -9999.0 -9999.0 -9999.0 -9999.0 -9999.0 -9999.0 -9999.0 -9999.0 -9999.0 -9999.0 -9999.0 -9999.0
0.11946554815575 0.0934988707487 0.131461563949925 -9999.0 -9999 -9999.0 -9999.0 -9999.0 -9999.0 -9999 0.16020780888185002 0.213537098076875 0.3690834729816 0.37451476318592497 0.354883690940625 0.34221811476455 0.4025411674536 0.440390602678925 0.334837669935725 -9999.0 -9999.0 -9999 -9999.0 -9999.0 -9999.0 -9999.0 -9999.0 -9999.0 -9999.0 -9999.0 -9999.0 -9999.0 -9999.0 -9999.0 -9999.0 -9999.0 0.157315004790275 0.5184272645094999 0.47642594111275 0.478496910879 0.41957835405542504 0.3197379747115 -9999.0 -9999.0 -9999.0 -9999.0 -9999.0 -9999.0 -9999.0 -9999.0 -9999.0 -9999.0 -9999.0 -9999.0 -9999.0 -9999.0 -9999.0 -9999.0 -9999.0 -9999.0
0.109954370512275 0.13488208605995 0.007467538688475 0.0206219655469175 0.06574656347352499 0.13245584020045 -9999.0 -9999.0 -9999.0 -9999.0 -9999.0 -9999.0 -9999.0 0.305737387118225 0.33393412674975 0.298707901501425 0.31733915111927496 0.380710838086625 0.32196964968590003 -9999.0 -9999.0 -9999.0 -9999.0 -9999.0 -9999.0 -9999.0 -9999.0 -9999.0 -9999.0 -9999.0 -9999.0 -9999.0 -9999.0 0.1924275097034 0.2301873929664 0.19475773794902498 0.82690738850475 0.5287258146117501 0.54573505939225 0.51438834135725 0.39490861353807505 0.3603395413667 -9999.0 -9999.0 -9999.0 -9999.0 -9999.0 -9999.0 -9999.0 -9999.0 -9999.0 -9999.0 -9999.0 -9999.0 -9999.0 -9999.0 -9999.0 -9999.0 -9999.0 -9999.0
0.102162976459475 0.16636804830007498 0.063971377095525 0.09231887133785 0.052222915895674994 -9999.0 -9999.0 -9999.0 -9999.0 -9999.0 -9999.0 -9999.0 0.32307738678577497 0.34148909229234997 0.35345205068714997 0.26953213864457504 0.2320483316283 0.225431722641075 0.20373810486615 -9999.0 -9999.0 -9999.0 -9999.0 -9999.0 -9999.0 -9999.0 -9999.0 -9999.0 -9999.0 -9999.0 -9999.0 -9999.0 -9999.0 0.66562048362225 0.62656110149625 0.41714038348165 0.39117761834132503 0.4268917390825 0.6246851710525 0.418869289382725 0.37646941616865 0.338753352881625 -9999.0 -9999.0 -9999.0 -9999.0 -9999.0 -9999.0 -9999.0 -9999.0 -9999.0 -9999.0 -9999.0 -9999.0 -9999.0 -9999.0 -9999.0 -9999.0 -9999.0 -9999.0
0.09482355662065 0.01591839342228 -9999.0 -9999.0 -9999.0 -9999.0 -9999.0 -9999.0 -9999.0 -9999.0 -9999.0 -9999.0 0.365610890284 0.38873180593175 0.38707352001157497 0.29873153197907504 0.194808464091075 0.1773423076977 0.1469862406757 0.36016184471885 -9999.0 -9999.0 -9999.0 -9999.0 -9999.0 -9999.0 0.37537640413765 -9999.0 -9999.0 -9999.0 -9999.0 -9999.0 0.64568693824925 0.61230265633825 0.55962019313925 0.493350266006 0.41518748373152503 0.3028825654773 0.21976295098075 0.303283290222725 0.349686175858975 0.435768958054825 -9999.0 -9999.0 -9999.0 -9999.0 -9999.0 -9999.0 -9999.0 -9999.0 -9999.0 -9999.0 -9999.0 -9999.0 -9999.0 -9999.0 -9999.0 -9999.0 -9999.0 -9999.0
