critload/trunk/input/2010/fgw_rec_ag.asc
ncols 720
nrows 360
xllcorner -180
yllcorner -90
cellsize 0.5
NODATA_value -9999
[rows 108 to 134 of 360, columns 420 to 479 of 720]
-9999.0 -9999.0 -9999.0 -9999.0 -9999.0 -9999.0 -9999.0 -9999.0 0.103001250397525 -9999.0 -9999.0 0.16723341324372498 0.1485112567783 0.04072704247603 0.0154141891489 0.0 0.0 0.0033901300012475002 0.0269684355226525 0.01977186721228 0.029110665788017503 0.018995297567355 0.022858297807635 0.0231774882389025 0.063881798649575 0.064423349658875 0.0494233694889 0.056571339721775 0.0469251531133475 0.0 0.022785946786895 0.0791329113433 0.0672383455746 0.0068517803059 0.000409723007257 0.038886692642865 0.009332075168287499 6.7446403239675e-05 0.020807567767635 0.024075849194827498 0.02091791565309 0.014620114117885 0.0251142143738325 0.018018599336975 0.023463860233177498 0.0284820733951675 0.02707550768494 0.016004214919665 0.00344638937264525 0.0 0.000994335297224 0.0019530672824682501 0.0 0.0032940208221355002 0.012550588761179999 0.0164333065903725 0.01873993286951 0.02116287159319 0.019441443748785 0.0304780443920675
-9999.0 -9999.0 -9999.0 -9999.0 0.015932683149617502 0.0782962613818 0.054930389650025 0.008262706068725 0.0031012517118044996 -9999.0 -9999.0 0.041305030146139995 0.13940851915990002 0.040549280184937496 0.005401434841985 0.0 0.01760722579626 0.018121311025055 0.02887727817647 0.0 0.0063773892577525 0.0149675050277375 0.03313915252313 0.032411074081225 0.049294562117724997 0.0506816509432 0.053635560533875 0.038584451739245 0.0402998779929925 0.047840419058925 0.0096406471912025 0.0 0.08750364080289999 0.04194923474855 0.0522465912499 0.032581425185862496 0.0433000947814325 0.03757812642668 0.039133826186692505 0.030461669215705003 0.032014771810475 0.022960174018072498 0.0 0.0068873486774925 0.004254348982550249 0.008252618436155 0.0 0.0 0.0 0.000159604971390375 0.0123514067319275 0.01617300435754 0.0 0.0 0.003104461145929 0.0116610532573275 0.0195631886474875 0.018160158520910002 0.025767248974207502 0.0247474858806725
-9999.0 -9999.0 -9999.0 -9999.0 0.0586706675167 0.069048227813175 0.059327157941099995 0.0062550275884125 -9999.0 -9999.0 -9999.0 0.05392170056095 0.133871484003375 0.033927106350839994 0.02316057394514 0.0076150153957625 0.020787252449457498 0.0069139730695975 0.0132913023553225 0.0077242911467475 0.0 0.0005426659775600001 0.01542910985118 0.036188270845382495 0.040493315997629994 0.034564743134282504 0.044430912498245 0.0335965373641125 0.0315166138506175 0.03658561503343 0.0539433916858 0.030553672680865 0.091756324695375 0.019482498793839998 0.07323142678000001 0.050695142517825004 0.059357708923175 0.054299895918625 0.04604192298208 0.021074895936414997 0.030961961717215 0.018556552731662502 0.0049171059083425 0.002953501474 0.00917050059666 0.0 0.0 0.0 0.0002364245421374 0.008890024705184999 0.00202284089634125 8.3892594929375e-05 0.0 0.026182798938505 0.0057149261739 0.0 0.00020746495209357502 0.012324127160732501 0.013607692754689999 0.0247729096020725
-9999.0 -9999.0 -9999.0 -9999.0 -9999.0 -9999.0 -9999.0 -9999.0 -9999.0 -9999.0 -9999.0 0.16129437966775 0.12829925674474998 0.051300052498425 0.033860538245245 0.0109849264512975 0.0108084991979125 0.0 0.005168311012235 0.00773738518347 0.0028622992828345 0.00135931763308475 0.0 0.0 0.0121675543382975 0.0296408764813525 0.014467156188852501 0.0 0.0150920201924175 0.00616294399042 0.0090858607553025 0.015552422093085 0.086526873624275 0.001181569404847 0.056665210769325 0.051319662539499995 0.0719581732991 0.07000983112885 0.073288044348 0.0051017225309924995 0.028864644870415 0.0438474008422825 0.019138917690125 0.0 0.020678797471445 0.00196941469771225 0.0007316091628279999 0.0 0.0 0.0 0.0 0.017079597130772502 0.0192767904028125 0.0 0.000640606535721 0.01901092164612 0.0200642449611575 0.015639503319445 0.011933483755077499 0.016156309225025
-9999.0 -9999.0 -9999.0 -9999.0 -9999.0 -9999.0 -9999.0 -9999.0 -9999.0 -9999.0 0.095183720376025 0.152502239069275 0.048602064627074996 0.014292126070399999 0.00227095805251775 0.0096864445567425 0.0024145174140145 0.000532104248934 0.00033742861254949997 0.00044777187763674997 0.0 0.0 0.0 0.0 0.023597021503325 0.0 0.0 0.0276164768486425 0.0020835109435232498 0.0003647634901795 0.0175636816270875 0.0359755530548675 0.051106739027625 0.053653898058975004 0.0412249651194625 0.055561526101075 0.054595715564575 0.04736063115079 0.07466013943177499 0.038619382500334996 0.059647315967175 0.033891664124 0.040478659968627505 0.011747013149335 0.0 0.0 0.00092944745743175 0.0 0.0 0.0 0.0 0.0 0.00038387941360174996 0.0 0.010372347641345 0.009322695345045 0.00034253551029797503 0.0232485528503925 0.0189734004833125 0.0227684653516825
-9999.0 -9999.0 -9999.0 -9999.0 -9999.0 -9999.0 -9999.0 -9999.0 -9999.0 -9999.0 0.10763269482025 0.133906927191425 0.04053402529085 0.015146565821295 0.0 0.0 7.405875299405e-05 0.0 0.0 0.0 0.00384375622120425 0.0 0.0 0.0 0.0 0.010216487630035 0.006611773001537501 0.0 0.0 0.0 0.00047812758943950004 0.0199239560208925 0.049958486422750005 0.06178491845840001 0.048799714057 0.0382454085259425 0.058390759470625 0.0631251875233 0.1070036705175 0.09405567545722501 0.081284655735925 0.051107775572625004 0.025713215393477498 0.0239799347103875 0.0130409741351075 0.010909718542155 0.0 0.0 0.0 0.0 0.0 0.0 0.00035540543051644995 0.007228739466955 0.0 0.000162338611354775 0.01245931888222 0.0137617774839475 0.026607247381470002 0.0195774549725725
-9999.0 -9999.0 -9999.0 -9999.0 -9999.0 -9999.0 -9999.0 -9999.0 -9999.0 0.0474924262404725 0.056443133869225 0.02947320163036 0.028374846439215 0.0047857220552775 0.0 0.0 0.0 0.0 0.0 0.0 0.0 0.0 0.0 0.0 0.0 0.00870706301512 0.0 0.0 0.0 0.0 0.0 0.010231871644275 0.00791648903649 0.035940717051955 0.074803826968825 0.057302500024575 0.0744978101592 0.0520536980173 0.108378399240675 0.13998021707019997 0.080920664796775 0.02578012413606 0.0366903072852625 0.00561751182718 0.0 0.0012431794496595 0.00592585639929 0.0 0.0 0.0 0.0 0.0 0.0071031984433024995 0.0 0.00431464572550325 0.0068587907711925 0.011455621231464999 0.0004836550331875 0.0189406832214625 0.015120262227945
-9999.0 -9999.0 -9999.0 -9999.0 -9999.0 -9999.0 -9999.0 -9999.0 -9999.0 0.06830716914545 0.113335832335375 0.054695330099325 0.0145401415511925 0.010969240519315 0.0 0.0 0.0 0.0 0.0 0.0 0.0 0.0 0.0 0.0 0.0 0.0 0.006593632927525 0.0 0.0 0.00092871789979225 0.0 0.00143102294567425 0.00073571762853575 0.00680752496535 0.028591891285075003 0.032986473045225 0.045436485347729996 0.048710732445224995 0.080489723657375 0.0719148276415 0.2218423823913 0.0429534972394275 0.0247002318992275 0.0222007135542325 0.00048309755867625005 0.0 0.02802990871935 0.0 0.0 0.0008465612089949999 0.0 0.0 0.0 0.00112095404888 0.0011650478973339999 0.010280119280499999 0.01063802529713 0.019771170132204998 0.0273946834508675 0.0063164186667275
-9999.0 -9999 0.0 -9999.0 -9999.0 -9999.0 -9999.0 -9999.0 -9999.0 0.094712628418575 0.08121208541215 0.039068043320745 0.009616201857322499 0.002456746471891 0.0 0.0 0.0 0.0 0.0 0.0 0.0 0.0 0.0 0.0 0.0 0.0 0.0 0.0 0.00133160259237775 0.0 0.000334068688507 0.0038887194168765 0.00188676684926275 0.007890464445600001 0.00040675371505875 0.0 0.0196201721195775 0.015689717154709997 0.0420655037605175 0.052489137049025 0.04829034987325 0.030518265333322497 0.0262551806397325 0.0424269331248925 0.03436825291521 0.014784798329595 0.02973413018038 0.0329123414432375 0.0062800976016325 0.0 0.0 0.0026326326453185002 0.0078186639506675 0.0055086974076425 0.02448035324379 0.0073371144410025 0.0058363079353875 0.0081460071905925 0.0195077412184275 0.0282371575086825
0.0 0.011449716467135 0.0 0.0064559449514575 0.0 0.0369429508537425 0.08601514904915 0.013023048898512501 0.027675833909365 0.0049529148962675 0.0084441735785075 0.0327144624156025 0.00253793117284825 0.00065864846377525 0.00011563689023250001 0.0 0.0 0.0 0.0 0.0 0.0 0.0 0.0 0.0 0.0 0.0 0.0 0.0 0.0 0.0 0.0 0.0 0.0021675844416777497 0.006049856899 0.0036023705038204998 0.0 0.0089590520179725 0.00340253146801525 0.017734724926235 0.0399552621066225 0.023927348156309997 0.0209870114931775 0.0374619347827125 0.040509482726512495 0.04661017543523 0.039175300095962505 0.0010126211157904998 0.01307014108028 0.025421359944814998 0.0043449442506642505 0.0 0.002525244581108 0.008885923841182499 0.012430594026815 0.0 0.0092157304391825 0.00676339172602 0.0025953051459817497 0.0065999522722825 0.0125700724619925
0.0 0.0009946084730205 0.0 0.00060540222471975 0.0009726293739770001 0.0 0.014482897715215 0.0 0.0 0.00113199672957425 0.0 0.0076487405099049995 0.0045423413152505 7.3563967538325e-05 0.0 0.0 0.0 0.0 0.0 0.0 0.0 0.0 0.0002716011314366 0.0 0.0 0.0 0.0 0.0 0.0 0.0 0.0 0.0 0.0 0.0 0.0 0.0 0.0099063826128775 0.009661015927025 0.009159105269995 0.017314419833885 0.0156438811541425 0.023774472996929998 0.02457158780441 0.0376506089738275 0.035003534413575 0.0486199140702 0.042485704735955 0.024608213933979998 0.034200200192835 0.027849653860294997 0.0 0.00240369674110975 0.007024849280215 0.009863844385975 0.0157993436720575 0.02769914080837 0.0004218192331794 0.00462905236707575 0.0 0.0
0.0 0.0 0.0 0.00081152397851225 0.0 0.000328199639838825 0.0 0.0 0.0 0.0 0.0 0.0 0.0 0.0 0.0 0.0 0.0 0.0 0.0 0.0 0.0 0.0 0.0 0.0 0.0 0.0 0.0 0.0 0.0 0.0 0.0 0.0 0.00990941243206 2.78373571495e-06 0.013409259623927501 0.0055663925253025 0.0155525713916175 0.043617990286605 0.016601622256455 0.018317054450694998 0.0203181372865875 0.028466280853519998 0.0175770794511525 0.0343318918074725 0.0348510535583925 0.04640817836004 0.0468587367833625 0.04620214282345 0.02417550580541 0.0415756681754825 0.023930885355435 0.016571333514755 0.00369619452494075 0.013157781865047501 0.01461288663388 0.00033304359968525 0.0061979128164425 0.0 0.0 0.000115474375922725
0.0 0.0 0.0 0.0 0.00024661104948855 0.0 4.3739211936374994e-05 0.0 0.0 3.5820233651175e-05 0.0 0.0 0.0 0.0 0.0 0.0 0.0 0.0 0.0 0.0 0.0 0.0 0.0 0.0 0.0 0.0 0.0 0.0 0.0 0.0 0.0 0.0 0.0 0.0 0.0 0.0 0.0164727018246875 0.0 -9999.0 -9999.0 0.0082042556445875 0.025866332484845 0.03680332772967 0.035241755465285 0.034580826930824995 0.018748324891065 0.045696521742585 0.009294339937420001 0.0173929231825425 0.0444475701106525 0.02577046832428 0.0289018345143825 0.04605174566744 0.0180860137634175 0.0233410085035825 0.0065796757836925 0.00247764751132875 0.0065182455800075 0.0 0.00142077348268
0.0 0.0 0.0 7.3051848251975e-05 0.0 0.0 0.0 0.0014900422953285 0.0017406465963544998 0.0 0.00259356115565625 0.00012540360658237502 0.0 0.0 0.0 0.0 0.0 0.0 0.0 0.0 0.0 0.0 0.0 0.0 0.0 0.0 0.0 0.0 0.0 0.0 0.0 0.0 0.0 0.0 0.0041852363139965 0.0034483963538219998 0.0380482268928325 -9999.0 -9999.0 -9999.0 -9999.0 0.015809063104387497 0.0244950120651275 0.020553506340305002 0.0391396703392175 0.0 0.052427099705375 0.0301461846664175 0.0 0.0 0.0 0.0 0.030740372999742503 0.05037113377885 0.024492746275180003 0.025218308301747497 0.013342251759105 0.00372980486568825 0.0074611041936475005 0.030252386461410003
0.0 0.0 0.0 0.0004235723921202 0.00162450887232075 0.0 0.0 0.00041430687189635 0.0 0.0 0.0085812665758925 0.00226902275111625 0.0 0.0 0.0 0.0 0.0 0.0 0.0 0.0 0.0 0.0 0.0 0.0 0.0 0.0 0.0 0.0 0.0 0.0 0.0 0.0 0.0 0.0 0.0007655619101802501 0.002943403951702 0.0 -9999.0 -9999.0 -9999.0 -9999.0 0.008237067945435 0.02656284595904 0.031223361909840004 0.047321675912965 0.063550103063025 0.033442193827542495 0.0337572153753775 0.031358682578960004 0.0330042926285675 0.033904658832569996 0.0244403876241075 0.032673983825180004 0.03985819238746 0.021043190827365 0.01505691589972 0.0157151243670575 0.0 0.0 0.0019165583793595003
0.0 0.0 0.0 0.00036032848159875 0.0 0.0 0.0 0.0 0.0 0.0 0.00019884210940575002 0.0006827274930642501 0.0 0.0001077290838086 0.0 0.0 0.0 0.0 0.0 0.0 0.0 0.0 0.0 0.0 0.0 0.0 0.0 0.0 0.0 0.0 0.0 0.0008569057797905 0.0 0.0 0.0 0.0 0.005054796757494999 0.0006189304801035 -9999.0 -9999.0 -9999.0 -9999.0 0.020959732744065 0.026544929322177502 0.044656809444865 0.0414226652590575 0.0434572014775525 0.041645099064895004 0.03102514216518 0.029564292213065002 0.045601337024775 0.03284275843403 0.027715857102325 0.0304143344056 0.024873157916735 0.00655247294129 0.010601602809845 0.0132700517153575 0.0100780726285625 0.0
0.0 0.0 0.0 0.0 0.0 0.00065112869967325 0.0 0.0066442266936775005 0.0 0.002473154545167 0.0113815815243075 0.0 7.890062358195e-05 0.0041512429286984995 2.14934359471e-05 0.0 0.0 0.00043548613043169996 0.0 0.0 0.0 0.0 0.0 0.0001610519541467 0.0 0.0 0.0 0.0 0.0 0.0 0.0009626280292657501 0.00091895249917575 0.0 0.0 0.0 0.0 0.0 0.0 0.024079551988595 -9999.0 -9999.0 -9999.0 0.0 0.00170441090446775 0.033357765928049996 5.1408238563025e-05 0.031212546471345002 0.0333796557440225 0.029120569421595 0.031101330402122502 0.025584172711529997 0.0363447846772825 0.03744535402749 0.02259112941147 0.007073875540667501 0.01053203354633 0.0010299720781977498 0.0 0.0034915484363155 0.007305636457335
0.0 0.0 0.0 0.0 0.0 0.003648789910978 0.0127203591763225 0.0 -9999.0 -9999.0 -9999.0 0.0 0.0 0.00036655265942605003 0.0015978873281732502 0.00030561986414487504 0.0 0.0 0.0 0.0 0.0 0.00024669566817070004 0.001310004399829 0.00158860942709625 0.0001924084980165 0.0 0.0 0.0 0.0 0.0 0.0 0.0 0.0 0.0 0.0 0.0 0.0 0.0032362325866725 0.010091983819374999 0.00350120531719225 -9999.0 -9999.0 -9999.0 -9999.0 -9999.0 0.0 0.0225674200517575 0.0232266203663575 0.0250403233250025 0.029654621701797498 0.0290518236797825 0.039243661749734995 0.027347434662455 0.00955928801135 0.012848296297765 0.0236153127914975 5.3335824825e-08 0.0 0.0022923854979945003 0.004932123590565001
0.0 0.0 0.0 0.0 0.0 0.0 0.00030310471499730003 0.0 -9999.0 -9999.0 -9999.0 -9999 0.0 0.0 0.0007464599901047499 0.0 0.0 0.0 0.0 0.0 0.00032922936218155 0.00450859811472775 0.00085886444323575 0.00087105394362375 0.00048593482394525 0.0 0.0 0.0 0.0 0.0 0.0005464055435665 0.0 0.0 0.0 0.0 0.0 0.0 0.00033785963767839997 0.0 0.00412202122982 0.00275008612319975 -9999.0 -9999.0 -9999.0 -9999.0 -9999.0 0.0050849876251125 0.0187037348297 0.01691727113261 0.02040226743499 0.0227469413885 0.01860914140101 0.0080050243932225 -9999 0.01863326434175 0.0135990938045625 0.015193054403035 0.013386457171882499 0.0122208324781725 0.010370308567045001
0.0 2.8587838413125e-05 0.0 0.0 0.0 0.0 7.738912205205e-05 0.00046782966390715 0.0 -9999.0 -9999.0 -9999.0 0.0010344627619750001 0.0 0.0007612308872884999 0.0 0.0 0.0005672468024872499 0.0 0.0 0.00067708906192775 2.31618288807e-05 0.0012367208512895 0.0013093729672905 0.00073582092733675 0.0014871295928775 0.0 0.0 0.0 0.0 0.0 0.0 0.0 0.0 0.0 0.0 0.0 0.004721178617907 0.0021819388215122497 0.0107686171557625 0.003444422231324 0.0 0.00211537264115875 -9999.0 -9999.0 -9999.0 -9999.0 -9999.0 -9999.0 -9999.0 -9999.0 -9999.0 0.00435984585480925 -9999.0 0.0163590038368125 0.0151218409936625 0.016789492292995 0.0116135041991375 0.00426116149079 0.015408667513062501
0.0 6.0514132693224996e-05 0.0009110523121954999 0.0 0.0 0.0 0.0002523878679525 0.00019315603559635 0.0003886266591461 0.0 -9999.0 -9999.0 -9999.0 0.0 0.0 0.0 0.0 0.0 0.0 0.0024758667440759998 0.00284727469668175 0.0195861607530025 2.7021329947125002e-05 0.0 0.0003040608761938 0.00629573210432 0.00432249781594525 0.0010929235075205 0.0 0.0 0.00229829924618 0.0016095796891247502 0.0 0.0 0.0001688552621894 0.0 0.0 0.0 0.0037405753343229997 0.0010911097681189999 0.0 0.0 0.0009649227339215 0.0043089874835465 -9999.0 -9999.0 -9999.0 -9999.0 -9999.0 -9999.0 -9999.0 0.0 0.062373056926675004 -9999.0 0.0008904748099637501 0.0159378741983275 0.020559416563524998 0.0141655457775275 0.026856429997207498 0.0071008339213274995
0.0 0.0 0.0 0.0 0.0 0.0 0.0 0.0 0.0 0.0 -9999.0 -9999.0 -9999.0 -9999.0 0.0 0.000706478984322 0.00032764277171495 0.0 0.0005377916323829999 0.0032328192563707498 0.00196842855994975 0.0014645164107242499 0.000128505341322525 8.1578930410175e-05 0.00183578717783425 0.00308315696389275 8.040702026215e-05 6.12496356973e-05 0.0 0.00099024274871875 0.00101103060952175 0.00039553177096144997 0.0 0.0 0.0 0.0 0.0 0.0005224828698185 0.0012335421082925002 0.00100753494538 0.008445294290135 0.0 0.00236578304248225 0.0074746362808800005 -9999.0 -9999.0 -9999.0 -9999.0 -9999.0 -9999.0 0.00129713985188475 0.0 0.0322243080333675 -9999.0 -9999.0 -9999.0 -9999.0 0.004580637128369 0.003279562569985 0.00076017278610925
0.0 0.0 0.0018958331402195 0.0 0.0020227958248785 0.0 0.0 0.0 1.9796537710125e-05 0.0 9.826575020525e-05 -9999.0 -9999.0 -9999.0 0.0 0.0039046627224077505 0.0139981494644925 0.0070944456525975 0.00075101381911375 0.00125853941692475 0.001121943912305 0.00047197421501055 0.00052000227997375 0.00028626299467030003 0.0009211182359925 0.00111716080985425 0.00032292453997335 0.00277129086246125 0.006347676806145 0.0 0.0 0.0 0.0 0.00142022385730625 0.0 0.0 0.0 0.0 0.0 0.0034310940542385 0.0 0.0 0.0210538006301425 0.0065135947092775 -9999.0 -9999.0 -9999.0 -9999.0 -9999 0.017547779608437498 0.0022639482429959996 0.0 0.030646556863332498 0.0 -9999.0 -9999.0 -9999.0 -9999.0 -9999.0 -9999.0
0.0 0.0 0.0 0.002515107210338 0.0 0.0 0.000189691147932 0.0 3.12232186259e-05 0.004598585956428 0.0 0.0 -9999.0 -9999.0 0.0 0.0 0.00277584786798525 0.014727461352625 0.00170970815920675 0.016993479047805 0.001150010646109 0.001360489991448 0.0009244291727720001 0.0011851454734927499 0.0002156238865083 0.003229635461288 0.00012898679979445 0.0038536093797902496 0.0062606144788475 0.0129384857513675 0.0 0.0 0.0 0.0 0.0008787638487247501 0.0 0.0 0.0 7.374730075895001e-05 0.00413649943978425 0.0 0.002552208675619 0.0 0.0 0.0 0.00049234167135975 0.0 0.0 0.01510270148355 0.0083231571492575 0.0 0.019417797692275002 0.0335143397896425 0.0 0.0 -9999.0 -9999.0 -9999.0 -9999.0 -9999.0
0.0 0.0 0.0 0.0026885694263942502 0.0 0.0 0.0 0.0 0.0 0.00813172902713 0.000204999704069575 0.0 -9999.0 -9999.0 -9999.0 -9999.0 0.0 0.0 0.0138079237329975 0.0055356168347875 0.0021107110709635 0.0019126825787645 0.016336228214335 0.0053748716142525 0.0005253258662237499 0.000196976499028125 5.2614929860250005e-05 0.0010984382590215 0.0172950515428725 0.0025305987423052496 0.012854143478605 0.0 2.989762526075e-06 0.0 0.0 0.00048629893624975 0.0 0.0 0.0 0.0 0.0 0.0 0.0 0.0 0.0010889941006105 0.0 2.0387305201275e-05 0.0001546528155129 0.0004635902903635 0.004642180185005 0.0 0.0 0.0146689084364075 0.0238498275595675 0.00393177556191475 0.0 0.0 0.0043789434480099995 -9999.0 -9999.0
0.0 0.0 0.0 0.0 0.0 0.0 0.0 4.95393866277e-05 0.000213168796176425 0.0012504796551575 0.0 0.0 -9999.0 -9999.0 -9999.0 -9999.0 -9999.0 0.0 0.0012028790695232498 0.010084193252889999 0.0 0.00275650066221325 0.001630900958982 0.00192901968780525 0.0136014585421875 0.000191946029742475 0.003720241680186 0.0015210022140520001 0.0130147371545225 0.008893815909135 0.015344132992192502 0.0 0.0 0.0 0.0 0.0146527092234625 0.0 0.0 0.0 0.0 0.0 0.0 0.0 0.0 0.0 0.0 0.0 0.0 0.0 0.0058848979207375 0.0014508919011885 0.0011072160571892501 0.025051485572445 0.0214923200525425 0.038776797950825004 0.02997317333188 0.021394911939104998 0.024782486927940002 0.0329120106258775 -9999.0
0.0 0.0 0.00083472126323025 0.0 0.0 0.0 0.0 0.002716913394029 0.0062055193044675 0.00391967234149575 0.002858841306822 0.0 0.0 -9999.0 -9999.0 -9999.0 -9999.0 0.0 0.00139066677793275 0.0157418422637675 0.0084703897471575 0.0010350915384655 0.012416923823405 0.0 0.012305803686085 0.0005964719399525001 0.001705598321357 0.0017004310371345 0.0015670921209627502 0.003380242791384 0.0006338293300464999 0.0011304506676495 0.000184935481569125 0.0 0.00162332012025875 0.0 0.0 0.0 0.0 0.0 0.0 0.0 0.0 0.0 0.0 0.0 0.0 3.498631530115e-05 0.0 0.0 0.0009674096695145001 0.004039468634631 0.0063410752835525 0.0101879925244825 0.018464805941919998 0.0147303184258025 0.021670587974437498 0.0181702650241375 0.031205392998752503 0.0
