critload/trunk/input/2010/fgw_rec_ag.asc
ncols 720
nrows 360
xllcorner -180
yllcorner -90
cellsize 0.5
NODATA_value -9999
[rows 135 to 161 of 360, columns 360 to 419 of 720]
0.0 0.0 0.0 0.0 0.0 0.0 0.0 0.0 0.0 2.0850083641749998e-06 0.0 0.0 0.0 0.0 0.0 0.0 0.0 0.0 0.0 0.0 0.0 0.0 0.0 0.0 0.0 0.0 0.0 0.0 0.0 0.0 0.0 0.0 0.0 0.0 0.0 0.0 0.0 0.0 0.00043653868530385 0.0 0.0 0.0 0.0 0.0 0.0 0.0 0.0 0.0 0.0 0.0 0.000126837150186025 0.0 0.0 0.0 0.0 0.0 0.0 0.0 0.0 0.0
0.0 0.0 0.0 0.0 0.0 0.0 0.0 0.0 0.00042478029469165 0.001142093995187 0.0 0.0 0.0 0.0 0.0 0.0 0.0 0.0 0.0 0.0 0.0 0.0 0.0 0.0 0.0 0.0 0.0 0.0 0.0 0.0 0.0 0.0 0.0 0.0 0.0 0.0 0.0 0.001204224898618 0.0 0.0 0.0 0.0 0.0 0.0 0.0 0.0 0.0 0.0 0.0 0.00020778009506395 0.000181490985454325 0.00043611782958199996 0.0 0.0 0.0 0.0 0.0 0.0 0.0 0.0
0.000119729682216575 0.0 0.001153110270047 8.0915124391075e-05 0.00029976130071599996 2.2080481637975e-05 0.00169047870567825 0.0011996994622257501 0.00052265608361775 0.0013239251043499999 0.00108621372649525 0.0006844290681935 0.00087423039203825 0.0005918453765495 2.1544448255275e-05 0.0 0.0 0.0 0.0 0.0 0.0 0.0 0.0 0.0 0.0 0.0 0.0 0.0 0.0 0.0 0.0 0.0 0.0 0.0 0.0 0.0045591147320072495 0.00042274395983825 0.0 0.0 0.0 0.0 0.0 0.0 0.0 0.0 0.0 0.0 0.0 0.0 0.0 0.0 0.0 0.0 0.0 0.0 0.0 0.0 0.0 0.0 0.0
0.0012225398856472501 0.00188079084347325 0.0 0.001129114157974 0.001363209764688 0.0013040453730285 0.005304105153802499 0.004447066623163749 0.001065153269467 0.00202508898311 0.000289102365623325 0.001206675567866 0.00138160341266725 0.00126554013530275 0.00158393140469175 0.000297036540491375 0.0003147031227823 0.0 0.0 0.000129096923193575 0.0 0.0 0.0 0.0 0.0 0.0 0.0 0.0 0.0 0.0 0.0 0.0 0.0002318658146719 0.0 0.004915862839375 0.0007692019275107499 0.013115766726575 0.0 0.0 0.0 0.0 0.0 0.0 0.0 0.0 0.0 0.0 0.0 0.0 0.0 0.0 0.0 0.0 0.0 0.0 0.0 0.0 0.0 0.0007377345521845 0.0
0.0058635819630475 0.0060363506159999995 0.0046912924405025005 0.0065341619842225005 0.000993213327559 0.0077854524554975 0.0026934242100975 0.00342220686131925 0.009097022824525 0.00113291483852075 0.00345750847163875 0.0021217042096185 0.0006371919478045 0.0031918919024164997 0.002789250668649 0.0006423583564120001 0.0049244668557575 0.0 0.0 0.0 0.0 0.0 0.0 0.0 0.0 0.0 0.0 0.0 0.0 0.0 0.0 0.0 0.0 0.0 0.002742229228736 0.00044168057204395 0.00789890485607 0.0 0.0 0.0 0.0 0.0 0.0 0.0 0.0 0.0 0.0 0.0 0.0 0.00016534410185189998 0.00375876344890925 0.0 0.0 0.0 0.0 0.0 0.0 0.0 0.0 0.0
0.0012049939349895 0.0 0.00140596504780425 0.0028176745028692498 0.003986231216677 0.0056210997693675 0.0055464194062925 0.010268260627815 0.0066207075228725005 0.0008475892975035 0.00013457980969435 0.0019346283516322499 0.00034175839739650004 0.0001059105244624 0.0041342726379317496 0.001389958827155 0.0046129286578317505 0.0 0.00337775321305725 0.0 0.0 0.0 0.0 0.0 0.0 0.0 0.0 0.0 0.0 0.0 0.0 0.0 0.0 0.0 0.0 0.0 0.000825362382828 0.0 0.0 0.0 0.0 0.0 0.0 0.0 0.0 0.0 0.0 0.0 0.0 0.0 0.0 0.0 0.0 0.0 0.0 0.0 0.0 0.0 0.0 0.0
0.0069889027923775 0.004531205067351001 0.0 0.00044971715981995 0.00267372703853275 0.008647917062352501 0.0087234975498575 0.005970682982345 0.004885806016615 0.00400982171146325 0.0 0.0007899051362362501 0.000307786070813575 0.00058256493259325 8.1474916411175e-05 0.0021116990265035 0.0047055761351405 0.0110709222215275 0.0 0.003435026519588 0.0 0.0 0.0 0.0 0.0 0.0 0.0 0.0 0.0 0.0 0.0 0.0 0.0 0.0 0.0 0.0 0.0 0.0 0.0 0.0 0.0 0.0 0.0 0.0 0.0 0.0 0.0 0.000701401014663 0.001973519213662 0.00219999553381325 0.00080022709868475 0.000672849909717 0.00012911632453675001 0.0020854803012704997 0.0009603379766555001 0.0 0.0 0.0 7.291664432275e-05 0.0
0.0096870370901725 0.0 0.0066638410278025 0.0057281508459775 0.0014783611999615 0.00286939904364775 0.000293905518764575 0.00078411695384 0.0024569897994285 0.00272904721100775 0.000109972141322475 0.0 0.0 0.0 0.0 0.003450669431153 0.0103110477058875 0.01723998561486 0.020680951041407502 0.000580833953178 0.0034371289997665003 0.001742742025215 0.0 0.0 0.0 0.0 0.0 0.0 0.0 0.0 0.0 0.0 0.0 0.0 0.0 0.0 0.0 0.0 0.0 0.0 0.0 0.0 0.0 0.0 0.0 0.0 0.0 0.0 0.0 0.001776814764431 0.0 0.0009527033716324999 0.00197453306082025 0.00182383248205875 0.0021429043906137503 0.0 0.0 0.0 0.0009720473967664999 0.001735692826855
0.007790130066922501 0.009505033553482499 0.01157508943308 0.011784214057975001 0.00034089094961015 0.0032755742199165 0.0053655388030899994 0.00363900828942025 0.0 0.006000765408175 0.0 0.0 0.0 0.0 0.00059256053214625 0.008882919909072499 0.0106863808288925 0.016837750269352497 0.01264338429872 0.00135835387757875 0.00406786330798375 0.00315649508397575 0.0031718572553502498 0.00234190114662925 0.0018914082988807498 0.0028979254251905 0.0029955635052182497 0.0019028955766252499 0.00151628722166125 0.0 0.0 0.0 0.0 0.0 0.0 0.0 0.0 0.0 0.0 0.0 0.0 0.0 0.0 0.0 0.0 0.0 0.00030780125700960003 0.000259001493362125 0.0 0.0 0.0 0.00312405961401375 0.00197364057722125 0.0 0.0 0.0024812355730642497 0.00279072937480425 0.0 0.0 0.00266905553901825
0.0120831054893575 0.0137493307631175 0.0138158123213375 0.006185137907615 0.007267713359265 0.0115831973910975 0.008407668985335 0.0 0.0 0.00010916484057832499 0.0 0.00178912696682375 0.002961101000064 0.0023999332487785003 0.0018584802379635 0.0079850037406775 0.012305333066345 0.0178792016780175 0.0272677745057325 0.008840927874315 0.00480921353667 0.0033238929890492502 0.00241642326803325 0.00244387336451325 0.0020553196496807496 0.0081984365358675 0.0072716308537925 0.004885548688785 0.00411819282816875 0.0038606989784012503 0.00024284859128835003 0.0 0.0029471888513142503 0.00051148659547475 0.0 0.0 0.0 0.0 0.0 0.0 0.0 0.0 0.00072520182501875 0.000851418336847 0.00067776413266875 0.0081387952514375 0.0138875778140425 0.0089997180417325 0.0059108310533699995 0.005863304353715 0.00329903442852025 0.0 0.0112737698233575 0.0010073159997825 0.005542285779735 0.0 0.0 0.0 0.0 0.0
0.00188666462503525 0.0100981405924375 0.007137027206815 0.0 0.0 0.0 0.0 0.0 0.0 0.0 0.0 0.0 0.002368967545942 0.0036187206597195 0.0023932812562200002 0.0098283415955425 0.0116182019918875 0.0112048763928825 0.019690055722845 0.0057820112651725 0.00443043854747225 0.00298417418792075 0.00266717417606125 0.0041001431464899995 0.00551188872027 0.0115442957553125 0.00602803826477 0.0061814417476975005 0.006109579270775 0.0078273530134725 0.0016340859515254999 0.0 0.0 0.0068232231937525 0.0 0.00497986051059 0.00197022715928675 0.00197508749820525 0.006304326638705 0.004282138404196 0.008177373778067501 0.0009008349173205 0.0105109767253175 0.01436273807434 0.0172822235158875 0.0203809067798475 0.012084762618674999 0.0162183611137925 0.0025089906071515 0.0119097550299 0.00974523491691 0.0084198436567075 0.00469555645440325 0.0029722585140887496 0.00826139032205 0.009749345003607501 0.0069954620390675 0.005706097278409999 0.00050427822439625 0.0
0.0 0.0 0.00010986187496260001 0.00025511302031955003 0.0018100711829350002 0.0126171156763425 2.45718859412e-05 0.0046439404636885 0.0023747825145667496 0.0 0.0 0.0 0.0 0.0 0.0021674459130625002 0.0030839619123685003 0.0005611543065625 0.0162852959629925 0.0096382649542925 0.008002449885765 0.005784486246355 0.0064186143204125 0.0065493969390925 0.006940467706285001 0.0169932311183725 0.010185011898295 0.0141825420703975 0.008548503632532501 0.011682136982387499 0.0128382805009175 0.011601332838419999 0.0169583535899625 0.015979722416384998 0.0162507354922375 0.022358830090995 0.0114773521683925 0.0 0.010700128628017499 0.015278125707460002 0.017810526097932503 0.00228472428672525 0.0 0.0 0.012574587787814999 0.0199863524790775 0.02977580324328 0.02126901012298 0.0317521121336425 0.0094803921828275 0.011108962235765 0.01481998628238 0.014624253797414999 0.00901582310526 0.0078708596148 0.00438484138801025 0.0019319217894247498 0.00177297573419875 0.0065704163483449995 0.01717535601723 0.01856608037994
0.0 0.0 0.0 0.0 0.01058406314804 0.0239961032324425 0.00462305441641925 0.011079559764455 4.7526270909075e-05 0.00018768581734272498 5.7369258750425e-05 5.5646353755675e-05 0.0 0.0 0.0 0.0 0.0 0.0 0.009606315253682501 0.020884035701582503 0.011414929084652501 0.01016448692248 0.006433404339315 0.020406288633037502 0.017461119631457498 0.0196432073375825 0.018583972362592502 0.016852132004665 0.0170572556892175 0.009727612854052499 0.0153417142026075 0.0058591626944325 0.0144300629137875 0.02036880541361 0.022314923315515 0.015594984339597502 0.0194868045849075 0.0208534357453925 0.025189184529705 0.0 0.0 0.0 0.008259546777415 0.012932296275885 0.023391552182315 0.02657124857718 0.021912012224225 0.0247173805451175 0.01941248603964 0.015231959123184998 0.021433714758455 0.0137798522855975 0.00111265151060375 0.01208739141906 0.006251360651445 0.0107614880450175 0.0098977111940425 0.0063253850149625 0.001879477269738 0.01418445413611
0.0 0.00046178097981545 0.00143662639338375 0.00058738993881725 0.00254237701076875 0.0012366660788399998 0.0051551459927 0.0021119473765342503 0.0012664679425 0.0026361451140482503 0.0069239092459 0.00041925628191235 0.000342888171891475 0.00044047278229545 0.000123650211155225 0.0 0.0 0.0 0.0 0.0 0.0 0.0 0.0033615250792337504 0.0264787294759125 0.021769027932845002 0.01857379834733 0.0233784897651075 0.022785002387050002 0.0254207700511025 0.0164538750470225 0.02837948555493 0.03507444941479 0.0214936648361575 0.01880997820662 0.023745959190960002 0.0298881561055875 0.0 0.0 0.0 0.0 0.0011852330807495 0.007730646751342499 0.008912741574390001 0.024307904979525 0.0350165286716075 0.0036775657220602504 0.00038796574020549997 0.0 0.023789971288664998 0.016964600149235 0.018344275490062498 0.01829122374825 0.0009438710349005 0.00383031130469875 0.01866651049121 0.008781879755920001 0.0117747794175475 0.005727011991155 0.01367390488379 0.015660708578907497
0.0045011211223665 0.0 0.0054454777390225 0.0032513157863195 0.00406785263700425 0.0015054390403665 0.016174796228682498 0.00204427060428575 0.0039035308410935 0.0023822317753782497 0.01214499663024 0.0017280773523525 0.0 0.0 0.0 0.0 0.00026940122338062504 8.1349066490225e-05 0.0 0.0 0.0 0.0 5.5080559845525e-05 0.0288760373744875 0.0233532980140425 0.0252089459097225 0.0 0.0 0.0 0.0 0.00068129813446425 0.014693648171392501 0.000918749617342 0.0 0.0 0.0 0.0 0.0 0.0 0.0 0.0011829456261375 0.0029031526434214997 0.0002819378625889 0.0222272941987425 0.0010093529594394999 3.4776568391675e-05 0.009693732825214999 0.01474926953695 0.01484114129677 0.02900903460367 0.016562508950599998 0.011093302942875 0.022886008070735 0.0093849499869925 0.026859752914 0.02100074777588 0.0113154630313875 0.0079431086873825 0.0189845742268 0.0
0.022602507083525 0.0 0.022838896528964998 0.0046512997939565 0.005625445183795 0.006881529298307499 0.014349606630275 0.004914321450789999 0.002316868841099 0.0132950692722375 0.008237488227477502 0.00376799856136875 0.0 0.0 0.0 0.000521692522895 0.0003058801190023 0.00148877630326475 0.0 0.0 0.000205663131645725 0.0 0.0 0.0 0.0 8.640575890945e-05 0.0006242567120465 0.0 0.0 0.0 0.0 0.0 0.0 0.0 0.0 0.0 0.0 0.00146642654045075 0.0007611740651855 5.221344508205e-05 1.5170302975775001e-05 0.00107291701146225 0.0093534617695925 0.0 0.0 0.0139964912287575 0.0052684912434374995 0.02814526320066 0.026854889499437498 0.035534500366885 0.02057434944034 0.021493492756672502 0.01105406028521 0.019814614777809998 0.0226945786852025 0.00744399057668 0.0095644862165525 0.00061537647405825 0.0119574451171575 0.009855340875935
0.0083088711850125 0.01721479410937 0.007037531023682499 0.0012280896162717501 0.0054201026292175 0.00463569805694475 0.00732840324334 0.0061525558730875 0.0054149842618725 0.024564285908045002 0.0 0.015870218710715 0.0085906516740575 0.0 0.0 0.0010807539379615 0.00172894760821725 0.0028638603454255 0.00016729720485547498 0.0 0.0 0.0 0.0 0.0007859171820992501 0.00063899539171875 0.0 0.0 0.0 0.0 0.0 0.0 0.0 0.0 0.0 0.0 0.0 0.0 6.205853639107501e-05 8.7015549838525e-05 0.0 0.0022427323863785 0.0 0.0 0.0 0.0 0.0 0.0 0.0 0.035850141805015 0.02370994732417 0.0325574952678325 0.0145485021338275 0.0019980234502827497 0.0 0.00550129821185 0.015597607600959998 0.016036781413664998 0.00121970671252225 0.00219848058719575 0.004920534695605
0.031442276434455 0.025041985499484998 0.0 0.0 0.011900024702305001 0.00102819107772 0.0012210414618572501 0.00126737226810075 3.683751685255e-05 0.0 0.00262384954742375 0.0 0.0 0.0 0.0041583556320505 0.0016127706990157501 0.0 0.019508052753922502 0.00040512493688004997 0.0 0.0 0.0 0.0 0.00088721655333475 2.7525322736350003e-05 0.002253546455363 0.0 -9999 0.0 0.0 0.0 0.000154120565166525 0.006146449258885 4.7111626137599997e-05 0.0 0.0 0.0 0.0 0.00243295771631325 0.000117399679627775 0.0 0.0 0.0 0.0 0.0 0.0 0.0 0.0 2.246853002705e-05 0.030951658887795 0.018830455024370002 1.0755244855300001e-05 0.0 0.0 8.401849688277499e-05 0.001542985720915 0.0009042443198425 0.000260891548961625 0.000144621176426925 0.00025620824710549997
0.0 0.0 0.0 0.0 0.00140985966247 0.0 0.0 0.0 0.0 0.0 0.00559717169771 0.00516179166697 0.0 0.0 0.0 0.0 0.0 0.0 0.0 0.0 0.0 0.0095815042026725 0.0 0.0 0.0 0.0 0.0 0.0 -9999 -9999 0.0 0.0 0.0 4.9876092602125e-05 0.0 0.0 0.0 0.0 0.0 0.0061251736567675 0.0 0.0 0.0 0.0 8.9900793518975e-05 0.00224899572332075 0.00018914136230607502 0.0 0.0011265022774405 0.027459459351014997 0.00616862387683 0.000293508230029025 3.87690985737e-05 0.0 0.0 0.0 0.0 0.0 0.0 0.0
0.0 0.0 0.0 0.0 0.0 0.0 0.0 0.0 0.0 0.0 0.00918863372394 0.00699714435298 0.0 0.0002308629019025 0.0 0.0 0.0 0.0 0.0 0.0 0.0019092849123810002 0.0 0.0 0.0 0.0 0.0 0.0 0.0 0.0 0.0 0.0 0.000491373031614 0.0 0.0 0.042753670713977496 0.00368301339803225 0.0 0.0 0.0006596186331635 0.0 0.0 0.0 0.0 0.0013424173349645 0.00019426204018074998 0.0007743285475864999 0.0020096847438545 0.0114382364044125 0.0077267881784275 0.0184456983454425 0.00881473531117 0.0033754689997265 0.0 0.0 0.0 0.0 0.0 0.0 0.0 0.0
0.00267855257668075 0.0 0.0 0.0 0.0 0.0 0.0 0.0 0.00082143976286525 0.0027856620560369996 0.007118400961989999 0.00019931275530114998 0.0 0.0007080907675365 0.0 0.0 0.0 0.0 0.00401469732256275 0.00596136925768 0.0 0.0 0.0 0.0 0.0 0.0 0.00302711158239375 0.0 0.0 0.0081202534020475 0.0056126765152324995 0.0 0.0 0.0 0.00252959028716175 0.0 3.5951484287925e-05 0.000209822539521725 0.000646665230945 0.0 0.0 0.0 6.4523367004075e-05 0.0 0.00014772377266174998 0.00193521585158225 0.00089996849896175 0.00034136988542452504 0.00318619824588 0.0112523359731375 0.0 0.0 0.0 0.0 0.0 0.0 0.0 0.0 0.0 0.0
0.00334892126239475 0.0 0.0100021863801375 0.0022040351181465 0.01441413537809 0.0104549180863025 0.0 0.0 0.0 0.00151112426371025 0.035658633531435 0.027971977948870002 0.032279867878825 0.0077181217657125 0.008691657601275 0.0071621497015975 0.0 0.0058754898849175 0.000200439415239175 0.0059478072859175 0.0022941953455025 0.029531192995165 0.007656400086115 6.0459399351900004e-05 0.0 6.531037348199999e-05 0.00345675961942325 0.0 0.000206378807098625 0.01404481423271 0.0 0.002389311370114 0.0 0.00017267706064335 0.0 0.0 0.00041943642160965 0.0084930083524475 0.0018007595893765 0.00250617663632425 0.00028366438463835 0.00308229751851975 0.00037530716848725 0.0 0.00105798434996475 0.00651619190815 0.00409859503874975 0.0016360296249635 0.00085427143964675 0.0 0.0 0.0 0.0 0.0 0.0 0.0 0.00230885634909925 0.0 5.9922271015824996e-05 0.018938158947820003
0.0366069988462 0.0 0.008961964172719999 0.052276275029225 0.04951395210005 0.040836322420505 0.0007799056444335001 1.61950997395e-05 0.0 0.0 0.1128800437631 0.178094745048375 0.19561483521415 0.050244173459425 0.0292790329852825 0.045349100625392505 0.02402103290658 0.026438410830672502 0.0168983511749075 0.0032163104638905002 0.00018421482682280001 0.0132275970494575 0.00767451006047 0.0005192389299555 0.00020541567252877502 0.0 0.0 0.0 0.00119525685741175 0.00103045140368075 0.0189777040966475 0.0 0.000963452100301 0.0 0.0 0.0042388256543015 0.012463155773522501 0.012160201876995002 0.0045773532154985 0.0 0.0 0.0 0.0272160623884175 0.01874657725159 0.0 0.0 0.00021729813633534998 0.00307056554326175 0.0 0.0 0.0 0.0 0.0 0.0 0.0 0.0 0.0 0.00041776994163405 0.0004027609594916 0.003045821418797
0.0338532901945475 0.05520202189365 0.0737468204057 0.110746496263275 0.06803471874805 0.076347505663725 0.051165615180725 0.0414012653859675 0.01113823365961 0.20734072361362502 0.0659605128752 0.086120811338525 0.2361387441507 0.22243708187782502 0.21761125156635 0.092182352305575 0.21674746041455 0.05454757256325 0.08099323821375001 0.0134790048719025 0.010820888177409999 0.034605464490365 0.0048758282734425 0.0 0.008761960600615 0.01625792672885 0.0525416442981 0.0019098124642482502 0.0198315362150975 0.0 0.0165142698263275 0.0090876731658725 0.011947462203895 0.012691688802134999 0.0134267939651625 0.019190137977335 0.028938413312625002 0.0111982941166725 0.007894905333555 0.0 0.075989412837575 0.101565122780575 0.05590673986415 0.009080449265980001 0.001109183265286 0.00024380353105559998 0.00024364096011964998 3.25370279013e-05 4.082756685675e-06 0.0 0.00016274384798460002 0.0 0.0 0.0 0.0 0.0 0.0 0.0 0.0 0.00078442485236925
0.01684792199692 0.139068583360275 0.2525514356275 0.199602602673775 0.080184611747925 0.0829687160092 0.058984531814625 0.054467589248875 0.0726124647965 0.0 0.023280474514175 0.095229082769625 0.12689576539455 0.13845639430345 0.1584105000182 0.247933614680725 0.21929426619029999 0.091790738997325 0.113082548479625 0.07571136783317499 0.02849987879444 0.0373912398850975 0.02075805647485 0.0107786236310675 0.036105045001505 0.050897894971075 0.0644133673871 0.0061670842531075 0.02549639782177 0.004302807953177 0.0037287337253885 0.03369128654687 0.137631770460825 0.04640596986122 0.12860364097414997 0.0025680733398462502 0.00125300885224625 0.0 0.107627683387375 0.09578977442499999 0.10642904777807499 0.0766464072555 0.005962646702919999 0.00021659100385720001 0.004450319709166 0.041708626559545 0.0 0.000353642925486575 0.000745894094252 0.0006805435557295 0.0 0.0 0.0 0.0 0.0 0.0 0.0 0.0020394720971480002 0.0 0.0013175687936009999
0.052302177432825 0.147024824982225 0.25178775823925 0.16063987725515 0.187415399155875 0.23429593593195 0.18816034881555 0.063575635220275 0.09423487392777499 0.09127395895635 0.2514893306134 0.22836287529667498 0.2818852533103 0.14375342257005 0.20942311941985 0.29023194012145 0.26225566441685 0.13472198023909998 0.1223896690415 0.048888345627025 0.0227670201093675 0.068588529502125 0.08768969202625 0.071603899276775 0.03216823029047 0.06573927416627501 0.107424709825425 0.03259688303605 0.0224012338697175 0.053613076161874995 0.0245702601416475 0.0555914132982 0.15953154609605 0.12756267749327502 0.131522397799375 0.0251638342143775 0.032461055226767496 0.0015771684753939999 0.0 0.08780659196205 0.13451998864797501 0.0 0.0 0.0074557656153525 0.017995864161175 0.038574788117610004 0.015169750512917501 0.01830866806929 0.018943515869095002 0.0003482734689345 0.011367620970925 0.00692204702189 0.00239062295277275 9.843182549550001e-05 0.0 0.0 0.0 0.0 0.000604909653249 0.0008746343620915
0.18791488073615 0.20069972609625 0.238177761961325 0.166109422773875 0.167726217958 0.1744474960438 0.156718109934975 0.22308246301505 0.23702082211945 0.232673440636675 0.226659476014475 0.1728369378429 0.1211405587181 0.2249345286684 0.3010716408365 0.298540470733125 0.1502718296236 0.2584219740738 0.130873746557425 0.080442710904775 0.06143172689362499 0.08948556059632501 0.0121677350767475 0.06198246550207501 0.084408399883225 0.12834097191782498 0.09974413558254999 0.059809203566225 0.085879291928425 0.0466237876435625 0.06433957207395 0.067021234366775 0.07271764468537499 0.0367032092363075 0.0467236503690425 0.09633659990507501 0.00973362476057 0.00028396810530225 0.000221373074467825 0.0 0.01463449396607 0.164098743064725 0.0038417150092807497 0.1781008812328 0.0414395398537925 0.160255427294125 0.149862788414775 0.1400047310108 0.021213471240555 0.016744866790835 0.0281000477333475 0.040450157272765 0.03478766300515 0.0 0.0 0.0 0.0181116907224225 0.0349619713969175 0.08312037458775 0.021693923767265002
