critload/trunk/input/2010/n_fe_eff.asc
ncols 720
nrows 360
xllcorner -180.0
yllcorner -90.0
cellsize 0.5
NODATA_value -9999.0
[rows 112 to 139 of 360, columns 126 to 188 of 720]
856938.9827605037 2541052.4312624405 69550.60075703547 10422.515068422757 2665229.1512343204 1645239.6075395884 755876.974615683 1362446.0662608074 160887.8880644082 989790.3449597283 678642.6458963037 271770.45043876016 190943.9023599312 66040.63650315079 247639.20496511573 8933.551546516728 33844.077789675895 0.0 0.0 394.35698751696646 202987.84717579753 1067.3902302768875 14560.464758282691 18171.998414692207 16129.229160142666 77839.52293455871 174455.59594634612 1847697.3068521998 6499503.773078245 10221653.05154097 11692423.80736117 8720381.019469716 1658066.5484985155 2045161.216875669 3894527.567331662 2865298.667658018 1552279.1214955542 929205.9692208489 924302.0399803624 6679147.171132733 4932595.897793541 9279274.05421734 10157168.032619115 11091403.100269513 8617762.890504146 6927637.251546546 6715467.059743442 986584.146856142 0.0 209209.88189828023 5523993.2035421375 10664022.951825261 20377789.40389779 17110683.023682732 7450797.232623154 9043230.204646131 16941312.22679511 7481959.54781976 3086305.1727123708 4231900.235425694 6303997.698734095 9389141.944322255 9173729.59209017
553667.9712102351 349552.77019501687 2731935.6384529513 3150949.6988053904 1402736.9598072357 0.0 24015.18687250263 990228.1961597456 1830100.7663185445 2977070.6960698743 3812392.1816376387 2229199.1629175013 452267.6306708002 461718.3238429306 340462.7619354671 22170.964469561724 46235.86947329161 3690.147173918402 3056.7420367954064 90764.34595499877 374.60821427934974 243592.33345465575 138253.68682361327 198312.24176745614 403988.0322136701 2435517.9686435843 61218.598547050475 1537278.9132235167 5300214.108427419 9158930.233963123 7390038.969144714 1576035.9332189816 1474833.3313534565 1979907.1827920903 6619389.064539251 1695201.9328950082 1534078.7259263585 0.0 732617.0147551392 2316189.3296059933 6075687.275699438 6463963.0493701035 10203912.360046178 9715256.4976133 8503676.710609974 3451174.8271626006 7407173.9832009645 140152.73315041856 167457.8712764761 0.0 3340002.6849698834 11114308.485292038 18518980.221113242 15072444.86001201 5852822.0202180855 2425931.5674126185 11072355.844064204 7937592.753839414 3906554.2853241805 1402401.1295474265 7245168.154360483 8926371.665348765 1367663.8021948766
129152.81011901896 90550.00314836393 6400051.515286196 8122079.932865507 7139251.934274107 2114276.6803915924 1709471.2843165188 543086.8143376975 1401682.105449667 855575.6984724359 6251818.665355632 1632237.2437079952 1014216.6053439996 774335.3764444736 1073806.6101039103 120327.18887397314 104200.44827240815 0.0 50261.10894893372 980466.3126208605 43086.2649659274 40207.09814555365 164418.10528327685 113812.04383725859 188110.98201963812 1113263.262918453 15697.374686140876 1290185.43605796 8418842.86561963 5497811.9955531545 4506440.957986722 1370601.2815090104 2798236.800672599 3788080.6109206937 3987847.3008707426 708103.0135788269 123414.8769756391 549265.292038186 727085.7311786667 1245760.6983894533 2141294.584797857 5968188.776766299 8736657.532470968 7816105.226637402 4004875.719907341 666277.8602082692 5103912.130092403 151488.36371827155 333120.4658803222 2794097.4911720995 8164780.951893315 8810534.441011695 11972219.752814518 16661827.921789505 5925775.90566745 3115611.3613135507 2599292.979836757 6037185.053193552 7034840.742968098 2497232.9027295182 10673776.936602894 7406054.790290755 4581792.389344322
115487.23977987087 14592.623544898577 2767.5913218788055 3841370.0418797242 1632641.9435039617 0.0 0.0 0.0 0.0 10693.914994061752 60116.667280142705 1161047.1858750044 171933.76767578087 355200.2633943082 649414.1773739894 523636.76728002046 239795.73085776652 3048.1629056239826 912856.1910302789 65571.0312251686 2059453.6527083188 7468.198526462165 0.0 20108.82916470765 0.0 705327.6922920884 46966.90705480457 20031.23698610361 256297.9504511257 318340.8799822113 1277301.8959956332 1767865.8159472612 2710515.257656044 2148627.367796045 2226328.557338751 1475574.6705205187 3290044.904179568 2690873.38044873 944299.5075636614 1903953.6317355817 5009922.697731129 3442907.993905623 7900142.430267109 7020801.649804504 3549547.0602810793 1237017.4929881385 4173559.062541223 1326862.5136355895 13728.330404393442 3429522.7761552017 10238913.916512072 5266066.873170658 8131283.985887583 11843519.429308405 3455353.664510385 2026291.4237675136 1474725.616810414 1604.4181510736173 4774628.841697635 9288062.422535567 13873258.687894158 15978689.054927155 6670950.826993356
50223.59513745395 338808.8635065261 12860.869104262221 0.0 20673.125012058885 0.0 0.0 0.0 126190.52331706209 21793.09615356714 46815.554831011614 583884.1669780139 403735.54986983514 182811.29515697912 499315.53738350543 665993.9696986371 17446.952320630036 73568.18630019126 237407.96717831556 2554.113242509882 351830.5726979587 1077493.5432963092 4758.622014256487 882689.3582206988 28804.14429198968 0.0 10361.903310556645 67568.27562178254 50027.16493477172 213086.65661962575 3096260.3097058325 1513279.0365044025 1514847.669860267 3488326.7064372515 2230912.411515214 1655780.00443662 5098938.989145639 3161954.2967080027 1359142.4160865399 5081092.650466595 3696289.6829274297 1857071.2446995077 4795340.182748062 2256729.2562273396 522695.5198402534 384525.3224669518 3641.3874785152407 5858857.036443183 2724600.8415106754 417379.32228915155 8127846.872382559 5168203.129080169 1044672.0039475979 3549831.935432396 4414772.489594541 3125021.8987126066 536366.448134708 63159.00873056396 47916.077798241386 913169.4038967893 982879.0344006609 6909443.420979817 9267536.01795896
1655.593192484232 200696.33416150254 302402.1551836955 0.0 0.0 -9999.0 0.0 0.0 0.0 145557.57581255623 18352.1866639402 5061262.429771376 4343175.710351214 5050201.1362916855 204738.92582960145 21137.088953832448 26456.542432506278 370212.6511701122 153415.7927310692 2560.4247067084148 6308.981198533631 870964.1398420803 2151291.0900146626 8320.071126802653 163438.4714276328 419.02743503510465 983208.5207586274 453442.0577981945 112074.66400386312 218587.24527815115 2901907.582964059 729629.2507006213 1429090.13262897 3150653.004123452 1960805.6210870992 1550937.7011527913 2873395.1585015547 395971.2890509312 383109.4628970259 9281060.951525208 7568091.666087334 3557668.795663371 4787781.629060972 1716295.960373129 87216.26397012055 0.0 0.0 0.0 3684718.462579123 9623360.808507852 3989367.291667065 2252476.829696923 770430.1957586531 4223362.033198173 2492095.530948827 3222377.487623981 238681.352992577 502308.063531719 3719831.154940201 7435899.9069632515 2152610.384399408 12524000.93753637 21354870.075891793
-9999.0 190882.01652902568 466604.95263511495 0.0 0.0 -9999.0 -9999.0 71605.57845424859 961464.3647533039 1482765.944838789 451675.3331032145 376881.05699375615 222990.07788386333 45770.7945452676 312485.09055595443 52972.98601516041 527847.3559728783 190913.76954584516 158394.23663009805 130950.83913132653 143257.01961043314 78464.61870271778 39676.69200616152 8556.87583740112 34110.06858270707 10504.3774258277 156380.51739527273 605007.9983007985 160967.2612884583 122778.32929474232 991943.6516676118 984545.9652148073 1032251.4226424246 989293.4379820037 734699.3510816866 1881246.2677359695 1150226.3811764398 31173.53320371334 2421065.2959539853 9506303.108533451 5794329.591970527 4031559.0117957587 2108914.015939222 806131.4073871011 140324.42243147432 61619.90673831827 572637.9454110229 2042522.8235029834 3195505.3269582046 11042220.109204706 9387115.77806372 8041928.864966255 1455511.2572937824 2690115.7548619155 2899651.7839863882 895839.595996021 3409543.539062391 8012163.729372658 7650180.505522035 2704427.6455499483 961269.2869677749 1413528.813748012 2040698.1308694696
-9999.0 -9999.0 205634.00677988352 832.5848098861958 0.0 -9999.0 -9999.0 -9999.0 0.0 88050.66384143292 134816.18150238163 304337.9362060649 136782.0427564578 585072.1439663717 110202.08253879345 51431.82688843834 107151.5168901321 3662687.250926925 182224.3804448478 59972.16264674247 270806.3607138556 96329.07525894794 0.0 0.0 67392.06282231193 1562.6401838074387 5206.107186984307 5274.985276838852 2145.2827530464438 5970.212894334607 15856.521302523382 1019741.0741733055 1169830.5546084398 1005523.2472332639 1192199.3459115494 1094593.871417224 2621623.571438156 619754.2635090413 1673926.3818142568 3955610.8436132916 2642117.564049811 6174320.4598673545 3890955.6658620373 598061.0097767003 2044254.5132617168 2316067.6283262745 2325786.6252033324 7677540.623478548 11936674.309210308 13148697.193645488 9559237.03985247 7262875.872633914 5616022.12620203 406701.14743740525 178647.36185758156 36095.46239773135 363952.6995343876 2006473.9765407392 7527136.160382064 112867.13585545748 40774.89789953126 32583.28281121907 243709.76862003736
-9999.0 -9999.0 0.0 0.0 0.0 0.0 0.0 -9999.0 0.0 0.0 0.0 3563.951230457428 6261521.6055044625 4986963.931300286 5324038.210536888 5173576.924033875 639780.8001829938 1254223.9537617778 158448.3062747784 69635.34130250348 138012.1508477872 0.0 0.0 0.0 244827.8117132081 467947.53176959883 2714.9104129159837 0.0 0.0 0.0 1400.9871961877138 0.0 770642.1898848697 242985.55904213042 357011.7554450505 1116926.186685602 569223.6502501366 1818102.9552860947 4041771.8828334953 2441237.8444736116 5497868.0666197995 8658181.370064737 7715125.445046327 1734407.2397401892 4311725.348033068 6205966.253476126 0.0 271653.2885660323 1252575.3999490652 6939595.510199991 3279588.566858173 344741.1106775679 1792079.5640526104 36166.30477258534 209420.44011530303 0.0 -9999.0 -9999.0 -9999.0 -9999.0 -9999.0 -9999.0 -9999.0
-9999.0 -9999.0 -9999.0 0.0 0.0 0.0 0.0 -9999.0 -9999.0 0.0 514049.2677739728 86357.66651547149 738304.418163607 209256.51711192587 5011878.11961471 5133550.543011673 3069294.545567065 820857.9305471531 4170510.7802586774 156531.36738992884 0.0 150501.18782135472 0.0 72105.33728260688 83205.86973511973 97562.27300593353 427.1017752300155 0.0 0.0 15041.729420523061 0.0 111999.63785283241 2484776.8999806494 1193001.3069049271 2893126.1799394223 3143431.5010717837 2771557.9912286196 6938579.965540736 3886533.591730432 4180582.463909192 6335732.9002335295 15416212.942820108 9499999.479012283 8272236.292772949 241005.82933395094 -9999.0 -9999.0 -9999.0 -9999.0 -9999.0 -9999.0 0.0 0.0 31685.46893566023 0.0 0.0 -9999.0 -9999.0 -9999.0 -9999.0 -9999.0 -9999.0 -9999.0
-9999.0 -9999.0 -9999.0 -9999.0 -9999.0 0.0 0.0 0.0 -9999.0 0.0 1880448.0866237856 794376.0223127524 3603.193306162473 5702970.50653639 4707497.672870566 3115203.4646747895 261466.46105464443 1487045.3141091538 5493901.05597142 7361591.274364546 7073224.8132143505 202303.4611392411 629163.2657189659 44335.8277480901 217823.8800247938 0.0 1456.0209074387574 0.0 0.0 0.0 7510.26672988618 94889.56526638225 1189006.9723730478 2994092.174928314 3403221.414037772 2837660.302814901 1562655.5048496171 2455030.9876000616 5549510.839654911 6411538.157383706 10050877.462332558 8049823.744212248 2644955.387934151 164344.4546392337 -9999.0 -9999.0 -9999.0 -9999.0 -9999.0 -9999.0 -9999.0 -9999.0 -9999.0 -9999.0 -9999.0 -9999.0 -9999.0 -9999.0 -9999.0 -9999.0 -9999.0 -9999.0 -9999.0
-9999.0 -9999.0 -9999.0 -9999.0 -9999.0 5165.3482865773185 0.0 0.0 0.0 -9999.0 16110.469750797325 242706.71599178517 1054363.1260118915 18103.10114145897 3209797.435251362 2272969.4273845097 829746.8400101442 929463.579463644 1453991.6733196536 6021429.110527563 717013.0363886311 117764.3290344108 1095684.0914658324 1740377.4946076467 0.0 0.0 0.0 0.0 0.0 0.0 58312.653501491994 31010.118016632936 1431074.4833815186 891925.6292784679 3810582.4228877327 1583601.264882377 1050330.9913677566 1405366.2559497897 5525959.133624312 6581062.676024299 2084002.8662690225 106257.45280599955 -9999.0 -9999.0 -9999.0 -9999.0 -9999.0 -9999.0 -9999.0 -9999.0 -9999.0 -9999.0 -9999.0 -9999.0 -9999.0 -9999.0 -9999.0 -9999.0 -9999.0 -9999.0 -9999.0 -9999.0 -9999.0
-9999.0 -9999.0 -9999.0 -9999.0 0.0 0.0 8567.503970962374 0.0 0.0 0.0 -9999.0 -9999.0 98467.18926269062 1814393.8976372322 5432026.6662258385 4199975.987621018 1854736.1162727622 1590571.3909777058 1648402.1088785657 3976971.4603866898 6326350.132690033 87025.72618841636 81107.87662719616 745374.9267747202 57722.86655605071 0.0 0.0 0.0 0.0 0.0 250835.95830135408 489741.72779052955 65711.82538156761 15538.887648646049 472807.06074538303 1798158.7625356275 2376393.919502074 2252954.984417318 14134379.542568002 4322797.7031261595 0.0 -9999.0 -9999.0 -9999.0 -9999.0 -9999.0 -9999.0 -9999.0 -9999.0 -9999.0 -9999.0 -9999.0 -9999.0 -9999.0 -9999.0 -9999.0 -9999.0 -9999.0 -9999.0 -9999.0 -9999.0 -9999.0 -9999.0
-9999.0 -9999.0 -9999.0 -9999.0 -9999.0 0.0 0.0 11218.853267046625 0.0 5854.539906544988 -9999.0 -9999.0 0.0 3923140.941516547 4913108.50616986 1776040.558802196 728980.858507375 2638175.684410091 1654998.2855358573 602750.1647177608 840688.0479042083 162745.09673167986 80263.74926429671 480011.3885718313 512826.83769519406 0.0 0.0 0.0 0.0 289410.65125569794 837289.0181332662 408604.5237991387 206993.12641082727 1343905.3235704475 221783.473354025 3568945.764241004 3392159.957210218 3668052.2740922067 4635705.582814469 421655.1183253472 -9999.0 -9999.0 -9999.0 -9999.0 -9999.0 -9999.0 -9999.0 -9999.0 -9999.0 -9999.0 -9999.0 -9999.0 -9999.0 -9999.0 -9999.0 -9999.0 -9999.0 -9999.0 -9999.0 -9999.0 -9999.0 -9999.0 -9999.0
-9999.0 -9999.0 -9999.0 -9999.0 -9999.0 -9999.0 0.0 0.0 0.0 1762.622625312384 5871.815708825606 -9999.0 -9999.0 -9999.0 3059065.344738958 1866474.164396432 1180435.773791259 1600231.8811220261 1574017.6093035855 452778.8905104849 3027690.379151782 1130049.1175378596 1412671.251899323 1406780.332734659 0.0 531983.4962361115 37100.06099628685 0.0 3847.479418314472 34638.77396838284 62691.64986615094 203278.33248956603 172199.59672917693 229721.716935047 307398.30982213176 1873991.411695304 1619174.216069652 3277283.3080157964 4193114.1952744415 273538.2053225967 -9999.0 -9999.0 -9999.0 -9999.0 -9999.0 -9999.0 -9999.0 -9999.0 -9999.0 -9999.0 -9999.0 -9999.0 -9999.0 -9999.0 -9999.0 -9999.0 -9999.0 -9999.0 -9999.0 -9999.0 -9999.0 -9999.0 -9999.0
-9999.0 -9999.0 -9999.0 -9999.0 -9999.0 -9999.0 -9999.0 -9999.0 0.0 0.0 0.0 0.0 -9999.0 -9999.0 -9999.0 1646485.3240373281 2962615.58951414 637320.2369779726 387114.0868609188 1196700.2937470304 195225.20846211282 322273.4481100638 1598567.783813203 30807.527983865544 49059.6003113598 494267.1105917024 274927.67300883844 541226.7916108071 21845.532366538293 0.0 0.0 35913.788207183796 11515.772463059722 401780.6847930617 1595730.2784534027 1403631.5959157855 2723383.593044558 11548028.972967492 16165090.825571015 2046916.7684611704 -9999.0 -9999.0 -9999.0 -9999.0 -9999.0 -9999.0 -9999.0 -9999.0 -9999.0 -9999.0 -9999.0 -9999.0 -9999.0 -9999.0 -9999.0 -9999.0 -9999.0 -9999.0 -9999.0 -9999.0 -9999.0 -9999.0 -9999.0
-9999.0 -9999.0 -9999.0 -9999.0 -9999.0 -9999.0 -9999.0 -9999.0 -9999.0 6395.13024715055 0.0 0.0 -9999.0 -9999.0 -9999.0 3757097.664337922 6397605.4541456355 5006182.352457713 803666.6417859681 2088959.7920070016 229924.1920713656 0.0 642386.6474655544 415690.39388793404 111135.85551730129 18721.22496423964 1019658.2090178789 3375678.1918824217 422994.38809084415 286702.604295223 30165.332778366304 112331.83151465148 133572.8916453858 1097890.4022701085 1675013.5324269847 234060.90420580513 1881907.7678720742 4738436.66299818 7579460.527116478 1426703.758239257 -9999.0 -9999.0 -9999.0 -9999.0 -9999.0 -9999.0 -9999.0 -9999.0 -9999.0 -9999.0 -9999.0 -9999.0 -9999.0 -9999.0 -9999.0 -9999.0 -9999.0 -9999.0 -9999.0 -9999.0 -9999.0 -9999.0 -9999.0
-9999.0 -9999.0 -9999.0 -9999.0 -9999.0 -9999.0 -9999.0 -9999.0 -9999.0 0.0 927808.015313574 8950.472201286653 0.0 -9999.0 -9999.0 -9999.0 738807.5500044395 4465118.629352647 2779564.428142747 441336.47008914035 293981.21600621537 0.0 445758.41370825673 685444.5644106156 326168.5892837967 244299.7850326567 243215.04368129888 858865.6287526428 10818.503357885536 134197.2060032295 132249.50990087062 33595.36284712678 956441.6550058017 110629.57711206542 2231987.8003387656 70355.90936728792 4704818.689327922 2406707.0583854765 4506785.209936207 29598.250682380858 -9999.0 -9999.0 -9999.0 -9999.0 -9999.0 -9999.0 -9999.0 -9999.0 -9999.0 -9999.0 -9999.0 -9999.0 -9999.0 -9999.0 -9999.0 -9999.0 -9999.0 -9999.0 -9999.0 -9999.0 -9999.0 -9999.0 -9999.0
-9999.0 -9999.0 -9999.0 -9999.0 -9999.0 -9999.0 -9999.0 -9999.0 -9999.0 0.0 250265.51606781656 0.0 0.0 -9999.0 -9999.0 -9999.0 -9999.0 6580.080244167084 5041232.420939499 2670786.268514278 738251.0214841089 529371.4142451935 50309.2705783165 1151950.9529595017 903803.719764355 524995.1126267049 197395.04034073956 337558.0142086334 161667.1038499287 0.0 10612.902832554926 30676.310164186594 128443.00662013459 495056.64551833906 737652.4346221724 967162.4183329212 276476.2250661801 3285805.6959405136 1873834.0780995646 -9999.0 -9999.0 -9999.0 -9999.0 -9999.0 -9999.0 -9999.0 -9999.0 -9999.0 -9999.0 -9999.0 -9999.0 -9999.0 -9999.0 -9999.0 -9999.0 -9999.0 -9999.0 -9999.0 -9999.0 -9999.0 -9999.0 -9999.0 -9999.0
-9999.0 -9999.0 -9999.0 -9999.0 -9999.0 -9999.0 -9999.0 -9999.0 -9999.0 -9999.0 0.0 0.0 0.0 130559.00803739317 0.0 -9999.0 -9999.0 -9999.0 -9999.0 3818866.825773503 2180689.952374013 174145.50396519422 57766.83660596619 0.0 1060599.6115084502 789667.180535822 718493.2358590038 568442.3390066026 14302.34668724387 1677.2014478077301 1043.32232263028 196.31216954669043 28105.345621650336 61813.31356178098 56125.639852633285 1887351.2169489162 1523595.7409799418 1511252.0791659025 1306800.6047245865 -9999.0 -9999.0 -9999.0 -9999.0 -9999.0 -9999.0 -9999.0 -9999.0 -9999.0 -9999.0 -9999.0 -9999.0 -9999.0 -9999.0 -9999.0 -9999.0 -9999.0 -9999.0 -9999.0 -9999.0 -9999.0 -9999.0 -9999.0 -9999.0
-9999.0 -9999.0 -9999.0 -9999.0 -9999.0 -9999.0 -9999.0 -9999.0 -9999.0 -9999.0 -9999.0 -9999.0 0.0 6825.938452333656 8055.195397933483 0.0 -9999.0 -9999.0 -9999.0 -9999.0 2742572.5469934726 1234950.61621337 51551.30193049432 97715.53541040067 495562.92579603614 858163.2750194212 406535.4227511984 457033.65965177474 172544.82848535283 219524.18558174616 17975.524830321916 33645.1385650231 174872.35554050584 24949.995562585987 58483.005111944425 1486967.8857171782 1413319.244020538 790892.0145535147 715888.0620576014 -9999.0 -9999.0 -9999.0 -9999.0 -9999.0 -9999.0 -9999.0 -9999.0 -9999.0 -9999.0 -9999.0 -9999.0 -9999.0 -9999.0 -9999.0 -9999.0 -9999.0 -9999.0 -9999.0 -9999.0 -9999.0 -9999.0 -9999.0 -9999.0
-9999.0 -9999.0 -9999.0 -9999.0 -9999.0 -9999.0 -9999.0 -9999.0 -9999.0 -9999.0 -9999.0 -9999.0 -9999.0 51392.17538901272 929886.5244603741 78897.18034725064 -9999.0 -9999.0 -9999.0 -9999.0 123359.9143402086 2323389.349144156 1100927.6904360587 1891131.9944706152 532490.8657971872 79451.14828901963 1123803.3507323149 619000.3841082617 1655074.1773280695 1072829.8133002361 3290.6086504886703 18703.84218593212 45698.57649910133 12546.529859183867 92592.95569791833 646250.7720329114 1190116.9697117044 802511.8107805597 921244.9506242326 -9999.0 -9999.0 -9999.0 -9999.0 -9999.0 -9999.0 -9999.0 -9999.0 -9999.0 -9999.0 -9999.0 -9999.0 -9999.0 -9999.0 -9999.0 -9999.0 -9999.0 -9999.0 -9999.0 -9999.0 -9999.0 -9999.0 -9999.0 -9999.0
-9999.0 -9999.0 -9999.0 -9999.0 -9999.0 -9999.0 -9999.0 -9999.0 -9999.0 -9999.0 -9999.0 -9999.0 -9999.0 -9999.0 138935.31768654133 -9999.0 -9999.0 -9999.0 -9999.0 -9999.0 -9999.0 -9999.0 2691371.4541391605 1527821.6848054202 1852581.162188705 195531.4653537207 700724.917519251 288420.3721976389 1629264.4504691944 1886928.496925515 46745.93377374727 169694.2809248737 723844.1506043724 389040.053611108 574502.6501451134 1789513.1682107334 4680665.0080115255 3690403.370089786 1758993.0154643427 -9999.0 -9999.0 -9999.0 -9999.0 -9999.0 -9999.0 -9999.0 -9999.0 -9999.0 -9999.0 -9999.0 -9999.0 -9999.0 -9999.0 -9999.0 -9999.0 -9999.0 -9999.0 -9999.0 -9999.0 -9999.0 -9999.0 -9999.0 -9999.0
-9999.0 -9999.0 -9999.0 -9999.0 -9999.0 -9999.0 -9999.0 -9999.0 -9999.0 -9999.0 -9999.0 -9999.0 -9999.0 -9999.0 -9999.0 -9999.0 -9999.0 -9999.0 -9999.0 -9999.0 -9999.0 -9999.0 1533429.6969901528 4456968.402994184 1922462.0584330678 1244294.9614373692 688900.8901007315 523597.88316974504 833259.2815418863 2478012.0752787553 700389.2516334823 215962.93073001763 371438.3813958484 354279.5189277465 832402.9251157864 2349133.753921683 5536867.693717585 6099112.4672049275 1677632.2196512544 -9999.0 -9999.0 -9999.0 -9999.0 -9999.0 -9999.0 -9999.0 -9999.0 -9999.0 -9999.0 -9999.0 -9999.0 -9999.0 -9999.0 -9999.0 -9999.0 -9999.0 -9999.0 -9999.0 -9999.0 -9999.0 -9999.0 -9999.0 -9999.0
-9999.0 -9999.0 -9999.0 -9999.0 -9999.0 -9999.0 -9999.0 -9999.0 -9999.0 -9999.0 -9999.0 -9999.0 -9999.0 -9999.0 -9999.0 -9999.0 -9999.0 -9999.0 -9999.0 -9999.0 -9999.0 -9999.0 33380.23970902422 5982781.804993445 1970124.8383748373 4080848.655586335 859281.398928618 1566643.465135867 2354603.3473857534 2331004.6434141053 530211.2665708489 329317.8984832334 295868.0018165162 282015.2423521568 1428916.447969234 2023065.0928342484 7989394.860134044 8013407.610982125 3454280.522311852 0.0 -9999.0 -9999.0 -9999.0 -9999.0 -9999.0 -9999.0 -9999.0 -9999.0 -9999.0 -9999.0 -9999.0 -9999.0 -9999.0 -9999.0 -9999.0 -9999.0 0.0 768204.0344008482 338326.85198077647 8763.217780480214 -9999.0 -9999.0 -9999.0
-9999.0 -9999.0 -9999.0 -9999.0 -9999.0 -9999.0 -9999.0 -9999.0 -9999.0 -9999.0 -9999.0 -9999.0 -9999.0 -9999.0 -9999.0 -9999.0 -9999.0 -9999.0 -9999.0 -9999.0 -9999.0 -9999.0 -9999.0 1325060.7609859805 3766731.950918925 3638874.4753356976 3521488.1372404615 1982797.8395194001 946103.9958836838 2255955.338707501 1255645.347368666 673514.3116772242 1310281.9300607862 936217.1262026195 151269.67160592307 1226866.260625009 5305879.85343597 7722192.534520865 6186142.025790619 957920.6369971 -9999.0 -9999.0 -9999.0 -9999.0 -9999.0 -9999.0 -9999.0 -9999.0 -9999.0 -9999.0 -9999.0 -9999.0 -9999.0 35850.41994863262 85258.0749774352 2012559.626902828 1583735.3760948875 4943651.928935942 2954946.5074934587 43446.25282558173 323103.2018377132 -9999.0 -9999.0
-9999.0 -9999.0 -9999.0 -9999.0 -9999.0 -9999.0 -9999.0 -9999.0 -9999.0 -9999.0 -9999.0 -9999.0 -9999.0 -9999.0 -9999.0 -9999.0 -9999.0 -9999.0 -9999.0 -9999.0 -9999.0 -9999.0 -9999.0 1623127.0075319877 2103637.0608462524 2074762.7863611216 3802062.991255093 4338292.995039189 2839504.2325728107 1355673.9230489284 4318769.599708725 3557104.946649418 2081562.6911181565 1292009.4580410277 605828.2261606882 1582491.5712776168 276319.8096390477 3192239.7051573857 4939855.397872334 4843707.4181214385 -9999.0 -9999.0 -9999.0 -9999.0 -9999.0 -9999.0 -9999.0 -9999.0 -9999.0 -9999.0 -9999.0 -9999.0 -9999.0 1158619.5028187092 2287721.754231336 2400774.3638280593 553842.2086694135 1635716.1831520272 454921.83336017607 74221.65723436925 176830.17201771302 -9999.0 -9999.0
-9999.0 -9999.0 -9999.0 -9999.0 -9999.0 -9999.0 -9999.0 -9999.0 -9999.0 -9999.0 -9999.0 -9999.0 -9999.0 -9999.0 -9999.0 -9999.0 -9999.0 -9999.0 -9999.0 -9999.0 -9999.0 -9999.0 200268.53779065423 2791619.4639937966 2565736.301560796 3118793.3473743666 1367775.6312787314 2069640.8275328625 3670798.850884496 4873492.31969267 4892401.091180597 4213210.057137749 2905433.0371054313 1949799.875380317 2006755.9865987361 2446082.387196022 488392.4572457504 859662.611593999 3142067.3723671795 8257342.505761283 3548645.5347531154 -9999.0 -9999.0 -9999.0 -9999.0 -9999.0 -9999.0 -9999.0 -9999.0 -9999.0 -9999.0 -9999.0 -9999.0 1841913.1560809535 407911.7320279588 1654788.6879022142 209393.66384203619 164578.27488479592 44641.28591692062 40480.35904053276 -9999.0 -9999.0 -9999.0
