critload/trunk/input/2010/n_up_grass_ext.asc
ncols 720
nrows 360
xllcorner -180.0
yllcorner -90.0
cellsize 0.5
NODATA_value -9999.0
[rows 90 to 119 of 360, columns 476 to 543 of 720]
458228.0 -9999.0 0.0 -9999.0 -9999.0 -9999.0 135345.0 603680.0 839635.0 838958.0 636938.0 534861.0 528078.0 0.0 0.0 883306.0 479563.0 513272.0 864874.0 761218.0 945835.0 981354.0 848921.0 814280.0 889095.0 889107.0 889261.0 782539.0 0.0 0.0 928318.0 964772.0 679826.0 0.0 0.0 0.0 0.0 0.0 0.0 0.0 0.0 0.0 902252.0 865808.0 0.0 0.0 2258930.0 0.0 1219790.0 1157160.0 428586.0 1160280.0 795044.0 903765.0 636501.0 616308.0 862319.0 705418.0 1040500.0 1657370.0 1730750.0 866695.0 571715.0 0.0 0.0 0.0 0.0 0.0
115690.0 -9999.0 -9999.0 -9999.0 -9999.0 0.0 510659.0 851147.0 811919.0 439494.0 202707.0 237215.0 644636.0 779324.0 614188.0 785059.0 1033560.0 646715.0 960974.0 941169.0 939107.0 922060.0 928380.0 928226.0 932620.0 932519.0 968614.0 1040060.0 0.0 0.0 0.0 0.0 0.0 0.0 0.0 0.0 0.0 0.0 0.0 0.0 0.0 0.0 749811.0 0.0 0.0 0.0 0.0 2629360.0 0.0 0.0 1725560.0 1401350.0 1429600.0 1976750.0 1756440.0 1355480.0 1415980.0 1019970.0 768446.0 1348450.0 1483330.0 854065.0 1151590.0 1071620.0 375715.0 0.0 0.0 0.0
58146.3 580903.0 740734.0 83455.2 56767.1 113521.0 335361.0 540975.0 573874.0 642702.0 778368.0 845248.0 849472.0 883101.0 829649.0 829456.0 880722.0 1014080.0 957486.0 1104700.0 995749.0 987163.0 1063320.0 0.0 0.0 0.0 0.0 0.0 0.0 0.0 0.0 0.0 0.0 0.0 0.0 0.0 0.0 81529.0 642501.0 0.0 0.0 0.0 191146.0 1053860.0 1184830.0 0.0 0.0 0.0 2030000.0 0.0 2032750.0 1630360.0 1574130.0 1570630.0 1399480.0 0.0 0.0 0.0 0.0 0.0 0.0 1635550.0 1534610.0 0.0 1658650.0 326050.0 349734.0 0.0
229490.0 0.0 963299.0 0.0 625243.0 725186.0 338357.0 339362.0 1298010.0 1410510.0 1412690.0 1412560.0 1416230.0 1415760.0 1430350.0 870530.0 887798.0 887941.0 862272.0 0.0 0.0 0.0 0.0 0.0 0.0 0.0 85479.4 254622.0 0.0 0.0 0.0 0.0 0.0 75920.0 28848.5 135211.0 0.0 961747.0 563192.0 281616.0 0.0 0.0 0.0 0.0 0.0 0.0 0.0 0.0 0.0 1939970.0 1903450.0 0.0 0.0 0.0 0.0 0.0 0.0 0.0 0.0 1592900.0 519446.0 971754.0 1071840.0 1072640.0 961536.0 68324.5 0.0 0.0
444712.0 47532.2 0.0 0.0 1136240.0 970523.0 571497.0 1083680.0 1420950.0 1420160.0 1424790.0 1425170.0 1432430.0 1432590.0 1453970.0 1453890.0 952734.0 953126.0 0.0 0.0 0.0 0.0 0.0 0.0 15560.3 0.0 0.0 160208.0 0.0 63746.3 114859.0 15934.5 370741.0 565703.0 560101.0 140999.0 205106.0 248365.0 1073310.0 593074.0 940614.0 1353650.0 0.0 0.0 0.0 0.0 0.0 0.0 1823230.0 1675810.0 0.0 1943960.0 1885600.0 1679440.0 1640340.0 1848820.0 1929940.0 1927100.0 0.0 1308330.0 808500.0 292951.0 461410.0 423946.0 172680.0 0.0 0.0 0.0
119053.0 582147.0 415106.0 251950.0 976394.0 1331140.0 1205060.0 1263750.0 1431870.0 1202870.0 1033360.0 1378140.0 1443270.0 1444140.0 1465230.0 1523490.0 960675.0 960432.0 0.0 0.0 0.0 0.0 0.0 0.0 14228.5 166019.0 300375.0 0.0 0.0 0.0 0.0 0.0 0.0 195657.0 190132.0 259339.0 211218.0 85099.6 390695.0 207039.0 200969.0 150802.0 227213.0 362280.0 0.0 762422.0 1111690.0 1444370.0 1574910.0 1429420.0 1736790.0 1635300.0 1161420.0 1478660.0 1758260.0 1449900.0 847803.0 1142360.0 1279120.0 404600.0 298107.0 0.0 0.0 0.0 0.0 0.0 0.0 0.0
416200.0 803747.0 1087450.0 787586.0 0.0 0.0 0.0 1397520.0 1453370.0 1454310.0 1112410.0 1404100.0 1445240.0 1471700.0 1561510.0 1801290.0 818811.0 0.0 0.0 0.0 0.0 351648.0 179973.0 0.0 58410.6 1129700.0 0.0 0.0 410077.0 480003.0 377647.0 564113.0 568870.0 423524.0 0.0 0.0 0.0 469497.0 561962.0 354476.0 355070.0 255543.0 738512.0 844621.0 961386.0 1217120.0 1253100.0 424011.0 462194.0 270181.0 703513.0 0.0 389543.0 606309.0 145116.0 687250.0 648936.0 164811.0 0.0 0.0 0.0 0.0 0.0 0.0 0.0 0.0 0.0 0.0
893666.0 1575040.0 1622100.0 1622100.0 1195470.0 898721.0 1179050.0 1211650.0 1464550.0 1464780.0 1473470.0 1473350.0 1483260.0 1406800.0 1512220.0 1692890.0 1299860.0 1178190.0 605656.0 591468.0 792625.0 0.0 0.0 403493.0 934849.0 1447010.0 640562.0 0.0 0.0 0.0 0.0 0.0 0.0 0.0 0.0 634035.0 0.0 0.0 464622.0 154844.0 261837.0 1168330.0 829161.0 632667.0 986606.0 1000690.0 108798.0 0.0 355290.0 0.0 980500.0 743693.0 191845.0 0.0 0.0 371448.0 733538.0 0.0 0.0 0.0 0.0 0.0 0.0 0.0 0.0 0.0 0.0 0.0
1635070.0 1635000.0 1633110.0 1633000.0 1625900.0 1469090.0 1618530.0 1462220.0 1564550.0 1307880.0 841544.0 960308.0 972179.0 1497620.0 1684450.0 1414360.0 1186470.0 1414770.0 1388750.0 1456560.0 802852.0 0.0 0.0 938533.0 834254.0 522246.0 0.0 0.0 0.0 0.0 321566.0 0.0 934558.0 651528.0 833500.0 758993.0 849858.0 1515130.0 1625400.0 1730230.0 1827140.0 1825100.0 1779260.0 1466850.0 0.0 1297270.0 828339.0 375078.0 0.0 202117.0 0.0 0.0 0.0 0.0 0.0 0.0 0.0 355747.0 434092.0 399284.0 0.0 0.0 0.0 0.0 0.0 0.0 0.0 0.0
1646180.0 1646640.0 1645400.0 1644910.0 1638120.0 1638050.0 1630630.0 1630630.0 1306900.0 838254.0 302098.0 363000.0 393265.0 0.0 0.0 657263.0 1203240.0 1339070.0 1546360.0 825340.0 136747.0 256060.0 0.0 717784.0 506162.0 0.0 0.0 363832.0 623519.0 596662.0 1030890.0 0.0 0.0 1781500.0 1773960.0 1655960.0 1639270.0 1532530.0 1248800.0 1631730.0 1728890.0 1296530.0 690868.0 270893.0 732219.0 488021.0 95774.8 0.0 0.0 0.0 0.0 0.0 0.0 0.0 0.0 0.0 0.0 0.0 0.0 0.0 0.0 0.0 0.0 0.0 0.0 0.0 0.0 0.0
1177510.0 1446050.0 1657290.0 1656520.0 1652930.0 1653490.0 1649780.0 1650200.0 1395110.0 508046.0 361840.0 436313.0 0.0 872058.0 1350370.0 1015640.0 0.0 0.0 0.0 1021750.0 1379410.0 1048170.0 1116930.0 835180.0 706593.0 748590.0 460511.0 526751.0 527113.0 638040.0 1048420.0 921602.0 1590540.0 1345030.0 1350870.0 1067170.0 932255.0 756505.0 840672.0 597237.0 937589.0 943720.0 892018.0 176593.0 0.0 0.0 0.0 0.0 0.0 0.0 0.0 0.0 0.0 0.0 0.0 0.0 0.0 0.0 0.0 0.0 0.0 0.0 0.0 305488.0 202834.0 505802.0 0.0 0.0
162217.0 917584.0 1614420.0 913964.0 1073080.0 1342180.0 1608530.0 1607510.0 1350210.0 491484.0 352221.0 474409.0 819289.0 1297050.0 507506.0 0.0 0.0 0.0 820849.0 910063.0 652743.0 671016.0 687238.0 687510.0 962998.0 929858.0 960593.0 729297.0 327734.0 234279.0 100314.0 0.0 1028130.0 1256470.0 797056.0 797562.0 1033540.0 1189420.0 511033.0 1640280.0 787688.0 0.0 0.0 0.0 0.0 0.0 0.0 0.0 0.0 0.0 0.0 0.0 0.0 0.0 0.0 0.0 0.0 0.0 0.0 308912.0 289100.0 1012110.0 920485.0 816343.0 0.0 0.0 0.0 0.0
261608.0 222182.0 440708.0 552107.0 549093.0 274035.0 1088900.0 815342.0 602032.0 0.0 51110.5 294623.0 975404.0 1827990.0 769416.0 0.0 0.0 1081540.0 1880620.0 1797270.0 591843.0 386200.0 746804.0 1202090.0 0.0 1213850.0 533944.0 324850.0 38429.7 0.0 0.0 145709.0 918108.0 1156020.0 1199920.0 1499280.0 637634.0 277030.0 1119170.0 827067.0 0.0 0.0 0.0 0.0 0.0 0.0 0.0 0.0 107131.0 0.0 0.0 0.0 0.0 0.0 0.0 105704.0 0.0 210348.0 408809.0 313721.0 730410.0 523137.0 521264.0 625007.0 0.0 0.0 0.0 637882.0
1098900.0 1462790.0 1557080.0 1556960.0 1126120.0 827789.0 1229040.0 998195.0 994422.0 1436550.0 1404270.0 1179870.0 1024860.0 1332760.0 1456500.0 1467610.0 1454050.0 1453820.0 1754510.0 0.0 1322390.0 1727620.0 2115970.0 204581.0 1022460.0 811109.0 463386.0 64862.4 40250.5 45444.4 40096.5 0.0 0.0 362525.0 1331000.0 2088450.0 1963170.0 598996.0 0.0 537283.0 0.0 0.0 0.0 0.0 0.0 0.0 0.0 324149.0 107257.0 323423.0 0.0 0.0 0.0 106721.0 501036.0 668394.0 0.0 212174.0 528823.0 844620.0 421254.0 949000.0 1361970.0 1467400.0 1242740.0 1305930.0 563063.0 0.0
1212460.0 726167.0 818899.0 1633480.0 614143.0 514118.0 1289840.0 0.0 0.0 1706960.0 1755310.0 1758640.0 1782070.0 1752280.0 1077680.0 1063840.0 1495780.0 1085980.0 0.0 0.0 2077840.0 1584740.0 0.0 2096960.0 809820.0 493931.0 333800.0 290461.0 56529.2 0.0 61310.8 75274.3 0.0 148897.0 1761710.0 2015470.0 2118790.0 438312.0 347996.0 340953.0 365223.0 209535.0 0.0 139878.0 678636.0 0.0 0.0 330141.0 108885.0 630122.0 650029.0 409578.0 539996.0 322468.0 0.0 108096.0 862889.0 1292270.0 1397080.0 0.0 0.0 1177120.0 1592470.0 1913410.0 1906820.0 1259560.0 1143150.0 343103.0
0.0 1186760.0 0.0 1264720.0 905380.0 75444.2 636503.0 1619200.0 1106440.0 1808560.0 1828310.0 1770460.0 1797200.0 1500380.0 734308.0 332448.0 606709.0 211532.0 110729.0 621418.0 124816.0 0.0 0.0 628266.0 658648.0 497299.0 606977.0 234013.0 77105.4 68032.2 0.0 58852.5 0.0 691646.0 1424140.0 1894770.0 2014850.0 1889860.0 1246630.0 386294.0 429136.0 151507.0 206081.0 506855.0 545473.0 131724.0 268928.0 180817.0 109720.0 962774.0 873525.0 1634950.0 1735680.0 1412710.0 1503560.0 1191690.0 1409980.0 1734320.0 1837340.0 1621890.0 1779880.0 2110780.0 1998940.0 2034020.0 1597510.0 1811220.0 1840700.0 1497590.0
1327010.0 0.0 0.0 0.0 1226770.0 1492310.0 1449900.0 1783900.0 1662800.0 1808480.0 1849580.0 1849960.0 1872010.0 939628.0 49893.7 0.0 0.0 0.0 162961.0 163407.0 156488.0 0.0 0.0 470665.0 0.0 0.0 709980.0 179750.0 109081.0 248892.0 237539.0 0.0 0.0 0.0 513734.0 930758.0 1727820.0 1692540.0 2045850.0 1869040.0 2159070.0 2277990.0 1764280.0 0.0 0.0 340600.0 823960.0 1180370.0 997940.0 1234860.0 2002260.0 2115770.0 1769850.0 1772020.0 1214110.0 1652290.0 1757620.0 0.0 0.0 0.0 0.0 0.0 0.0 0.0 2057450.0 0.0 1751150.0 1868570.0
0.0 0.0 0.0 0.0 483689.0 723544.0 1249530.0 1911330.0 1788260.0 1587790.0 1860350.0 1879440.0 1265790.0 0.0 475393.0 475503.0 311424.0 257861.0 53851.0 103177.0 275582.0 259211.0 0.0 898768.0 895136.0 444970.0 114349.0 252895.0 698182.0 0.0 230245.0 487267.0 697776.0 286512.0 0.0 0.0 1059190.0 1548980.0 1886040.0 1957170.0 1809990.0 1808130.0 1535020.0 1888970.0 2079260.0 1619820.0 1568010.0 2030570.0 1463460.0 1563910.0 1232220.0 1458180.0 1785640.0 1784930.0 1768290.0 0.0 0.0 0.0 0.0 0.0 0.0 0.0 0.0 0.0 0.0 0.0 0.0 0.0
822924.0 627107.0 280643.0 0.0 512797.0 649346.0 1158170.0 1582200.0 1809280.0 1672080.0 0.0 0.0 0.0 0.0 471992.0 794411.0 0.0 798557.0 756890.0 651869.0 677405.0 747578.0 0.0 910044.0 227452.0 230261.0 441516.0 949466.0 254121.0 722371.0 601421.0 1714590.0 995931.0 488076.0 479763.0 249422.0 37837.0 0.0 0.0 1787700.0 0.0 4066860.0 4015250.0 0.0 1068850.0 1426310.0 1401900.0 0.0 0.0 0.0 1820870.0 2276750.0 2034620.0 1919940.0 0.0 0.0 0.0 0.0 0.0 0.0 0.0 0.0 0.0 0.0 0.0 0.0 0.0 0.0
337871.0 642454.0 0.0 0.0 0.0 0.0 322417.0 352359.0 0.0 676877.0 423242.0 526710.0 323955.0 696510.0 912657.0 638192.0 799721.0 325580.0 387153.0 0.0 0.0 891196.0 0.0 0.0 754805.0 405291.0 0.0 0.0 0.0 0.0 0.0 1493650.0 1027830.0 237034.0 250354.0 458325.0 227684.0 0.0 0.0 283524.0 4649840.0 0.0 5194580.0 5419410.0 3999220.0 570874.0 591406.0 0.0 0.0 1316560.0 1252340.0 1379230.0 1515420.0 1498220.0 1656370.0 1656910.0 1648100.0 1497580.0 1540870.0 0.0 0.0 0.0 0.0 0.0 0.0 0.0 0.0 0.0
479165.0 487754.0 444434.0 507875.0 757264.0 451908.0 375619.0 429184.0 0.0 857014.0 0.0 866954.0 324127.0 161040.0 647192.0 474367.0 1040120.0 0.0 871783.0 0.0 1400210.0 0.0 0.0 0.0 812300.0 0.0 0.0 6456130.0 0.0 0.0 0.0 4023530.0 0.0 1115500.0 0.0 0.0 264982.0 0.0 293518.0 280483.0 1762990.0 5095950.0 5589070.0 5591600.0 1504910.0 1617830.0 1643900.0 1345650.0 0.0 1513400.0 0.0 0.0 0.0 1632780.0 0.0 0.0 0.0 0.0 0.0 0.0 0.0 0.0 0.0 0.0 0.0 0.0 0.0 0.0
642687.0 545611.0 708404.0 838244.0 667381.0 342605.0 214705.0 426771.0 0.0 0.0 0.0 0.0 0.0 0.0 704165.0 932278.0 1476140.0 1573080.0 1629320.0 1628450.0 0.0 0.0 0.0 0.0 0.0 0.0 0.0 0.0 0.0 0.0 0.0 0.0 0.0 0.0 1347310.0 674692.0 276211.0 293328.0 585016.0 1036300.0 0.0 1464810.0 4443510.0 0.0 1448560.0 1448780.0 0.0 1346500.0 1309620.0 1363480.0 0.0 0.0 0.0 1643980.0 0.0 0.0 0.0 0.0 0.0 0.0 0.0 0.0 0.0 0.0 0.0 0.0 0.0 0.0
227926.0 546337.0 821797.0 743584.0 1022240.0 172737.0 0.0 385627.0 649747.0 0.0 0.0 1300780.0 1412120.0 0.0 0.0 0.0 1415240.0 1407490.0 0.0 0.0 0.0 0.0 0.0 876269.0 1445890.0 0.0 726479.0 0.0 0.0 0.0 0.0 0.0 1560080.0 0.0 0.0 2877570.0 0.0 0.0 0.0 579361.0 0.0 2625410.0 1652390.0 1614550.0 1741560.0 0.0 1756340.0 1667910.0 1482230.0 0.0 1742010.0 0.0 0.0 0.0 0.0 0.0 0.0 0.0 0.0 0.0 1660220.0 0.0 0.0 0.0 0.0 0.0 0.0 0.0
192720.0 476710.0 656225.0 802933.0 872251.0 420897.0 0.0 438744.0 364170.0 0.0 221626.0 770965.0 1512740.0 1550880.0 0.0 864551.0 0.0 0.0 1359670.0 0.0 0.0 0.0 0.0 674242.0 1545900.0 0.0791585 955419.0 0.0 0.0 0.0 0.0 0.0 2619750.0 11196.8 14787.4 8534.31 3556460.0 296343.0 0.0 0.0 0.0 910765.0 1627950.0 0.0 0.0 0.0 0.0 0.0 1781630.0 1697080.0 0.0 0.0 1722480.0 1722480.0 0.0 0.0 0.0 0.0 0.0 0.0 1631360.0 0.0 0.0 0.0 0.0 0.0 0.0 0.0
129745.0 253570.0 344814.0 660511.0 353572.0 310457.0 0.0 642643.0 275291.0 808955.0 496760.0 546772.0 945530.0 0.0 648911.0 547052.0 946044.0 1381150.0 0.0 0.0 0.0 0.0 0.0 0.0 0.0481178 0.0 0.0 0.0645259 0.0 0.0 0.0 0.0 0.0 0.0 1789690.0 14378.2 3399670.0 318059.0 620860.0 0.0 0.0 635630.0 3146340.0 0.0 0.0 2156240.0 1926750.0 2022740.0 0.0 0.0 2069860.0 0.0 0.0 0.0 0.0 0.0 0.0 0.0 0.0 1670130.0 0.0 0.0 0.0 0.0 0.0 0.0 0.0 0.0
130889.0 130509.0 203970.0 254679.0 382653.0 511318.0 312804.0 571547.0 198722.0 380302.0 495145.0 595251.0 612136.0 0.0 783192.0 36992.4 0.0 910339.0 0.0 0.0 685139.0 367407.0 71474.3 0.0162722 0.195492 786772.0 0.0 434865.0 0.0 0.0 0.0 0.0 0.0 0.0 0.0 0.0 30166.2 3995480.0 3221520.0 314290.0 0.0 1554150.0 0.0 0.0 0.0 0.0 0.0 0.0 0.0 0.0 0.0 0.0 0.0 0.0 0.0 0.0 0.0 0.0 0.0 0.0 0.0 0.0 0.0 0.0 0.0 0.0 1686180.0 1866810.0
129318.0 64688.4 193815.0 192906.0 310346.0 292237.0 68223.9 44332.1 0.0 12204.4 107743.0 53848.2 337633.0 0.0 500147.0 0.0 850448.0 903120.0 692061.0 767816.0 1058310.0 323395.0 0.0 0.0 277980.0 0.0 0.0 0.0 0.0 0.0 0.0 0.0 0.0 0.0 0.0 0.0 0.0 2242980.0 10561.9 1550420.0 2964240.0 0.0 3769440.0 0.0 0.0 2541700.0 0.0 0.0 0.0 2001010.0 0.0 0.0 0.0 0.0 0.0 0.0 0.0 0.0 0.0 0.0 0.0 0.0 0.0 0.0 0.0 0.0 0.0 2136110.0
64979.2 64979.2 64816.9 194680.0 127987.0 383508.0 800554.0 1003450.0 204372.0 22315.0 112129.0 76966.5 223529.0 0.0 51709.5 250790.0 398131.0 461345.0 235110.0 264012.0 0.0 0.0 533696.0 0.0 0.0 0.0 0.0169827 0.0 0.0 0.0 0.0 0.0 0.0 0.0 0.0 0.0 0.0 1348730.0 20493.8 23437.1 13103.1 4719970.0 0.0 0.0 0.0 0.0 0.0 2345480.0 2067830.0 0.0 0.0 1982610.0 0.0 0.0 0.0 0.0 0.0 0.0 0.0 0.0 0.0 0.0 0.0 0.0 0.0 0.0 1986140.0 2088910.0
65601.7 65658.7 130749.0 327013.0 129511.0 518211.0 765260.0 518659.0 0.0 0.0 43869.5 229103.0 97983.6 0.0 0.0 0.0 522875.0 247741.0 0.0 512651.0 0.0328316 0.0 0.0 256595.0 280292.0 0.145204 0.0491784 0.0 0.0 0.0 0.0 0.0 0.0 0.0 0.0 0.0 0.0 0.0 510314.0 19343.9 0.225745 2018380.0 1164540.0 1708190.0 2203610.0 0.0 0.0 0.0 2401660.0 0.0 0.0 0.0 0.0 0.0 0.0 0.0 0.0 0.0 0.0 0.0 0.0 0.0 0.0 0.0 1906370.0 0.0 0.0 0.0
0.0 66165.2 328078.0 196601.0 65198.6 324725.0 130405.0 94318.7 207683.0 106091.0 116142.0 0.0 0.0 0.0 0.0 52391.2 0.00725533 0.016068 0.0161649 0.0 0.0 746155.0 645909.0 266958.0 0.0 0.0 446072.0 0.0 0.0 0.0 0.0 0.0 0.0 0.0 0.0 0.0 0.0 0.0 0.0 0.0 6097.81 6313.32 0.0840392 1784950.0 1653440.0 1589240.0 0.0 1185230.0 1455800.0 0.0 0.0 2286670.0 0.0 0.0 0.0 0.0 0.0 0.0 2053260.0 0.0 1937250.0 0.0 0.0 1920770.0 1671160.0 0.0 0.0 2651220.0
