critload/trunk/input/2010/n_up_grass_ext.asc
ncols 720
nrows 360
xllcorner -180.0
yllcorner -90.0
cellsize 0.5
NODATA_value -9999.0
[rows 60 to 89 of 360, columns 544 to 611 of 720]
0.0 0.0 0.0 0.0 0.0 0.0 0.0 0.0 0.0 0.0 0.0 0.0 0.0 0.0 0.0 0.0 0.0 0.0 0.0 0.0 0.0 0.0 0.0 0.0 0.0 0.0 0.0 0.0 0.0 0.0 0.0 0.0 0.0 0.0 0.0 0.0 0.0 0.0 0.0 0.0 0.0 0.0 0.0 0.0 0.0 0.0 0.0 0.0 0.0 0.0 0.0 0.0 0.0 0.0 0.0 0.0 0.0 0.0 0.0 0.0 0.0 0.0 0.0 0.0 0.0 0.0 0.0 0.0
0.0 0.0 0.0 0.0 0.0 0.0 0.0 0.0 0.0 0.0 0.0 0.0 0.0 0.0 0.0 0.0 0.0 0.0 0.0 0.0 0.0 0.0 0.0 0.0 0.0 0.0 0.0 0.0 0.0 0.0 0.0 18590.1 0.0 0.0 18489.3 0.0 0.0 0.0 0.0 0.0 0.0 0.0 0.0 0.0 0.0 0.0 0.0 0.0 0.0 0.0 0.0 0.0 0.0 0.0 0.0 0.0 0.0 0.0 0.0 0.0 0.0 0.0 0.0 0.0 0.0 0.0 0.0 0.0
0.0 0.0 0.0 0.0 0.0 0.0 0.0 0.0 0.0 0.0 0.0 0.0 0.0 0.0 0.0 0.0 0.0 0.0 0.0 0.0 0.0 0.0 0.0 0.0 0.0 0.0 0.0 0.0 0.0 0.0 0.0 0.0 0.0 0.0 0.0 0.0 18809.7 0.0 0.0 0.0 0.0 0.0 0.0 0.0 0.0 0.0 0.0 0.0 0.0 0.0 0.0 0.0 0.0 0.0 0.0 0.0 0.0 0.0 0.0 0.0 0.0 0.0 0.0 0.0 0.0 0.0 0.0 0.0
47555.0 19939.1 0.0 0.0 0.0 30933.7 0.0 0.0 0.0 0.0 0.0 0.0 0.0 0.0 0.0 0.0 0.0 0.0 0.0 0.0 0.0 25064.0 0.0 0.0 0.0 0.0 0.0 0.0 0.0 0.0 0.0 0.0 0.0 0.0 0.0 0.0 0.0 0.0 0.0 0.0 18847.8 0.0 0.0 0.0 0.0 0.0 0.0 0.0 0.0 0.0 0.0 0.0 0.0 0.0 0.0 0.0 0.0 0.0 0.0 0.0 0.0 0.0 0.0 0.0 0.0 0.0 0.0 0.0
63509.5 44293.8 43067.1 0.0 0.0 0.0 0.0 0.0 0.0 0.0 0.0 0.0 0.0 0.0 0.0 0.0 0.0 0.0 0.0 0.0 0.0 0.0 0.0 0.0 0.0 0.0 0.0 0.0 0.0 0.0 0.0 0.0 0.0 0.0 0.0 0.0 0.0 0.0 0.0 0.0 0.0 0.0 0.0 0.0 0.0 0.0 0.0 0.0 0.0 0.0 0.0 0.0 0.0 0.0 0.0 0.0 0.0 0.0 0.0 0.0 0.0 0.0 0.0 0.0 0.0 0.0 0.0 0.0
0.0 19609.9 17951.8 0.0 0.0 36000.1 0.0 0.0 0.0 0.0 0.0 0.0 0.0 0.0 0.0 0.0 0.0 0.0 0.0 0.0 0.0 0.0 1821.95 21084.6 0.0 0.0 0.0 0.0 0.0 0.0 0.0 0.0 0.0 0.0 0.0 0.0 0.0 0.0 0.0 0.0 0.0 0.0 0.0 0.0 0.0 0.0 0.0 0.0 0.0 0.0 0.0 0.0 0.0 0.0 0.0 0.0 0.0 0.0 0.0 0.0 0.0 0.0 0.0 0.0 0.0 0.0 0.0 0.0
0.0 41788.0 144761.0 29119.6 0.0 29644.0 86694.5 68446.7 32469.0 22282.2 21631.4 20956.2 0.0 0.0 0.0 0.0 0.0 0.0 0.0 0.0 0.0 0.0 0.0 0.0 0.0 0.0 0.0 35502.5 0.0 0.0 0.0 0.0 0.0 40939.9 20267.4 0.0 0.0 0.0 0.0 0.0 0.0 0.0 0.0 0.0 0.0 0.0 0.0 19896.1 0.0 0.0 0.0 0.0 0.0 0.0 0.0 0.0 0.0 0.0 0.0 0.0 0.0 0.0 0.0 0.0 0.0 4767.0 0.0 0.0
21327.3 177414.0 0.0 49197.9 0.0 33295.1 106721.0 128450.0 92924.6 56768.0 5050.08 22280.1 35896.4 0.0 0.0 0.0 0.0 0.0 14589.8 0.0 0.0 0.0 0.0 0.0 0.0 0.0 0.0 0.0 0.0 0.0 0.0 0.0 20673.8 20673.8 0.0 0.0 0.0 0.0 0.0 0.0 0.0 0.0 0.0 0.0 0.0 0.0 20072.0 0.0 0.0 0.0 0.0 0.0 0.0 0.0 0.0 0.0 0.0 0.0 0.0 0.0 0.0 0.0 0.0 0.0 0.0 0.0 0.0 0.0
11873.9 33195.2 68972.0 143753.0 148671.0 229286.0 172783.0 89654.2 45147.4 0.0 22694.2 57948.8 7712.13 0.0 0.0 0.0 0.0 0.0 19727.5 15513.4 0.0 3524.16 0.0 0.0 0.0 0.0 0.0 0.0 0.0 0.0 0.0 0.0 21246.8 0.0 32497.8 12762.4 0.0 0.0 0.0 0.0 0.0 0.0 0.0 0.0 0.0 0.0 0.0 0.0 0.0 0.0 0.0 0.0 0.0 0.0 0.0 0.0 0.0 0.0 0.0 0.0 0.0 0.0 0.0 0.0 0.0 0.0 0.0 0.0
37072.6 11662.3 0.0 71897.3 60521.9 144668.0 45351.0 0.0 0.0 0.0 0.0 0.0 0.0 0.0 15119.9 0.0 21726.2 94827.7 37967.2 37084.7 41310.9 0.0 0.0 0.0 0.0 0.0 0.0 0.0 0.0 0.0 0.0 0.0 42942.8 0.0 6052.08 8351.14 0.0 0.0 0.0 0.0 0.0 0.0 0.0 0.0 0.0 0.0 0.0 0.0 0.0 0.0 0.0 0.0 0.0 0.0 0.0 0.0 0.0 0.0 0.0 0.0 0.0 0.0 22000.4 22000.4 22434.6 18263.6 0.0 0.0
37360.7 0.0 0.0 0.0 24712.3 0.0 0.0 0.0 0.0 0.0 0.0 0.0 0.0 0.0 2633.94 17923.5 20431.0 58067.8 0.0 22385.5 14976.8 0.0 0.0 0.0 0.0 0.0 0.0 0.0 0.0 22288.3 0.0 0.0 0.0 15336.9 -9999.0 9967.45 0.0 20983.2 20798.6 0.0 0.0 0.0 0.0 0.0 0.0 0.0 0.0 0.0 0.0 0.0 0.0 0.0 0.0 0.0 0.0 0.0 0.0 0.0 0.0 0.0 0.0 0.0 0.0 0.0 0.0 0.0 24175.1 0.0
38291.9 94537.6 0.0 0.0 0.0 25018.8 24567.6 0.0 0.0 0.0 23757.3 23805.0 0.0 0.0 0.0 22555.9 38809.5 21986.5 34768.9 43537.6 17909.8 27313.8 28739.3 0.0 0.0 0.0 0.0 20915.9 59060.9 67228.1 0.0 0.0 34270.6 0.0 0.0 0.0 53157.6 29595.4 21682.9 0.0 0.0 0.0 0.0 0.0 0.0 0.0 0.0 21846.5 0.0 0.0 0.0 0.0 0.0 0.0 0.0 0.0 0.0 0.0 0.0 0.0 0.0 0.0 0.0 0.0 0.0 0.0 0.0 0.0
99970.3 105408.0 20869.3 0.0 0.0 0.0 0.0 0.0 0.0 0.0 0.0 0.0 47108.0 23670.7 46990.2 23541.5 0.0 0.0 23137.2 15177.6 63051.7 80543.2 119741.0 31899.6 0.0 23219.7 69344.3 70109.5 53030.0 22701.7 0.0 22631.8 0.0 3737.78 2472.67 40059.9 47458.6 44734.3 18221.1 21858.9 22254.1 0.0 0.0 0.0 0.0 0.0 22773.2 22683.0 22952.8 0.0 0.0 0.0 0.0 0.0 0.0 0.0 0.0 0.0 0.0 0.0 0.0 0.0 0.0 0.0 0.0 0.0 0.0 0.0
64904.1 49025.4 12265.3 0.0 0.0 0.0 0.0 21881.6 0.0 0.0 0.0 0.0 0.0 0.0 0.0 47360.6 47368.7 23661.4 0.0 0.0 74843.7 40222.5 129887.0 55130.6 26287.1 20812.8 46355.6 41014.2 0.0 0.0 15262.7 0.0 0.0 0.0 22696.5 0.0 22631.3 155621.0 108062.0 62101.2 44305.9 43191.7 0.0 20002.3 21353.2 0.0 0.0 22908.3 0.0 0.0 0.0 0.0 0.0 0.0 0.0 0.0 0.0 0.0 0.0 105237.0 266643.0 205854.0 197973.0 88349.0 14808.7 0.0 0.0 51028.7
0.0 0.0 0.0 0.0 0.0 24186.1 24887.2 24099.5 0.0 0.0 0.0 0.0 0.0 0.0 0.0 0.0 0.0 23602.8 47801.5 0.0 0.0 19394.0 140826.0 184170.0 46785.1 56419.3 12010.5 0.0 8754.04 22660.8 0.0 956.359 15344.5 70076.4 23156.3 69912.9 91833.6 91335.8 48326.1 65899.9 47061.9 44144.3 36329.6 41896.5 118447.0 141525.0 0.0 0.0 16758.6 7343.94 12933.2 0.0 0.0 0.0 0.0 0.0 75137.5 0.0 0.0 0.0 111847.0 289384.0 116141.0 101243.0 357223.0 98403.0 203179.0 156657.0
43360.2 0.0 0.0 7087.18 40593.3 0.0 24934.4 25169.7 13113.6 0.0 0.0 0.0 0.0 73635.1 48413.2 0.0 0.0 0.0 24106.6 24197.7 24642.8 0.0 0.0 133341.0 0.0 0.0 0.0 0.0 53957.2 122507.0 20100.9 19804.9 17624.8 15793.5 46888.9 23378.1 37267.0 122425.0 114363.0 90524.4 60433.3 64692.7 113350.0 53721.2 45830.9 24040.4 48840.2 20904.6 30575.1 17654.6 4610.4 19146.5 0.0 0.0 0.0 0.0 0.0 13567.5 172908.0 386064.0 233990.0 82442.4 84718.3 0.0 0.0 9903.93 174730.0 612949.0
90012.4 50805.3 119103.0 159296.0 135472.0 132580.0 63598.5 21451.1 24446.4 24627.7 24178.5 0.0 200233.0 982028.0 1137350.0 867010.0 25874.8 46756.0 72696.3 24111.5 24479.9 24479.9 0.0 15623.2 0.0 0.0 0.0 875.541 26122.3 9928.43 94050.2 105232.0 34968.0 19250.8 0.0 51664.9 54250.4 33234.7 98372.1 143418.0 107296.0 75999.0 120908.0 78477.4 89106.2 75830.6 67308.8 70485.1 43599.5 71601.6 42902.5 41539.2 0.0 0.0 0.0 0.0 28858.4 82206.8 602020.0 876336.0 847218.0 243777.0 262980.0 120019.0 0.0 0.0107825 94954.7 177697.0
84859.3 87460.1 79293.4 205477.0 123720.0 71288.9 27616.5 0.0 24763.2 0.0 0.0 100582.0 1118030.0 1308330.0 1267640.0 1293980.0 361059.0 0.0 948324.0 0.0 257546.0 47527.2 24528.3 24310.1 25000.5 24910.2 24830.0 70972.0 113291.0 183710.0 169413.0 155187.0 65490.8 24853.6 19372.5 15889.1 23826.5 0.0 0.0 25940.6 75908.6 57170.5 69394.0 65837.7 111941.0 126135.0 181100.0 161140.0 105524.0 156737.0 79850.6 6395.82 31998.2 25700.5 33461.3 162953.0 919877.0 996527.0 930993.0 0.0 0.0 0.0 929263.0 604620.0 511660.0 369821.0 1260090.0 1017280.0
0.0 318790.0 233359.0 241012.0 205724.0 111292.0 63700.3 0.0 0.0 0.0 17548.2 24717.7 1112650.0 1310660.0 1156480.0 325869.0 212363.0 794349.0 1284740.0 1319040.0 0.0 44695.9 47645.9 50614.1 66707.5 41249.1 46337.6 139455.0 219091.0 106371.0 84212.6 13225.9 14625.9 0.0 0.0 25227.5 0.0 25660.3 76574.9 46500.8 51292.4 80321.7 73413.7 118586.0 179096.0 0.0 290854.0 242682.0 142522.0 126127.0 39993.9 32572.2 73659.3 107956.0 237760.0 0.0 0.0 936501.0 0.0 1192360.0 0.0 797795.0 577909.0 1131230.0 1248370.0 1563460.0 0.0 1389280.0
767044.0 34842.0 861535.0 1364270.0 1221250.0 430317.0 268040.0 84355.1 0.0 0.0 49673.9 39876.3 0.0 1320540.0 1298960.0 1304550.0 1053980.0 1272740.0 1327910.0 1329780.0 1356080.0 1086840.0 0.0 326050.0 415765.0 924337.0 1165330.0 1081910.0 0.0 0.0 85907.5 14040.0 0.0 16638.3 0.0 0.0 25886.3 51547.0 52472.2 52379.9 52536.2 43821.6 68910.8 158123.0 562358.0 0.0 0.0 0.0 0.0 113659.0 168389.0 82490.9 202670.0 176360.0 0.0 2775490.0 2191770.0 2216690.0 0.0 0.0 1027760.0 904233.0 594245.0 1299470.0 2806880.0 2930550.0 0.0 0.0
1326440.0 1325630.0 1333760.0 1328280.0 1319320.0 628109.0 550896.0 1285450.0 1272460.0 1150040.0 0.0 1211140.0 1329340.0 1328800.0 1325190.0 1321580.0 1328320.0 1330710.0 1348490.0 1351700.0 1378170.0 1358140.0 1394330.0 1252970.0 1214120.0 1205660.0 1381070.0 1396420.0 1397790.0 1353380.0 1120040.0 495657.0 0.0 0.0 0.0 26216.4 26764.6 80065.6 37546.0 82723.9 60631.2 83645.8 0.0 1558480.0 1562410.0 1383590.0 1221410.0 1346670.0 1519160.0 2354080.0 757391.0 572428.0 0.0 2537160.0 2859030.0 2751790.0 2648480.0 2637340.0 2543730.0 0.0 1174620.0 558103.0 1044390.0 0.0 2613440.0 2834790.0 0.0 0.0
1343680.0 778492.0 446340.0 635356.0 974393.0 0.0 1016130.0 1352170.0 1368470.0 1342780.0 1335460.0 1347910.0 1343290.0 1293740.0 1282110.0 1336310.0 1349790.0 1348960.0 1366710.0 1368850.0 1401830.0 1395300.0 1410370.0 1411640.0 1377300.0 1265230.0 1404270.0 1420060.0 1421660.0 1110200.0 953211.0 476696.0 671199.0 0.0 38133.8 336051.0 361548.0 220083.0 312252.0 613539.0 0.0 1475800.0 1564050.0 1182500.0 1448070.0 1491870.0 1544980.0 1493180.0 1341070.0 0.0 0.0 0.0 2357340.0 2846730.0 2793350.0 2881080.0 2873220.0 2805810.0 2690090.0 0.0 994039.0 936695.0 616927.0 0.0 0.0 0.0 3345630.0 0.0
1326860.0 1030930.0 1002490.0 1143190.0 1328810.0 1329100.0 1337530.0 1335850.0 1346180.0 1346290.0 1239880.0 1348950.0 1350690.0 1350690.0 1352570.0 1353020.0 1367780.0 1365940.0 1405110.0 1403790.0 1485870.0 1399770.0 1516950.0 1518440.0 1530930.0 1532070.0 1483090.0 1473330.0 1460790.0 1417720.0 1014490.0 445436.0 0.0 0.0 80118.4 1218910.0 1423200.0 1027110.0 0.0 1560940.0 1726830.0 1804130.0 1881810.0 1830710.0 503243.0 0.0 1606080.0 1561280.0 0.0 0.0 0.0 0.0 0.0 0.0 2794580.0 2769030.0 3020730.0 0.0 0.0 1420820.0 798518.0 549729.0 1373740.0 0.0 0.0 3389000.0 4130950.0 0.0
365167.0 482325.0 620836.0 817748.0 1304680.0 1342380.0 1329490.0 1349810.0 1326120.0 1358970.0 1326140.0 566899.0 376748.0 266528.0 1253720.0 0.0 1380980.0 1373910.0 1422130.0 1421020.0 1500210.0 1500440.0 1537540.0 1541070.0 1551480.0 1549110.0 1499760.0 1372870.0 1389410.0 1429680.0 653827.0 0.0 1123200.0 1452840.0 1433450.0 1446810.0 1488710.0 1494310.0 1687200.0 1682930.0 1317540.0 608509.0 736492.0 0.0 1651250.0 1651690.0 1614700.0 2508140.0 2149910.0 0.0 0.0 0.0 2204370.0 0.0 0.0 2745340.0 2906140.0 0.0 0.0 656439.0 1191460.0 0.0 0.0 0.0 0.0 0.0 0.0 0.0
0.0 0.0 0.0 0.0 854767.0 1223950.0 1265180.0 1339910.0 1348720.0 1347850.0 0.0 530157.0 1290490.0 1365630.0 1148500.0 1183530.0 1395080.0 1394510.0 1475290.0 1478360.0 1940560.0 1924410.0 2129330.0 1891750.0 1793250.0 1794370.0 1589280.0 1279330.0 1349870.0 1358390.0 1242580.0 1243350.0 1485780.0 1480570.0 1484900.0 1494140.0 1529040.0 1530390.0 1615380.0 1525630.0 1179200.0 1275980.0 1701500.0 1701690.0 1679630.0 1679700.0 1684110.0 1492890.0 1499550.0 1593010.0 2773380.0 1113150.0 1775210.0 1581050.0 3192930.0 3279670.0 2564760.0 2537350.0 0.0 1345500.0 0.0 2619780.0 3094970.0 813990.0 1043660.0 726668.0 0.0 3556920.0
146557.0 1224590.0 1354850.0 1167230.0 825130.0 1163120.0 1090790.0 1127740.0 1361300.0 1361770.0 1375140.0 1374820.0 1379630.0 1379410.0 1392530.0 1276190.0 430014.0 0.0 1235780.0 1401850.0 1959220.0 1552940.0 2141830.0 1847440.0 1609620.0 1810880.0 1604490.0 1604500.0 1548850.0 1548850.0 1508770.0 1508310.0 1501970.0 1492740.0 1510670.0 1510630.0 1546370.0 1545200.0 1631200.0 1631220.0 1715690.0 1715750.0 1717980.0 1717950.0 1695760.0 1695780.0 1700150.0 1699070.0 1702460.0 1702460.0 1718110.0 1722970.0 1794570.0 1794610.0 1521050.0 0.0 2600770.0 0.0 0.0 0.0 2658070.0 0.0 555064.0 1188290.0 1797290.0 822204.0 1058080.0 0.0
1338400.0 1300270.0 1355110.0 1398790.0 1356130.0 1356350.0 1199320.0 1122670.0 1352390.0 1353670.0 1351420.0 1357830.0 1365560.0 1365500.0 1377820.0 1379100.0 0.0 0.0 205801.0 489667.0 0.0 1536880.0 1727500.0 1729420.0 1675660.0 1674220.0 1602860.0 1603840.0 1549920.0 1549910.0 1520710.0 1520640.0 1518040.0 1518330.0 1533760.0 1533940.0 1567830.0 1567260.0 1639590.0 1639680.0 1715980.0 1716090.0 1730700.0 1731710.0 1751930.0 1749020.0 1870610.0 1871260.0 1619740.0 1367660.0 817864.0 0.0 1534930.0 1482750.0 0.0 855830.0 2764110.0 2593260.0 3196680.0 3061890.0 3084830.0 3158030.0 0.0 3631870.0 3401550.0 1332630.0 1714440.0 976475.0
1237980.0 1351040.0 1414470.0 1408110.0 558103.0 493177.0 185303.0 828375.0 1365700.0 1366870.0 1369420.0 1332920.0 1070700.0 1377790.0 1391670.0 1391600.0 1418390.0 1417840.0 1454710.0 1496090.0 1645180.0 1644030.0 1745010.0 1744980.0 1690690.0 1691070.0 1618600.0 1618600.0 1564110.0 1564140.0 1534720.0 1534660.0 1531170.0 1532150.0 1548230.0 1548260.0 1582280.0 1582360.0 1654910.0 1653140.0 1731970.0 1731910.0 1747770.0 1747750.0 1768350.0 1768280.0 1888470.0 1888550.0 1076680.0 2535740.0 2547070.0 0.0 0.0 0.0 2831500.0 3519360.0 3690830.0 3435330.0 3320100.0 2887470.0 2984360.0 3421800.0 3692360.0 1380450.0 4030380.0 0.0 1252520.0 1415680.0
32430.8 337987.0 792687.0 1209270.0 1128510.0 867992.0 938183.0 1198930.0 1352550.0 1014960.0 1273750.0 1172510.0 685914.0 951149.0 824353.0 1336480.0 1204700.0 1398550.0 1450040.0 1450070.0 1536660.0 1536430.0 1598710.0 1598520.0 1582800.0 1582900.0 1552920.0 1553200.0 1527810.0 1528040.0 1521200.0 1521190.0 1537200.0 1195070.0 1562080.0 1562320.0 1605790.0 1605890.0 1667640.0 1667650.0 1731340.0 1731680.0 1786450.0 1786640.0 1850780.0 1850770.0 2008500.0 1785080.0 2870200.0 0.0 2608690.0 2555100.0 0.0 0.0 3379450.0 3426300.0 3526720.0 3146660.0 3101860.0 3185630.0 3477640.0 3311940.0 4093790.0 0.0 0.0 1076270.0 1107050.0 1385180.0
152357.0 190446.0 38282.4 343815.0 836762.0 571247.0 794290.0 1020890.0 1252260.0 1365830.0 1373160.0 1372410.0 1382410.0 1382030.0 1348510.0 1309600.0 981371.0 983858.0 1130450.0 1463180.0 1550810.0 1550920.0 1613260.0 1612350.0 1463730.0 1329950.0 1436080.0 1567070.0 1541670.0 1541690.0 1534780.0 1449620.0 1378920.0 1379120.0 1576340.0 1576210.0 1620060.0 1620140.0 1682460.0 1682490.0 1649750.0 1747200.0 1802470.0 1701840.0 1763330.0 2373910.0 2582920.0 2583610.0 2482620.0 2481690.0 2393740.0 2493020.0 0.0 3220080.0 3527520.0 3484990.0 2849360.0 0.0 3177710.0 3994600.0 3711310.0 3630620.0 4419060.0 1999560.0 0.0 0.0 0.0 0.0
