critload/trunk/input/2010/nallo.asc
ncols 720
nrows 360
xllcorner -180
yllcorner -90
cellsize 0.5
NODATA_value -9999
[rows 90 to 119 of 360, columns 476 to 543 of 720]
0.0 0.0 0.0 0.0 0.0 0.0 0.0 0.0 3687.06040694 1899.83776151 5202.26014026 2809.71926277 3950.10740678 2313.6041471 183613.430981 72408.972664 10683.4180167 6050.57270231 1740.81274351 8011.59497331 295579.998868 149011.442473 33762.9181129 26048.9296334 156736.248568 14918.5404709 279051.281266 0.0 0.0 49890.578688 176.751325206 71.7759688841 0.0 1104.4555163 24028.5270513 220723.073069 200508.67958 165905.380911 0.0 4325.83639628 7433.3190164 2012.09281214 261.448541416 124.67477945 0.0 0.0 0.0 0.0 960.04483928 0.0 11329.2610235 14558.642921 13812.5607367 2814.36392821 6184.71157045 30297.5769327 821.86535417 24900.8930772 20602.5944612 5335.35480024 26.0603095008 0.0 0.0 0.0 0.0 43.0532952308 0.0 0.0
0.0 0.0 0.0 0.0 0.0 0.0 0.0 0.0 4464.86669386 5636.05695442 5176.89389229 1706.66897816 51.1354090852 532.245361166 245.678146554 122.464637076 619474.894384 31638.2033172 1512.92613415 201.351055453 713.363691832 97.2278975599 252.989222702 0.0 0.0 0.0 0.0 0.0 43.0587180935 110820.945815 154133.104819 4196.85214251 0.0 0.573601716268 682.248108368 0.0 199.467760629 103715.281048 2.37574436265 286.831111443 1690.95807769 5.85797920368 8.44270070307 7862.21846934 203.61486644 367.674587155 1.36409277388 0.0 118.417465184 1547.19827816 1.84846507491 137.051638279 258.748970014 16.9317209096 239.590063904 1859.64696951 11174.9323369 35642.2116915 11905.2717981 25063.6741875 252.192030969 1524.11121534 1630.34542206 70.3207452132 59.8999882962 119.290829314 0.0 0.0
0.0 0.0 0.0 0.0 0.0 0.0 0.0 0.0 0.0 0.0 0.0 0.0 0.0 0.0 0.0 0.0 4.17752967777 647039.217182 328712.412929 41.6560355065 24.0633640885 19.1963475017 2386.1499351 10607.9640773 206846.521584 177548.220731 86128.5788083 0.0 0.0 0.0 0.0 106985.98963 116.300369982 226.674874134 27.1411328628 4505.50936481 71540.6430218 15326.2607278 0.0 0.0 0.0 0.0 0.0 0.0 0.0 0.0 0.0 0.0 0.0 4323.71978991 740.232494351 58.5298382607 4.93765035411 0.0 173.502318138 1507.30574326 10.1759254381 288.692077992 8746.68283022 2466.88586967 1.4494249515 0.918818455173 0.352179418404 1.48632883547 0.567330100756 0.967016439709 1.55608258511 0.0
0.0 0.0 506573.844387 0.0 0.0 36.8551590308 3392.17968433 0.0 0.0 0.0 0.0 0.0 0.0 0.0 0.0 0.0 0.0 0.0 111048.549264 762076.044652 128949.647411 5455.47187043 131.08595258 0.0 75.5436729846 37403.9517183 211051.159769 28956.6251976 0.0 7.50893950583 22018.4871708 0.0 0.0 19242.578416 50.8182981087 4512.74696754 2822.06942132 70.7056370245 64.7145655022 24.4784163195 377.609623825 3523.20004245 22793.8187716 283.65001213 2.59503786749 2.89675480174 3.61802912017 0.0 0.0 2572.90874861 5957.53200736 347.871496692 30.5608305022 126.352879979 182.988893222 62.3522331693 1.97964540065 0.0 0.0 18.6822036667 3780.56870736 2851.79035451 0.0 0.0 0.0 0.0 0.0 0.0
411.231710482 399.564872776 784136.28155 9895.31122081 128.923398339 0.0 0.0 0.0 0.0 0.0 0.0 0.0 0.0 0.0 0.0 0.0 0.0 0.0 41516.712525 48355.8693028 656432.314793 139365.704078 0.0 33439.2051905 1186.50842303 6412.15549846 14944.2639829 0.0 6162.41061477 56.6974440632 35.2238326657 1902.94889203 36.7505515355 1649.53832063 1.85645450273 0.0 0.0 0.0 0.0 0.0 0.0 401.801844606 560.181332429 456.527133783 0.0 0.0 0.0 1296.01038464 529.006170711 167.495541759 1.28748524685 304.78786137 66056.5545202 28.0877282116 517.108333238 6.00680909406 367.065706689 0.0 0.0 153.714375005 4631.01688778 25472.5447344 0.0 0.0 0.0 0.0 0.0 0.0
5193.93506211 45158.8527786 3983.92831167 130250.474663 43013.2142894 0.472677637823 0.0 0.0 0.0 0.0 0.0 59.882402056 0.0 0.0 0.0 0.0 0.0 0.0 0.0 5118.42945496 541939.728753 130837.087795 27216.4382593 0.0 16.0653455554 6.77008923445 27.5440220013 39.6173171489 35.5730381449 81.0804308629 8.10166704621 43562.5570267 22601.5279037 13.9713223725 22.3427902914 0.0 0.0 0.0 0.0 0.0 0.0 2.41294143338 7426.46645641 0.0 0.0 0.0 0.0 0.0 0.0 25.2494463352 91.7403258323 0.241750787487 21.2959672802 2676.33649553 3445.31309199 6878.23815578 12314.8101889 17225.7247757 43337.2168195 0.0 0.0 1473.65411157 0.0 0.0 0.0 0.0 0.0 0.0
9559.13552416 7059.95090955 46423.4147337 31787.6384502 61263.9430475 378674.030924 55.6766564472 0.0 0.0 0.0 0.0 1758.39024257 1.16247567984 0.152257258754 0.0 0.0 0.0 0.0 0.0 9149.37357713 136116.503143 10332.9993436 21065.5093654 0.0 0.0 11925.2048575 1818.69049264 23.029480504 4322.75798953 0.0 0.0 4032.54586066 19701.3814958 736.933526189 0.0 422.1097381 627.394247877 220.957812809 6.60957437399 27.262001355 1.25141732853 363.37519919 10428.6579148 2622.66295562 1.66305333252 179.404213613 397.966630541 4409.42684376 4628.83895903 2058.76459584 375.95663858 796.860875583 963.840144039 3982.85454445 3670.42943609 8382.96599585 9684.92808772 15805.9422339 11695.5666613 0.0 0.0 1967.49928 0.0 0.0 0.0 0.0 0.0 0.0
4034.96019072 3944.49747613 0.0 0.0 23251.448041 30068.0181372 50463.8554151 44709.9151768 0.0 0.0 0.0 0.0 0.0 0.0 0.0 0.0 0.0 0.0 0.0 0.0 0.0 0.0 48570.100861 179.845648672 0.0 15.8064376816 0.0 7751.84338531 0.0 4222.05175634 3004.99153364 27.2120771903 9534.8187498 11885.9426275 13265.3429858 25987.6975559 1408.46408794 4649.13064608 362.348430868 0.639525296157 92.2534604717 1391.41442181 21472.7430123 42975.3026861 46145.89117 1105.40958193 1523.76581512 13943.1875706 16044.6497178 104599.534111 26234.9252376 28656.6021532 26995.3379951 35996.5972879 35766.2562351 24870.5222579 4200.77935462 4985.17751615 3031.36627384 0.0 0.976303602126 0.605043182354 0.0 0.0 0.0 0.0 0.0 0.0
3727.93823737 2717.48031127 0.0 0.0 6883.99463369 5245.98598421 17391.2712994 9452.37835207 313997.210574 0.0 0.0 1.90954965479 0.0 32.5497755348 10.6776692646 657.852251243 0.0 20.8123539088 44723.8482046 0.0 180969.609771 698567.630404 0.0 11992.3495086 16295.4842266 372421.255512 295514.444038 179227.184204 126133.070776 114519.636741 0.0 944.669900672 175.338381893 160.153593475 2133.59338325 31.9313115829 5009.47030476 10447.4662614 1779.71614812 1601.13336119 3201.67759865 6329.47448208 3.92710000502 2748.73270188 148646.602179 0.0 32415.9595357 85427.3869978 56601.2524404 0.0 0.0 0.0 0.0 0.0 0.0 44769.6894705 11806.5919583 19734.4747497 0.0 0.0 0.0 0.146500007998 0.597532957477 0.0 0.0 5029.73358903 2243.24336984 0.0
0.0 85.7866483907 0.0 0.0 0.0 0.0 0.0 4154.14672679 404430.442006 37.1723608368 0.0 4250.35831721 37.4665414746 26076.3154814 24799.4094785 54898.6250407 3153.27726358 90.9246967056 6.17941328496 40912.8770881 56253.7479593 182121.236644 274592.068987 0.0 0.0 27179.7759557 14257.8706269 35733.5410538 0.0 0.0 857.661967286 404.290888373 127.348499215 0.62444560928 207.838246394 3.05839781846 22.8799177595 7.17803851005 0.0 178.670822647 17.750296881 0.533124833779 2625.63161373 1946.21231414 25932.7953161 63096.2339109 0.0 0.0 0.0 1012.65786281 9547.19038669 6817.58401402 1240.24261685 4185.98630602 3944.25693719 3581.38067305 2239.06457526 2180.4033201 0.0 4220.11479425 28667.7351647 6942.32601598 1820.49573121 5257.59726948 0.0 0.0 17901.7129295 8337.34266998
0.0 0.0 83.8777483941 67.6137792585 1817.92691635 0.0 2153.51810855 27.4418073695 0.0 134584.098237 0.0 0.0 69998.8789573 0.0 22818.6821559 175.915294797 0.0 128405.313929 27754.2902419 5712.71984726 30.3110890983 0.0 19.1320167991 8279.80336723 50.2063936287 6088.9974109 2436.13925663 5.02085121005 2899.48414454 1365.64969537 11.2617928204 193.206553307 0.0 0.0 9.8773347325 668.904230421 3009.86941882 4645.19907953 3488.0472512 51.3963260497 10634.3467236 24399.4584177 26440.1801973 21823.0136151 869.351637023 14783.10694 0.0 15.8903077788 881.219806531 8303.64615402 0.0 3540.17915959 1714.73260845 7120.40173317 9214.33484012 13161.8154776 13426.2171915 15684.6453717 14626.4022061 14847.0111061 8660.36787257 38570.9629787 36131.0822625 23553.1506315 50235.3846805 3.71408346364 12.5094149694 30.2087142191
7004.96817272 5881.46553669 0.0 0.0 12404.3452908 5350.79683564 6844.09210798 8655.27802591 0.0 0.0 111016.451032 89998.9730477 0.0 82638.4451199 62861.9484976 23482.7768742 585.84716069 19557.7252073 41.6281736569 11905.6584361 7455.23774741 32199.7553518 5267.67453013 4011.85109486 1846.84539922 0.0 2.34177088645 0.0 2.31457540635 0.0 0.0 0.0 96.2585392438 0.0 75.2792633908 3641.04166957 61845.7102887 69347.0710919 22067.2804221 143634.49075 21919.6621313 0.0 582.546661762 8.4457139359 1103.06331373 13875.7096209 1212.26917534 2032.41661348 9275.97048978 0.0 3426.89526882 0.0 6928.49426952 16975.8794943 0.0 1608.80972819 2814.49379002 1166.75517362 2837.65548182 11144.3039795 68266.9673477 34.6130106991 0.0 0.0 0.0 0.0 0.0 0.0
24408.6521832 23868.8314324 16723.4122629 31089.265103 44720.8035262 33393.3319266 0.0 0.0 8921.11926531 12817.6358864 4413.38781666 70042.6701179 63828.119751 30962.3133927 158761.726034 88890.7071059 0.0 6694.64543222 28.9185965851 3075.34809417 157.327215014 15771.5674379 15735.7839406 2622.62951278 6249.87348567 2007.08451413 2602.35319075 0.0 0.613203290606 242.362879823 17133.3827589 177.559333782 102.584172941 329.003470322 0.0 0.0 0.0 0.0 0.0 0.0 1899.88310792 0.0 2.83914053464 0.0 1864.53380433 5433.14499132 0.0 469.558267749 8701.8159402 1416.81313259 711.186596583 10573.858797 13602.7217114 0.0 1906.79556745 2604.75739411 3160.46573625 15087.2435802 102.030957851 0.0 0.0 0.0 0.0 0.0 0.0 0.0 0.0 0.0
3492.75001163 9315.32428464 142246.433186 200123.4108 15484.1560604 0.0 73410.982795 0.0 0.0 0.0 3285.27633792 14708.9683355 133989.557749 505782.294273 9190.7957891 0.0 3431.9537341 4.63265956019 21.2600688329 29131.9158336 4262.32602035 26273.7717146 0.0 0.0 0.0 0.0 0.0 2.69902721782 645.769378646 0.0 0.0 2860.11412027 21814.0276655 0.0 0.0 0.0 0.0 0.0 16514.0601987 710.469924313 0.0 266.334227507 0.0 4.84355518661 44.6458292305 6654.93000809 432.089593965 12074.293838 5725.11754932 0.0 2616.65438741 19208.9597955 1339.86891634 2886.37089146 9418.24284792 3207.94933842 0.0 0.0 0.0 0.0 0.0 0.0 0.0 0.0 611.656919737 0.0 0.0 0.0
20.5459099586 0.0 8206.28189599 19032.3727068 30221.5705657 24051.315193 0.0 172506.839955 2125.40229313 4.73818982979 0.0 13464.4456895 0.0 64.9351195809 759845.606302 251593.525252 5106.76197645 146.851032009 1562.53338247 0.0 60039.1276696 0.0 51285.1733297 0.0 37967.7630476 1598.72116317 0.0 0.0 2.73556465237 689.43584505 489.87258463 196.859151273 43.89164113 210.237364661 1483.93202428 0.0 8383.50939972 44691.3424623 684.104009954 0.0 179.462111662 943.825556734 1853.23760702 0.0 9802.09139879 6598.91194686 2.66122771127 6755.25554545 1541.59896391 0.0 7942.17347946 9929.01329803 0.0 0.0 1069.59398338 0.0 0.0 0.0 0.0 0.0 0.0 0.0 0.0 0.0 0.0 0.0 0.0 0.0
2040.19646559 0.0 35.7698985338 24.4416094942 4453.54268832 216307.078169 31968.4589667 0.0 195956.0413 27.6720745074 0.0 6291.83623107 0.0 0.0 35211.7797229 71666.4573431 178557.940948 129288.675892 1810496.07044 427584.927089 919601.181944 640225.745532 618927.837773 8194.60768311 8107.28378574 31686.399634 480.44798538 5684.12751204 579.394614574 565.717860741 507.481071966 442.227492278 146.554069644 23.0452822689 91.7498208399 8.93735374147 4070.21722911 37.4875886252 0.0 6.84175914624 0.0 0.0 0.0 2011.82784912 4417.9515279 0.0797685045668 560.284340649 3480.65182266 886.183334798 0.0 1888.29728 3033.59874258 74.9657948816 0.0 0.0 2.19042658207 0.0 0.0 0.0 0.0 0.0 0.0 0.0 0.0 0.0 0.0 0.0 0.0
108.113437739 47.3108637817 1761.03040658 6.94059989045 2542.88302833 50.2460371034 135929.323839 5562.71749608 1913.18291018 106599.561092 12.02309462 119.612036392 0.0 22500.8644453 5171.16094737 64520.2604566 124834.380146 25582.9638857 3747.76746658 186516.942525 17054.876411 289950.669318 24890.6481462 9609.38994266 4138.9481324 1633.13726953 3408.99761086 631.558577426 24.6678276046 1217.52136063 3238.68017325 725.215768719 1.32603188937 279.61978329 4.95151518438 170.657318789 2859.57304236 15.2143722251 0.0 0.0 0.0 0.44514362249 82.3793453809 0.0 0.0 0.0 290.357605072 258.926806755 0.0 0.0 0.0 0.0 0.0 0.0 0.0 0.0 0.0 0.0 0.0 0.0 0.0 0.0 0.0 0.0 0.0 0.0 0.0 0.0
22850.1849888 183.345187501 9.49795815609 16108.0741526 36429.6549107 4402.99815234 107935.281138 9136.22396167 28.6692322857 87878.5623529 0.0 0.0 23.0879986676 22740.2399402 87.190820558 11734.8552989 9414.02449177 23454.4991725 7966.75339453 225.63103622 5650.17533152 126393.278859 5925.65753311 23109.3316059 10.3769067139 11196.1367839 0.0 1927.61372972 18557.7906714 1180.8402837 4942.52767552 1454.75210254 1134.70875629 2765.60130678 6.38709732812 96.7361224255 0.0 2.60932058462 31.4639147861 147.679469465 0.0 0.0 0.0 0.0 0.0 0.0 0.0 0.0 0.0 0.0 0.0 0.0 0.0 0.0 0.0 0.0 0.0 0.0 0.0 0.0 0.0 0.0 0.0 0.0 0.0 0.0 0.0 0.0
235.544445116 21.5545444086 76.6733711287 58.976781252 577.930889015 24.8122538181 65273.6412085 0.0 21577.2996025 37442.6168949 26436.9634346 51.688415656 2.50431548912 12.9818770472 7015.4723812 1506.50039252 1348.15099761 41338.7946669 2765.65603415 2653.49383808 3978.15414374 83537.9217207 1639.65492049 895.166241967 0.0 864.230012101 1986.72260434 10055.0268577 4.83021452802 20.1618059149 2218.53863697 612.156551866 2667.53910659 0.0 4.86961635873 0.0 78.8605388091 0.0 0.0 1.18386046499 0.0 0.0 0.0 0.0 0.0 0.0 0.0 0.0 0.0 0.0 0.0 0.0 0.0 0.0 0.0 0.0 0.0 0.0 0.0 0.0 0.0 0.0 0.0 0.0 0.0 0.0 0.0 0.0
671.433787846 47.1610904777 5751.01222731 19.2367797207 1642.3820005 8265.02136899 269044.266738 1611.67986648 28934.3146105 8931.93352945 36344.4186331 18812.2659146 8160.2614082 19707.5705714 2401.12266772 0.0 10335.5441302 0.0 14522.6480492 8946.10601875 13548.3906717 12.1732116894 190371.693798 876.127044933 4077.70669664 2244.21658446 3802.17165944 2708.31198375 3428.03391554 1497.76972124 0.0 2.25471352716 0.0 414.480075542 0.0 0.0 2013.5461326 16.0650828732 7.20511352751 1.02872362216 0.0374080626342 0.0 0.0 0.0 0.0 0.0 0.0 0.0 0.0 0.0 0.0 0.0 8272.81083503 0.0 0.0 0.0 0.0 0.0 0.0 0.0 0.0 0.0 0.0 0.0 0.0 0.0 0.0 0.0
23049.530004 28112.9430034 4610.02911597 7502.14487409 60.8265721117 512.504094917 332213.391408 0.0 6.02178628396 4.93726682184 14.7088421854 0.0 1934.81388887 0.0 5045.14277444 11074.4820889 2992.94994809 29710.7117913 12.2033611765 0.0 1735.40947694 4476.74356522 153539.451978 201389.519907 0.0 10701.227618 426778.252945 124776.610272 22232.2698326 0.0 1214.60799358 6540.07848214 6627.34221006 3921.80982787 1505.64800093 7404.78377176 0.0 2259.48676253 1486.27490183 1128.23852032 0.252021920845 0.146511776465 0.0 0.0 0.0 0.0 0.0 0.0 0.0 0.0 0.0 0.0 0.23432600432 0.0 0.0 0.0 0.0 0.0 0.0 0.0 0.0 0.0 14898.4600195 0.0 0.0 0.0 0.0 0.0
19.5946457305 149.698475634 1988.13452115 15061.8725179 133654.485697 27677.6101661 812.778156472 22099.1655808 18547.2176697 10574.1046386 22491.4741243 19914.4287386 5278.29112383 3183.48935211 0.0 0.0 0.0 0.0 8753.36596366 0.0 14854.2160811 36911.8751137 98023.4188687 972.136241583 0.0 681440.874846 0.0 1908800.37364 2115591.40421 0.0 4143.71106247 46.9275082302 23716.5056376 73444.8795978 10.3603272223 1242.316552 526.420141591 0.0 0.0 5214.05012773 2150.90739149 38.9832694565 0.0526597784863 0.0 0.0209303272393 0.0 0.0 0.0 0.0 0.0 0.0 0.0 0.0 0.0 0.0 0.0 0.0 0.0 0.0 0.0 0.0 0.0 0.0 0.0 0.0 0.0 0.0 0.0
0.0 13978.971731 24544.2353346 15481.6220546 290.224169296 0.0 885.753530855 0.0 7012.53782767 2260.23189146 275.095630014 368.94743153 0.0 1977.80473888 0.0 377.658650209 7751.13712294 6300.02981747 4185.58021175 0.0 3980.92993934 4610.08853176 164.581949356 69.2527684082 3314.67934823 1.72608631357 0.0 450062.256779 1509631.1235 0.0 0.0 0.0 19.3998506617 15996.5250759 5576.27978669 3422.19958474 6.34256849376 2591.66985622 2543.35411686 0.0 125.736228193 0.0 2234.9550172 2048.9816418 214.927568278 118.126215759 189.372978934 0.0 0.0 0.0 0.0 0.0 0.0 0.0 0.0 0.0 0.0 5.88590812295 0.0 0.0 0.0 0.0 0.0 0.0 2799.04890265 0.0 0.0 0.0
1649.68964505 13508.6880827 107.875963737 19.5763634663 5.07618769114 8885.026753 1768.99133864 5.61282359208 29350.0946051 12.1924190967 42867.9966491 16190.4429201 2625.40584596 9.40390825049 328.425425475 36870.6021354 30322.5346289 449.955569458 1374.89838899 75.6818213622 52527.1363662 8428.66600317 102.681687998 18014.2654772 0.0 0.0 12379.3143478 946461.380667 160955.942992 0.0 0.0 0.0 482.755649748 0.0 9.27841032205 7436.45297431 1666.80794045 1776.97035646 2316.76450757 0.0 0.0 0.0 0.0 368.740710293 792.129590128 1061.53838513 0.0 334.100950063 63.3072872492 0.0 5379.04398188 1275.44364933 0.0 0.0 0.0 0.0 11.199837763 0.0 0.0 0.0 0.0 0.0 3968.61585939 0.0 0.0 0.0 0.0 0.0
3403.09066976 460.182645602 269.654328369 98.3315612365 2661.51610863 0.0 1.84550939014 6175.08543455 9503.45478426 3818.17539103 11112.4943049 2.18108703608 3237.21328489 2899.35871263 34230.313264 62885.651538 5202.20768157 3133.88454011 19804.5487592 17479.5873328 96266.4196681 68.4593651258 91.7366833651 5694.53229002 5803.13469002 160348.149068 0.0 0.0 70.621641153 366.498737178 499799.915062 0.0 0.0 0.0 2.68463881763 1250.07540003 1959.3197716 3221.34373141 8916.4461134 542.990838584 0.0 1959.02791723 0.0 0.0 93.9155183039 1.15453284643 46.5568559125 0.0 0.0 14783.9831676 0.0 0.0 0.0 1267.94889603 0.0 20.6696725285 0.0 0.0 0.0 0.0 0.0 0.0 1600.41971692 0.0 0.0 9651.82610338 24430.8975567 575.470666707
3755.04745744 2729.3349642 732.230892434 1.57433322716 849.483833572 17992.2319497 19457.7739733 24211.398761 6099.3098062 20.9926260766 6851.0626834 2365.57508876 0.0 138715.635443 0.0 20.6646780315 10584.0868076 62065.5123096 18636.8749872 59580.9761206 276.876280914 1412.10191787 7053.92281331 70719.2567357 80256.6851842 2075.91467691 0.0 2865.96774936 419970.717562 660478.268338 154370.683319 0.0 58072.8085435 10.6660333856 235638.483403 42.5951480075 0.0 16.5005300852 4614.56423722 3284.22816233 3694.57415025 4177.20334881 574.91983147 478.826269746 360.340872509 1211.68243458 1.96755428318 3513.43510963 0.0 4693.36081245 765.684610524 0.0 26120.6282346 0.0 8962.64699183 2071.30619654 0.0 0.0 11.9656798983 0.0 0.0 4442.11114153 61991.5752841 0.0 0.0 3387.35545095 2102.56848096 6080.78469364
11514.1341508 0.0 6.29519309139 27.5021869606 2.53828229833 1.25761906456 23543.5892597 26245.1345774 4641.797603 6174.02665317 4444.24469583 776.272149032 46354.8628552 136793.683462 22.2265308843 0.0 0.0 221681.55418 126203.314912 21795.9913064 1294.51012895 36812.3687955 97270.4175568 16820.4634979 1428.55613628 556798.043006 650897.085734 14029.1064121 359646.640494 564855.920801 0.0 98189.2427848 226289.178069 234201.044484 0.0 0.0 0.0 34934.5039155 14657.9049999 0.0 3.58925766305 11112.2512603 38203.6677113 0.0 173.696366141 0.180926656851 447.760093801 937.214751208 0.0 3835.68432091 0.0 981.853387583 14980.6760916 41.5893553683 3878.37490005 25.51112916 24363.6775913 0.0 0.0 85171.5335292 0.0 0.0 0.0 95912.5749398 0.0 1362.92382505 0.0 0.0
9140.41121939 0.0 232.334284175 31.5505398816 1966.63547327 83.8459080343 0.0 708688.950227 30383.745688 2776.73999749 937.575751571 8.41390967256 198220.448713 30257.6424476 22516.4872306 34498.889178 1735.96239633 8520.18834133 4432.99741671 42.0978007174 47.0409366962 20798.3214269 42249.7349713 725.702426332 4321.16510764 384266.962096 0.0 0.0 689401.123719 7307.39045594 106434.345168 221200.887854 39630.4222679 0.0 0.0 420947.713679 0.0 0.0 1560.90088969 2293.81987212 5198.58851762 5692.24268895 41.7836507346 7441.36437635 5786.55581939 3400.33592827 1.34533288232 281.18157763 0.0 8045.46375078 0.0 16528.2249538 0.0 0.0 0.0 0.0 12086.0784127 0.0 0.0 0.0 2154.32185442 15500.0194926 10513.3649723 32.1439084063 14676.2175389 0.0 0.0 0.0
47309.4478431 155.714060848 0.0 27.1690382012 0.0 3803.48532768 157815.485723 99231.296208 4833.75005271 22.7338960562 993.783832059 16896.3859827 24953.4145989 0.0 0.0 0.0 14.576902133 1686.69205674 16.6949178018 53.4762811164 11108.3341623 29816.3332871 7282.88432507 35069.1955021 1042.83339496 396123.636787 0.0 1055988.70906 158976.16421 151490.803297 285557.154359 47040.9873807 635967.33589 184236.909847 17016.8768817 28787.6145641 0.0 32.283670017 748.523854917 57836.2838193 17913.8355634 3061.61029126 11.804384348 4955.95951823 1003.70835274 21643.1900167 634.877228559 7422.17962356 0.0 1.82660446598 5991.18183738 0.0 0.0 0.0 0.0 0.0 32048.8740884 26017.7948664 36027.2836005 18107.5301613 1774.03573797 14968.4735392 8927.35661303 3754.291738 0.0 0.0 12402.8615078 2089.8113495
42391.7692985 0.0 0.0 14.9899434873 564.550519218 0.0 20729.6238218 9448.18403743 56318.7639203 8255.76198708 22902.0687154 730.324852863 5031.18372243 0.0 0.0 0.0 5305.58192078 71988.3984166 11.7124293587 3289.3998837 949.413609914 131791.558774 7743.56155322 29.1139847305 1.21489555554 85702.4793999 321235.836009 7908.17593231 33126.9604656 14827.3600739 406426.418808 337432.565131 223720.004077 48001.3338202 0.0 90534.1300868 202614.864226 33084.3491212 773100.085865 21819.7199711 157081.056864 71853.2179764 42385.0517122 3261.30691581 6380.37559553 1640.99881766 135.457380227 145.625137742 1120.80074822 77.1681567432 0.0 210.967146689 0.0 0.0 0.0 0.0 0.0 6373.94665263 289.247458842 0.0 7157.59189811 16829.9127596 14.1953272437 1943.35557822 0.0 10878.1825163 20530.3663803 18784.489735
