critload/trunk/input/2010/nallo.asc
ncols 720
nrows 360
xllcorner -180
yllcorner -90
cellsize 0.5
NODATA_value -9999
[rows 210 to 239 of 360, columns 204 to 271 of 720]
-9999 -9999 -9999 -9999 -9999 1506.73355067 0.0 15433.632054 0.0 4926.06557725 1184.10750129 1034.807427 13199.5238652 0.0 464.415033402 206656.194151 0.0 0.0 410787.048622 955542.401464 2688150.12694 782571.895228 30316.7613169 37885.8446959 1651.35276205 421976.533789 8529148.18299 66267.8754366 1220522.12145 0.0 0.0 0.0 0.0 510121.335992 787321.856426 960153.539005 1481597.49395 718052.294549 424215.82743 70451.9453608 313725.97064 440961.7782 112922.379954 223569.058086 119377.219639 19780.600489 425261.049667 188777.27604 209144.426292 114294.447832 134041.335251 143890.464667 1102277.73231 547534.179145 410465.551374 1045.28347219 481082.728888 90467.3052095 141560.307236 108610.778144 55054.217966 49212.2101573 2366.69782742 36872.4683237 2269.15862688 54095.8201276 37991.4441974 634401.033235
-9999 -9999 -9999 -9999 -9999 -9999 1673.76326661 0.0 0.0 18874.3544692 0.0 17679.4679807 20255.0428789 8340.95209315 0.0 0.0 0.0 0.0 87485.8429007 60637.6776853 580202.967676 1129157.70662 166.408819308 0.0 119625.225735 794013.062869 4958227.33365 1085281.76521 0.0 113.058962506 0.0 0.0 0.0 17111.1827448 97471.7321606 616748.421986 257293.028677 699.262980191 483031.337351 190222.677312 1325229.51631 86687.2102214 1542.83415418 336903.185099 115685.110189 4457.56758474 149275.757374 130645.220124 480.760088498 67269.8872748 107003.25168 452392.987033 1047199.68902 266578.571157 160545.149525 11916.0741224 105339.094532 108089.996014 1144.42566158 0.0 0.0 24960.0663294 60537.9975766 194235.647579 29182.9284421 63064.3314466 623685.830255 49548.8445795
-9999 -9999 -9999 -9999 -9999 -9999 -9999 -9999 0.0 19494.8797459 0.0 74229.4697788 10064.8431224 0.0 565.966208774 80.6015558083 0.0 0.0 0.0 104.430170234 213258.990481 578345.194404 966318.447817 183193.595951 113236.264069 4731169.87422 3154924.44033 404585.946828 681658.362885 1157518.55174 282292.367693 0.0 0.0 0.0 33048.5140613 20560.8235632 1738.16702144 6046.5437864 51844.361352 159456.741269 802429.231347 147925.708876 571796.924149 1356085.06702 672299.872873 102700.171242 1186694.42843 1123424.48291 271493.117424 102988.431223 259818.713518 69954.6755863 200757.243804 85506.5830888 167402.314146 3706.59383097 461.113994451 3287.08263602 3195.20059385 142498.226649 95172.0784594 70486.1058105 68585.1592528 46447.9833111 311419.114128 873049.297592 4160.19761822 4354.38653302
-9999 -9999 -9999 -9999 -9999 -9999 -9999 -9999 -9999 -9999 1790.87428428 6659.8344018 0.0 2371.63482381 66.6768859062 0.0 13654.8884496 0.0 0.0 10152.8988745 7887.0505845 33910.0209476 42941.0961988 30644.9952619 80829.7776149 673893.238999 2368264.96859 131485.01625 0.0 1147281.5112 0.0 767320.28946 0.0 0.0 4494.79424213 103032.065362 156844.430596 382854.980724 1073761.95383 992785.525657 976484.465647 1805666.68878 1448569.28376 778531.770324 480362.550368 1402447.76544 1154113.26585 582693.917982 1292.47571504 86181.5392481 143734.196885 79098.3650166 94321.562578 91412.1092346 92101.5172904 111644.402333 119923.129059 99212.0499234 944.074040969 70761.2407177 90199.553934 73269.7891935 160300.258224 320242.879214 2656.4517829 909264.32307 280943.058444 1199.4533903
-9999 -9999 -9999 -9999 -9999 -9999 -9999 -9999 -9999 -9999 -9999 -9999 187.57803592 0.0 0.0 0.0 0.0 10436.6527412 35868.957543 4815.50602806 3173.00414517 197.945592508 22047.3634241 131582.311266 0.0 30608.9141326 41451.1176058 43208.1834159 54229.6105653 0.0 394496.695468 242366.044659 2737652.51978 1001765.9451 331467.807895 0.0 0.0 111771.615292 350389.228731 2635801.68071 0.0 3744543.6522 4818564.45179 4138921.93886 822632.84424 284234.225347 157502.903069 131954.786117 1951.8635085 194764.40275 4377.66644971 2968.14866052 843.028719908 79074.1614372 256111.382253 416215.044192 118586.426407 146743.27699 87815.5863033 156470.838773 86072.7108423 71065.2371907 294556.700403 1057272.17944 736228.424402 12382.080483 545191.241224 0.0
-9999 -9999 -9999 -9999 -9999 -9999 -9999 -9999 -9999 -9999 -9999 -9999 -9999 0.0 0.0 8140.81194613 0.0 0.0 0.0 62727.4444107 269281.121561 707477.931839 10290.1157394 0.0 81497.7832378 47438.4053066 49.5755785783 17249.3276955 9758.89069218 0.0 830514.122458 2492.30128072 227922.289655 808470.675466 104550.889812 0.0 0.0 0.0 38818.0714641 14560.2094927 0.0 3198395.29186 618358.124158 744643.51767 216906.15199 1048865.38627 453415.091218 597887.995325 424196.267117 12539.1097225 61663.5538607 118681.643332 441062.757779 6207.48693553 96886.0841226 2137382.77539 131123.064097 118251.191518 0.0 0.0 94354.4739032 1031.55787525 231635.451505 144921.966808 24669.9704412 111788.948768 201297.844871 17668.4175459
-9999 -9999 -9999 -9999 -9999 -9999 -9999 -9999 -9999 -9999 -9999 -9999 -9999 -9999 377.083567944 11.7196787477 0.0 0.0 0.0 0.0 0.0 0.0 230.27467783 15888.9562441 117357.984256 42799.63614 50784.1297224 66531.7348272 0.0 0.0 2137790.23523 0.0 195487.45947 649690.085189 227313.785683 83253.4951939 61429.135881 50347.1245888 0.0 0.0 0.0 893154.80254 1101486.22474 665879.222417 201608.049329 1301036.41247 175737.357014 155737.419111 791873.800862 3194.5632866 5176.73635631 435245.06693 242946.80245 227656.787539 45570.8800175 0.0 0.0 0.0 0.0 0.0 0.0 266938.654128 49120.994227 87822.1259454 62405.3529714 0.0 83675.4552676 470410.272973
-9999 -9999 -9999 -9999 -9999 -9999 -9999 -9999 -9999 -9999 -9999 -9999 -9999 -9999 -9999 0.0 0.0 0.0 0.0 0.0 0.0 0.0 0.0 10173.5539906 34192.079943 223260.263147 249230.279874 282073.237983 0.0 601147.965141 0.0 202103.924418 8655.67938761 8910.71447446 53058.6704032 274640.411775 134270.387097 194652.157108 167178.521658 42892.5216634 2651882.40714 4251693.4111 893919.154966 525328.34555 608939.87182 449954.380992 377523.915468 388902.891078 357968.727105 122301.396943 1498.9232253 135507.300185 140266.236545 280074.370556 0.0 0.0 0.0 0.0 0.0 0.0 0.0 11435.1041884 94262.7368749 8503.44036871 0.0 0.0 0.0 472505.993496
-9999 -9999 -9999 -9999 -9999 -9999 -9999 -9999 -9999 -9999 -9999 -9999 -9999 -9999 -9999 0.0 0.0 0.0 0.0 0.0 0.0 0.0 0.0 2928.4735322 19008.8708993 154864.463998 55239.912502 72383.3254965 74296.00093 75.7593129688 75350.7450054 6641.44523195 14317.2673973 14860.321181 43757.5771498 60282.9240301 45198.2231304 1636.56169529 113468.780725 251557.681661 0.0 7346523.87242 1885599.10354 1043456.70033 1278285.07956 375812.166117 909.262585291 730759.184378 84551.1006194 2008.95507711 147305.835317 102477.389347 77376.8754077 0.0 0.0 0.0 154501.58127 189322.921039 145409.44462 0.0 0.0 0.0 0.0 4970.85082825 104585.131991 0.0 119288.61647 123698.051016
-9999 -9999 -9999 -9999 -9999 -9999 -9999 -9999 -9999 -9999 -9999 -9999 -9999 -9999 -9999 0.0 0.0 0.0 0.0 0.0 0.0 0.0 1.62568918986 0.0 0.0 13039.7558835 49239.3338396 7920.48927873 5.67430374626 842.07056107 65362.9240715 0.0 145.688484798 0.0 167132.565439 73291.5657274 88039.5176327 76769.793216 103349.175528 0.0 1722782.21038 4073837.86926 1641479.009 2348920.52533 1409636.40843 253495.127745 87172.5659132 532.879411705 96996.0097714 104839.649191 81863.4560525 147023.631943 2525.30721672 0.0 0.0 0.0 0.0 0.0 0.0 0.0 0.0 0.0 1434.75508875 1877.61395904 133227.952856 171987.832017 112228.035121 0.0
-9999 -9999 -9999 -9999 -9999 -9999 -9999 -9999 -9999 -9999 -9999 -9999 -9999 -9999 -9999 0.0 0.0 0.0 0.0 0.0 0.0 0.0 0.0 0.0 22679.6218229 6252.73110683 46264.1901866 19.1819962063 1710.09462244 21157.5755544 6504.93765089 9515.42036701 0.0 7911.8202172 51233.3968561 111016.279517 458679.520445 236622.308727 124602.548553 4635558.5033 1509623.40527 681799.578295 28744.2962316 539906.045473 585413.229242 1466112.74788 76566.4838338 91228.2855084 142514.221741 485929.928166 107923.014192 613935.472627 0.0 0.0 0.0 0.0 0.0 0.0 0.0 0.0 0.0 0.0 0.0 98051.584495 128926.69212 868.410509654 0.0 0.0
-9999 -9999 -9999 -9999 -9999 -9999 -9999 -9999 -9999 -9999 -9999 -9999 -9999 -9999 -9999 0.0 0.0 0.0 0.0 0.0 0.0 0.0 0.0 0.0 6137.97015066 42849.7330386 30254.0311525 59790.1770561 51.4982717966 58.2000056048 11329.6193393 0.0 15899.2490596 115464.019439 195550.520612 248694.097281 273333.844102 330613.305238 1051200.05813 6490383.78027 5519671.67516 110427.100222 798.296449959 468622.827576 135012.844795 548013.800047 93222.1484875 772.271167074 0.0 129024.303967 96127.0457743 208799.298016 0.0 857889.236523 885989.688733 0.0 25049.1089744 479683.175894 0.0 388627.188843 112735.489681 10744.9426286 0.0 0.0 0.0 0.0 1369.6189848 459781.178351
-9999 -9999 -9999 -9999 -9999 -9999 -9999 -9999 -9999 -9999 -9999 -9999 -9999 -9999 -9999 0.0 0.0 0.0 0.0 0.0 0.0 0.0 0.0 0.0 0.0 20445.2458006 9138.46351814 66353.2153547 82704.9269524 392218.830719 135.397136818 12209.7120952 7964.776431 38129.7624828 231557.49266 505749.43198 259916.141654 471522.193654 2257391.84726 3864152.46202 3245598.34909 78423.1060902 523.836790743 515497.492264 65688.268967 14563.8477929 125037.377042 151105.285835 503373.57835 199453.480191 1334.92431904 104567.991402 1295977.74035 165282.505668 100837.44743 0.0 0.0 0.0 23259.2185202 199171.585442 151077.886051 316930.566955 4228.55018923 0.0 0.0 0.0 0.0 0.0
-9999 -9999 -9999 -9999 -9999 -9999 -9999 -9999 -9999 -9999 -9999 -9999 -9999 -9999 -9999 3.4177771235 1101.21837035 0.0 0.0 0.0 0.0 0.0 0.0 0.0 0.0 0.0 15049.7855819 32721.6311817 28.3671343447 15752.959775 122085.838839 29482.6922746 21877.18351 13646.0242963 403520.406369 654766.451129 336578.178893 605316.161506 2384428.00183 3954679.82949 2095591.7108 108599.702553 41414.5741697 84292.4250748 595.496917702 117371.995322 536656.610168 648817.783116 686432.353154 151339.282487 121767.402014 1311756.75017 126397.8405 231015.122412 144480.872644 3924.51911461 0.0 0.0 0.0 86375.577602 117909.882217 220946.091871 0.0 0.0 0.0 689207.066379 75643.4423211 0.0
-9999 -9999 -9999 -9999 -9999 -9999 -9999 -9999 -9999 -9999 -9999 -9999 -9999 -9999 -9999 0.0 755.886191147 460.342936009 421.029430871 0.0 0.0 0.0 0.0 0.0 0.0 0.0 7492.84634525 115244.458773 0.0 12898.6222715 563562.055322 15.4668040204 54.6986526872 45392.6080895 245998.577523 369901.420044 467948.789384 295861.099555 1910538.29819 2716103.18524 783159.153822 557660.361447 461076.424137 76067.6048245 1241.71513357 93973.5658117 257701.316851 319329.400735 288451.039223 74094.9290985 269291.147765 0.0 48248.3931211 587.111052903 164920.526605 101574.024935 909.972384838 103588.592862 0.0 37531.738894 30885.4492654 1024437.17582 92460.6085921 801.091412947 470791.344265 17562.4316083 1140.00843051 59234.0373068
-9999 -9999 -9999 -9999 -9999 -9999 -9999 -9999 -9999 -9999 -9999 -9999 -9999 -9999 -9999 0.0 0.0 82.4507296898 0.0 67.1334874252 0.0 0.0 0.0 0.0 0.0 0.0 0.0 395837.192211 76.3569823998 68957.8768518 539132.696129 4520702.61305 84144.5252744 0.0 0.0 206614.294808 540483.556557 556041.599212 2465307.51257 1822012.31195 3760930.35328 71100.6537235 641230.311638 14968.8320445 572.113787203 92375.2377212 165473.948947 16982.9092852 1349104.902 768630.474217 131959.342069 640914.215345 0.0 0.0 0.0 156470.358478 0.0 97491.704692 0.0 0.0 557969.8047 0.0 97831.8283797 0.0 1814.11309644 107569.327097 0.0 27980.0929098
-9999 -9999 -9999 -9999 -9999 -9999 -9999 -9999 -9999 -9999 -9999 -9999 -9999 -9999 0.0 0.0 3667.98449509 62.0448317674 0.0 45415.7193963 0.0 0.0 0.0 0.0 0.0 0.0 0.0 482096.788949 171702.245533 119041.972028 17991.9015699 99980.2981789 210528.32322 28193.8161047 115255.53211 221674.119612 378326.302434 222433.389058 478398.543068 824556.558111 8623524.03611 2550478.05288 39355.2253989 75632.6203472 632.049352914 728.335635927 8278.81450751 154144.49294 2218719.49947 392690.899046 173723.773535 123255.883578 69776.1259892 4304.4948902 0.0 218424.235207 0.0 0.0 0.0 186210.849849 869128.18503 122651.766168 0.0 0.0 0.0 0.0 11859.2355798 27.8231237694
-9999 -9999 -9999 -9999 -9999 -9999 -9999 -9999 -9999 -9999 -9999 -9999 -9999 -9999 0.0 9115.34871749 0.0 0.0 0.0 0.0 0.0 0.0 0.0 0.0 30.3520025415 4148.03499206 136379.061767 40129.3068528 116766.442342 3180200.76354 99836.538691 147.221648937 102193.864007 385377.964764 433487.474124 346157.999614 424185.050621 375788.917128 470771.847689 1356606.79663 4405260.07168 7298953.97656 18745.9927024 0.0 33748.1760845 481603.071264 124111.380966 1917995.67012 16051.7748184 107935.1261 3263.38705275 513362.651786 132422.55297 4442.34343786 34762.5556263 120189.680712 0.0 0.0 293832.751158 146026.128609 666643.262786 0.0 0.0 0.0 13834.8775625 324.371380043 -9999 -9999
-9999 -9999 -9999 -9999 -9999 -9999 -9999 -9999 -9999 -9999 -9999 -9999 -9999 -9999 0.0 0.0 22.6344655429 0.0 0.0 0.0 0.0 0.0 4.96528564638 0.0 0.0 22861.1002406 185979.332022 207.982547018 59639.0068518 1310616.84454 163443.282616 522541.787151 310890.020837 37121.4510341 230460.398081 383608.955613 315198.094678 307967.045797 310318.617751 930393.4431 571845.027115 5914828.43904 32002.7542116 0.0 23351.4953419 879.999891278 82691.7122317 0.0 142052.760063 574453.967441 1147.93162937 1493.77029764 92274.5436161 59249.8984285 139743.771975 1675.95715692 164156.297494 3791.47204541 268381.400123 667.814982793 300716.843304 0.0 7937.45811551 -9999 -9999 -9999 -9999 -9999
-9999 -9999 -9999 -9999 -9999 -9999 -9999 -9999 -9999 -9999 -9999 -9999 -9999 -9999 0.0 0.0 0.0 0.0 0.0 0.0 0.0 0.0 0.0 15.0349383234 35654.8769087 20837.374812 21255.0619586 203.04643656 2583.67326756 45343.1775952 155.315345683 213208.391677 310692.680521 551948.182571 288595.73122 327325.506095 646222.683428 205469.994482 519638.676765 1439143.53981 1120358.40083 7708520.74872 782464.79697 438.735316285 0.0 18763.8609385 0.0 0.0 593.11555981 23385.4662596 170986.089085 88380.859065 573.474564662 582883.4684 882.625330044 102018.449393 544.578737662 35802.4596805 18739.2411587 37527.3368019 563828.257378 75927.8334576 -9999 -9999 -9999 -9999 -9999 -9999
-9999 -9999 -9999 -9999 -9999 -9999 -9999 -9999 -9999 -9999 -9999 -9999 -9999 -9999 0.0 0.0 0.0 0.0 0.0 0.0 5892.96090166 0.0 11651.5593905 25190.429021 76.222575408 0.0 68049.5233155 78875.7664734 103.660560562 0.0 0.0 0.0 0.0 629753.956439 141151.104913 772046.236033 902890.517637 1466128.10937 1524492.01435 815365.220702 1974617.40881 0.0 543006.830482 11970.7968141 0.0 0.0 0.0 0.0 52077.3759169 54472.6211958 2707.49185087 85936.5555865 1675.00630382 242.605092488 102557.308936 380047.043777 74164.3578446 616.320348818 1991.94218881 0.0 13900.4082692 -9999 -9999 -9999 -9999 -9999 -9999 -9999
-9999 -9999 -9999 -9999 -9999 -9999 -9999 -9999 -9999 -9999 -9999 -9999 -9999 -9999 0.0 0.0 0.0 0.0 0.0 0.0 28016.2222983 4.40522904378 48.3634001605 53057.0494925 44312.1544734 77.4591274576 44922.7561064 7473.54345132 353853.403661 33.7439214452 13484.4511707 20423.4474449 19.8838843369 314998.044268 461952.250141 962010.945588 789210.749462 632724.826874 1094857.37435 2481013.74895 5930725.21115 341203.648072 389569.134897 9046.72636356 11498.0964758 539089.486396 0.0 0.0 734560.877807 222951.669742 0.0 0.0 0.0 0.0 121128.837638 162262.780582 132596.56282 0.0 26174.6350489 193860.353753 -9999 -9999 -9999 -9999 -9999 -9999 -9999 -9999
-9999 -9999 -9999 -9999 -9999 -9999 -9999 -9999 -9999 -9999 -9999 -9999 -9999 -9999 0.0 0.0 0.0 0.0 0.0 0.0 0.0 0.0 0.0 42.1814858276 179820.668536 9357.08003542 83.5640579775 134333.061711 491521.616934 39944.9441083 0.0 57896.8064339 192598.733721 262293.159964 571890.518047 555315.225674 1111678.32415 1720347.20054 906305.331921 5420423.06305 0.0 0.0 969289.034821 24878.8051229 0.0 26509.3781734 858049.148885 0.0 1330.31361417 683.81064415 100553.693718 0.0 0.0 0.0 662173.649538 174237.0534 134198.012922 671.928802303 645984.742286 -9999 -9999 -9999 -9999 -9999 -9999 -9999 -9999 -9999
-9999 -9999 -9999 -9999 -9999 -9999 -9999 -9999 -9999 -9999 -9999 -9999 -9999 -9999 0.0 0.0 0.0 0.0 0.0 0.0 0.0 0.0 5398.04868729 63676.5059766 137.025744075 0.0 8584.47467872 310750.300862 498914.371106 0.0 10590.7892815 241915.062379 305142.557992 551124.96782 451862.771408 752375.735324 1067089.85315 4581771.11044 2904214.86681 9393825.14298 7432561.88834 2827927.35521 1045696.01349 694788.434795 323.70360785 0.0 0.0 84.3713050678 6080.8933719 106038.611114 129493.352955 115820.611782 804.500362029 649.949679767 772.091612695 1342.19622753 113981.23682 116439.379521 550712.144472 -9999 -9999 -9999 -9999 -9999 -9999 -9999 -9999 -9999
-9999 -9999 -9999 -9999 -9999 -9999 -9999 -9999 -9999 -9999 -9999 -9999 -9999 -9999 7.26760138428 11.1727006458 0.0 0.0 0.0 30.054601812 3670.14042587 11.6618344977 11454.7446473 716.896904415 24090.0184983 0.0 0.0 414350.165845 2112081.89375 24214.1490211 873.579885293 5336.3706714 82666.2943988 300312.290448 437693.32412 251990.09338 948631.330729 1395569.65029 3129605.14393 3696585.55231 3598925.18597 5634497.249 0.0 0.0 0.0 7064.66596731 2482.36559865 612332.761609 682414.813367 559165.347788 500439.870099 169928.384473 68686.5691766 114925.077307 123092.663221 0.0 126308.054286 101329.229974 69001.7586359 2244.81901615 -9999 -9999 -9999 -9999 -9999 -9999 -9999 -9999
-9999 -9999 -9999 -9999 -9999 -9999 -9999 -9999 -9999 -9999 -9999 -9999 -9999 0.0 0.0 0.0 0.0 0.0 0.0 1701.30611935 56561.7568751 6990.11396514 52111.3880808 14865.5725239 0.0 0.0 0.0 242953.434412 294400.733392 173.783377476 0.0 1900.72787492 251856.860185 710361.347148 482781.611069 1568185.80291 211423.702457 2099367.33475 4295305.28424 825502.373239 1498204.23164 2070234.34794 0.0 527718.508884 1532.36540566 45852.9560461 530883.917653 97809.9319745 3031.73123361 132540.353073 0.0 3887.43484082 473875.982273 217382.461709 0.0 0.0 109499.772123 603.424440555 13116.5731438 14553.5980937 -9999 -9999 -9999 -9999 -9999 -9999 -9999 -9999
-9999 -9999 -9999 -9999 -9999 -9999 -9999 -9999 -9999 -9999 -9999 -9999 -9999 146.080059213 0.0 0.0 0.0 0.0 0.0 0.0 17989.1293455 5547.68265838 338465.593716 0.0 3597.81910576 16111.6259981 116.622926186 528898.68542 212.334660234 1549690.39867 2273.50554577 209465.470721 267977.382425 898122.630339 1452178.24348 1749142.77189 971353.135579 1697743.53985 3542422.87752 513481.18083 0.0 0.0 0.0 507636.210711 1280181.23228 720170.497124 504859.882952 489308.952756 103096.311591 14591.7642846 0.0 0.0 2375.82515276 904.901579472 98089.687444 100170.754235 553.08832087 78253.6704874 0.0 -9999 -9999 -9999 -9999 -9999 -9999 -9999 -9999 -9999
-9999 -9999 -9999 -9999 -9999 -9999 -9999 -9999 -9999 -9999 -9999 -9999 -9999 0.0 0.0 0.0 0.0 0.0 0.0 10376.1921041 26.7206132459 94.4923362078 51305.0821962 5206.67548744 19017.1277306 9098.09578859 34189.8384218 312677.160746 672287.99722 721634.074294 1232428.29948 266953.20553 119536.619336 1216634.21651 641845.095979 1034069.43663 994290.024152 2641748.69891 850561.366361 0.0 0.0 931481.366643 1026957.11641 1548267.73816 417690.805594 449649.241585 124572.787434 95419.1242622 36226.9707332 0.0 76339.9937569 100628.879602 94153.5815287 136799.425623 112435.605455 106200.182971 1474.57442718 84192.2584188 94126.2807046 -9999 -9999 -9999 -9999 -9999 -9999 -9999 -9999 -9999
-9999 -9999 -9999 -9999 -9999 -9999 -9999 -9999 -9999 -9999 -9999 -9999 -9999 0.0 0.0 0.0 13.1754011267 17.556329583 0.0 234.859145957 9.69729903178 13924.5721121 47148.0962212 0.0 0.0 0.0 121451.650708 0.0 328.90205286 554316.311588 359861.30347 610981.428481 1056601.9606 776988.933578 1457542.13181 416728.933803 3545166.04269 3109097.50083 823974.204032 2937.53531826 729822.677903 172762.669075 1763926.40101 1072468.50729 633644.758197 95853.6933556 64764.6634249 78970.6608452 2914.47594216 0.0 507.117903237 39310.6455695 587816.081664 87171.5230726 406.266651381 366.991146049 0.0 0.0 -9999 -9999 -9999 -9999 -9999 -9999 -9999 -9999 -9999 -9999
-9999 -9999 -9999 -9999 -9999 -9999 -9999 -9999 -9999 -9999 -9999 -9999 -9999 61.3745929871 0.0 0.0 53.0157320802 7877.77308087 2.73275156206 1275.59648483 0.542070203975 11970.1914285 0.0 0.0 3165.07994955 131224.878323 0.0 14549.4639731 582.965582546 94346.9189589 73308.2993285 54518.8807659 42751.0668285 792509.325684 0.0 265885.054915 6552572.19628 1284876.54309 482855.320666 1971.61331671 960627.434812 715385.324794 603183.675998 126469.943596 718338.44755 539109.586138 999994.03356 148098.130039 129362.120524 711908.196486 116097.57722 127499.454357 811888.627585 674424.081932 76470.3676154 0.0 26962.1266169 -9999 -9999 -9999 -9999 -9999 -9999 -9999 -9999 -9999 -9999 -9999
