critload/trunk/input/2010/nallo.asc
ncols 720
nrows 360
xllcorner -180
yllcorner -90
cellsize 0.5
NODATA_value -9999
[rows 30 to 59 of 360, columns 476 to 543 of 720]
0.0 0.0 0.0 21.5663339114 0.0 0.0 -9999 -9999 -9999 -9999 -9999 -9999 -9999 -9999 -9999 -9999 -9999 -9999 -9999 -9999 -9999 -9999 -9999 -9999 -9999 -9999 -9999 -9999 -9999 -9999 -9999 -9999 -9999 -9999 -9999 -9999 -9999 -9999 -9999 -9999 -9999 -9999 0.0 -9999 -9999 -9999 -9999 -9999 -9999 -9999 -9999 -9999 -9999 -9999 0.0 0.0 0.0 0.0 0.0 0.0 0.0 0.0 0.0 0.0 0.0 0.0 0.0 0.0
0.0 0.0 0.0 -9999 -9999 -9999 -9999 -9999 -9999 -9999 -9999 -9999 -9999 -9999 -9999 -9999 -9999 -9999 -9999 -9999 -9999 -9999 -9999 -9999 -9999 -9999 -9999 -9999 -9999 -9999 -9999 -9999 -9999 -9999 -9999 -9999 -9999 -9999 -9999 -9999 -9999 -9999 -9999 -9999 -9999 -9999 -9999 -9999 0.0 0.0 0.0 -9999 -9999 0.0 0.0 0.0 0.0 0.0 0.0 0.0 0.0 0.0 0.0 0.0 0.0 0.0 0.0 0.0
0.0 -9999 -9999 -9999 -9999 -9999 -9999 -9999 -9999 -9999 -9999 -9999 -9999 -9999 -9999 -9999 -9999 -9999 -9999 -9999 -9999 -9999 -9999 -9999 -9999 -9999 -9999 -9999 -9999 -9999 -9999 -9999 -9999 -9999 -9999 -9999 -9999 -9999 -9999 -9999 -9999 -9999 -9999 -9999 -9999 0.0 0.0 0.0 0.0 0.0 0.0 0.0 0.0 0.0 0.0 0.0 0.0 0.0 0.0 0.0 0.0 0.0 0.0 0.0 0.0 0.0 0.0 0.0
-9999 -9999 -9999 -9999 -9999 -9999 -9999 -9999 -9999 -9999 -9999 -9999 -9999 -9999 -9999 -9999 -9999 -9999 -9999 -9999 -9999 -9999 -9999 0.0 7902.03187098 4004.62366202 2214.07700326 0.0 -9999 -9999 -9999 -9999 0.0 0.0 0.0 0.0 0.0 0.0 -9999 -9999 -9999 -9999 0.0 -9999 0.0 0.0 0.0 0.0 0.0 0.0 0.0 0.0 0.0 0.0 0.0 0.0 0.0 0.0 0.0 0.0 0.0 0.0 0.0 0.0 0.0 0.0 0.0 5.50551451555
-9999 -9999 -9999 -9999 -9999 -9999 -9999 -9999 -9999 -9999 -9999 -9999 -9999 -9999 -9999 -9999 -9999 -9999 -9999 -9999 -9999 0.0 1.22092944906 0.307387132053 4434.17524093 47788.0268062 1.31612417597 23813.7439706 0.0 0.0 -9999 -9999 0.0 0.0 0.646387283917 -9999 -9999 -9999 -9999 0.0 -9999 582.023074356 4.41692368391 0.0 0.0 0.0 0.0 0.0 0.0 0.0 0.0 0.0 0.0 0.0 0.0 0.0 0.0 0.0 0.0 0.0 0.0 0.0 0.0 7352.15143637 2223.28826532 0.926779862328 0.0 0.0
-9999 -9999 -9999 -9999 -9999 -9999 -9999 -9999 -9999 -9999 -9999 -9999 -9999 -9999 -9999 -9999 -9999 -9999 -9999 -9999 -9999 9215.3151743 10843.0742918 14.3242836441 48088.1822253 9851.91324067 56.6022857738 33.2603585169 77.3548117854 850.772518422 -9999 -9999 -9999 0.0 2326.85076745 0.0 -9999 0.0 402.446800051 372.292090551 0.0 0.0 0.0 0.0 0.0 0.0 0.0 0.0 0.0 0.0 0.0 0.0 0.0 0.0 0.0 0.0 2.72340401855 4.67819866692 0.0 0.0 6043.70753871 8665.35485979 0.0 251801.331534 0.0 0.0 24.4530336888 9228.00828776
-9999 -9999 -9999 -9999 -9999 -9999 -9999 -9999 -9999 -9999 -9999 -9999 -9999 -9999 -9999 -9999 -9999 -9999 -9999 -9999 14274.8844755 8830.49344589 111.455797203 8.92940448039 45.7999583452 23600.8952036 22536.0662707 23072.036367 14742.5948191 0.0 0.0 2.43738408615 9770.71363741 39311.361232 2058.75212274 -9999 8296.69140129 6433.59497367 3.28663425623 1.16077751355 0.0 0.0 0.958004996085 0.515557572609 0.0 5.73346656943 1814.32937143 9.71452438391 0.0 0.805902905447 0.0 0.0 0.0 0.0 0.0 0.0 1929.83437816 0.0 0.0 0.0 0.0 0.0 0.0 0.0 0.0 4847.30093716 4.74551862472 13.7754729869
-9999 -9999 -9999 -9999 -9999 -9999 -9999 -9999 -9999 -9999 -9999 -9999 -9999 -9999 -9999 -9999 -9999 2.3685667341 67.1983757277 55211.1012333 48592.5309305 30931.6029581 26703.2252186 23.8753457494 36.2297387433 69.8676465308 26615.3766789 27040.614861 31215.7606982 0.0 2.7467113046 2677.87223125 4210.29916837 5.92307127883 15.7467502108 2217.08337939 1526.68914675 0.0 6.11552366141 4.78770724714 0.0 0.0 0.0 0.0 0.0 2.02608638471 0.331620068395 2.84869640949 0.0395913610514 5.13055214872 0.0 0.0 0.0 0.0 0.0 0.0 0.0 0.0 0.0 0.0 0.0 0.0 0.0 0.0 8.75216131643 0.0 0.0 0.0
-9999 -9999 -9999 -9999 -9999 -9999 -9999 -9999 -9999 -9999 -9999 -9999 -9999 -9999 -9999 -9999 0.0 205.113374074 20526.7064153 45217.7328592 8202.44475792 75611.7220814 11214.3108752 7058.71248465 112.655081157 126.881834346 83062.3643098 65234.8388967 9244.89560839 56633.4501982 -9999 0.0 1265.2377809 465.922926915 9559.10200037 0.0 3773.7533287 31236.3339184 501.002465115 9.34194179105 0.0 0.0 0.0 0.0 0.0 0.0 25876.4807966 4.89336812749 0.0 7493.44235737 4424.84348102 0.0 0.439388177964 0.0 0.0 15.2586345872 0.0 0.768109141461 30.7206756348 3790.16848629 18535.5995926 1325.34659747 0.0 0.0 0.0 5.38972915244 0.0 0.0
-9999 613.666546909 325.343120195 530.433229009 0.0 -9999 -9999 -9999 -9999 -9999 -9999 -9999 -9999 -9999 -9999 -9999 -9999 0.0 35927.187704 35675.8847442 15160.6725524 89107.6462235 63712.6915982 58350.0206065 0.0 0.0 397.870123073 24507.2239531 232373.176118 20502.461216 -9999 0.0 34.5906374806 41.2901983396 28.2244798451 25333.3209817 66298.078564 17646.4727844 20.150221378 17551.6583374 11701.367214 44167.1412142 0.0 0.0 0.0 0.0 0.0 0.0 8485.32496999 0.0 55687.1778166 0.0 0.0 3815.7653911 3.60451030622 1627.71535937 0.0 0.0 0.0 0.0 0.0 0.0 10379.697146 2711.30594489 2.00429879237 0.0 0.0 0.0
-9999 0.0 11.9541346174 469.059338847 2389.30003656 23081.0323127 3574.13896645 790.215876503 11.9298503567 1231.73474814 38.0052021743 13.1296450797 0.0 -9999 -9999 -9999 -9999 1540.8799065 1955.47640613 319.592992675 36978.2572413 121004.463589 12175.7915703 234.563588094 0.0 0.0 0.0 15189.8322534 19908.0496869 19510.6818392 -9999 7774.16286056 100.081048008 176.276024474 28185.2951327 7023.55098961 844.112148305 54438.081327 6692.44124878 5093.03241929 9840.0247898 35638.3821853 0.0 1574.73627446 5.17478667847 7795.07485682 36108.9352039 26557.2174677 4.85926141894 103.098073259 0.0 0.0 0.0 0.0 0.0 0.0 12095.0646291 2.79199499298 0.0 0.0 0.0 0.0 0.0 0.0 0.0 0.0 0.0 0.0
-9999 -9999 63.8283354805 -9999 0.0 2139.82268713 39939.1308694 1444.07165253 42.7709866955 39.2015633181 39.3853533474 6690.2693468 38167.2086224 0.0 365.576292016 0.0 105.389276444 -9999 0.0 -9999 37333.1301723 188.699010102 63444.9481951 60238.2935349 0.0 197.040866569 56121.9227438 282188.817775 0.0 0.0 -9999 394.193495307 105.887857197 62251.0839924 5308.91062078 34.1938779426 62036.5407806 9840.37948483 100157.512116 57431.2105788 3147.80074494 128.843945821 20777.8998489 56934.2406165 90714.975784 72.0900484342 60.9228621121 2343.45720912 16.0983342699 1718.62256702 93635.3204868 41.9778426277 64112.0230268 0.0 60275.6985568 0.0 0.0 12.1243675334 952.065835664 7.59970020422 0.0 0.0 0.0 0.0 0.0 0.0 0.0 0.0
1035.4587334 0.0 38406.1210304 121.822996543 3727.37218038 20324.8945116 130440.790388 6075.77833115 56.2800840443 5314.29501876 52.0888113393 5238.17669731 37737.2412545 104429.82976 87578.679774 108.600124165 6706.43893033 4970.52458046 3401.80877782 1064.26129204 -9999 142.341488286 69469.7242728 164063.161773 72973.3738024 69442.9619121 13786.6942911 13972.2692717 0.0 0.0 760.454044643 -9999 0.0 13529.0553126 7270.49122502 25169.186565 61618.0616043 3536.05912557 2971.6849133 1232.30591321 47.5108616732 100.434771796 0.0 0.0 24429.4664398 22715.474103 23577.3112184 1.20647352716 15.8650805485 30.218554528 8108.41130843 0.0 7865.36430403 78832.4972426 9.62830477889 19949.1662505 0.0 6896.73359438 738.093577954 8.63423586628 6.36438402131 7.90248948097 0.0 0.0 0.0 0.0 0.0 0.0
726.976338481 78.4679119194 448.203336393 94483.3704977 5083.05556751 8025.39797509 6133.92021664 12714.9842822 57180.599823 97921.9346777 47.7739539794 16.8293447179 43867.1094872 2380.73499105 41656.5033266 1701.8276682 3.39362034607 17.5705795207 5343.25375069 8567.67081182 76471.0389624 18488.942502 69236.0578583 61141.860786 6683.52315239 0.0 0.0 33384.160433 9703.90939028 124.396154172 46730.8615966 0.0 0.0 51.7995045869 151.284432499 181.387592674 161050.241182 92229.1530656 6184.36114021 10747.2288831 2281.05084117 21759.8906855 69893.2706808 3015.40606475 9280.02433212 9592.74096825 44166.662912 77.4926060118 25.8924672571 0.0 0.0 51826.7300022 6687.73713283 1467.46086861 42.1674361543 12.2407821683 0.0 0.0 0.0 0.0 0.0 0.0 0.0 0.0 0.0 0.0 0.0 0.0
73546.1277367 34467.221885 147.853033697 53936.5621654 104141.416305 92058.255292 7434.77807675 78.2330588291 75.6644644457 35013.4153113 618.394050391 57255.553672 5098.10711464 9066.83054113 3964.42418443 7.37653588297 2.0592208785 339.708554066 58047.9475886 96733.3734447 172.89058088 9686.44661642 16228.2805495 9911.73842416 278.968150197 178.662919557 90601.4882587 111549.601819 208.782117751 65269.9403875 3878.32009464 -9999 -9999 5075.00358922 14350.5622181 157869.58599 74394.0757518 89603.7956404 72087.5272764 242749.735927 33.4043277358 77.3081309715 130.041836294 25.547743879 28.8694079418 9327.54672916 26.1712343275 41.8301577711 22705.8040276 17.6734071828 82218.1013196 119965.987942 12987.3717113 11588.9861316 19865.957961 6095.48603313 0.0 2444.56173806 0.0 0.0 0.0 0.0 0.0 0.0 0.0 0.0 0.0 0.0
281867.455722 32322.9843735 6215.65685976 34067.672771 12928.6661227 29324.7855075 88.7808894447 61247.4496994 25549.7987496 11185.1220724 67119.8534752 124386.046884 60844.2327481 32549.1822111 7799.80832604 556.664651766 0.939029201898 1623.80098683 6119.80299989 26910.8852003 83122.2988336 87353.9096656 242819.423333 238432.251402 95577.505909 14068.50875 80503.1605615 26581.5988166 15502.837249 -9999 -9999 309.612616988 6983.01845014 10437.7517665 14664.7715957 40778.3481688 89282.972054 112790.025859 214870.49117 1050657.1952 1829.7504003 246.1101619 52016.4503899 30711.7805267 307638.658699 70947.7709713 72658.4114067 88037.3070667 117873.862306 4481.33274212 0.0 0.0 26638.7772268 19829.9474799 5003.88860512 41.9304368794 11294.342161 0.0 0.0 0.0 0.0 0.0 0.0 0.0 0.0 0.0 0.0 0.0
1784.17736173 73.9819322195 141372.588496 27520.0366827 2886.47621996 6081.4254819 131186.498125 9653.95216879 3738.48383309 76264.9618382 9711.57712564 12.3239021378 5.35780047019 17.0537554503 8061.41564204 18610.5836269 8025.63366428 0.0 0.0 0.0 133031.143452 0.0 0.0 84690.7127935 3105.17690893 9772.49998484 21768.1563039 1652.74714029 -9999 151.404028232 60896.2335393 5385.49065461 191.784027113 258.986208642 188.453661958 73073.8805506 80031.2590676 97283.747455 61332.5646055 275872.303148 41889.3015853 6420.51690178 71.2459796606 2626.69802055 52152.8107059 4517.02563324 128897.984979 434370.398503 122331.949592 132.998305473 16710.8080142 69161.1575107 463624.375158 84393.8418222 0.0 0.0 0.0 0.0 24069.2085327 0.0 0.0 0.0 0.0 0.0 0.0 0.0 0.0 0.0
158463.466945 68864.7747619 3865.35042845 189550.000152 211747.903062 99542.9086428 9302.10048072 77695.3892434 13851.6989654 12.1576178485 18.5800646146 7268.13633122 76050.7744526 0.0 0.0 3547.74461668 0.0 97963.4488858 126307.754447 33406.1706237 60320.0657536 3437.35439503 84.3329766893 37430.6026778 84.9704694137 103.323073367 2136.80037597 34165.3875322 54300.8410669 16892.0252769 7506.72848504 6386.52534069 38551.6260839 141470.532847 1767.90107666 3073.56640393 3208.90205237 3819.92641215 7743.08609155 7839.97873079 208095.998964 4812.8858279 100.472474954 108.334490445 12838.2876479 27425.8527357 66553.1233175 20370.3125408 65221.4482228 6580.39359622 42957.4056703 28059.223733 179516.60784 440777.151705 0.0 0.0 7965.24957639 94.9128962637 0.0 0.0 0.0 0.0 0.0 0.0 0.0 0.0 0.0 0.0
7037.15240724 6476.80396988 141847.841956 50814.2056741 4166.49782803 63.0483703497 3489.8404243 12.5039923371 9.49563576282 903.268377301 2255.2563481 74111.6918835 0.0 0.0 483396.085759 0.0 0.0 3734.21481226 105654.345232 28724.566623 212.890936373 80781.5766954 13076.0493303 40468.3508637 7060.94924805 3112.1163709 4412.49984912 73619.5704802 588410.371935 111909.875707 65913.9331774 31546.9758444 68438.9444357 13228.9453406 114.916505734 85.2948119704 108.108445631 6625.77575329 75111.2693563 104655.07001 283200.742489 155639.308176 59346.8062713 208.878432129 612.593020411 15512.4811426 4466.45448555 57209.1721426 72333.0782637 24194.271293 19613.6073149 14748.1064393 3513.30872018 12545.4540228 3320.29511654 20055.3690836 24176.3717016 3768.97008505 63764.6629911 0.0 0.0 0.0 0.0 0.0 0.0 0.0 0.0 0.0
8028.23106921 9715.39668494 26660.9918113 8.68045994302 7.40145643797 1562.88058803 10.0890727544 12.8847224767 44745.071531 14749.0644274 17491.9214486 62636.731934 55.3699568775 24776.6055837 0.0 101452.864283 84386.1345129 225467.824269 63226.588946 123.34423556 78.8053256801 72061.6512019 67031.4810875 75597.1361092 212.687923418 112.545219023 12600.1917397 64434.9887323 17361.8135641 23235.8822078 106215.627925 109361.474833 868.557907349 103986.448758 14335.3820763 163.446925951 6343.36124402 12932.0470202 94757.0401671 204877.044459 173426.198286 414.733016932 46429.6827203 294.09023616 112681.273319 24078.1152778 225324.356919 242525.085733 24410.2329925 4808.57858846 34749.8212092 20881.2851064 4752.06036829 3496.35687998 3500.65259603 12285.8220936 31038.4361437 171263.175145 81877.30426 0.0 0.0 0.0 0.0 0.0 0.0 0.0 0.0 0.0
89.8348220899 2337.74953632 20.838117826 2.80118529367 11.4076914708 1721.15803504 3474.97198043 46849.3133567 6887.79101467 107.195951495 156.838702141 143769.805283 102786.931792 141709.156251 920768.239289 0.0 0.0 0.0 125179.018418 87779.5403857 145.762151698 50844.3209524 388.674527547 56650.990707 20290.6741524 45429.0711187 156995.954381 1876.08263046 61972.0292677 65885.9760949 13188.7370143 106239.437409 105019.334144 31184.2625984 104101.558609 25387.0011803 164579.328731 30359.1314682 279120.464665 236111.003359 73126.9030299 0.0 0.0 48778.0994445 177605.489965 197047.310553 427262.867982 11104.6197207 23537.8671857 5363.34244207 11505.0503199 17802.0977996 16798.868254 9942.93372665 142.308113512 49.7735880704 16723.4006472 152700.900715 3602.30062349 0.0 2771.03766437 0.0 0.0 0.0 0.0 0.0 0.0 8.37876130734
69190.7198395 3279.97418491 1087.37239886 17.6307400452 2826.49512658 61924.5613926 179240.024963 212556.520087 19471.2720165 16635.6932673 198.979767415 12901.6475851 385.385909305 3295.8604617 219095.368157 180087.140911 0.0 0.0 5467.41076159 81885.3941944 33245.9007426 19602.7567292 18460.467738 258.516549615 248.85362876 236.536709824 3021.48802255 8536.30390844 139634.934851 15273.5932839 122466.781413 2378.25190058 19984.8485057 153822.497135 82294.9700758 41557.0005904 105983.941685 114653.936655 183.020227744 33982.6086662 563749.135152 0.0 0.0 0.0 0.0 0.0 0.0 444191.233255 21782.0925309 5185.53962097 68.3425842022 2934.6602972 105054.12746 198555.466517 30919.6253975 2335.1269918 4537.7390846 16707.0646567 21049.5166697 0.0 2086.54374963 44772.8111744 27.2563547698 0.0 0.0 0.0 0.0 0.0
28329.1896857 3483.03152312 7466.35770096 24.5002349373 1721.57224291 15504.3525465 201855.147972 100273.180699 1100.72636155 163.357038941 170.37297093 80195.8646768 203824.235654 161627.226327 1140062.05388 0.0 0.0 218097.466605 473407.252301 127214.240686 336093.584888 141163.115682 61483.9451663 102018.63886 227055.494152 34688.1978674 0.0 0.0 114700.239298 128603.330636 1163.77820987 147001.437589 49514.8410882 37221.7154931 227358.940605 22844.5707853 106180.559441 116785.462572 39558.4232352 334109.530941 234349.33658 19765.8653599 114550.003343 0.0 120123.805086 218051.004198 13828.7310326 2226.70559716 790478.111191 237246.48246 227968.216002 122308.201369 3164.87462692 34396.7632664 130829.010507 87.1568446092 23.2494226409 153824.953822 0.0 131119.814769 2540.60595782 0.0 10.8334383654 0.0 0.0 0.0 0.0 0.0
0.0 13346.1968033 15.8341379595 45.0032255633 20049.7516259 16616.6188344 129027.184856 237.149422618 22484.7897194 126669.250919 8109.09522571 6054.97282199 0.0 0.0 0.0 0.0 99669.987543 70832.2036819 159.366460477 116171.299968 269.205190691 101210.71151 28506.9344198 299.555328414 458.918031725 536.401220646 118341.854292 16913.7324115 78287.0332576 114790.919182 174060.187475 223877.194398 100625.747615 19295.3083238 448.91506084 482.753101095 850.504269166 16962.602043 53299.0852529 486052.918933 138443.329442 155478.280466 179313.281829 115490.511805 10068.4292935 817.816742679 590.205150104 2766.56450025 75094.8739147 62706.6353017 6669.7743688 2618.75633498 71580.0311358 41.5104012573 35002.5972904 37501.5387152 7573.84562367 5303.24003464 0.0 0.0 0.0 3317.00319695 0.0 0.0 0.0 12037.0194615 12567.6132253 84971.6477644
0.0 126959.477557 18.7061787322 30.3029563068 14664.8058415 18425.3961766 11573.1845636 130444.290197 18744.3063161 24462.2247088 3554.80822293 19567.3051242 32421.814941 9811.05600507 0.0 0.0 33.1686655858 4207.69099107 148.759337792 104.771194748 25706.7198263 508.548029042 869.066140807 21080.1756271 719.265203418 28377.4668081 111781.146027 122817.21028 124121.35562 274164.785636 110448.720273 26323.114019 273093.761525 111072.195567 26428.1818261 524.89288317 89402.3208852 27575.0486919 157470.548915 283779.075793 143364.852008 136093.043303 201304.303632 167.462279986 311.281290512 98104.8215307 6683.23395453 16004.8573362 100386.782506 63.0923904808 42.6076783349 1277.50508239 54.0556486107 935.559846406 325.829859747 689.691254026 3314.44776367 16717.2693226 1388.50973536 415.575218691 0.0 0.0 0.0 101439.972224 9356.05930407 0.0 24.2219439834 714.208998155
103265.660415 18930.9040378 12.2907466567 49.1086675365 16661.5933873 148193.445713 132792.771516 9164.5029724 4643.90033355 85.6307371405 117.42236537 93.863548182 32404.5087677 66.6122120146 21268.1832904 0.0 0.0 0.0 0.0 25711.2409955 127509.003677 7255.11756786 20050.6650768 71646.4184235 124770.238012 92672.0091293 79613.5739896 500327.09203 249804.608431 390492.418019 0.0 564243.88243 307046.236914 1139.73141202 224878.736926 763896.455149 163869.597536 304481.779048 387246.25525 281772.041193 272753.441815 59667.9752894 83280.2514108 100547.271679 41065.0715177 30258.003082 263217.915671 159330.959657 169476.128916 225205.159203 24366.1172219 84031.6534719 699.552292258 11601.8715785 1105.80714791 10449.9337576 154026.871757 2852.10494103 12485.8108837 61962.0233591 6045.04218375 0.0 0.0 3828.57423569 56.2778871729 0.0 35989.9641128 0.0
16082.4882816 944.50471818 4.91966336206 17543.8587825 24545.2923459 0.0 5779.68341487 4047.73271299 35.5006195101 61.0110374777 72.481263701 29028.5607693 25416.5882325 4710.88884158 3961.17849418 102.885569803 195.112861175 0.0 0.0 0.0 201634.469488 400305.517869 25568.1496578 66136.5312225 6126.58434411 26030.3024695 27395.2344762 369.949575137 31579.8960066 0.0 0.0 165050.493776 605715.621014 564701.287086 0.0 340996.054224 327921.048825 230710.856759 170167.214469 676.991232549 1359.41563127 272638.607872 262516.075363 134708.600774 1107.57298389 29678.079931 130764.30741 25038.4532278 131495.544983 39273.8888413 127656.251644 30192.1775729 223744.225116 15076.5988006 2504.71897297 4.8623745173 17.5373745851 1546.53144378 0.0 35452.6709939 3336.2802088 6.91692709853 0.0 0.0 0.0 0.0 0.0 2221.15985132
20366.4750599 2599.20029585 1.63210834263 4007.22975793 195657.552046 27144.2000114 16674.4099037 24861.0457656 94.0141883749 279.789990108 5527.73215002 23609.6828857 2092.8781916 49859.1152703 56461.657294 61054.0002493 19020.637228 20542.8330196 22534.9201434 133386.964783 0.0 0.0 0.0 0.0 0.0 0.0 0.0 0.0 0.0 0.0 0.0 0.0 0.0 0.0 0.0 0.0 0.0 0.0 146956.468009 151107.044503 174416.306587 494685.128176 590310.627939 0.0 846299.349874 547784.213599 141428.087281 136234.3185 89361.0381736 5874.94153768 3414.46502177 43648.7975228 22252.2581863 21850.3323328 23888.9458422 7.90552838341 15.5854988782 22.6204879393 8.83257190022 0.0 0.0 0.0 0.0 0.0 0.0 0.0 0.0 1318.9884192
0.0 0.0 4.15863240423 3547.62730567 94985.4932656 155138.337672 64.5480407513 35691.8296086 216716.471685 36132.2869377 33433.4738511 0.0 0.0 0.0 0.0 172303.044203 337314.146718 10637.6913728 21729.7921376 0.0 0.0 0.0 0.0 0.0 143152.966527 190541.824538 637609.999778 87528.6602112 18123.8086781 111771.415312 134926.794323 40575.9143794 6583.87043029 190.855556232 29840.2689549 54846.291488 0.0 0.0 0.0 0.0 17539.4687052 199908.060416 181865.786292 53289.3370652 277.556727054 8605.01594876 9167.67221677 38267.1449131 6629.78826146 5474.09885541 43597.7272952 3552.6763954 4413.19545125 277.957014292 33386.4180699 67964.9226056 0.0 0.0 0.0 0.0 44.0671421018 3397.51550506 0.0 0.0 0.0 0.0 0.0 0.0
0.0 0.0 2.94871813783 3346.74165157 98053.5246957 5804.58951019 7382.67473014 4086.40225888 6175.50516408 0.0 0.0 0.0 99306.4716882 258735.081403 134361.104661 14740.8656814 256462.258317 59449.7094782 457.590398882 23313.2559419 407075.044259 0.0 0.0 0.0 244.140634917 153.287441539 466928.642889 283861.686597 181080.662476 406.175143651 83259.2415561 33232.9658174 38398.7089153 37261.2363398 5001.35044892 33920.8397083 39156.6813379 32359.0480183 98487.7363543 47352.6297099 0.0 0.0 247937.570232 42011.7204715 5653.46810675 64151.5588154 59036.4002691 5211.15584112 6145.16529975 69573.5396117 101588.053955 46536.4174133 94.5088811886 25476.894198 61182.8029469 17588.6527906 2851.53455515 35.2094199221 1948.30257845 10610.2949118 0.0 0.0 0.0 0.0 0.0 0.0 0.0 0.0
