critload/trunk/input/2010/nallo.asc
ncols 720
nrows 360
xllcorner -180
yllcorner -90
cellsize 0.5
NODATA_value -9999
[rows 150 to 179 of 360, columns 340 to 407 of 720]
0.0 0.0 0.0 0.0 0.0 0.0 2888.14126728 112258.721381 145217.028744 9732.45189508 1417074.97707 1261909.15061 30083.3191656 243.668780713 0.919943359513 157.002819646 386.548217837 148291.69992 18329.5101837 41694.3988171 0.0 247681.575371 53049.4971874 65744.5670403 26856.1855294 47593.8351949 62446.6651388 22196.4541908 46304.9514042 21370.0196623 38060.8536652 480.44685147 0.0 14.8875576582 994.532033555 5450.61557375 8840.00890587 4023.98625787 0.0 0.0 1.22214911326 124.255433865 0.0 0.0 11445.3248442 8432.65006849 2663.51174118 0.0729266853455 0.0 0.0 0.0 0.0 0.0 0.0 703.89727162 34.6260790642 8206.05416309 18027.2127236 14572.7302893 11436.2272507 8816.07312091 7179.00759739 1139.33536106 0.0 0.0 50101.0684992 62155.6023963 53442.8104879
0.0 98.5624716314 488616.975464 0.0 0.0 134.971599618 1735.260101 93664.3693883 123327.584596 933989.570787 1527765.29857 1122437.40727 2616.89883819 0.0 0.0 0.0 0.0 25010.8695731 0.0 0.0 29448.0975348 8414.95062453 197299.083395 4189.59865152 20100.5805491 14487.6941975 88647.5414085 25084.2786845 16169.8588636 112486.757598 0.0 4826.89021306 30984.6232892 0.0 0.0 907.104683208 40619.9354804 1898.69458364 70.0596879954 0.0 23.8131776187 0.0 0.0253916467363 31.894305892 51.039436291 5161.00639704 0.0 0.0 0.0 0.0 0.0 0.0 0.0 9099.02333396 0.0 0.0 1751.01175685 2602.41579188 1206.68350588 2268.42305597 1229.21688015 0.0 0.0 0.0 0.0 72268.8586403 45594.9070622 46923.5228487
203998.852296 4788.58106048 186313.540941 43.0335234185 17.4473973371 267.510210408 0.0 0.0 1244933.58987 1503498.67679 3603901.82775 1444.61301119 0.0 0.0 0.0 0.0 0.0 0.0 84097.1457728 38096.4371862 0.0 15575.0588804 101986.233941 277189.638069 32697.7808705 71811.5089076 168878.941697 9069.44434518 93545.4473796 0.0 6402.66147911 0.0 0.0 3774.00128234 16495.7511086 23366.7354537 0.0 8879.51388493 287.878250585 0.0 0.0 348.816851195 7869.39650999 6123.43864492 16268.1785335 8531.61566808 0.0 0.0 0.0 0.0 0.0 768.015283285 22651.6364273 246.875917413 0.0 0.0 13.9819288129 1872.03216794 3901.6946368 3.75841609946 0.0 0.0 0.0 0.0 0.0 83246.1829918 0.0 0.0
75002.1133753 53967.2742019 66542.7419015 17017.3217072 23951.5197486 395305.770551 932377.713061 0.0 1179164.45075 1606292.40509 974739.818237 0.0 0.0 0.0 0.0 0.0 0.0 0.0 0.0 0.0 119961.463583 182821.517027 56802.4551967 0.0 304887.225377 67422.8106728 0.0 4313.3295206 91370.403068 17272.6813597 131203.215027 0.0 50902.3319275 0.0 0.0 0.0 0.0 11323.837382 13509.5080035 0.0 0.0 12089.9204179 0.0 0.0 64034.3466974 0.0 0.0 0.0 0.0 0.0 0.0 0.0 0.0 0.0 0.0 0.0 550.635493912 0.0 0.0 1983.8324353 524.845494556 0.0193365304215 0.0 0.0 52935.0203564 12.841082778 0.0 0.0
105063.354032 146214.746591 53811.0338555 20698.1612862 756333.233707 22306.4427653 389731.560388 274263.46156 1800.06138465 43921.2616484 0.0 0.0 332828.029627 0.0 0.0 0.0 0.0 0.0 0.0 0.0 0.0 0.0 0.0 0.0 476690.740324 449887.921779 0.0 136914.976693 62006.5998639 19469.3510629 11611.1033811 39466.0599371 0.0 0.0 0.0 0.0 0.0 0.0 0.0 99644.9792103 108080.378142 199884.854516 173475.642048 282025.772189 147032.040713 1309.06114722 2074.04162493 0.0 0.0 0.0 0.0 1879.32590173 0.0 0.0 980199.699924 36094.5061113 0.0 0.0 0.0 0.0 0.0 1063.78181949 94.559641252 491.709259613 9829.08988007 1.77430776617 3400.98910813 3985.93567331
463.792052092 379796.708708 44967.0810563 812643.964042 246310.371654 391673.432952 402416.032157 97595.6899335 342577.639198 1744.24947954 26.5818398836 69.200153829 0.0 0.0 0.0 0.0 298.161787408 0.0 0.0 0.0 0.0 0.0 0.0 0.0 383837.727813 800060.115652 300610.696618 2864.62524089 208991.888338 40437.4020787 59217.5706976 34573.0088706 0.0 91.2943884539 0.0 0.0 0.0 0.0 426752.403533 290542.518492 126244.800157 26922.8333565 99186.2443098 149.538091009 112.76191452 59.5071208117 29571.2391753 0.0 0.0 1021596.28164 27775.8049321 17906.3493167 0.0 288987.569115 4244.95528003 0.0 0.0 0.0 0.0 0.0 0.0 0.0 0.0 156.703472762 29052.5520465 28658.0768282 0.0 0.0
56597.2283388 2407.71147399 442662.288278 0.0 63156.4349009 775819.158197 432866.033066 60871.2948592 199655.435141 0.0 0.0 17194.8065589 19854.4658976 0.0 0.0 406.719321353 31828.7724583 0.0 0.0 0.0 0.0 0.0 8641.28522255 478.875668039 81408.9848634 75126.1758455 475485.045395 481174.52174 176908.313248 101516.27205 198330.224676 83510.8876474 40816.7059159 651.929951169 275.214902862 0.0 0.0 0.0 12178.6955038 425983.256812 74644.6194185 55230.4646413 303.930972564 0.072550916736 63.6517048718 174.302545757 19425.6495352 482051.513631 3931.17272594 43319.1126882 3925708.02957 188.456574226 0.0 0.0 2874.21653876 0.0 0.40422046023 0.0 8.78878399422 0.0 0.0 0.0 69989.7301314 0.0 32.6813855078 3681.02570925 339.818333666 18.4075148682
391379.39833 0.0 0.0 0.0 428622.015039 193701.226808 897674.861478 498882.219737 334.412352894 191.55240653 0.0 9579.00423177 167343.774469 303859.629147 0.0 410.85506977 50474.664499 51640.9899482 0.0 0.0 33704.5460428 0.0 355131.36693 258778.283111 103057.35309 168820.860723 75133.9527691 35196.9607948 203641.376922 130519.244692 112517.782984 88465.7532929 84551.3959925 65562.6796921 122535.982464 0.0 0.0 0.0 1544.79413643 258470.044551 5866.9099174 94489.1774342 170768.000829 0.0 5.6835149407 662.593361539 259547.376038 0.0 888.389975536 5783.92138093 1981139.75518 664267.39919 578.288494938 0.0 57513.8062845 326.588750114 37.7390018285 107.36834093 480.530765922 1050.71144525 126923.587099 44761.3795995 21591.6959652 46235.2630549 495.181257333 0.0 0.0 433.936968689
524160.012274 485720.62236 443628.63082 417821.00889 511240.488256 85281.0303028 402815.382703 548691.995126 54836.730808 0.0 0.0 53712.9611888 23249.7292087 0.34484386454 4568.37175609 18746.2937974 52786.3522744 0.0 182479.7403 0.0 3817.61720903 506088.173298 50528.5694129 70573.833903 288844.296275 78881.7325893 182142.986642 1747.58943854 0.0 0.0 88469.4623032 59075.6057017 90664.019846 1047.50002335 89467.5567644 0.0 372818.46028 36726.3960167 43674.613526 77252.8949647 6679.19998811 74870.1056378 0.0 0.0 3405.65546727 20677.7034448 39831.6079743 0.0 7841.45672333 0.0 0.0 1053074.37121 861446.264443 1103209.40249 294043.136144 32884.0905818 56754.4619405 0.0 51.350970412 294209.608247 145418.143009 372101.931367 59505.0168486 26696.7413365 0.0 0.0 0.0 1325.4167034
868898.757173 912506.887603 445184.14645 87970.5241669 404054.272196 50206.0520312 112302.579726 233528.602405 89073.731248 131283.805378 214812.932992 685.173664057 179.868521646 52.5311995033 0.0 68453.1724085 70273.2117872 591403.296148 279024.376514 3122.73303839 598649.38863 280476.649257 89303.8590726 33140.7061873 58205.6405211 4050.42405758 59589.1197443 106670.116774 0.0 0.0 3021.71087694 393926.815626 89937.2458135 0.0 0.0 79100.1006727 747093.962678 589.102648395 63705.3123256 13562.8965164 92147.5858188 18986.5154376 0.0 0.0 28588.813017 8714.39736006 227.22457288 0.0 14566.2322991 4675.99732982 625101.890718 1002653.66713 421643.293068 873003.670193 1511364.86882 43142.6607092 3324.19831762 0.0 409428.294903 412083.434794 305963.410182 358812.339439 159932.248187 24733.9482587 243700.786621 156962.422447 362.463410036 0.0
459033.331255 453542.836101 302314.002181 831084.031929 158833.671307 2848.71401334 96319.4761428 0.0 0.0 0.0 874414.417568 569906.920699 1587.19998514 9182.90472513 387478.751535 24150.5585111 25386.8268307 256425.413586 355859.75523 245.553310901 490449.556839 133918.52748 85995.621707 11295.5797235 367170.061312 7140.18828221 1607.37931163 79445.9381916 111063.217493 0.0 10011.5029116 339813.635484 314372.723017 0.0 87385.4712867 89874.9960923 30872.8943567 0.0 55351.2609415 732717.580594 14438.3850131 76021.5571939 545.112735439 0.0 0.0 51896.6429615 37856.4406869 49083.4582102 232715.427604 201623.445262 157610.376482 715140.100766 442286.479484 357847.825232 213541.353924 2477500.79917 85774.8214607 25867.353425 481785.096771 685341.56605 434443.281121 197189.567139 754918.45054 301867.856156 3502.02438011 239.695400154 166500.698084 80.1322854059
2646.97773591 644049.090852 667909.244674 84792.3060764 2332.02581591 90438.4624466 0.0 0.0 0.0 114796.906209 3559.67476525 129403.765189 431048.62005 706.514691004 0.0 252.971007264 249849.723261 455882.481093 36349.6003551 39366.5484039 675275.9602 59463.6955701 1111.04854748 91815.3660696 426052.419037 161269.200846 1778.72797776 148543.744425 116591.933678 0.0 1063605.56349 341608.013443 259882.391058 80639.2729792 0.0 3393.16733148 68834.7151738 0.0 301.018303822 0.0 464.823535904 269217.48012 457165.535524 379794.697494 431031.623608 839406.739143 109834.431437 0.0 66129.0845986 1027.9794112 263.574926677 134210.099357 657329.205827 4811.01293162 446.180162333 1282.09767392 900096.821005 248903.338761 5983.35385246 845373.769735 419600.034086 846467.105951 292006.947688 158857.212454 88066.7271969 81311.1511433 17714.0182739 1357.69643318
73671.3245272 2424.56463249 748.117454886 989.947077758 148614.871815 423977.832937 117608.646974 254575.624287 646574.635191 96957.7745285 89112.1618343 86628.3444009 439796.562834 851.0713321 0.0 692.340890168 526420.232091 0.0 0.0 101832.998395 787413.756874 6651.24248503 109817.65217 39807.6193347 134807.709545 101181.692728 0.0 4239.74605104 81008.9110236 148160.306935 767324.384712 1835077.21235 1904486.45805 500253.941286 6609.36356123 299050.298701 117720.771341 548939.901049 1547295.89158 0.0 1710229.55297 1734205.5757 71422.4673839 329.335981768 55719.9284414 87163.7440198 339.571022043 0.0 0.0 63315.512796 10929.7278783 85129.5681731 290327.828374 599877.208384 554806.711666 990542.924253 471293.833012 538085.444919 1399116.80483 313921.201945 29257.976636 45407.7222157 89330.6380304 42676.0125061 69950.0599457 811.996241328 72926.5639904 585.59030479
171268.04057 68898.0612862 1216.56512283 106751.197392 154827.527556 202583.614112 650933.972998 487076.905386 103714.54048 117658.297688 93561.0086459 90171.107248 102199.552149 387.217458749 0.0 481058.870963 111191.81386 58105.6326705 0.0 0.0 0.0 91002.059352 114692.376209 99156.4405618 0.0 392614.363058 99446.8163689 108741.642836 0.0 1877.15505878 93247.792275 100761.201397 81250.0238015 858313.880806 311775.197476 79593.6706112 0.0 146663.207408 2035451.12002 915206.180795 958664.310847 908888.779317 85767.6328854 63786.4340717 77172.125438 136015.648126 958.0877799 80521.463071 72045.0225276 35122.7939637 7669.66849864 651617.661662 4517.73632988 414334.182662 89162.2633187 529079.859838 48536.523912 199170.049871 798324.843922 523002.80835 120502.748528 3615.27354444 411.095149804 560.07977273 32742.0705768 880.170629402 83836.2365698 103725.568929
73146.0477242 227308.206966 8832.55650371 9360.32022755 664932.117082 166975.458093 94497.0532589 1137099.18492 0.0 0.0 505121.926753 238403.702649 578243.305214 160268.392734 3197.15754029 194726.23284 150730.364109 811823.337352 0.0 0.0 0.0 605.429193136 0.0 117251.204509 568842.372562 163327.153856 200476.378676 0.0 141544.860847 0.0 0.0 1427.39492587 74056.6507539 566281.338326 1330914.98648 2038903.9445 2001398.24104 1356310.24795 777776.693493 89616.6196597 2165325.38265 88041.5598573 425882.835087 65653.5369637 34997.6919052 180.825821729 40029.0257938 68951.0903505 63623.6125965 196882.675625 84986.5345131 343973.316209 284742.095008 204646.957556 224154.603418 618366.453007 154616.405277 279312.631723 1701600.1985 307878.469204 147960.250073 97443.1466553 75083.2023729 446457.632525 70953.7437035 80744.1016284 232067.213135 79467.8804397
784733.153198 169589.749456 133242.6673 170734.734771 84502.9586897 590899.475743 530791.24871 336894.750881 0.0 0.0 132168.518287 282753.956055 536311.626449 25377.7162544 2182.2742953 15405.1003146 486.346409114 152892.921329 11125.589186 0.0 0.0 368.528338314 0.0 139123.651031 1036131.2695 28746.8745069 0.0 76302.9506103 0.0 142539.163026 114596.907089 124392.47694 5847.6857248 1064073.62974 308607.128038 152550.242571 268032.54437 172874.181562 571492.550242 112108.426451 373179.484449 89298.8957408 60925.8833193 347.274398638 204.380571561 60870.1702029 70885.6137493 76801.0624334 376.198702276 31447.5560387 48719.1516371 75452.7183513 83703.7378085 164818.593325 347924.458844 98169.3269263 799537.65108 245112.213216 640774.489016 285345.597809 450241.163027 149517.6029 107596.122097 375947.922328 13121.1278881 402909.584807 3523.77624021 89449.2739369
531182.334837 816041.845085 161181.105186 837408.310937 778786.69282 0.0 0.0 101547.23482 73298.7059841 0.0 1329879.70043 163766.386443 214438.797308 60963.2556661 165254.993711 40682.4952229 71647.0809557 602.691710282 0.0 0.0 0.0 121919.955348 137951.517431 0.0 127764.874622 3206896.75864 861077.467151 0.0 0.0 162978.037041 158736.930667 692723.840738 83685.014725 2806225.65066 5843.91330476 17548.6313294 745527.47466 1011155.84437 1671.06438272 18217.4555624 80872.3940508 82520.8966069 72801.1284479 814.438577001 99451.9936722 0.0 0.0 105469.457534 2498.39854609 34259.7174026 813.201040757 2550.36878222 88966.6914628 119073.14435 57060.1483642 432064.247197 406728.354965 5561.9351489 107675.05558 2378.81738819 11297.1457543 502060.252171 102868.621954 95738.2470312 431557.519715 203042.375818 83152.8068221 97309.0408958
994905.043818 78835.8998714 226228.860687 428026.762066 446597.835775 0.0 0.0 107920.175969 106915.193937 0.0 2313967.25236 225252.608772 550087.44478 149461.620558 64753.9896149 40095.2477928 488403.682552 48971.2771677 2547.80815889 0.0 0.0 0.0 0.0 0.0 0.0 572560.585578 885839.945239 0.0 0.0 569074.70596 1492418.40237 345792.838662 28500.5743917 2588176.54927 109419.399613 658909.133775 2802241.91834 401021.90524 33840.8805351 25346.5763474 13824.7256772 371.204455549 0.0 57681.3455459 85841.9376612 0.0 0.0 84098.5250127 87159.0836084 26181.4424343 130235.889552 422571.639847 144127.774143 104018.469254 241903.289852 240325.101828 392540.26268 84149.4659374 96499.4033234 1690.96361258 477840.562425 70353.2734048 112347.004726 1291.73494289 473423.70888 1668.72806919 118695.304739 804392.190879
241273.052228 2166560.97304 289800.593314 20657.8204124 1281303.91774 1154755.27064 1066641.90863 67859.2286073 1645.20036362 476401.430258 2502758.62218 692657.625213 6219367.85236 0.0 168232.272512 484672.04883 726672.010408 170836.156084 2328.32581277 0.0 0.0 0.0 -9999 -9999 -9999 -9999 -9999 -9999 -9999 18211.1963464 5063068.30305 649783.609742 260561.609241 1584196.72956 2269673.84379 884053.94774 1090675.00993 1188558.94974 804914.138035 144204.092429 0.0 0.0 468968.049714 66611.4369657 79452.6867443 506611.083846 65091.1941227 132353.422675 103478.300762 40035.1727019 68288.1529627 928.252621443 424.618641339 82078.8843983 83406.8884811 87493.28606 66907.5153367 77646.7590545 1079377.432 86781.2742651 89417.9547013 703853.952874 385780.381959 16161.6734257 160254.866419 86789.9208992 488034.894468 962.282661016
24559.1209907 754250.286659 371568.639402 64853.562094 377749.195337 924381.547174 124172.717537 1101702.45395 676952.721134 0.0 3320603.06301 0.0 2802189.42694 0.0 983124.671582 1255682.73075 635007.184108 6531.26707703 169480.834849 18746.3746597 -9999 -9999 -9999 -9999 -9999 -9999 -9999 -9999 -9999 -9999 2862041.01517 1405267.75631 2862303.31026 898567.495085 2618077.9667 2175610.91104 2122792.83009 18882.7461542 848.712261072 2641.64031909 690.13028518 107155.328985 52651.3908435 80544.0762587 91225.8037364 116369.275166 657743.906427 539409.27348 99857.9166941 10451.5848674 60545.2410064 55066.2206333 54966.356868 40155.1562522 26941.1218216 44470.9202391 112520.145178 76472.5189324 0.0 1150245.78237 683592.382266 596006.604909 93488.350663 37365.1452526 615.902164067 120372.838109 179525.468352 123049.113427
-9999 0.0 329776.76078 205092.047657 427221.777938 4255.46036701 359454.601449 211219.727956 -9999 -9999 -9999 -9999 -9999 -9999 -9999 68939.2832422 121908.69997 -9999 -9999 -9999 -9999 -9999 -9999 -9999 -9999 -9999 -9999 -9999 -9999 -9999 24213.1180416 125619.5368 1218402.49444 142029.213544 845390.742501 995866.445274 34756.6732124 0.0 64571.2847092 62940.5596468 89366.7006963 32834.1905472 173108.758405 152566.464457 762696.20975 118517.411824 817566.026783 1708.29986954 233963.609118 139853.039206 78339.6173019 43261.4817736 54008.1075442 38087.0417339 474.00655636 208128.018209 619844.411645 0.0 0.0 566000.393238 0.0 1589.87777193 267434.045164 0.0 79775.3239121 989143.01945 248293.611904 644992.197286
-9999 -9999 -9999 -9999 178411.154316 89453.187483 -9999 -9999 -9999 -9999 -9999 -9999 -9999 -9999 -9999 -9999 -9999 -9999 -9999 -9999 -9999 -9999 -9999 -9999 -9999 -9999 -9999 -9999 -9999 -9999 -9999 107478.00084 2050142.87549 369499.401587 0.0 0.0 -9999 1148.07980944 628089.20162 4336739.01855 188352.758038 91506.5956827 48930.4514374 109460.430673 356.434849315 163356.301902 5099.23062746 194520.482693 1225896.96469 191670.07284 811405.964538 369.983121933 459748.445844 17578.7854086 628712.408533 38437.3879364 809902.316949 0.0 4198.40857417 832759.456887 54333.9773688 122215.886132 0.0 0.0 2917411.87514 1062703.71015 20399.5354137 670802.987642
-9999 -9999 -9999 -9999 -9999 -9999 -9999 -9999 -9999 -9999 -9999 -9999 -9999 -9999 -9999 -9999 -9999 -9999 -9999 -9999 -9999 -9999 -9999 -9999 -9999 -9999 -9999 -9999 -9999 -9999 -9999 -9999 -9999 -9999 -9999 -9999 -9999 226.857544285 -9999 6340540.01806 0.0 156373.310632 1203.11689066 173096.496782 180889.452188 170257.054481 3025.98904122 159991.255969 171261.949139 7596.83425222 2563.64877423 743859.139479 75876.6702313 15121.3567972 0.0 31377.219939 61575.057513 1210426.10317 913633.848549 310197.419892 205129.414307 723963.051629 106690.196976 0.0 22565.3875746 156090.573867 0.0 0.0
-9999 -9999 -9999 -9999 -9999 -9999 -9999 -9999 -9999 -9999 -9999 -9999 -9999 -9999 -9999 -9999 -9999 -9999 -9999 -9999 -9999 -9999 -9999 -9999 -9999 -9999 -9999 -9999 -9999 -9999 -9999 -9999 -9999 -9999 -9999 -9999 101.333739012 133.373412022 -9999 1564412.19294 981210.572548 87364.7794699 62488.1847823 176595.314437 974319.64962 465546.955072 190685.125635 156914.623113 776545.632682 327344.850654 291372.92975 140627.496827 750143.542616 641.738358291 405386.848618 143248.099993 100503.836509 241295.492219 1179872.70988 15596.6534248 399062.016955 818321.481118 443483.775689 122.078136726 322.149144605 29.1087159087 608256.280875 436800.417193
-9999 -9999 -9999 -9999 -9999 -9999 -9999 -9999 -9999 -9999 -9999 -9999 -9999 -9999 -9999 -9999 -9999 -9999 -9999 -9999 -9999 -9999 -9999 -9999 -9999 -9999 -9999 -9999 -9999 -9999 -9999 -9999 -9999 -9999 -9999 -9999 -9999 -9999 -9999 231947.670333 195415.77116 5828.82900482 171903.094698 180449.613734 3347.9105221 200549.737086 381146.50363 332520.176837 271512.732349 157926.690045 804188.152016 197.297272885 1068371.95443 84750.3903402 409638.471895 1025222.63001 1813582.63451 74533.0461337 63604.0278281 176201.017572 566542.977273 876816.912266 360087.489929 1132556.03335 126708.602811 78238.2925646 1791211.44003 2754851.69133
-9999 -9999 -9999 -9999 -9999 -9999 -9999 -9999 -9999 -9999 -9999 -9999 -9999 -9999 -9999 -9999 -9999 -9999 -9999 -9999 -9999 -9999 -9999 -9999 -9999 -9999 -9999 -9999 -9999 -9999 -9999 -9999 -9999 -9999 -9999 -9999 -9999 -9999 -9999 997834.920422 91571.7133075 340020.051445 310591.633695 1006718.72667 206068.110214 194950.761532 232342.676289 3096.57694698 361497.795935 511513.325094 590783.722226 452.189567204 2300029.02772 92886.5618435 229623.007789 268315.999053 2677.47590152 365293.821637 254038.088644 1332180.74822 689844.936042 2211786.01153 11558790.8411 15427444.584 7421877.43079 9138929.28817 3810702.15453 348590.274192
-9999 -9999 -9999 -9999 -9999 -9999 -9999 -9999 -9999 -9999 -9999 -9999 -9999 -9999 -9999 -9999 -9999 -9999 -9999 -9999 -9999 -9999 -9999 -9999 -9999 -9999 -9999 -9999 -9999 -9999 -9999 -9999 -9999 -9999 520.33270809 -9999 -9999 -9999 -9999 29177.6170951 413673.901993 829205.825306 42787.2090426 205598.023634 4260.56577985 194111.635242 247466.812495 925643.063975 14715.0899699 254173.618367 2109786.16171 2406142.12343 5406023.37687 667295.518699 911556.873343 186879.139997 74305.6357008 545515.825439 2353712.13947 2279314.73238 7632658.9634 5437872.54995 2815891.90579 1447656.68014 817560.471828 10044826.6353 15064572.3297 2143195.13311
-9999 -9999 -9999 -9999 -9999 -9999 -9999 -9999 -9999 -9999 -9999 -9999 -9999 -9999 -9999 -9999 -9999 -9999 -9999 -9999 -9999 -9999 -9999 -9999 -9999 -9999 -9999 -9999 -9999 -9999 -9999 -9999 -9999 -9999 -9999 -9999 -9999 -9999 2166.60932591 114973.494478 99723.8764505 2329.34874723 210006.971759 69050.1914319 205452.451227 243328.121536 1637375.99275 977491.788347 45929.1797071 250214.463454 281385.221 713563.214378 11542231.7409 2878935.01476 1335214.01366 1848336.54927 511440.138958 6718.75483559 1537866.41819 2383254.73819 2136088.04283 3458226.37656 955401.012915 2197747.59327 1031623.79281 2376067.91415 1068128.13451 14379627.5435
-9999 -9999 -9999 -9999 -9999 -9999 -9999 -9999 -9999 -9999 -9999 -9999 -9999 -9999 -9999 -9999 -9999 -9999 -9999 -9999 -9999 -9999 -9999 -9999 -9999 -9999 -9999 -9999 -9999 -9999 -9999 -9999 -9999 -9999 -9999 -9999 -9999 -9999 149.489299303 556.562576025 0.0 112562.805151 200445.273647 227549.576852 208150.174814 1086848.07522 351570.663792 255822.618172 17912.5200066 212213.243964 1105260.03354 932585.199694 848882.919842 14710700.7174 3362953.3359 0.0 1992644.38469 0.0 76703.03794 521321.410479 1418847.53177 1813316.28026 1880030.49679 755761.899692 1216884.15359 1847906.70182 784645.702443 1398041.90321
-9999 -9999 -9999 -9999 -9999 -9999 -9999 -9999 -9999 -9999 -9999 -9999 -9999 -9999 -9999 -9999 -9999 -9999 -9999 -9999 -9999 -9999 -9999 -9999 -9999 -9999 -9999 -9999 -9999 -9999 -9999 -9999 -9999 92.1181159685 -9999 -9999 -9999 -9999 1056.45152037 227754.203722 114144.690495 31263.4504225 361277.261084 182764.585563 1087865.37793 359259.159708 224647.407344 6601.75684418 212038.166335 368482.203841 1097598.2641 1852986.23361 4256535.00396 4961864.3836 1830023.08519 0.0 0.0 386076.254045 879793.238535 873591.089023 926642.932155 211350.674765 1831689.22299 2274944.71197 2400552.08922 1526875.37939 926516.45828 1356465.91933
