critload/trunk/input/2010/Nconc.asc
ncols 720
nrows 360
xllcorner -180
yllcorner -90
cellsize 0.5
NODATA_value -9999.0
[rows 189 to 215 of 360, columns 240 to 299 of 720]
0.860408397009 0.645097126497 0.555052305566 0.636993946695 0.602066194945 1.69171467563 0.547568469611 0.534258544511 0.2731934049 0.567530952874 0.612442690091 0.443918322807 0.361280609291 0.327077776222 0.412088087866 0.377266962708 0.43775580821 0.378591033247 0.295672724135 0.323511346958 0.430299935609 0.430299935609 0.225296981887 0.281200767679 0.275212429142 0.493481305421 0.454265510194 0.491316391972 0.47446656631 0.476732076971 0.504538655541 0.471441731281 0.798185275075 0.824684888092 0.594854214269 0.743315967122 0.617757708684 1.0123864322 1.21258277657 0.0240941578775 3.91183557673e-06 148.834112091 1.82837109364e-07 0.248588113309 1.25267917077 4.0941618776 0.587622262297 -9999.0 -9999.0 -9999.0 -9999.0 -9999.0 -9999.0 -9999.0 -9999.0 -9999.0 -9999.0 -9999.0 -9999.0 -9999.0
0.689509841863 0.654885491218 0.55844054811 0.613940170653 0.970218966584 0.466809657739 0.550481469165 0.465745085019 0.421408231729 0.500402636396 0.662385418985 0.444316350453 0.536957375821 0.322496226156 0.415197853775 0.485760350018 0.436540739731 0.507649182329 0.349862697846 0.293955452793 0.296924524969 0.5295570251 0.527267505621 0.550681503456 0.561189994976 0.467793362413 0.45727425812 0.486082449288 0.467966886823 0.49664298606 0.51449814693 0.527158246005 0.80211777394 0.725136751011 0.593444154413 0.768369219348 0.951014297932 0.386144428336 1.00058412885 2.52797076123e-06 5.69996498777e-06 0.669680389049 0.669680389049 1.17191904885 0.0 4.56466068061 1.1255985494 0.550870275351 0.876895099536 0.834605708393 -9999.0 -9999.0 -9999.0 -9999.0 -9999.0 -9999.0 -9999.0 -9999.0 -9999.0 -9999.0
0.618155595045 0.706123506615 0.589986862768 0.695177443969 0.504315315878 0.553443784401 0.492328712393 0.679493554598 0.415762179517 0.517045702154 0.507850110058 0.385066354229 0.514585894384 0.567724747143 0.418588381509 0.318809979404 0.379424472216 0.477708368824 0.62410006022 0.571428928406 0.58427816905 0.564255909734 0.416790396928 0.519136209466 0.451125679709 0.569246534077 0.429327523252 0.53414542703 0.488407629829 0.679845610875 0.550610179872 0.760863217102 0.801677897838 0.453057069622 0.889916313413 0.827347276158 0.639794722216 0.377119521348 0.733076292407 0.0 0.987310026173 1.00519066515 1.20676560476 2.02139862518 3.64999982933 0.642671317629 0.959209308463 0.566923906039 0.653775830378 4.42844130582 -9999.0 -9999.0 -9999.0 -9999.0 -9999.0 -9999.0 -9999.0 -9999.0 -9999.0 -9999.0
0.663973321237 0.760528147792 0.531904590443 0.578596872529 0.571653850599 0.374266038979 0.394729504217 0.466308605243 0.394728145383 0.268633034179 0.519182622051 0.358663884272 0.543106471898 0.261805757928 0.425980853563 0.431540523456 0.348537263295 0.807628164285 0.669100205788 0.520130526385 0.609026700604 0.598688648504 0.498059611487 0.524488270245 0.586612676108 0.570803752909 0.578238383308 0.608259354713 0.527390395677 0.529348264739 0.597150996006 0.759593645914 0.93027060552 0.643717625022 0.455436661668 0.651342340708 0.553618578355 0.300012285022 0.0 0.0 0.785795147633 1.29103418165 1.29103418165 3.52633495414 2.5893867279 1.7417902189 1.57882242657 1.57226547238 1.50753495935 1.98418215611 0.135919938778 -9999.0 -9999.0 -9999.0 -9999.0 -9999.0 -9999.0 -9999.0 -9999.0 -9999.0
0.78189701856 0.689446430843 0.794572050426 0.582933365857 0.285158801317 0.321160989848 0.356786976137 0.35950188055 0.413170995237 0.246258328366 0.585693260977 0.261380913173 0.351760476837 0.386693616691 0.318181125078 0.436131492345 0.530553048383 0.406073728695 0.597133005846 0.657030228864 0.345320141948 0.531031068235 0.532248476388 0.436437802368 0.654270641942 0.573446980404 0.814193316747 0.613431492913 0.668493335541 0.632023015537 0.751953009316 0.464927264582 0.464927264582 0.452407090201 0.491701779185 0.660105880413 0.31417862629 0.268157811811 0.0 9.34150438535 1.20267977678 2.5484523327 2.46522805823 21.115631245 1.3034411156 1.55850820473 2.30399641246 1.64869934047 3.13785998911 1.09938978684 0.995026256028 -9999.0 -9999.0 -9999.0 -9999.0 -9999.0 -9999.0 -9999.0 -9999.0 -9999.0
0.977609556997 0.700946680603 0.906267943751 0.593716206471 0.406758915139 0.260790623371 0.270504382219 0.361695084824 0.47063444855 0.410623262626 0.649383353585 0.272201713589 0.353016746559 0.421465993064 0.425216252875 0.297951206155 0.547268147688 0.544802286923 0.740927814898 0.398402414654 0.489750905797 0.537914438948 0.504768573791 0.77446377475 0.570861219022 0.660937441493 0.638151269289 0.546152291456 0.530023421979 0.541746562801 0.464927264582 0.464927264582 0.435759719983 0.205632330558 0.128449799504 0.0408318571213 0.697657503592 1.14236783043 0.0 1.69562646512 1.05160596628 4.04017139497 2.26686650804 1.29383520939 1.09525318318 12.7145119873 0.615254058491 1.56126313067 3.62964329962 1.89129804634 1.96458719765 -9999.0 -9999.0 -9999.0 -9999.0 -9999.0 -9999.0 -9999.0 -9999.0 -9999.0
0.757491164229 0.47895197402 1.01061315079 0.551927733526 0.627904350808 0.368239174557 0.277769383221 0.338375729539 0.429164780517 0.467657947594 0.688467607232 0.391432630221 0.268083924485 0.357826924854 0.432515539629 0.644039161098 0.601894907741 0.511004987079 0.486817590781 0.458663757562 0.684925658751 0.540434026286 0.466068120335 0.52827887463 0.574096806502 0.574068324755 0.576075983547 0.467456782099 0.452831193146 0.597118947298 0.634589602326 0.0823254530786 0.443660876962 0.239924956666 0.156590383671 0.0875509162078 0.323850442505 0.0 0.0 1.74720210605 0.931294906118 1.61232923923 1.98323401259 1.64862231566 2.22384684886 1.17576809805 2.6349820321 1.56126313067 2.57265460043 1.84288208393 2.59270890589 -9999.0 -9999.0 -9999.0 -9999.0 -9999.0 -9999.0 -9999.0 -9999.0 -9999.0
0.991686329102 1.15238783179 0.987792181427 0.547542163293 0.617951695569 0.343436787446 0.303664274414 0.275913874988 0.617050514861 0.793929469978 1.00802921725 0.376303818392 0.352017984241 0.374201428609 0.435748936689 0.666789915611 0.432360096359 0.53185873678 0.441126373122 0.624943857846 0.699802642062 0.534080284047 0.482208246506 0.582141865602 0.489337394057 0.567271187849 0.531426137219 0.417953190416 0.604107912198 0.410366739375 0.566462442827 0.19454296136 0.45847997509 0.121102841228 0.21812822174 0.348510489255 0.0 0.286897941822 0.195397496592 0.0 0.861609846785 1.87007692294 1.82195714317 1.78879208139 2.75594298538 1.64434280675e-12 5.96498910178 3.11105651528 3.30524790172 2.57979761771 4.28481951495 -9999.0 -9999.0 -9999.0 -9999.0 -9999.0 -9999.0 -9999.0 -9999.0 -9999.0
0.896116199561 0.944020275059 0.953461294788 0.535187965114 0.604376074777 0.60004486045 0.574145726534 0.53539545277 0.569703400974 0.611766193918 1.25108986021 0.497133147126 0.355968447242 0.380763132801 0.438798642579 0.444904670158 0.488754072355 0.585028314104 0.491851467832 0.549092973148 0.531210638393 0.532312182191 0.804253419641 0.589009501235 0.479906235084 0.588524631137 0.405370410139 0.459634163917 0.609002007588 0.549262888017 0.497969807862 0.588987920275 0.511797955764 0.0783137774524 0.151806021874 0.351699782095 0.0 0.193027125251 0.128490908894 0.0 0.812327361894 0.811209726175 0.68916874272 0.68916874272 2.75594298538 3.00512723731 3.11484453166 2.93764151263 2.42366931434 1.69781191099 0.0192103797836 -9999.0 -9999.0 -9999.0 -9999.0 -9999.0 -9999.0 -9999.0 -9999.0 -9999.0
0.929970611931 0.784402912407 0.541100481373 0.534264877735 0.633313123864 0.596608259289 0.610975724286 0.66340891732 0.674681578259 0.536962773922 0.499654839221 0.583708455888 0.407888053955 0.365190421249 0.323408431327 0.447599825671 0.503895404009 0.49368508939 0.426254100382 0.53263626041 0.531182055829 0.553291804807 0.406237865537 0.595076702873 0.530600510893 0.553295639663 0.413027857885 0.519475611515 0.704135533686 0.664942726772 0.375174389909 0.580934031099 0.110980104274 0.318275191388 0.394568687582 0.351699782095 0.0 0.819925513475 0.819925513475 0.816817827164 7.56755578842e-11 0.0 0.68916874272 0.68916874272 0.620176078639 3.09634798881 2.43484376745 2.33441567389 1.7851155187 1.23857783392 -9999.0 -9999.0 -9999.0 -9999.0 -9999.0 -9999.0 -9999.0 -9999.0 -9999.0 -9999.0
1.09638441602 0.748098722458 0.461199496977 0.559818155627 0.437275011015 0.394429029581 0.517107511054 0.624562391601 0.634410624739 0.514879644812 0.347085236705 0.362504980039 0.378835184413 0.271000424375 0.468827304429 0.450846125262 0.497306818217 0.50818431538 0.420868263693 0.534184235477 0.419454103755 0.491891823944 0.340189177633 0.621811310312 0.533973192836 0.502503089996 0.569835406183 0.679794903862 0.747288197825 0.557863797007 0.656564569387 0.14893784716 0.137533524065 0.312486735451 0.252075880653 0.819925513475 0.819925513475 0.819925513475 0.991206197183 0.269184423249 0.0 0.0 0.0 0.620176078639 0.620176078639 0.62769595258 3.29387278689 2.58647968327 3.70763143422 -9999.0 -9999.0 -9999.0 -9999.0 -9999.0 -9999.0 -9999.0 -9999.0 -9999.0 -9999.0 -9999.0
0.972499974991 1.33022521868 0.890906808261 0.573815898343 0.298862801867 0.300222294214 0.526292051169 0.277263416403 0.655529505596 0.528118992317 0.475693737859 0.431532282845 0.289146632202 0.481406766871 0.284199883625 0.323971081354 0.349357741552 0.342944100107 0.365554431171 0.555081723653 0.45729746467 0.426271183711 0.427238086096 0.642431464353 0.552969921744 0.527649133552 0.476549385896 0.471177164866 0.550569574076 0.711698454239 0.812040998492 0.404967080914 0.0 0.0 4.27904219167e-09 0.819925513475 1.32369667865 0.0 1.1636042921 2.31697704507 0.377668951204 0.509322674491 0.0 1.285480478 0.618104288344 1.71982330723 0.651603012658 0.673491366044 -9999.0 -9999.0 -9999.0 -9999.0 -9999.0 -9999.0 -9999.0 -9999.0 -9999.0 -9999.0 -9999.0 -9999.0
1.02258068307 1.37941984995 0.618934514135 0.549908584765 0.543499397039 0.509722805496 0.314699249355 0.318405612305 0.715792236092 0.326924608585 0.608241715792 0.356555447437 0.255695510094 0.503841093633 0.240147526423 0.328550913481 0.273970466975 0.297925027107 0.560309769327 0.403007876083 0.522466958081 0.528474660285 0.483812259274 0.657060817109 0.579540337183 0.667488805219 0.482876467547 0.528895705195 0.805941709479 0.820574425054 0.79007804645 0.962416775065 0.393643030514 0.0 1.04789705277 3.37004798662 1.22227655353 1.28098518321 2.10778025423 3.63125042576 1.48382774 1.07689154819 3.07878209937 1.74671797129 1.85517024156 4.78985489031 1.8880056908 -9999.0 -9999.0 -9999.0 -9999.0 -9999.0 -9999.0 -9999.0 -9999.0 -9999.0 -9999.0 -9999.0 -9999.0 -9999.0
1.25189431518 1.04294291224 0.654554683095 0.50764005362 0.512833742957 0.700244748288 0.814278136443 0.641912784534 0.82841996271 0.799569731735 0.583159943316 0.536768123945 0.52763230112 0.527840650799 0.268389196878 0.373199536378 0.293198636686 0.331574841259 0.579836776984 0.434826214724 0.547545583682 0.639114097826 0.669112332867 0.661216743708 0.791667598614 0.776161286014 0.561397952489 0.644638693666 0.713812014848 0.797011226943 0.825379744463 0.897904772394 0.925853916339 1.0543471384 0.000527812126777 2.82561747779 14.9824460039 1.31057898915 3.53470337131 1.52356083885 0.276538903171 1.62539012637 1.15392554735 1.1418404382 1.90018725794 1.53575762888 -9999.0 -9999.0 -9999.0 -9999.0 -9999.0 -9999.0 -9999.0 -9999.0 -9999.0 -9999.0 -9999.0 -9999.0 -9999.0 -9999.0
1.10260694696 0.776683097003 0.644917839148 0.499649280235 0.231941113854 0.45355287995 0.311975972745 0.510864611676 0.756052614979 0.277062529079 0.429790103441 0.601944137008 0.570483821655 0.273657710813 0.410016452573 0.430426840184 0.387940413168 0.312826675114 0.588743459164 0.42579978056 0.514031150881 0.751372569136 0.680411430973 0.707754517126 0.790693534995 0.759446670758 0.571298353445 0.672142272527 0.630177893783 0.737512601786 0.915807317278 0.908729859784 1.29486261946 1.07271090156 2.22077456135 2.08778988234 1.47141715815 9.05024307391e-05 0.0 1.55725649451 1.31464156653 1.50862752309 1.71414972521 1.22406870699 1.23485832993 2.09455016483 -9999.0 -9999.0 -9999.0 -9999.0 -9999.0 -9999.0 -9999.0 -9999.0 -9999.0 -9999.0 -9999.0 -9999.0 -9999.0 -9999.0
0.59210798172 0.597297898271 0.650292191679 0.409772190549 0.504739208162 0.476908760782 0.412494857255 0.399142738636 0.856411748815 0.48308231515 0.282607634909 0.551879456833 0.536710221097 0.60812731765 0.60812731765 0.43866857961 0.382791402214 0.520527778863 0.629096836592 0.412311062026 0.538092837184 0.477556304919 0.582668998809 0.719179470438 0.758562941329 0.985242306626 0.572139877499 0.577716439187 0.783591668206 0.934700965699 1.03445401927 1.17043701473 1.76242064664 1.06227077846 1.62738403337 2.38495838047 2.70097316745 2.68422469432 1.10014177064e-10 1.18944096368 1.23013984861 1.12316859939 7.83980201016 3.91768659905 1.11396237192 -9999.0 -9999.0 -9999.0 -9999.0 -9999.0 -9999.0 -9999.0 -9999.0 -9999.0 -9999.0 -9999.0 -9999.0 -9999.0 -9999.0 -9999.0
0.659160352174 0.492314273579 0.673035148913 0.558504668149 0.51579883488 0.548919670944 0.501888459607 0.392581884693 0.701031183231 0.423212904691 0.521117565994 0.522645412471 0.487055918975 0.505100209443 0.747303188661 0.431929210604 0.331921953577 0.547036689423 0.631301298913 0.440472998943 0.523461871571 0.552254208877 0.597178641283 0.739095656141 0.736273404324 0.605316648981 0.685575136564 0.64876695342 0.718206930437 0.875834167296 0.962174130964 1.53906299089 1.50585517673 1.06070061089 1.58253665046 1.54217628884 3.18150671918 2.10891271615 1.91712390971 1.79506086065 1.6839782101 1.12316859939 1.46304541744 5.68709353728 -9999.0 -9999.0 -9999.0 -9999.0 -9999.0 -9999.0 -9999.0 -9999.0 -9999.0 -9999.0 -9999.0 -9999.0 -9999.0 -9999.0 -9999.0 -9999.0
0.677353900458 0.66022544572 0.719423956682 0.567398248732 0.640234443032 0.633515473777 0.5242297879 0.324578213022 0.577967208149 0.323357509621 0.372558770523 0.558557552962 0.482749545545 0.485629278411 0.754728147828 0.4265797777 0.412506405453 0.578199390611 0.629984249117 0.536668325994 0.576902606255 0.670210742368 0.594954469328 0.769698653365 0.815056589153 0.838610020082 0.806446096442 0.779032739519 0.706794217033 0.772982823563 0.804249943597 0.861059498897 0.900421415318 1.05199768537 1.78683257775 1.54172001896 3.11917616197 1.9554291733 1.84938065743 2.06286044674 2.46882235663 2.3416581297 2.2934883464 -9999.0 -9999.0 -9999.0 -9999.0 -9999.0 -9999.0 -9999.0 -9999.0 -9999.0 -9999.0 -9999.0 -9999.0 -9999.0 -9999.0 -9999.0 -9999.0 -9999.0
0.641613782056 0.648850288648 0.701176545776 0.546658466519 0.665947652714 0.483222227948 0.346893817924 0.540838377301 0.347691143223 0.848874338976 0.604123873164 0.594409370225 0.596313388036 0.95021371436 0.585899644216 0.490407293825 0.616893621152 0.421177652604 0.676470147699 0.540123707034 0.623137605261 0.597774546245 0.518977909394 0.840303253197 0.771472881194 0.96018547142 0.841811463783 0.666121604474 0.679940296978 0.76416089337 0.770364751004 0.872569955867 1.0567130916 1.06688722836 1.43347788098 2.5188370282 2.21457883845 1.91848725718 1.62845559933 1.62845559933 10.3569476973 1.22517570739 1.22517570739 -9999.0 -9999.0 -9999.0 -9999.0 -9999.0 -9999.0 -9999.0 -9999.0 -9999.0 -9999.0 -9999.0 -9999.0 -9999.0 -9999.0 -9999.0 -9999.0 -9999.0
0.941452870868 0.714782547365 0.471068379012 0.591593547981 0.629916641191 0.412869689003 0.264479143162 0.50487786854 0.586654531823 1.05139444845 1.0439089493 1.02258297289 0.961458292102 1.06225756645 0.701848754522 0.553649202012 0.628128698069 0.504951292493 0.692491975792 0.462670641606 0.600948361476 0.840303253197 0.840303253197 0.840303253197 0.573752898102 0.890988769196 0.85618887507 0.71881091648 0.713121597543 0.729132890075 0.878195565274 0.950678896264 1.05629411429 0.96821535679 1.81862863397 1.74413414809 1.91751198408 1.92610630937 2.90879981858 2.11890505856 1.58953309831 1.58953309831 1.65086152094 -9999.0 -9999.0 -9999.0 -9999.0 -9999.0 -9999.0 -9999.0 -9999.0 -9999.0 -9999.0 -9999.0 -9999.0 -9999.0 -9999.0 -9999.0 -9999.0 -9999.0
1.03838142698 0.764091529634 0.570010491292 0.56979394408 0.525916709466 0.696481736515 0.56851813394 1.05925078218 1.04836438433 1.5937736545 1.39324396801 1.37146800594 1.273182863 0.590008589443 0.652575755655 0.676302693973 0.640887810923 0.722666167416 0.595459626095 0.69188331678 0.570274273537 0.840303253197 0.546715801436 0.621772950305 0.634263517615 1.03042097396 1.00705003902 0.813365676963 0.982756553894 0.957697772263 0.888133727974 1.10663788342 1.05674081489 1.24375937568 1.54230696924 1.46988889823 1.84909689232 1.85853697769 4.3295364795 2.31591405181 1.71224927167 1.45018771701 -9999.0 -9999.0 -9999.0 -9999.0 -9999.0 -9999.0 -9999.0 -9999.0 -9999.0 -9999.0 -9999.0 -9999.0 -9999.0 -9999.0 -9999.0 -9999.0 -9999.0 -9999.0
1.23372454857 1.13328930887 1.22314116072 1.20185705795 0.547690457477 0.60523805105 1.09185356706 1.01377609535 0.94339577891 1.10577467294 1.1965475738 0.960090068962 0.83015719595 0.783763782277 0.747013446018 0.466518468777 0.790935122037 0.495560771395 0.629275236413 0.771647678501 0.98288434842 1.1136340848 0.551705530153 0.64784863456 0.731279028169 1.03305565836 1.42955161028 1.41206765062 0.895303572631 0.782255183096 0.753811769009 1.00421032815 1.53017317412 1.26717752405 2.20317793294 0.973018149113 1.17190107707 1.24608059676 1.2835574498 1.32189993455 1.06719954448 0.851080625164 0.839163323215 -9999.0 -9999.0 -9999.0 -9999.0 -9999.0 -9999.0 -9999.0 -9999.0 -9999.0 -9999.0 -9999.0 -9999.0 -9999.0 -9999.0 -9999.0 -9999.0 -9999.0
0.594941305973 1.3967770841 1.16370128533 1.17515333072 0.662678680923 0.766425759033 0.780561262173 1.17971669127 0.996542923214 0.82833295502 0.685105350996 0.833355595027 0.768281894614 0.779208709345 0.73260606527 0.755777604839 0.786622540422 0.928981856787 0.513798302125 0.564272034393 0.959829172861 0.813393325454 0.93312172897 1.95828302866 2.83766689099 1.43828554851 0.924701246423 1.08517672227 0.72762680963 0.921810172938 1.01171211954 1.00728282452 1.54419870108 1.17964059111 1.59243554227 1.40237310669 1.17190107707 1.40953493065 0.323727015115 1.3237261214 1.29499770417 1.4309407131 1.47310530631 -9999.0 -9999.0 -9999.0 -9999.0 -9999.0 -9999.0 -9999.0 -9999.0 -9999.0 -9999.0 -9999.0 -9999.0 -9999.0 -9999.0 -9999.0 -9999.0 -9999.0
0.523981215934 0.530257307952 0.516274124768 0.668333726476 0.752880445086 0.491339221743 0.761714532608 1.06119094729 0.776618523848 0.823624468395 1.11621493687 0.947850993084 0.84357991169 0.698372744034 0.767253678484 0.723395137882 0.950722101943 1.14355446624 1.00177015716 0.984262816421 1.24789949768 1.39724587901 1.36035015875 1.52365192837 2.13804364398 1.03325174033 1.09626914328 1.1110892766 0.989584534948 1.0221187537 0.73665071252 0.899077287506 1.75055444338 1.43626089155 1.25781973502 1.8001409733 1.2633100341 1.49406946254 1.55201176592 1.5240233148 1.46162137532 0.588267981855 0.690127528916 -9999.0 -9999.0 -9999.0 -9999.0 -9999.0 -9999.0 -9999.0 -9999.0 -9999.0 -9999.0 -9999.0 -9999.0 -9999.0 -9999.0 -9999.0 -9999.0 -9999.0
0.797270207269 0.654018680631 0.803854668054 0.690487463327 0.74851093062 0.753375923165 0.850655724804 1.01632820134 0.981689388084 1.05768758486 1.04643828828 0.959141848542 0.866165510373 0.770318423183 0.797662636578 0.74215912681 1.29659094036 1.33233878142 1.21591430664 1.16565038638 1.39572760832 3.43623709255 1.53975926226 1.52401276408 1.67253386687 0.824489854838 0.80813233651 0.967037934515 0.805524592457 1.03853493211 1.15172482526 0.874421139454 2.15165626585 1.46724426471 1.28818263348 1.46592176609 1.43290641778 2.16914393211 2.58201852349 1.85628263172 0.995596649778 0.777398919492 -9999.0 -9999.0 -9999.0 -9999.0 -9999.0 -9999.0 -9999.0 -9999.0 -9999.0 -9999.0 -9999.0 -9999.0 -9999.0 -9999.0 -9999.0 -9999.0 -9999.0 -9999.0
1.61357965381e-09 0.365763558561 0.384833066377 0.766164243259 0.738062360497 0.823938174927 1.03000703985 0.969963445412 0.795964000371 0.7016090775 0.781304266962 0.760667128635 0.696437426003 0.850433096522 0.869440655509 0.774687462263 0.892293167052 0.935090141011 0.829908493663 1.10571088665 1.29352150172 2.5604469142 1.38593410428 1.57828325684 1.32416858025 0.806647771004 0.838961360113 0.85906267536 0.822598220331 0.571535335405 1.17093833031 0.987445123468 0.997396649577 1.26237419893 1.14763306768 1.23804925534 2.93788847995 3.28647732924 1.70052709775 1.30993860822 1.55538166709 1.19554891292 -9999.0 -9999.0 -9999.0 -9999.0 -9999.0 -9999.0 -9999.0 -9999.0 -9999.0 -9999.0 -9999.0 -9999.0 -9999.0 -9999.0 -9999.0 -9999.0 -9999.0 -9999.0
3.2109946654e-14 4.69563836965e-12 0.151786077199 0.0369338982397 0.738062360497 1.04295191379 0.863453816388 0.915601814707 0.35256762076 1.05701707133 1.16609938207 1.17989782044 0.973768329566 0.789153860116 0.949438298986 0.951416558298 0.890920976096 0.788410580131 0.906469202225 1.11231527163 1.33476179083 2.32397226729 1.26747050963 1.26747050963 0.917232263019 1.28972144222 0.834699935272 0.662329197069 0.658385115131 0.93560495165 1.84911065271 0.951813556598 1.21153971252 0.989775573264 1.07443659814 1.54563464587 2.7258122145 2.44421993021 2.06767020507 1.86603063856 1.00479595097 1.33379657767 -9999.0 -9999.0 -9999.0 -9999.0 -9999.0 -9999.0 -9999.0 -9999.0 -9999.0 -9999.0 -9999.0 -9999.0 -9999.0 -9999.0 -9999.0 -9999.0 -9999.0 -9999.0
