critload/trunk/input/2010/Nconc.asc
ncols 720
nrows 360
xllcorner -180
yllcorner -90
cellsize 0.5
NODATA_value -9999.0
[rows 54 to 80 of 360, columns 120 to 179 of 720]
0.639913660244 3.63641825955e-12 3.59578621905e-05 1.51851197094 1.51851197094 3.05381637158e-08 2.26450177706 0.146667088055 0.146667088055 0.146667088055 5.52972564307e-08 0.146667088055 0.468156570844 0.518883733466 0.385200516706 0.347379321502 0.146667088055 0.146667088055 0.146667088055 0.146667088055 0.146667088055 0.146667088055 0.146667088055 0.13255116131 0.27531595286 0.356780575324 0.238845748721 0.286612819032 0.206295974497 0.200260086875 0.23748734392 0.211443856078 0.195303939102 0.195303939102 0.203852491864 0.142235308136 0.142235308136 0.142235308136 0.265700875074 0.248334488649 0.277471877325 0.277471877325 0.151858506345 0.151858506345 0.151858506345 0.457405810011 0.356845071689 0.375633087327 0.309368550294 0.511930583912 0.414715519041 0.42114946114 0.37675459991 0.515845476785 0.403069029924 0.504949435901 0.372068681434 0.448670364513 0.206501338053 -9999.0
0.362088644518 2.5078618559 2.5078618559 0.990996084453 1.23764129662 0.0 0.769980725914 0.769980725914 0.146667088055 0.146667088055 0.146667088055 0.146667088055 0.146667088055 0.146667088055 0.146667088055 0.146667088055 0.146667088055 0.146667088055 0.146667088055 0.146667088055 0.300250399609 0.300250399609 0.300250399609 0.306061614471 0.406754458931 0.406754458931 0.27594087055 0.27594087055 0.221239376197 0.280548509435 0.246884559682 0.213285491642 0.223260969634 0.237102825786 0.237102825786 0.164815984348 0.13525572479 0.190975687168 0.190975687168 0.157746249043 0.157746249043 0.160026280351 0.176971239439 0.151858506345 0.198646104475 0.358068006481 0.337548084031 0.470296240099 0.339176137663 0.252008224704 0.252008224704 0.252008224704 0.291997638827 0.291997638827 1.2351216057 -9999.0 -9999.0 -9999.0 -9999.0 -9999.0
0.256173440218 0.231372187912 0.331057729905 0.137730247893 0.137730247893 0.406911346268 2.26353392711e-12 1.08521799437 0.146667088055 0.146667088055 0.146667088055 0.146667088055 0.146667088055 0.146667088055 0.146667088055 0.146667088055 0.146667088055 0.310839411152 0.282989177981 0.264082816703 0.300250399609 0.300250399609 0.300250399609 0.300250399609 0.362134170759 0.39347626339 0.39347626339 0.4168589728 0.453934298759 0.280548509435 0.475661789957 0.327915068689 0.364436284665 0.293555554644 0.235676676757 0.17993775524 0.229538232255 0.229538232255 0.230770352446 0.23937165632 0.195403129919 0.252788829061 0.243061176759 0.230475892514 0.191843968124 0.254030907711 0.240472902762 0.23669414493 0.237901123225 0.220856468765 0.560491803437 0.416665386518 0.416665386518 2.32955622061 0.0 -9999.0 -9999.0 -9999.0 -9999.0 -9999.0
0.135803023588 0.13744856979 0.137730247893 0.137730247893 0.137730247893 0.146667088055 0.146667088055 0.146667088055 0.146667088055 0.146667088055 0.146667088055 0.146667088055 0.146667088055 0.146667088055 0.146667088055 0.234318583964 0.234318583964 0.312852763504 0.225605435649 0.235506611949 0.450470645593 0.300250399609 0.492705720874 0.551933888555 0.551933888555 0.445338755846 0.490363945376 0.455913109361 0.453934298759 0.367687330633 0.327915068689 0.327915068689 0.322749290549 0.293555554644 0.235676676757 0.181023811745 0.241673642365 0.241673642365 0.241673642365 0.264401406757 0.178808037066 0.154633959202 0.32640847213 0.257518183102 0.257518183102 0.168732689779 0.168732689779 0.157942118397 0.165658699138 0.183228972379 0.220856468765 0.340955930548 0.371134732804 -9999.0 -9999.0 -9999.0 -9999.0 -9999.0 -9999.0 -9999.0
0.118258031742 0.202620215012 0.187802384724 0.144054569165 0.144054569165 0.152746145327 0.293427172527 0.146667088055 0.146667088055 0.146667088055 0.146667088055 0.146667088055 0.146667088055 0.215631313978 0.212902943169 0.212902943169 0.227836733088 0.418776001045 0.225605435649 0.235506611949 0.31017316326 0.394070396909 0.448155067539 0.508849056069 0.478117083277 0.601465313687 0.472091418892 0.472091418892 0.434629621454 0.406421407295 0.385334572508 0.385334572508 0.385334572508 0.37907726097 0.37907726097 0.280599279366 0.241673642365 0.241673642365 0.281547807725 0.309278132122 0.230327112209 0.230327112209 0.230327112209 0.204515124666 0.255356754733 0.193038860289 0.184556258634 0.184556258634 0.194269318465 0.185660234666 0.204540169087 0.247408587912 -9999.0 -9999.0 -9999.0 -9999.0 -9999.0 -9999.0 -9999.0 -9999.0
0.228982572843 0.142393020466 0.194779072933 0.152746145327 0.152746145327 0.152746145327 0.455031217437 0.436353269625 0.118166331603 0.118166331603 0.187070324067 0.218557550053 0.271254338674 0.336378725505 0.37066579426 0.223493387846 0.434800321314 0.246354479609 0.247255734588 0.283905652138 0.31017316326 0.449731938999 0.464317968574 0.57267705369 0.559519145772 0.678893759637 0.59341684066 0.330960141444 0.330960141444 0.430206733152 0.358363829584 0.358363829584 0.385334572508 0.348418559141 0.280599279366 0.280599279366 0.280599279366 0.380990414647 0.403869947984 0.309278132122 0.230327112209 0.230327112209 0.3362812744 0.192272743846 0.193038860289 0.193038860289 0.199139294641 0.211724792412 0.198667381571 0.198667381571 0.213224613392 -9999.0 -9999.0 -9999.0 -9999.0 -9999.0 -9999.0 -9999.0 -9999.0 -9999.0
0.419421828129 0.200798584114 0.200798584114 0.200798584114 0.317442248112 0.474710261962 0.234187531045 0.0880485254558 0.100867045906 0.105136114894 0.119450208147 0.247395434931 0.212826193813 0.249616534858 0.276056521668 0.203441828542 0.220746998874 0.22266568629 0.247255734588 0.247255734588 0.213293842257 0.263832782129 0.263832782129 0.372406743741 0.467701983115 0.415891412736 0.329571074554 0.330960141444 0.452715235217 0.452715235217 0.358363829584 0.358363829584 0.517973104918 0.333188885739 0.418351062826 0.418351062826 0.618798612012 0.352352804868 0.314037848678 0.230327112209 0.230327112209 0.434307741597 0.485782325269 0.333193529148 0.355332363063 0.293453243539 0.315541182602 0.219117691755 0.221654663787 0.213602184815 0.327144141784 -9999.0 -9999.0 -9999.0 -9999.0 -9999.0 -9999.0 -9999.0 -9999.0 -9999.0
0.235309680285 0.20849487447 0.252197972785 0.134412062436 0.572973219381 0.526369131231 0.0844679158318 0.396331575551 0.347875193734 0.347875193734 0.397019473946 0.45381016009 0.322936252631 0.310803289975 0.23967458314 0.235731598827 0.234564765135 0.222924339829 0.213293842257 0.213293842257 0.213293842257 0.213293842257 0.213293842257 0.213293842257 0.213293842257 0.213293842257 0.213293842257 0.225856258506 0.249017662177 0.249017662177 0.249017662177 0.376353462307 0.337854337913 0.358679451046 0.440900635457 0.291953547386 0.276141059323 0.352352804868 0.361064558371 0.466374640835 0.435468720423 0.508953987892 0.486011375162 0.355332363063 0.355332363063 0.286510389485 0.341379782219 0.266504244607 0.266504244607 0.269835230461 0.300373166339 -9999.0 -9999.0 -9999.0 -9999.0 -9999.0 -9999.0 -9999.0 -9999.0 -9999.0
0.400250559457 0.420578203404 0.59676061243 0.675492950164 0.224837221217 0.15092268721 0.197248236999 0.270042996267 0.347875193734 0.347875193734 0.488004150735 0.236872228513 0.235776485612 0.240468751166 0.158487945538 0.307350472438 0.307350472438 0.213293842257 0.213293842257 0.213293842257 0.213293842257 0.291381854692 0.283199600927 0.342525462424 0.512486521575 0.370194730549 0.25666803982 0.312430205409 0.249017662177 0.255904978223 0.31462931918 0.242264151221 0.186426432159 0.197403576585 0.197403576585 0.183330120428 0.16201416239 0.654288046075 0.546952599441 0.435468720423 0.435468720423 0.386891509597 0.355708119082 0.308308098088 0.288508161899 0.288508161899 0.266781414723 0.266781414723 0.262471718431 0.254174432509 0.412272428213 0.127567352879 0.258333187993 0.458598229901 -9999.0 -9999.0 -9999.0 -9999.0 -9999.0 -9999.0
0.257989667652 0.0 0.0 0.0 0.0 0.0 0.228186856444 0.228113433174 0.236484773253 0.240677792351 0.237465362473 0.0 0.0 0.0 0.0 0.307350472438 0.307350472438 0.356991208932 0.356991208932 0.32141029236 0.30732766282 0.282923815941 0.265773262937 0.266799183946 0.511530487964 0.632471521213 0.313213766985 0.313494751102 0.286038912852 0.20815864892 0.243272356631 0.206754718102 0.197403576585 0.197403576585 0.197403576585 0.155295744865 0.303008671587 0.168631720051 0.415961967947 0.516583775871 0.484969217192 0.556769341239 0.38362493712 0.38362493712 0.482312522099 0.447288684177 0.433582878547 0.423380743925 0.385376801186 0.356682864713 0.133534223622 0.127567352879 0.110485992038 0.23926431205 0.343096719729 -9999.0 -9999.0 -9999.0 -9999.0 -9999.0
0.0 0.0 0.0 0.0 0.0 0.230143095924 2.66310742305e-13 0.0 0.0 1.7740286946e-07 0.0 0.0 0.0 0.0 0.0 1.32566640832e-13 0.0 0.383688087248 0.333787292931 0.376563945163 0.382554025745 0.25910858658 0.272777959904 0.231001103216 0.333051345549 0.29706668958 0.224462393381 0.224462393381 0.256296913194 0.260297292094 0.422613581954 0.197403576585 0.197403576585 0.197403576585 0.155295744865 0.155295744865 0.155295744865 0.155295744865 0.360596411076 0.589907818553 0.338983235114 0.338983235114 0.38362493712 0.116314726185 0.50067847379 0.470286757569 0.397720263458 0.36547450796 0.348288667086 0.134121044817 0.227960045397 0.183613905622 0.164546493558 0.219082796882 0.341635710457 -9999.0 -9999.0 -9999.0 -9999.0 -9999.0
0.0 0.0 0.0 0.0 0.0 0.232945949564 0.0 4.22736143849e-13 1.58431855499e-07 1.80322495659e-07 9.33369200556e-07 0.0 0.0 0.0 1.20832407648e-16 0.140002993013 0.388377750936 2.01693524608e-06 4.16733311727e-13 1.10476730709e-08 6.46567965156e-08 0.26486328171 0.26486328171 0.276436327359 0.276436327359 0.224462393381 0.224462393381 0.224462393381 0.260211267808 0.233913820673 0.446868188218 0.409606176962 0.22991225925 0.155295744865 0.155295744865 0.155295744865 0.155295744865 0.304300196985 0.34021461867 0.307082785012 0.566998886653 0.116314726185 0.116314726185 0.116314726185 0.109742650438 0.102922823247 0.0999765271939 0.107083173873 0.120952360021 0.261178075099 0.198671173176 0.183869649264 0.203263338904 0.131618642627 0.390246286804 0.212221528815 0.577717773091 0.399722038098 0.725439187565 0.38961433673
9.53635581006e-09 0.0 0.0 0.0 0.000304733813455 0.23499061803 0.0 0.0 0.0 7.32421686352e-17 5.68589456245 4.30826198766e-07 0.0327123190134 0.0 0.0 0.0 0.526629709087 0.421153742163 0.206880047764 0.206880047764 0.231252257394 0.231252257394 0.273972797121 0.354136806396 0.358621918062 0.528431935637 0.430765985153 0.450726272907 0.340104389378 0.226544625991 0.31868108197 0.268196539824 0.225582840413 0.155295744865 0.155295744865 0.155295744865 0.338137354746 0.304300196985 0.304300196985 0.307082785012 0.116314726185 0.116314726185 0.116314726185 0.105987287065 0.109742650438 0.224588139039 0.188451140534 0.188451140534 0.172474910926 0.20254021792 0.310728010499 0.192913963691 0.192296389478 0.191552896931 0.210094385866 0.252761985833 0.210131132621 0.132062979336 0.171528245841 0.220816307167
0.17779927822 0.175571785414 0.0 0.0 0.174318798676 0.237071761562 0.0 0.0 0.0 0.0 0.0 8.73212694675e-05 3.43886236739 0.0 0.555975021757 0.545255885678 0.0 0.0 0.206880047764 0.206880047764 0.0 3.39238115451 3.39238115451 0.269993337355 0.269993337355 0.455270430774 0.438940192408 0.428149333352 0.340104389378 0.639832806009 0.623035808568 0.268196539824 0.293220989921 0.155295744865 0.155295744865 0.265870811169 0.227811107323 0.255140937307 0.130116339678 0.130116339678 0.116314726185 0.116314726185 0.0974648947983 0.0883299245115 0.140389098624 0.122648773321 0.245094268505 0.233315149452 0.232076215273 0.20254021792 0.20254021792 0.192913963691 0.252668220655 0.420111903923 0.274537223198 0.237549407739 0.253754172391 0.230968083043 0.147685654751 0.155654170652
2.48516863834 2.44167343407e-08 0.173870046218 0.171435599746 0.598344166295 2.45384038584 2.77858087389 0.914341363951 0.914341363951 0.914341363951 0.914341363951 0.0 6.04465095071 0.0 0.563738049228 2.83378877192e-10 3.94525783524e-11 2.99244599451e-14 6.18645221327e-15 0.0 0.0 3.39238115451 3.39238115451 0.36539186596 0.84454286598 0.487427048542 0.487427048542 0.413300962557 0.353040304502 0.353040304502 0.327142624954 0.327142624954 0.293220989921 0.203114088832 0.191064473456 0.176081490484 0.160543385005 0.140990858604 0.140990858604 0.140990858604 0.140990858604 0.203420376248 0.157616545286 0.157616545286 0.206309932724 0.172966404934 0.245094268505 0.245094268505 0.271655360535 0.249566960738 0.518156462944 0.533775935857 0.350397675094 0.313407361237 0.265265946512 0.235443832915 0.391006283329 0.363331203036 0.269870987926 0.241378307651
0.000291040291249 0.604931786044 1.0079350794 0.485896797101 0.0 1.96903102449 3.10845733595 0.914341363951 0.914341363951 0.914341363951 0.914341363951 0.891023223948 0.546033707949 8.80244187815 0.571552523075 0.000484027595891 0.000506337748644 0.260151209536 6.71333519951 6.71333519951 14.2145214262 0.223272603036 0.321483393993 8.02721984739 0.84454286598 4.73171879677e-05 0.413300962557 0.50251535178 0.50251535178 0.436921261715 0.436921261715 0.304382661568 0.304382661568 0.266590725334 0.238419469819 0.252047055629 0.410370751915 0.397813374532 0.277785181479 0.277785181479 0.293347571287 0.166390941254 0.287062625251 0.206309932724 0.312030206426 0.294947706507 0.245094268505 0.189015394374 0.189015394374 0.402337266558 0.302812100226 0.152507387587 0.17682369189 0.162605291666 0.162605291666 0.173205115856 0.297202470546 0.362250865479 0.268602183194 0.320548786758
0.348325816847 0.000165308384407 2.29976291711e-11 0.30816395263 0.250678597522 0.448052361263 0.55985044314 0.625171386846 0.365223108079 0.196218459364 2.8526545331e-05 0.527121297826 2.22983467073 0.549144891187 0.556153513754 2.90390365034 2.90390365034 0.00898910966968 0.000453363390507 2.95773606389 14.2145214262 1.67080481648 0.630468073854 2.4621733719 1.8369807411 1.8369807411 7.66916889279 4.22562851656 2.2136039641 0.436921261715 0.761523946538 0.761523946538 0.266137208773 0.266137208773 0.238419469819 0.216254172373 0.442746951666 0.330345037692 0.384157845192 0.384157845192 0.317608607501 0.490517437048 0.287062625251 0.330920893495 0.330920893495 0.330920893495 0.104696720885 0.170435383322 0.170435383322 0.170435383322 0.162615598055 0.131996319476 0.131996319476 0.154657086506 0.162916219419 0.178399694331 0.426291768457 0.225875545978 0.269927348385 0.327863293271
0.3263782155 0.282996185666 0.316619734572 0.300331782313 0.0 0.0 0.270414461908 0.265251775488 0.324067956089 0.34805699862 0.373195179705 2.98868120664 13.7721153315 9.94032816029 1.40124408608 1.40483760144 3.42626696952 3.22239623819 3.21234907785 2.95773606389 2.87497196748 2.87497196748 2.42402202569 2.42402202569 1.94460336457 1.7092799504 6.35800447412 0.415287419965 2.2136039641 0.361412482827 0.000793492754973 0.244978969068 5.01117873858e-16 6.2274579924e-13 0.447115424463 0.899562460659 0.209484294915 0.980860998367 0.701085758913 0.456005662139 0.456005662139 0.533835546022 0.402218349421 0.380633444138 0.448736570883 0.145039309959 0.145039309959 0.145039309959 0.198906551366 0.141804047097 0.141804047097 0.181930485251 0.163553150624 0.14492482048 0.169426463981 0.107923395832 0.189287365676 0.210323539116 0.189633767188 0.231130627212
0.365763199 0.33819576872 0.30321961441 0.219363660246 0.2461540748 0.274965936831 0.617206356717 0.521474077344 0.662015047057 3.28771028648 2.31861432263 8.33052799333 19.694454395 1.20168819085 244.797279391 244.797279391 1.38366153085 1.36451634841 1.43433111264 1.38083251558 1.38461942719 8.05321060423 9.02889932117 0.501605614131 0.0 1.7092799504 1.7092799504 9.61167514104 1.59902272769 9.62027718096 1.90123822827 0.179831046165 1.15843818364 1.15843818364 1.21216740318 0.899562460659 0.95222459573 0.903978142587 0.582945291837 0.582945291837 5.29363131684 0.533835546022 0.58631886298 0.58631886298 0.58631886298 0.323511929035 0.267077102955 0.131799103862 0.102692457711 0.132862131816 0.139236994791 0.139236994791 0.139236994791 0.16757869492 0.218138601257 0.0805159183453 0.0805159183453 0.207782596221 0.189633767188 0.195291224252
0.231172012173 0.291636989455 0.35581388569 0.278250598315 0.278250598315 0.216662676353 0.309040483971 0.108539501131 0.268468613658 1.23901999189 0.361455419003 0.601280781328 0.601280781328 7.79979351502 244.797279391 244.797279391 0.0 0.0 8.01960752161 6.31103248275 5.82755201929 1.38831045421 1.35994364431 2.23831944287 2.50070772301 6.03772996246 5.24579084381 1.60682543852 1.64783082023 1.59457310734 1.59384920006 1.45248147221 1.15843818364 1.17012231349 0.885714758147 0.0 0.083968555506 0.780723467708 0.582945291837 0.582945291837 0.582945291837 0.58631886298 0.58631886298 0.58631886298 0.58631886298 0.58631886298 0.160075132656 0.101697399709 0.237883458619 0.135657317071 0.175766102052 0.189212001841 0.197604948347 0.169258537897 0.169258537897 0.169258537897 0.22988024697 0.22988024697 0.305988421373 0.210639187858
0.205272322205 0.300989137789 0.106326393345 0.278250598315 0.19637851414 0.29613912963 0.291497592275 0.28795056196 0.232448128658 0.204415575037 10.1183809787 10.3829402879 28.2310068536 10.8461145365 11.7657957787 10.7842209286 0.0 8.65418613615 0.936453314732 0.0868843635659 0.0 5.41770355906 5.00432714834 1.59252120747 1.50537493392e-05 36.9160546097 1.60930763827 1.58202745029 1.55918354653 2.12710508123 3.40653308575 3.26133565015 2.29254049612 2.28565721044 2.20246179605 2.09704582912 1.17825796774 1.17825796774 0.780723467708 0.780723467708 0.780723467708 0.611245341065 0.58631886298 0.58631886298 0.58631886298 0.58631886298 0.223787035917 0.223787035917 0.288204476032 0.346221083082 0.449260653066 0.449260653066 0.461103387525 0.169258537897 0.299962304843 0.500843197932 0.488522609583 0.651147730492 1.06633754468 0.438031621183
0.186333244989 0.293292293718 0.106326393345 0.106326393345 0.14471121616 0.219455576308 0.260887387476 0.190241239655 0.198642512813 0.225033409422 4.64286582859 1.73493480027 2.89044541356 2.81262901965 2.73732550254 0.000567899522014 9.66158837714 0.00044844560916 0.0 6.46266219955e-05 5.07831955819e-12 0.0 0.0 4.57686476064 1.62070883781 1.64292588878 1.61778367247 1.59538227855 0.0 3.40653308575 3.40653308575 7.81147905975 2.43597606822 1.99064249643 1.39007159699 0.00227131320879 0.000486348709171 0.0347686987136 0.884855365818 0.780723467708 0.780723467708 0.438341656272 0.58631886298 0.58631886298 0.58631886298 0.58631886298 0.58631886298 0.378235380734 0.376283257192 0.376283257192 0.572724029647 0.572724029647 0.95592061443 0.299962304843 0.742222206328 0.742222206328 0.623468611511 0.631187973317 0.573209035978 0.768800265177
0.290842815725 0.285055300628 0.0883761647676 0.106326393345 0.106326393345 0.106326393345 0.277965678875 0.312171636926 0.431549433031 0.403892101984 0.754128996691 3.9945742983 21.3324537684 18.1957343281 2.91226322047 0.0 0.0 0.0 8.86589959418e-13 3.65124850926e-14 0.0 0.0 0.0 3.58095493166 3.65234746737 0.0 1.43937529878 0.0 0.0 0.0 0.0 1.9369258432 2.33244168185 0.0 1.69213133138 2.94543894234 2.69318372316 0.0 4.31093626357e-05 0.780723467708 0.780723467708 1.29613180525 1.29613180525 1.05730229224 0.58631886298 0.58631886298 0.58631886298 0.575094769308 0.59238053129 0.376283257192 1.49683286956 0.683101919456 0.683101919456 0.614935938332 0.639514018546 0.856013836991 0.766026506225 0.699915909296 0.624167125809 0.833726666474
0.600979195596 0.600979195596 0.554824467246 0.0883761647676 0.13499214608 0.244875605646 0.32016883493 0.485025126085 0.488652929802 0.399464239844 0.443220126663 2.0101360739 9.4494517216 10.147506304 3.65871766721 3.5204665242 0.0 0.0 0.0 0.0 12.2696795322 0.0 3.85787309815 11.5128733908 7.78066816562 4.05084342107 1.45007926195 1.45007926195 0.0 0.0 0.0 0.00123177317477 5.63493863827e-11 5.16759452185 7.17163373353 3.26639955728 2.92459461985 2.92459461985 0.00334847031262 1.71883557374 1.42751251939 1.29613180525 1.29613180525 2.15716536205 3.89967949042 0.58631886298 0.58631886298 0.58631886298 0.681808364672 1.12260037734 0.731817632272 0.424219522357 0.424219522357 0.427333433364 0.743707501817 0.594200836907 0.629651800872 0.573218102998 1.65279051905 0.275489730388
0.554824467246 0.554824467246 0.560364354171 0.260207369619 0.204939328739 0.175275221162 0.175275221162 0.409084400095 0.55173264719 0.32756534836 0.522318761484 2.0101360739 2.13172907269 2.23676771867 1.96986047541 3.97228132124 2.38405921835 2.39890166661 2.41400083361 2.56778852492 2.61478008202 2.63288306402 2.77384451797 2.91573360812 1.45007926195 1.45007926195 1.45007926195 1.45007926195 0.0 4.74616472623 5.10047580773 5.05045858607 4.97126890951 4.85387675513 4.20558268765 4.21425640863 4.10664776648 2.92459461985 3.3604814989 1.5806392356 4.38199000823 3.62428233317 1.29613180525 1.29613180525 5.57197990721 4.96554090474 0.58631886298 0.58631886298 0.454146487127 0.622291242285 1.01446776399 1.01446776399 0.414834092383 0.297127728402 0.297127728402 0.770744523359 0.297127728402 0.275489730388 0.673200266586 0.605734816187
2.08938605081 2.00837417613 0.478867045572 0.268563839777 0.204939328739 0.293990270917 0.175275221162 0.425758423014 0.58489439303 0.647113062571 0.369863783647 2.67557953674 0.0 0.26008831285 0.0 2.07634033919 2.38405921835 0.00128774758337 2.91701905169 0.0 18.5286360777 23.0524221691 0.0 0.0 6.12522740212 3.97668017775 4.88934941762 0.0 0.0 4.02191280872 5.6588226861 4.23791850733 0.0 0.00493307217164 0.0 0.0 0.0 3.58397420961 0.0 9.58383232841e-05 3.8198588585 5.4745041884 1.29613180525 1.29613180525 1.29613180525 14.7712656612 0.58631886298 0.440123805194 0.440123805194 0.448506993039 0.448506993039 0.363215615042 0.368761576127 0.297127728402 0.297127728402 0.297127728402 0.297127728402 0.826138175831 0.940951274502 1.01236590549
2.00837417613 2.00837417613 0.397576780743 0.204939328739 0.204939328739 0.408233517524 0.408233517524 0.511482170995 0.665652297679 0.692872215726 0.401664021739 2.17340242318 2.17340242318 2.7686860431 3.26958746306 2.8090208184 2.67844330129 2.54412251371 2.66575467482 40.3225035758 56.3217183583 56.3217183583 1.35433353511e-14 0.0 0.0 0.0 3.71595900581 0.0 0.0 3.9821517489 0.0 0.0 8.91094362612 0.00285995196102 0.00122301751533 0.0553397795598 0.0 2.98898081855e-14 3.40570674751 3.36783203731 3.34723851411 3.2590251967 3.16832755662 3.3117413587 3.50642417367 3.74760275341 4.86048745254 1.873514375 1.34513497613 0.709597600705 0.709597600705 0.709597600705 0.380857825858 0.871988759737 1.0307336375 1.79742805114 1.79742805114 0.940951274502 1.38017239775 1.01236590549
