critload/trunk/input/2010/Nconc.asc
ncols 720
nrows 360
xllcorner -180
yllcorner -90
cellsize 0.5
NODATA_value -9999.0
[rows 81 to 107 of 360, columns 360 to 419 of 720]
2.68518359961 4.90922618079 5.18005390505 5.23599349297 3.46173847908 3.20833563843 3.26307563565 3.06270101891 2.66920544398 1.94072072413 2.52632412562 3.31416741018 4.0788521012 4.12250453223 4.31476668592 3.20231068862 1.60716716362 4.61969517312 4.36852138075 3.41384842002 2.95523780776 3.3488774304 10.6058232232 10.1599894153 3.05996331707 6.04672307858 3.09461245766 14.6251364811 5.44849013777 0.00190624258012 30.9443976136 216.149800611 6.91064531841 7.95670060598 7.77553579129 8.98508367764 1.15243773298 1.01587859125 0.792905072655 0.907090905593 1.35729722669 2.5379497504 4.32163533157 2.54158154291 1.39980372774 1.39980372774 3.15968528795 3.30677873802 3.64530035688 3.73571469232 12.1658927037 24.8225413307 26.6367598374 62.8839960348 40.568812286 7.54299694854 4.45050717979 9.03389964164e-08 1.44103467248 4.17417646066e-08
2.25606644631 1.46231057683 2.60694083608 7.99359451333 6.27678707417 4.19852428624 2.60023763232 2.39956983022 2.17193533745 2.00469965888 2.39535370292 2.79587740794 3.79335001146 3.95925705536 3.44051208282 1.53265529772 1.56510531462 3.97764061693 4.14060275077 3.65069652387 4.40413520888 2.6301777131 2.70855385549 2.85077829428 3.43433553795 3.19340395107 1.70855326134 1.71026437056 3.44804077506 7.89063921841 8.70819728908 8.57507766669 18.6508215295 7.12949275198 7.81687525615 1.52609280482 6.9955262362 2.07740079825 1.72610882764 1.34922618936 2.61143360497 3.53610485076 3.93212218274 3.19273771553 3.19273771553 1.92575665919 1.82877223473 1.31477669121 2.56116943652 12.6592411056 4.62490323499 5.18165289905 5.27970923809 5.44352726678 5.35900211431 58.5411281502 0.0756706349117 0.177402870623 0.592696990304 2.39388675121
3.22052648367 2.73106113543 2.60294734848 2.40249989174 4.12563122622 4.5140014072 4.33010641713 3.93537594137 3.09343531219 6.41324259883 3.04629075214 3.01309744787 2.8027029056 2.98781607093 2.59016740828 1.48858751403 1.58605134762 2.40680774312 3.79524352949 5.08939927317 4.23376850485 1.29707020818 6.79536906806 3.00543641859 0.826893513321 0.794654132949 0.84944687916 1.72665104188 1.62544514097 1.59903400463 1.53123127578 1.47145868329 1.46401956218 1.84239930371 1.87008763541 1.62786929699 8.22480382817 2.50880923901 6.25351435837 19.5706238647 2.83317153902 4.79052444034 4.88395823634 3.37450090218 3.24063668698 2.45843541693 2.21049361695 2.03834238914 1.78046778835 1.60342708163 3.24937892003 4.76197159774 5.57898003864 5.24691562127 37.1085415213 5.41147096812 5.54229613793 46.8900039639 26.0994492396 8.30151429146
2.83347440148 2.70863108036 4.24242833887 4.35027193216 4.28971486555 4.31234133817 2.39699961997 4.39296844964 2.96567930483 4.99841788824 2.60835252945 2.18523463275 2.01938084922 1.93284836137 2.70825435249 1.4137396505 1.33595807693 1.15645694485 1.15645694485 1.15645694485 2.72716326072 0.896325078574 1.75918146831 1.26067665444 0.667247680366 0.667247680366 0.559911257956 0.60916380085 0.966714651434 1.05618703205 1.12572817456 1.16431452061 3.85977306225 7.57683584165 1.87008763541 1.87008763541 1.90664936722 1.94370652367 1.97994162667 14.5179843216 7.82916375108 3.21641239849 3.53357025893 9.13736567676 6.62663931657 3.87360611578 3.2458565541 2.94978452202 2.19356184542 2.95799672957 2.22581740375 4.4653815938 19.3472899412 102.971776967 3.11392931453 92.392331042 2.86982343754 5.81970363319 4.1031773995 0.00154952205686
3.82682161165 4.19937126237 4.08701653915 4.72939330339 4.68131184138 4.44237911034 2.98331066665 6.74705820343 6.43951497934 5.21381510991 2.69771290549 1.73282751187 1.80358588335 1.77814211681 1.67521984166 1.79696357282 1.52732696159 1.86150280287 1.48685067292 1.15645694485 0.375211166743 0.733245151103 0.597998253448 0.531236230107 0.588927348601 0.522028058316 0.471213640692 0.521902931645 0.559410146481 0.651801407421 0.830843564257 4.3167750619 4.15517094497 3.88627722838 3.69485913877 16.1296108514 5.33932367396 11.7908259828 2.04873320461 5.72519700756 3.90057878143 3.21641239849 2.65781281013 3.53856047075 2.08981010428 4.77277804298 3.62963619562 3.58511089716 2.39875051778 1.68110796811 1.60607640207 2.5080122309 2.5080122309 29.6874644957 24.7741854438 7.12340384754 42.2965566491 55.1108686617 4.1031773995 57.8747346276
3.21826126987 3.03028110007 3.57608745533 3.27080901341 4.43544500424 4.93277028794 4.56713993776 5.18698560566 5.91721551605 2.23303045796 2.14028716446 0.89831565351 0.94926927841 4.06688136941 2.69340295526 0.621415262422 0.498284149859 1.52732696159 0.56021222901 0.611228187429 1.89201877239 0.543012400002 0.686106549911 0.755854625229 0.741533794146 0.671617533443 0.579296255006 0.5839868956 0.650600953028 0.719123052117 0.810906748416 1.03515650057 1.16988123003 4.10035578352 5.33932367396 5.33932367396 5.33932367396 5.6313580516 2.07063226098 0.0 3.97585973935 4.3746265592 4.57103328239 2.80465524879 6.11432277849 2.11897794518 1.80535731489 5.43360961892 5.85122329034 5.09900423313 3.60518420235 3.16494010276 2.5080122309 4.32422003115 21.025129612 29.9776492148 7.68450879736 95.5142878047 4.25682160663 4.47883543181
2.53700015098 2.37512010297 4.29736171785 3.43405267598 6.38590479073 5.69271468309 4.09301690379 4.89498956345 4.84160655697 2.27339952536 3.77980554207 0.89831565351 0.94926927841 0.94926927841 0.785757550037 0.743713628242 0.609562418689 1.21005485088 0.748888949991 0.594974843862 0.612580236072 0.777741731263 0.793842978017 0.781217684694 0.810283622829 1.34996679096 1.37774842644 0.345261210252 0.652487510558 0.756212646996 0.89687010707 1.21515518426 1.31302522038 1.25852647445 1.26497015716 3.25793001714 5.49819449777 2.11587527392 2.06344075806 5.40912840129 4.25581672449 3.90560070761 3.86433699973 3.77094591463 2.38789089283 2.04008522618 1.16780669442 4.78031736626 10.2168721911 5.84937735165 3.99018849264 3.74245607087 4.16130450179 5.63295096398 3.97329726552 30.923719267 7.55717855833 8.43608829852 8.60686023269 3.15984173193
3.58483596977 2.47941499616 3.16843164866 3.29298310821 3.09663615949 2.71283319608 5.4933845922 3.4670434828 4.5563548133 1.79753672163 1.20066166041 1.00601534436 0.68063974124 0.444231305669 0.970436599108 0.84354983812 1.21005485088 1.21005485088 1.8069619612 2.07805626026 2.07805626026 1.86932120433 0.960583655798 1.9858968062 1.92536633673 2.10043898863 1.40975403509 2.58721028863 0.474367908578 0.817160626474 1.11653381054 1.22863555323 1.48634130504 4.10894134267 1.29185156313 1.30964097905 1.3652384505 1.93889505864 4.31937663431 4.49430940829 4.24795730749 3.30689732258 5.49086805206 4.23806099969 3.74352215882 3.92031500446 4.18016336361 2.12302929662 4.8886901376 4.79411974107 5.96353259049 6.26451551856 4.57865294281 5.50538641122 5.13816064431 5.2718528925 1.94983391168 1.84894631145 15.8849959442 5.02740621899
3.9485026638 4.01019103922 4.6046274178 3.24912033054 2.30470286424 2.76672401312 3.59632597338 4.79040802232 5.20455186008 1.85800076859 0.863945480149 0.771194023973 0.423351646043 0.590590322454 1.01677092609 2.54255703559 1.67413193301 1.87448253844 1.87152363777 1.94692715916 2.10001727142 1.86932120433 1.98967415451 1.17566365865 1.43891023935 0.248046966655 -9999.0 2.67057621704 2.07208999772 0.510259525699 0.791455473372 1.305658608 1.47115357901 1.66673555271 1.68627027222 1.88242796229 2.2535043824 2.28990923084 1.92858403775 1.93221481211 2.29155277148 6.45991925354 7.29614921295 7.93639781718 3.60205986919 1.4898779919 7.39983781913 1.71649730151 4.15696455292 1.31836857754 2.01482988084 2.61738828672 4.57865294281 14.1524452033 9.73732768327 6.6381872015 1.94983391168 1.84894631145 1.75822873168 1.75822873168
3.32141430763 3.71439571079 3.37943986916 3.54843117319 3.25523978561 3.12616842014 2.70676633471 2.02988199218 2.68918082158 1.56780171457 2.22492768749 0.845327263765 0.844065005116 0.504095285305 2.28118901903 2.43752356177 1.97524266448 2.64536628313 3.2451362228 5.4142637687 6.71524085211 10.7198454342 11.2542150447 2.14758072544 2.07096124574 -9999.0 -9999.0 2.4773271196 0.233386279816 0.488505647572 0.651912554278 1.4625069301 2.17762472863 5.86755003689 5.66850762582 9.39510304141 5.20170064772 2.26000873023 2.11133888278 2.10314748365 2.29191109493 2.31839660867 2.4079866234 2.17320658629 2.17320658629 2.05952475084 3.34496218445 6.02156709411 3.30068146431 4.38942866214 2.40651921083 11.6259926071 5.92083961162 5.91037457763 6.3417739435 1.93278450224 1.92720964183 38.4773701701 38.4773701701 0.0
2.93328227351 2.9530716358 2.84585922083 2.77939708133 2.79293933917 2.4546578756 2.90542385021 2.33042795546 1.98152486135 1.645125208 5.26347739129 2.86136905831 0.844065005116 1.21632187376 1.11915023307 1.59857726104 4.07030137593 11.4588031019 2.18920645589 4.20410315819 3.87111732508 6.28918612893 12.6869018823 8.96090857695 12.4049619505 30.2461147987 -9999.0 -9999.0 -9999.0 0.0 1.53146287053 1.63850176732 1.63265404359 2.11240872244 5.66850762582 4.56201234915 4.63589536603 3.85006067619 1.41753011624 8.27690505926 6.96652492245 10.8034941328 7.13863429524 2.43082709354 2.17320658629 2.05952475084 4.35596045148 4.49471602243 2.96201149015 1.93987285605 4.00719779263 2.46712784005 1.99324775463 1.89661768564 1.89519568739 1.88981102881 5.48916960755 16.7383880691 -9999.0 -9999.0
0.391872306427 3.84659177482 2.35734192654 3.26993489923 3.01740484257 3.01160074879 9.04098198538 3.21878777369 3.13105938397 1.48392508218 1.48392508218 0.934041213356 0.953538605691 1.0289226041 1.63917377733 4.83081083948 4.15936019772 -9999.0 -9999.0 -9999.0 8.42739575899 11.4675401936 13.8687350019 11.8009338794 11.3209960303 8.52309782937 8.77370781306 12.8166040624 -9999.0 -9999.0 1.0296113519 3.17623467177 4.63531265115 2.22231440591 1.92721015323 1.67887639279 5.76653739867 1.32376053681 1.21931120928 2.19738677604 3.73308750838 5.16185861782 7.06653898942 13.5890914114 15.294443027 1.96266115235 1.96238232957 1.97967989539 1.99717548834 1.92444379703 1.92128496311 1.94580279998 1.94490550852 4.91870514347 12.9468332755 3.0359543827 3.77375272175 4.02704993455 -9999.0 -9999.0
6.47383538294 1.30091431743 1.88872317271 2.19412870564 2.77521961785 2.7323182722 3.25777322242 2.77356426714 4.24488902057 1.48392508218 1.48392508218 5.94828956358 3.17946590107 2.06117710778 -9999.0 -9999.0 -9999.0 -9999.0 -9999.0 -9999.0 6.91561996402 8.50409526018 6.5606068165 7.06150521843 10.6462593951 7.63626790655 5.9824954076 7.05540643438 -9999.0 -9999.0 -9999.0 -9999.0 0.759205555547 1.76709246013 2.24704862869 2.35002614717 5.88827401191 0.996660247394 2.04061782495 1.88024727997 2.66380796762 11.0543363853 29.4553067194 17.5150421962 14.0161727255 8.6992859217 117.617695655 19.7987749358 10.3899084459 6.40913625094 7.41182267318 10.0200137802 11.2101141066 5.48457313705 5.66081015771 8.23662753478 3.80612647438 1.857560815 -9999.0 -9999.0
0.843080028619 1.2467533852 1.78067493605 1.52276785 1.24981912474 1.96516438154 2.10355930786 -9999.0 -9999.0 -9999.0 -9999.0 -9999.0 -9999.0 -9999.0 -9999.0 -9999.0 -9999.0 2.03201414544 1.12107465284 0.0 4.43194644006 2.9830076784 6.30153180084 6.18370461387 6.75378301863 17.945625845 2.77497788226 6.91554810841 24.2520962748 -9999.0 -9999.0 -9999.0 -9999.0 6.41360249981 3.38063933629 1.51087111781 3.69747063894 1.84668938093 1.49920929551 1.76022217184 3.86865511295 3.86865511295 12.5151489123 15.5612919573 9.38653269673 39.6285927973 26.6918591652 37.3401969748 5.12334818462 7.23228312584 6.35676310406 2.32240446962 12.3122260364 5.12755816687 4.12349363917 4.40263688402 -9999.0 -9999.0 -9999.0 -9999.0
1.51813785847 1.28275658762 1.26178837146 1.27571038033 0.979908904271 1.38009233259 1.55866768411 -9999.0 -9999.0 -9999.0 -9999.0 -9999.0 -9999.0 -9999.0 -9999.0 -9999.0 -9999.0 0.720642158249 1.28287736186 1.33211715181 -9999.0 -9999.0 5.05993412484 6.34895069259 14.3041709218 5.9189258642 3.06861121812 5.7220752416 7.73207258677 28.8025555863 -9999.0 -9999.0 -9999.0 -9999.0 -9999.0 -9999.0 0.539854840939 1.01498926624 1.26633098815 1.8131895837 2.56879832811 2.56879832811 22.7628302835 26.8026843208 20.8984789628 24.1413945651 10.5968411852 2.68683223638 3.6648234238 4.14832924807 4.63094510225 5.05419979983 7.36649114719 5.7372244513 11.012216947 9.29571859886 -9999.0 -9999.0 -9999.0 -9999.0
2.667004905 1.28275658762 1.86048814478 4.62210985369 6.28790378318 7.37453368433 4.95522894514 -9999.0 -9999.0 -9999.0 -9999.0 -9999.0 -9999.0 -9999.0 -9999.0 -9999.0 -9999.0 1.55122988557 1.31527283918 -9999.0 -9999.0 -9999.0 -9999.0 -9999.0 8.45956178189 21.7436980803 14.0391103214 29.6535955548 44.2444477611 6.99440860702 7.73758337105 14.4995570304 1.37194250807 -9999.0 -9999.0 -9999.0 -9999.0 -9999.0 1.6682830604 1.6760408536 2.56879832811 3.12834136581 3.8972217626 7.23702968411 4.70522383589 25.406573465 10.9478944546 9.52469658294 1.08197634261 4.31018321022 2.78927998872 5.78698540903 4.77182759908 4.95970796593 7.18731013846 4.39227998388 4.12173375837 -9999.0 -9999.0 -9999.0
1.78103017294 1.76398628914 6.2003190782 10.2560827424 9.5473245593 -9999.0 -9999.0 -9999.0 -9999.0 -9999.0 -9999.0 -9999.0 -9999.0 -9999.0 -9999.0 -9999.0 0.00241283016005 1.70642446914 2.95247793041 9.49013899275 -9999.0 -9999.0 -9999.0 -9999.0 -9999.0 20.9404677706 5.08145043863 10.2769180605 9.43935159754 11.7616969381 21.7621387073 11.7809861145 11.1286446906 8.03868688958 7.92194943827 -9999.0 -9999.0 -9999.0 5.13137070696 4.99283836844 3.00960142085 2.36636192473 7.93966065921 3.71687247192 6.2768997554 6.06363372146 10.430633275 5.29260910409 3.67811887494 5.74416514604 4.34870016706 1.06117677976 4.77360902086 6.44996728352 7.04602456072 6.35435103869 3.04226250607 32.7013683825 30.0615366396 1.89035178982
3.85385247061 1.80161357948 -9999.0 -9999.0 -9999.0 -9999.0 -9999.0 -9999.0 -9999.0 -9999.0 -9999.0 -9999.0 -9999.0 -9999.0 -9999.0 -9999.0 4.20275342367 3.64391112288 3.44307121602 3.85908166383 -9999.0 -9999.0 -9999.0 -9999.0 -9999.0 -9999.0 -9999.0 0.0 43.3958198491 28.332089233 25.5842730041 10.0901949978 10.2648286141 10.2648286141 6.27913901866 10.0806032658 4.07550640241 -9999.0 4.30154057207 4.24548197172 2.87949112558 5.46157665119 0.0 0.0 7.31099757399 6.29144441428 6.77060682971 6.77060682971 3.04834932997 5.3160706713 4.02319756225 2.90172645208 5.33639340906 7.42915963889 3.87179150055 5.2116665082 -9999.0 43.5447156429 26.5029088506 8.16800797666
2.25057655125 0.00252719795841 -9999.0 -9999.0 -9999.0 -9999.0 -9999.0 -9999.0 -9999.0 -9999.0 -9999.0 -9999.0 -9999.0 -9999.0 -9999.0 -9999.0 3.9368934277 3.99760795728 5.27489003026 3.02934790319 -9999.0 -9999.0 -9999.0 -9999.0 -9999.0 -9999.0 -9999.0 -9999.0 -9999.0 0.0 35.666701317 19.0644661835 7.66172460759 8.2825382585 27.9816771127 9.98418776226 13.6417602775 0.00248957072847 11.0400955609 1.51060613908 1.65599428922 1.4884163318 4.66908332724 1.88539635298 1.88539635298 1.92413077129 2.9077256992 3.1252844742 2.54122582467 -9999.0 -9999.0 2.10253925191 5.37519764167 8.51978172247 32.0297342673 6.14874339129 3.63665900396 9.102182947 13.8934098934 10.8899037954
13.8540132051 -9999.0 -9999.0 -9999.0 4.47446698095 6.5740794499 7.19561650471 6.9618631569 4.24544792076 -9999.0 -9999.0 -9999.0 -9999.0 -9999.0 -9999.0 -9999.0 3.57572400987 3.88915486624 3.06076477775 4.61909567376 -9999.0 -9999.0 -9999.0 -9999.0 -9999.0 -9999.0 -9999.0 -9999.0 -9999.0 -9999.0 -9999.0 9.81921975024 11.2584255385 9.4711395679 -9999.0 -9999.0 7.65662578047 -9999.0 -9999.0 2.05757939406 1.18407287764 1.16382662587 3.29492353022 4.25243940762 3.1177866231 3.27246983746 1.79302795969 1.16328081157 -9999.0 -9999.0 4.77121158206 -9999.0 3.97694871349 3.4362562003 4.99091712323 6.67116256345 3.28949312648 3.40688833868 3.33072284903 3.51838249523
-9999.0 -9999.0 2.72984845475 7.09161202382 -9999.0 18.1500635901 10.342223663 -9999.0 -9999.0 -9999.0 -9999.0 -9999.0 -9999.0 -9999.0 -9999.0 -9999.0 2.96622376753 8.94789931718 10.1342670736 3.05524708848 -9999.0 -9999.0 -9999.0 -9999.0 -9999.0 -9999.0 -9999.0 -9999.0 -9999.0 -9999.0 -9999.0 -9999.0 12.2410315335 9.89491693289 10.087090786 -9999.0 -9999.0 -9999.0 -9999.0 1.94210834955 0.805685395346 1.56201573224 2.67419243863 4.67913113639 1.94006363546 3.66893661155 3.37880224811 0.77145852968 -9999.0 -9999.0 -9999.0 0.956716979361 1.89659720325 3.6270296432 3.5882044025 2.50117148219 2.66229520479 5.34883554815 3.30417327016 4.49636243848
11.8552156104 -9999.0 10.7222309461 4.29091544733 -9999.0 -9999.0 -9999.0 -9999.0 -9999.0 -9999.0 -9999.0 -9999.0 -9999.0 -9999.0 -9999.0 -9999.0 -9999.0 1.68998251002 0.0 -9999.0 -9999.0 -9999.0 -9999.0 -9999.0 -9999.0 -9999.0 -9999.0 -9999.0 -9999.0 -9999.0 -9999.0 12.0663549235 6.47915369225 17.3907876953 4.24678745275 -9999.0 -9999.0 -9999.0 -9999.0 -9999.0 -9999.0 2.11193383179 0.80589665143 0.80589665143 1.47722223577 1.97018266742 2.31865039726 3.40021654473 1.48921782711 0.961582184362 -9999.0 1.71219400905 1.24633513584 3.02679219497 2.8931822873 2.91136667182 2.56430122971 3.3138594604 4.86176166922 4.74109694421
-9999.0 -9999.0 -9999.0 -9999.0 -9999.0 -9999.0 -9999.0 -9999.0 -9999.0 -9999.0 -9999.0 -9999.0 -9999.0 -9999.0 -9999.0 -9999.0 -9999.0 -9999.0 -9999.0 -9999.0 -9999.0 -9999.0 -9999.0 -9999.0 -9999.0 28.3332816183 35.8494398924 35.8173599684 -9999.0 7.7543539235 13.270685303 60.824742697 22.5098133221 8.53235674653 -9999.0 -9999.0 -9999.0 -9999.0 -9999.0 -9999.0 1.68104203849 0.725249901278 0.851115854773 2.48086579418 2.19599850312 3.04603519684 3.35026222397 13.5472920424 2.64248359079 1.48946692714 -9999.0 1.56609877116 3.45837505158 2.12445428327 15.2016408935 7.59496423968 4.92817667363 4.20932277291 3.50087057622 7.66080003616
-9999.0 -9999.0 -9999.0 -9999.0 -9999.0 -9999.0 -9999.0 -9999.0 -9999.0 -9999.0 -9999.0 -9999.0 -9999.0 -9999.0 -9999.0 -9999.0 -9999.0 -9999.0 -9999.0 -9999.0 -9999.0 -9999.0 -9999.0 -9999.0 73.639512734 6.10568136365 4.49029126181 8.91436139211 17.9706654133 4.2276746949 28.6800493989 13.4166850816 2.62704242102 -9999.0 -9999.0 -9999.0 -9999.0 -9999.0 -9999.0 -9999.0 -9999.0 1.0820313695 1.51543347362 1.46100007543 2.01082902478 3.35513120134 2.4324245713 15.7956153451 1.74658586467 1.28391096636 1.01560583511 -9999.0 1.12862330591 3.17158898629 3.19946996886 3.19946996886 3.17258806355 3.34195012163 6.5510901582 0.0
-9999.0 -9999.0 -9999.0 -9999.0 -9999.0 -9999.0 -9999.0 -9999.0 -9999.0 -9999.0 -9999.0 -9999.0 0.515591726157 8.08306806604 4.643278698 0.120182033335 -9999.0 0.513536191941 24.5152350276 14.6708140804 3.21426820891 0.779143069203 3.02351184532 -9999.0 -9999.0 -9999.0 9.63017683713 11.9774193364 8.76992769592 9.67896760889 7.02334830022 -9999.0 -9999.0 -9999.0 -9999.0 -9999.0 -9999.0 -9999.0 -9999.0 -9999.0 -9999.0 -9999.0 -9999.0 2.03489751088 1.70926865948 2.83616308074 3.06200428283 -9999.0 0.00097572068181 0.253640298277 2.06046649884 1.91254038004 -9999.0 1.24723451892 5.24009196329 1.63159283359 2.07159238398 1.01719786453 2.05379754582 6.08731342505
-9999.0 -9999.0 0.378150276389 8.79104803479 24.2314407109 42.6102850236 167.701981225 43.5691264041 58.6069225629 9.22452576217 57.3781796451 43.2301113325 12.4134932732 8.42918328835 5.13832453824 11.3792554415 3.77764164593 3.233424534 2.79819873451 2.99428465362 17.9646992411 7.60243491112 5.40427864643 6.49093252863 -9999.0 -9999.0 -9999.0 -9999.0 21.1191838414 12.8869713957 9.23650310292 -9999.0 -9999.0 -9999.0 -9999.0 -9999.0 -9999.0 -9999.0 -9999.0 -9999.0 -9999.0 -9999.0 -9999.0 2.14526385354 1.18361416821 1.7906631905 3.5875775888 -9999.0 1.66781909491 3.41048702293 1.4308785159 0.182155955417 0.949437317313 1.35304174976 2.18836945023 2.03519717435 10.5807499896 2.39569004319 4.48556167215 6.68970303209
4.7095157212 9.50249163843 4.83068664404 3.1169180683 3.14652817708 2.90708369984 25.3621465786 7.21381922447 7.35653443432 6.68419974328 4.22493229407 7.16783671986 10.4472832134 10.9367503278 16.1891799777 4.22296176471 3.9637206935 3.30511694594 8.35629575531 2.03738596622 3.10338402431 6.27588344817 -9999.0 -9999.0 -9999.0 -9999.0 -9999.0 -9999.0 0.0 -9999.0 -9999.0 -9999.0 -9999.0 -9999.0 -9999.0 -9999.0 -9999.0 -9999.0 -9999.0 -9999.0 -9999.0 -9999.0 -9999.0 -9999.0 0.571930258069 1.98251661333 1.96947994235 -9999.0 -9999.0 -9999.0 1.03214985578 -9999.0 -9999.0 -9999.0 0.0 2.02415611391 3.03889569202 -9999.0 3.92453049762 1.4989735641
