critload/trunk/input/2010/Nconc.asc
ncols 720
nrows 360
xllcorner -180
yllcorner -90
cellsize 0.5
NODATA_value -9999.0
[rows 54 to 80 of 360, columns 360 to 419 of 720]
-9999.0 -9999.0 -9999.0 -9999.0 -9999.0 -9999.0 -9999.0 -9999.0 -9999.0 -9999.0 -9999.0 -9999.0 1.05807899089 0.460802554686 0.144290423271 0.114986870615 0.184747663907 0.209594579605 0.205712830533 0.180558003971 0.198269298983 0.297020024879 0.308714547302 0.190734538992 0.167416197318 0.311217200854 0.259179112432 0.209890061044 0.305145807114 0.309911226076 0.317518825524 0.357775012352 0.418203031619 0.235027159287 0.248549946753 0.27201124643 1.02938101108 -9999.0 -9999.0 -9999.0 -9999.0 -9999.0 8.92138100484 9.31927110587 7.9213829433 7.1391226476 3.37817839134 4.18637146462 2.67992387376 0.400203694805 1.3524036946 1.44721909657 1.44721909657 1.47573103189 1.85490177542 1.86739755438 1.30976771571 1.33035402535 2.37677836431 0.605847620747
-9999.0 -9999.0 -9999.0 -9999.0 -9999.0 -9999.0 -9999.0 -9999.0 -9999.0 0.0 0.175728161753 0.196925320814 0.180736275223 0.151674025895 0.161054546599 0.161054546599 0.161880828281 0.144008113272 0.334183491162 0.494297415482 0.426004613555 0.365972650197 0.267200086057 0.306439003755 0.24590970324 0.15223854111 0.183214194 0.211988754461 0.277236022981 0.314084547146 0.526196636927 0.434890750402 0.377643633137 0.389536777258 0.464315094017 0.151316076362 -9999.0 -9999.0 -9999.0 -9999.0 -9999.0 -9999.0 6.95740245006 7.57120605315 7.23333561686 1.42607294324 2.87124405707 2.51218093706 2.51218093706 2.76529894684 2.80909297246 1.60887444825 1.35651702366 1.88043999616 1.88043999616 1.03589389683 1.03589389683 1.03589389683 1.03589389683 1.03589389683
-9999.0 -9999.0 -9999.0 -9999.0 -9999.0 -9999.0 -9999.0 -9999.0 -9999.0 0.193578095312 0.131983784896 0.108335293179 0.0999876635442 0.108935285281 0.0792310271457 0.224757175438 0.252751837939 0.286777262295 0.248573743873 0.269316117744 0.492051306575 0.381374286939 0.821130694218 0.306439003755 0.752014336156 0.386236063889 0.355703185087 0.384836582415 0.277236022981 0.457764616184 0.330086611842 0.343393332787 0.364596333469 0.734297667481 1.15612038286 -9999.0 -9999.0 -9999.0 -9999.0 -9999.0 -9999.0 -9999.0 4.36782023188 4.48324661463 4.61254373868 3.01948330617 3.01948330617 2.51218093706 3.36290128107 3.36290128107 1.60887444825 1.60887444825 2.18120668232 1.47510268407 1.88043999616 1.03589389683 1.03589389683 1.03589389683 1.03589389683 1.03589389683
-9999.0 -9999.0 -9999.0 -9999.0 -9999.0 -9999.0 -9999.0 -9999.0 -9999.0 0.328250046068 0.140628636039 0.153522495531 0.150476119383 0.178884694478 0.244943910162 0.334370189711 0.298586479728 0.288429881443 0.319547921054 0.284882536258 0.827643917961 0.827643917961 0.405468832293 0.467342740528 0.340176366733 0.340176366733 0.547368546627 0.355703185087 0.400627891201 0.400627891201 0.52047910535 0.52047910535 0.397733659637 0.427244025957 0.453171021468 -9999.0 -9999.0 -9999.0 -9999.0 -9999.0 -9999.0 -9999.0 3.12621689719 3.15406312225 2.98222199783 3.35934568763 2.55917839958 2.55917839958 3.68841780532 3.80064187112 1.60887444825 1.60887444825 1.71594603214 1.38083519673 1.03589389683 1.03589389683 1.03589389683 1.03589389683 1.64797572423 0.579590721109
-9999.0 -9999.0 -9999.0 -9999.0 -9999.0 -9999.0 -9999.0 -9999.0 -9999.0 2.63383473264 0.123648006541 0.110953301594 0.111629744071 0.154822642764 0.145379912912 0.181904782478 0.324648743752 0.436635082919 0.479026509408 0.406865576217 1.12070808803 0.827643917961 0.827643917961 0.57160468164 1.75535853639 0.424667305383 0.877523643062 1.0502369412 0.672096017285 0.672096017285 0.672096017285 0.782758309708 1.33728080659 1.42051884193 0.974519378486 0.980923193244 0.0 -9999.0 -9999.0 -9999.0 -9999.0 -9999.0 6.3000696975 7.44703277499 5.22894870759 5.50615333924 6.37099620167 6.67335534713 4.60817639125 6.37970730339 3.26748660362 2.82422263579 2.61165959702 1.71594603214 4.97958108611 4.16935063142 1.94880037816 2.78289350197 0.957731539659 0.911034535407
-9999.0 -9999.0 -9999.0 -9999.0 -9999.0 -9999.0 -9999.0 -9999.0 -9999.0 0.0 0.779803085837 0.11622948489 0.102438063869 0.117727081486 0.139834567983 0.47144049414 0.276995230352 0.270462151754 0.369807758204 0.514076628089 0.785895265248 1.47457906817 0.827643917961 0.797918080167 2.67424858382 1.02683160742 0.537801446942 1.34818114456 1.20227225567 1.33723034044 1.49864561661 0.782758309708 0.974519378486 0.974519378486 0.974519378486 9.25320862993e-05 0.000101581997536 4.61125586201 -9999.0 8.26678538188 5.33194475 -9999.0 -9999.0 5.1238685413 6.48793354844 4.34878004681 3.92348050652 3.53790890238 3.53790890238 7.15070731668 4.22894145296 3.81631190495 2.95583834224 1.72786486236 -9999.0 -9999.0 -9999.0 0.807944026694 0.279885434849 3.87143985461
-9999.0 -9999.0 -9999.0 -9999.0 -9999.0 -9999.0 -9999.0 -9999.0 -9999.0 -9999.0 0.38788016385 0.206075752053 0.160732286149 0.163580629723 0.21854022041 0.223610888745 0.35739931574 0.378319641828 0.459024108865 0.629364483606 0.785895265248 10.2664937064 1.0331229449 2.21454750703 2.0719499931 2.0719499931 0.680636451035 2.26556854296 1.63689655466 1.34464201565 1.86687527565 1.77195062798 2.62856533131 2.62856533131 2.62856533131 8.93414465299 0.051362718614 1.49957132186 -9999.0 -9999.0 -9999.0 -9999.0 -9999.0 -9999.0 -9999.0 2.4583925907 3.59176133005 16.9922485987 -9999.0 0.327668463562 0.0 4.51573505321 1.79010864291 1.1566267143 -9999.0 -9999.0 0.915738788763 1.49779404442 1.97232244666 13.6914213276
-9999.0 -9999.0 -9999.0 -9999.0 -9999.0 -9999.0 -9999.0 -9999.0 -9999.0 -9999.0 2.35894960965 0.45351083875 0.157821071669 0.0822278362303 0.135790295714 0.212415419573 0.289665006279 0.627972636056 0.523817865968 0.906417616516 9.77725295686 1.13551776042 4.00665184913 1.54849742119 1.52125218457 1.14325328819 1.14325328819 1.14325328819 1.14325328819 4.30155870736 2.62953159666 2.62953159666 2.62856533131 2.62856533131 2.62856533131 2.62856533131 20.117575268 9.85978157782 -9999.0 -9999.0 -9999.0 -9999.0 -9999.0 -9999.0 -9999.0 0.320568040651 1.03614532582 1.47631005584 2.7695937092 2.84257075673 1.80802441559 2.18804911991 4.59082090119 1.16680512047 2.22457699085 1.89142276163 1.01573443309 1.0212268842 1.0240934076 0.921791952811
-9999.0 -9999.0 -9999.0 -9999.0 -9999.0 -9999.0 -9999.0 -9999.0 -9999.0 -9999.0 -9999.0 1.28850286915 0.335843932081 0.148648379009 0.197545046272 0.242144629398 0.643953508757 0.493961338923 1.03203621672 0.561461971149 -9999.0 -9999.0 2.43952061198 1.33583139958 1.14325328819 1.14325328819 1.14325328819 1.14325328819 3.94003543565 3.53341638367 2.77344104685 2.66218899355 8.9689038237e-05 9.60883174629 9.60883174629 4.5898426361 -9999.0 -9999.0 -9999.0 -9999.0 -9999.0 -9999.0 -9999.0 -9999.0 0.534321013808 0.833423381587 0.527307620074 1.48563607878 1.5983982126 1.23729238537 1.85605425906 1.93259132286 2.20919931554 1.22191250915 1.22191250915 1.22191250915 0.456855661906 0.484364910491 0.436037414776 1.09993981166
-9999.0 -9999.0 -9999.0 -9999.0 -9999.0 -9999.0 -9999.0 -9999.0 -9999.0 -9999.0 -9999.0 0.734644747746 0.984106536904 0.340002668367 0.298484999075 0.29498211854 0.694380031408 7.27868365272 -9999.0 -9999.0 -9999.0 -9999.0 1.89649642859 1.26949343814 1.14325328819 1.14325328819 1.14325328819 2.98024684481 3.53341638367 3.53341638367 9.05439689992 10.0415425444 2.54358531816 2.45417852964 -9999.0 -9999.0 -9999.0 -9999.0 -9999.0 -9999.0 -9999.0 -9999.0 -9999.0 0.506100703962 0.643290176081 0.711228067341 0.482138371878 0.530966976246 1.41074903629 1.70704005185 1.96842449751 2.13646270552 2.13646270552 2.84971797415 1.22191250915 1.22191250915 1.22191250915 0.521900850692 0.328345534809 0.48920810576
-9999.0 -9999.0 -9999.0 -9999.0 -9999.0 -9999.0 -9999.0 -9999.0 -9999.0 -9999.0 -9999.0 -9999.0 -9999.0 -9999.0 -9999.0 -9999.0 -9999.0 -9999.0 -9999.0 11.5709155585 3.43121803145 2.1864499824 -9999.0 1.15789128897 1.12073710429 2.1131752969 2.27550245455 2.37747239664 3.53341638367 3.91225241641 3.2685807264 10.0415425444 0.235861326032 3.13254600039 -9999.0 -9999.0 3.82152256866 0.0266812003607 1.04112395279 -9999.0 -9999.0 -9999.0 -9999.0 0.946028082952 0.52522924534 2.00848589162 -9999.0 -9999.0 1.90924583942 2.32242404803 3.52147235755 1.49933393044 1.51589452713 1.74671664949 1.66577337756 1.22191250915 1.22191250915 1.11544817047 0.750373571269 0.812430642602
-9999.0 -9999.0 -9999.0 -9999.0 -9999.0 -9999.0 -9999.0 -9999.0 -9999.0 -9999.0 -9999.0 -9999.0 -9999.0 -9999.0 -9999.0 -9999.0 -9999.0 2.69560296309 3.29045342801 2.24942491498 7.11801523854 3.57783016503 1.71169976287 2.97010570674 2.62826521921 2.18229626617 1.81175542602 1.96840625283 2.56203230547 3.02261320166 3.04854037128 2.70674019069 2.61854487251 7.54284703574 5.68697261585 -9999.0 0.00718285148279 1.64266135547 -9999.0 -9999.0 -9999.0 -9999.0 1.05040715191 1.40799677923 0.983246697083 1.25405023806 0.898934560454 -9999.0 1.59884993881 1.2696643858 1.49556191236 1.06763768274 1.10131867623 1.65050222299 1.48730231525 2.93353006611 1.36701286523 1.04810892687 1.03037765133 1.10555099749
-9999.0 -9999.0 -9999.0 -9999.0 -9999.0 -9999.0 -9999.0 -9999.0 -9999.0 -9999.0 -9999.0 -9999.0 -9999.0 -9999.0 -9999.0 -9999.0 2.24942491498 2.24942491498 2.24942491498 5.55525775775 6.24468404324 -9999.0 -9999.0 -9999.0 2.4027254724 2.31531549934 2.16827955368 1.96840625283 2.13608515883 3.20741671005 3.18654824262 2.20646431288 7.04034103017 5.31510178955 -9999.0 -9999.0 2.73914581831 -9999.0 -9999.0 -9999.0 -9999.0 -9999.0 1.41435832704 1.31787682779 1.50187022468 1.51657020769 3.183936427 2.97070246044 1.66335067716 1.82086192361 2.0329262791 2.0329262791 1.36014722072 1.22476231824 2.84536259447 4.79904846781 1.15720847332 0.953176384998 0.568720108404 0.779073393011
-9999.0 -9999.0 -9999.0 -9999.0 -9999.0 -9999.0 -9999.0 -9999.0 -9999.0 -9999.0 -9999.0 -9999.0 -9999.0 -9999.0 -9999.0 -9999.0 2.48059948389 4.08890715876 3.68395120869 7.02297486908 4.37863416997 3.1258042334 -9999.0 -9999.0 11.7701238602 3.7242870301 2.59986539002 3.04649718257 2.43240151507 4.45201906443 3.53059232533 2.98110782122 9.59847545746 2.98756428409 -9999.0 -9999.0 -9999.0 -9999.0 -9999.0 -9999.0 -9999.0 -9999.0 1.01296454192 0.775309427727 1.49203510424 1.67932601094 1.10253725477 3.92973400152 3.08867214393 4.30578522775 1.26178227209 0.967315667365 2.69316318766 1.87883080407 0.946913882743 0.946913882743 1.17989723719 0.716545905201 0.481674715305 1.27447173291
-9999.0 -9999.0 -9999.0 -9999.0 -9999.0 -9999.0 -9999.0 -9999.0 -9999.0 -9999.0 -9999.0 -9999.0 -9999.0 -9999.0 -9999.0 -9999.0 4.47104758583 4.95906597542 5.80858460579 2.52467063923 2.64359378921 3.61578722385 5.64503370032 7.01648018288 10.3811933402 7.5377617271 6.97873150436 5.50068535188 3.01879090609 -9999.0 -9999.0 -9999.0 -9999.0 -9999.0 -9999.0 -9999.0 -9999.0 -9999.0 -9999.0 -9999.0 -9999.0 -9999.0 2.51290263011 1.28401734106 1.38283407006 1.58493403024 2.68260231362 3.86863188373 10.8524303981 1.24738576088 1.44409801926 1.33669153458 1.10017160807 2.84833294308 2.94300465496 3.07720201719 3.07867663386 2.51097842266 1.14599828424 1.35370692594
-9999.0 -9999.0 -9999.0 -9999.0 -9999.0 -9999.0 -9999.0 -9999.0 -9999.0 -9999.0 -9999.0 -9999.0 -9999.0 -9999.0 -9999.0 -9999.0 7.57733888182 5.14024934014 6.68588926836 3.59734771837 5.15845084038 7.50678179548 6.58851251085 9.48977574954 8.68887121034 3.25750545375 8.37539835568 7.16190558068 5.73617109141 4.33915657631 0.844704373565 -9999.0 -9999.0 -9999.0 -9999.0 -9999.0 -9999.0 -9999.0 -9999.0 -9999.0 -9999.0 0.142605034028 2.97057076558 3.01917716527 3.0510247189 3.21214653434 3.28729954145 6.04977545811 2.25001540844 1.14155422775 0.670156208284 1.06982389894 1.23784904912 3.87315606651 3.67391955588 4.22682417875 2.20316196792 2.54594328721 2.36142872039 2.21224326576
-9999.0 -9999.0 -9999.0 -9999.0 -9999.0 -9999.0 -9999.0 -9999.0 -9999.0 -9999.0 -9999.0 -9999.0 -9999.0 -9999.0 -9999.0 -9999.0 0.44539505239 3.48771541195 4.60522776103 1.4975989846 3.64237054512 3.61452231642 11.048174989 10.7660600026 8.54700934707 0.30370499065 2.8363823316 2.64829520428 -9999.0 -9999.0 -9999.0 -9999.0 -9999.0 3.46808958134 2.30331183175 2.26798203878 13.0650484308 4.00340093333 -9999.0 3.56500381266 3.74099961309 3.61503967766 3.75117608061 3.63328462692 3.65972825877 3.4082974501 3.31221689036 3.33181147942 3.33181147942 2.74450124432 2.77142328451 2.07754189409 3.85622443537 2.35318760339 2.31215354932 4.08453387673 0.831097759288 4.01979691612 2.36801160851 2.78039135517
-9999.0 -9999.0 -9999.0 -9999.0 -9999.0 -9999.0 -9999.0 -9999.0 -9999.0 -9999.0 -9999.0 -9999.0 -9999.0 -9999.0 -9999.0 -9999.0 -9999.0 3.47982480584 4.25171322977 5.76747979954 3.96665699511 3.63258391479 2.518620852 1.67753595076 2.82564229666 0.0 9.78334399544 2.67766534711 1.16639450346 2.88373066262 4.78551267171 2.78912881101 2.10994099041 1.43826458765 3.46445012974 2.16354903014 3.59272881522 4.04514356365 16.9405195252 3.18027891337 2.65681569709 3.65447612613 4.17547841061 4.6596824427 3.60056615797 0.834745587322 2.4733916468 2.14975587015 5.40724649157 1.45340468227 1.36211871283 6.00348066575 11.7622547312 3.92305239216 3.11994758187 2.48201044532 3.84155300546 4.54207712944 2.7787880856 7.37541637388
8.24899145389 -9999.0 -9999.0 -9999.0 -9999.0 -9999.0 -9999.0 -9999.0 -9999.0 -9999.0 -9999.0 -9999.0 -9999.0 -9999.0 2.12548364596 2.30940480886 4.94333134005 5.70178123988 5.74885624116 5.81367797149 8.10008826566 3.50985285844 1.71391637882 2.7070522495 2.55968150703 8.82347891326 6.5373388475 6.39277492859 4.89400210742 4.74705275376 4.70289363784 3.33497658586 2.34020438464 1.85651572489 2.56761623954 2.2501054007 3.41211417832 3.99295363951 14.7890033685 4.18636501012 3.02617392937 2.29531519998 1.95714964435 2.40141183521 10.0827402147 3.34065263094 2.0232243303e-05 8.3077987773 6.57303032663 6.56958766756 9.56654531917 9.60739138304 12.0630429993 5.64461582482 17.9351058697 31.9659149992 18.8381380701 2.90793845182 2.2319695319e-14 7.0881554457
4.58972243659 -9999.0 -9999.0 -9999.0 -9999.0 -9999.0 -9999.0 -9999.0 -9999.0 1.24763653011 0.393738191159 4.60706653124 5.6160928678 6.67362103534 3.72106472125 2.82698521298 4.92802776367 4.9515021177 4.31200334127 5.13717297963 5.6974573528 5.7770331054 5.85746631905 3.87131789956 4.96352113673 3.46946694959 3.63583571567 2.49036267711 5.0642223661 4.74705275376 12.5957102081 2.85978924814 3.05553232142 3.05976000645 3.78365089356 3.29064675747 3.98442043738 3.97940801212 4.20320267538 3.72167339004 3.60578224636 0.382572986466 0.00164939255808 2.94059178396 4.2097953773 3.03447963592 0.0291647876072 6.223031568 9.27927724371 9.72724449372 10.5049591373 9.29669967333 10.3719405039 13.0886901745 13.2362983177 4.0703899044 3.48604344856 19.4553212371 12.1417943117 6.84247316107
5.26801031338 5.06785763429 3.92511259936 5.14620609298 -9999.0 -9999.0 -9999.0 -9999.0 -9999.0 6.81877767325 0.725585330535 10.2647520283 8.25103140408 5.18156837364 3.63078095639 2.98415763698 5.65371990449 4.87645589265 4.80844452466 5.90483047165 6.08688483769 3.44473841531 1.75689119231 6.09164472712 5.85239154804 3.86153725712 7.76945314929 3.74632359465 5.15739597232 5.19967219127 4.58840531424 6.73058002731 6.76921035414 6.85786781962 3.89683819114 4.19918062898 4.09315578186 4.1094082902 4.19486160204 4.19486160204 3.69978551886 3.54784172986 4.82590652947 6.60628187064 7.15944103844 2.95995118182 2.27619276463 2.89566960455 3.81180079019e-10 7.371082303 3.24037525767 10.0343971156 0.303929097053 1.59165525478 1.53474419704 9.38290479889 9.38290479889 4.58668804483 11.1963583844 10.8106673161
5.31534278673 5.89656241033 3.47060129501 3.09005821869 -9999.0 -9999.0 -9999.0 -9999.0 2.64764404645 2.6291479054 2.5610697372 2.54124453694 12.0804130136 10.6157919845 4.59636779635 4.74160816395 9.19224721816 4.18905815072 3.93968213771 6.41689727484 7.27773245814 6.52271729418 5.77878852867 6.32039517051 5.76941080703 6.19178074466 6.34837989941 4.37741436856 4.145199938 5.50374082012 2.49653136556 5.65580684258 15.3899673642 7.85555670308 7.43444740469 9.2028594125 11.1468298038 11.8831042239 7.50995818561 4.76842600205 4.84409705004 4.82590652947 4.82590652947 6.02101615503 8.38504786894 9.60264440326 10.9333311854 11.6939197727 1.47206053772 0.535142636981 3.62726419718 3.18921780032 4.07643196425 5.1149444681 4.85685517442 3.76652195394 3.2164512819 3.0029126261 2.98175492308 1.28500161431
7.16194991214 7.16705625001 2.82257007864 -9999.0 -9999.0 -9999.0 -9999.0 3.84899585766 3.7149323045 4.23823965118 4.3849889714 3.91235836673 2.52276107361 4.79020230777 4.39992725354 4.82026071959 4.83687297441 4.96601129931 3.7326180348 5.30415908654 5.70642731817 5.2547079662 6.07010033288 6.32692060673 6.05310759887 6.73291716296 4.70317185035 4.66352078593 4.59542428154 5.64145610533 5.88515664653 5.93925010683 5.9316296913 4.9442300042 3.52840882303 12.6079597051 16.1810058035 10.0317309831 89.2213634175 19.192574389 15.2997411263 10.843999205 4.77651544562 4.72171409042 10.7353756536 18.6222749618 0.0 10.7131655948 0.000729358274881 1.82445444916 0.133276721492 0.381022144323 7.61720975545 6.26220679234 1.49251303023 0.0 0.686272360595 0.672190165097 1.37529522872 2.31784676468
3.64429812959 4.08736853994 4.14305652352 -9999.0 0.0 6.01064346068 3.72421687134 5.17360601107 4.74749196567 4.30060535308 3.79766682801 3.42455587634 3.41524504357 2.43718409392 2.53145398903 2.1040513823 2.13911598539 2.87614416091 2.87614416091 3.46148118499 4.85578404169 10.940762474 7.7705973192 6.96990002156 10.4367387406 6.97892597518 6.97892597518 6.96521895989 7.47904843653 12.8938267822 4.47663490407 6.78540538464 5.85553204634 6.06475262588 5.1981984536 0.0274455419577 0.27117721822 16.6024796618 15.2384998033 16.8596233006 16.8596233006 5.25370615722e-11 1.75705065825e-12 4.74544576001 1.70593411873e-12 14.9865898996 4.69633041231e-06 11.4159926093 5.00520512495e-14 1.82060100843e-06 0.0 10.1872552158 9.21401851703 2.715544301 2.7458401486e-12 5.16468445941e-14 9.51657195176e-08 4.59544521853 3.97047309646 3.33806319184
3.06781436434 2.09297961596 -9999.0 2.01910703537 2.14314821126 3.33262721108 4.16043418152 3.81306294113 4.23790632977 5.97649952665 3.29125658951 3.24994878076 2.14661106113 3.6834338591 2.3784350102 3.14442572754 4.13730376086 5.41153763366 3.63032113071 3.58908297192 4.22567738157 11.6330662105 5.16813569751 5.16813569751 17.8063200047 9.36445775833 7.83110836497 8.43046061463 6.74088845713 12.509911263 2.95781815773 3.78966180586 9.67873451209 11.1710227613 8.4750375916 4.944871298 6.30644622295 14.5686600302 46.28998146 16.2430344228 1.38698489798e-05 15.151628734 27.9865309926 4.78497105399 5.46704647848 0.0 0.0 21.2504253818 12.2511725657 1.21435127082e-09 18.7738237086 10.2308751103 13.6214530609 9.33637164111 0.160615809162 2.83313209703 4.11829363333 6.3495108956 5.35956783586 5.96318287473
-9999.0 -9999.0 2.88848916738 2.4926644236 2.23605246998 3.1112077202 3.6440656838 3.45213862313 3.85205266418 2.85771086132 3.88815254048 2.37150420086 1.77825404878 1.71977767773 3.33340393282 2.47537711079 5.25706906781 5.58620294598 4.56996405786 4.56167469735 5.69368294403 6.57169493529 7.42773773606 3.04383479212 4.30110632847 3.39501552153 3.1397332425 4.07123035058 6.47118474567 7.25158276188 5.81958695753 5.02080844387 4.64466793348 4.39517421308 2.8870396301 9.47645741791 6.2082530884 8.70722314572 3.79873386426 4.76032853814 5.13877607829 4.25065712199 4.46277785072 30.9225992799 5.41367134792 4.46706082732 4.24062046272 4.52065074714 10.7666183844 0.0348015819635 10.1743484593 21.8867059033 12.4360747413 16.4452703466 0.0 0.00143802643785 0.0 27.1227150879 18.2276987773 11.5829215997
4.88174366235 2.65361708693 2.23148168078 2.97641665145 2.97172646602 3.44698744536 2.80328980015 2.43079975568 2.13027813045 2.42628270572 2.51287366412 1.8766115052 3.50683498976 3.3083846749 3.10408152848 2.19728596267 2.17010797852 7.30970517471 5.42390905691 5.56428014536 5.98029770447 6.12799667463 8.44143917581 8.12994421989 6.50661157504 5.93651816258 5.61249217458 5.73818207988 5.44849013777 10.2986747859 9.82356297637 10.8316046287 6.87056739315 6.20130579838 6.26469341008 3.32314877496 3.76370304312 2.89576609113 3.1308387471 4.6711714021 4.08090789611 2.56145955893 5.22319835678 10.940650252 2.44781988962 4.18733183419 5.76986478993 9.18450649764 25.5328519479 31.4332403469 12.6696278854 41.1879679344 5.15402416419 0.0 1.92144273924e-10 1.83569005883e-05 0.0 16.4539361904 6.50256285141 8.70954102344
