critload/trunk/input/2010/nero_nat.asc
ncols 720
nrows 360
xllcorner -180
yllcorner -90
cellsize 0.5
NODATA_value -1
[rows 0 to 34 of 360, columns 237 to 315 of 720]
-1 -1 -1 -1 -1 -1 -1 -1 -1 -1 -1 -1 -1 -1 -1 -1 -1 -1 -1 -1 -1 -1 -1 -1 -1 -1 -1 -1 -1 -1 -1 -1 -1 -1 -1 -1 -1 -1 -1 -1 -1 -1 -1 -1 -1 -1 -1 -1 -1 -1 -1 -1 -1 -1 -1 -1 -1 -1 -1 -1 -1 -1 -1 -1 -1 -1 -1 -1 -1 -1 -1 -1 -1 -1 -1 -1 -1 -1 -1
-1 -1 -1 -1 -1 -1 -1 -1 -1 -1 -1 -1 -1 -1 -1 -1 -1 -1 -1 -1 -1 -1 -1 -1 -1 -1 -1 -1 -1 -1 -1 -1 -1 -1 -1 -1 -1 -1 -1 -1 -1 -1 -1 -1 -1 -1 -1 -1 -1 -1 -1 -1 -1 -1 -1 -1 -1 -1 -1 -1 -1 -1 -1 -1 -1 -1 -1 -1 -1 -1 -1 -1 -1 -1 -1 -1 -1 -1 -1
-1 -1 -1 -1 -1 -1 -1 -1 -1 -1 -1 -1 -1 -1 -1 -1 -1 -1 -1 -1 -1 -1 -1 -1 -1 -1 -1 -1 -1 -1 -1 -1 -1 -1 -1 -1 -1 -1 -1 -1 -1 -1 -1 -1 -1 -1 -1 -1 -1 -1 -1 -1 -1 -1 -1 -1 -1 -1 -1 -1 -1 -1 -1 -1 -1 -1 -1 -1 -1 -1 -1 -1 -1 -1 -1 -1 -1 -1 -1
-1 -1 -1 -1 -1 -1 -1 -1 -1 -1 -1 -1 -1 -1 -1 -1 -1 -1 -1 -1 -1 -1 -1 -1 -1 -1 -1 -1 -1 -1 -1 -1 -1 -1 -1 -1 -1 -1 -1 -1 -1 -1 -1 -1 -1 -1 -1 -1 -1 -1 -1 -1 -1 -1 -1 -1 -1 -1 -1 -1 -1 -1 -1 -1 -1 -1 -1 -1 -1 -1 -1 -1 -1 -1 -1 -1 -1 -1 -1
-1 -1 -1 -1 -1 -1 -1 -1 -1 -1 -1 -1 -1 -1 -1 -1 -1 -1 -1 -1 -1 -1 -1 -1 -1 -1 -1 -1 -1 -1 -1 -1 -1 -1 -1 -1 -1 -1 -1 -1 -1 -1 -1 -1 -1 -1 -1 -1 -1 -1 -1 -1 -1 -1 -1 -1 -1 -1 -1 -1 -1 -1 -1 -1 -1 -1 -1 -1 -1 -1 -1 -1 -1 -1 -1 -1 -1 -1 -1
-1 -1 -1 -1 -1 -1 -1 -1 -1 -1 -1 -1 -1 -1 -1 -1 -1 -1 -1 -1 -1 -1 -1 -1 -1 -1 -1 -1 -1 -1 -1 -1 -1 -1 -1 -1 -1 -1 -1 -1 -1 -1 -1 -1 -1 -1 -1 -1 -1 -1 -1 -1 -1 -1 -1 -1 -1 -1 -1 -1 -1 -1 -1 -1 -1 -1 -1 -1 -1 -1 -1 -1 -1 -1 -1 -1 -1 -1 -1
-1 -1 -1 -1 -1 -1 -1 -1 -1 -1 -1 -1 -1 -1 -1 -1 -1 -1 -1 -1 -1 -1 -1 -1 -1 -1 -1 -1 -1 -1 -1 -1 -1 -1 -1 -1 -1 -1 -1 -1 -1 -1 -1 -1 -1 -1 -1 -1 -1 -1 -1 -1 -1 -1 -1 -1 -1 -1 -1 -1 -1 -1 -1 -1 -1 -1 -1 -1 -1 -1 -1 -1 -1 -1 -1 -1 -1 -1 -1
-1 -1 -1 -1 -1 -1 -1 -1 -1 -1 -1 -1 -1 -1 -1 -1 -1 -1 -1 -1 -1 -1 -1 -1 -1 -1 -1 -1 -1 -1 -1 -1 -1 -1 -1 -1 -1 -1 -1 -1 -1 -1 -1 -1 -1 -1 -1 -1 -1 -1 -1 -1 -1 -1 -1 -1 -1 -1 -1 -1 -1 -1 -1 -1 -1 -1 -1 -1 -1 -1 -1 -1 -1 -1 -1 -1 -1 -1 -1
-1 -1 -1 -1 -1 -1 -1 -1 -1 -1 -1 -1 -1 -1 -1 -1 -1 -1 -1 -1 -1 -1 -1 -1 -1 -1 -1 -1 -1 -1 -1 -1 -1 -1 -1 -1 -1 -1 -1 -1 -1 -1 -1 -1 -1 -1 -1 -1 -1 -1 -1 -1 -1 -1 -1 -1 -1 -1 -1 -1 -1 -1 -1 -1 -1 -1 -1 -1 -1 -1 -1 -1 -1 -1 -1 -1 -1 -1 -1
-1 -1 -1 -1 -1 -1 -1 -1 -1 -1 -1 -1 -1 -1 -1 -1 -1 -1 -1 -1 -1 -1 -1 -1 -1 -1 -1 -1 -1 -1 -1 -1 -1 -1 -1 -1 -1 -1 -1 -1 -1 -1 -1 -1 -1 -1 -1 -1 -1 -1 -1 -1 -1 -1 -1 -1 -1 -1 -1 -1 -1 -1 -1 -1 -1 -1 -1 -1 -1 -1 -1 -1 -1 -1 -1 -1 -1 -1 -1
-1 -1 -1 -1 -1 -1 -1 -1 -1 -1 -1 -1 -1 -1 -1 -1 -1 -1 -1 -1 -1 -1 -1 -1 -1 -1 -1 -1 -1 -1 -1 -1 -1 -1 -1 -1 -1 -1 -1 -1 -1 -1 -1 -1 -1 -1 -1 -1 -1 -1 -1 -1 -1 -1 -1 -1 -1 -1 -1 -1 -1 -1 -1 -1 -1 -1 -1 -1 -1 -1 -1 -1 -1 -1 -1 -1 -1 -1 -1
-1 -1 -1 -1 -1 -1 -1 -1 -1 -1 -1 -1 -1 -1 -1 -1 -1 -1 -1 -1 -1 -1 -1 -1 -1 -1 -1 -1 -1 -1 -1 -1 -1 -1 -1 -1 -1 -1 -1 -1 -1 -1 -1 -1 -1 -1 -1 -1 -1 -1 -1 -1 -1 -1 -1 -1 -1 -1 -1 -1 -1 -1 -1 -1 -1 -1 -1 -1 -1 -1 -1 -1 -1 -1 -1 -1 -1 -1 -1
-1 -1 -1 -1 -1 -1 -1 -1 -1 -1 -1 -1 -1 -1 -1 -1 -1 -1 -1 -1 -1 -1 -1 -1 -1 -1 -1 -1 -1 -1 -1 -1 -1 -1 -1 -1 -1 -1 -1 -1 -1 -1 -1 -1 -1 -1 0.0 0.0 0.0 0.0 2.96726661545 10.1278088967 15.321442036 0.0 7.15083468473 32.2876432839 220.494849013 236.329658008 174.984070656 200.698137805 110.667141607 20.2990979273 28.3247600501 65.1392943145 10.0093353501 0.0 0.0 -1 -1 -1 -1 -1 -1 -1 -1 -1 -1 -1 -1
-1 -1 -1 -1 -1 -1 -1 -1 -1 -1 -1 -1 -1 -1 -1 -1 -1 -1 -1 -1 -1 -1 -1 -1 -1 -1 -1 -1 -1 -1 0.0 12.4989918198 28.1768007645 86.5664383606 129.000758685 352.957257713 263.356255695 288.035863859 318.483979143 312.210778586 459.94819309 383.993472558 998.852547602 282.97105837 5.23959988697 9.68030148142 77.1174980468 116.141303926 120.842976358 156.115834253 409.074856334 1100.93246424 1118.03499566 2494.08423558 3576.73382997 2901.66596076 1647.76311124 1188.65817076 2227.77544296 1740.84921066 1763.93390263 1449.66010088 1165.41199146 1800.72661283 2157.08426631 1392.58733655 429.249724651 0.0 0.0 0.0 0.0 0.0 0.0 0.0 -1 -1 -1 -1 -1
-1 -1 -1 -1 -1 -1 -1 -1 -1 -1 -1 -1 -1 -1 -1 -1 -1 -1 -1 -1 -1 -1 -1 0.0 -1 0.0 0.0 107.596574573 301.603176751 799.369240284 1969.7992511 854.416212664 684.147984986 867.630673922 696.306710066 992.48068924 1256.12381182 765.760588785 597.570121147 1116.66399898 1699.54872144 492.849285644 200.523472818 190.853533102 298.402527872 293.72328133 203.693976361 301.763183397 299.275544928 486.555943315 2019.66366921 1930.74009849 712.227101345 1515.22821202 2767.39439851 7117.51275937 7799.7357877 6259.99857016 2219.43394064 1119.13488113 1418.39889088 2048.75322874 2386.76822691 2580.8965345 3680.41249241 2301.27618443 1868.01991604 0.0 0.0 0.0 0.0 0.0 0.0 0.0 0.0 0.0 0.0 0.0 0.0
828.22820313 0.0 0.0 0.0 35.1669315361 215.068449963 291.752036341 316.083642928 496.020948902 956.830530651 1519.22415534 2049.00459641 1837.25245571 1649.78365581 1695.6193238 617.893387193 1281.05404427 1426.42464274 586.739235509 91.7603412793 0.0 532.298046833 1077.42588677 1045.15553201 1306.84189696 1371.67970412 874.840776716 259.492662235 234.137992192 593.946037866 1809.86209887 1582.08576351 1886.87077817 1167.45058536 687.91384497 0.0 0.0 1281.08110943 1551.59796619 2559.68805046 3578.18586699 2760.3665057 2096.00212576 4221.26141341 2345.67197281 1417.43122595 1077.19532397 1399.84397363 2081.1996892 1968.97125782 3293.81580467 5215.87840626 4368.58987031 3313.15734279 3736.75044564 3506.65946516 3942.75122858 5151.99523093 6748.85225153 5573.09051932 7448.32701259 6338.37789707 4675.74306191 2874.82567457 2664.54160204 1705.58356147 1216.52703621 0.0 0.0 0.0 0.0 0.0 0.0 0.0 0.0 0.0 0.0 0.0 0.0
778.950885054 2317.06778938 1540.6666962 1980.68627141 2266.72838909 2530.21062431 3590.18413906 2297.30137948 3863.95888618 4039.72803059 3204.19380789 2880.50911754 2504.81644519 3443.99247958 3179.60644248 2529.47647914 2867.47677007 4808.03350952 4315.51418912 4660.60949771 2614.15615923 1656.99385337 1020.4579062 2271.99077516 7142.01359828 3858.98663591 2328.38965908 2643.25697323 2520.51095706 3083.40588106 5233.84942147 4105.55780351 1866.97836911 997.306417612 2096.32537725 751.675652515 171.070177148 126.722293256 5.38204823609 0.0 0.0 3.33911324973 0.0 3.59557867012 0.0 0.0 0.0 21.6228450264 342.332327613 936.412689845 1175.29119305 2141.27478351 1691.62632132 2622.95945256 5233.86142083 4802.85715758 5557.25320658 3376.12703347 472.118779023 3317.60823293 955.757843725 1162.45211966 2700.33403853 2130.31578272 2516.31719936 2177.99905458 1749.99278338 1160.62949719 2151.0700834 3680.13285973 4258.93203362 2033.0934681 2667.13130255 1805.35460971 735.198577661 829.395893042 1590.26139558 2533.78055057 1875.63284672
563.659922054 6178.06159964 4088.48979343 3573.34027686 3861.04574544 3527.95089926 3362.03050066 3907.45266396 3090.86626356 3198.99095143 2624.68911984 3070.96924247 2719.48378617 2892.37650384 3102.91514164 3274.52567976 2896.30777889 3166.11268516 3270.3933901 3166.55686221 2442.19632154 2496.12981651 1960.0450405 1995.73989022 2081.11180352 1615.26348873 1312.2546128 1075.04097807 1260.83267395 1159.74428137 1068.61693075 1492.17649189 1784.66831016 540.396669779 47.8995556867 0.0 0.0 0.0 0.0 0.0 0.0 0.0 0.0 0.0 0.0 0.0 0.0 0.0 9.55190491248 13.6410407784 43.0882930385 0.0 0.0 47.931272508 390.99751968 360.356746217 316.126721167 6.90183661689 129.15162217 546.407769763 486.258531988 539.310427604 418.156796805 377.080908783 672.450364018 849.805319402 846.44895901 1064.05727431 1265.7022226 2706.86276549 3364.00574229 4267.05229532 3856.01765135 2621.11158094 4058.73545588 6201.92581548 6517.94071424 6009.55951065 1878.04068002
1432.81357625 1080.74670035 1049.92591331 815.706676508 1105.44013892 801.523913713 746.129382081 74.7995467307 0.0 0.0 0.0 0.0 51.8427965409 62.1961419667 38.9609936098 0.0 0.0 0.0 0.0 94.3369554246 310.278500197 618.605993669 624.529984426 522.209404622 129.170280663 0.0 0.0 6.38560058223 100.179613705 220.817560977 12.1877321401 0.0 39.392802645 165.735696841 13.0234357103 0.0 0.0 0.0 0.0 0.0 0.0 0.0 0.0 0.0 0.0 0.0 0.0 0.0 0.0 0.0 0.0 0.0 3.13970204955 18.0430017142 56.0914641816 50.0531417379 12.1389309042 4.56708770236 0.0 0.0 5.07505745702 10.11287459 0.0 0.0 0.0 0.0 63.5606538223 580.287709454 961.991968768 2182.82119841 5544.22317362 7273.95794841 8079.52308528 6832.08049552 5598.86330765 4579.53924423 3571.24590825 3869.59234862 3019.79253225
3424.84539181 3860.73289155 2085.51954646 1359.80115112 225.69909749 0.0 0.0 0.0 0.0 0.0 0.0 0.0 0.0 0.0 0.0 0.0 0.0 0.0 0.0 0.0 0.0 0.0 0.0 0.0 0.0 0.0 0.0 0.0 0.0 0.0 0.0 0.0 0.0 0.0 0.0 0.0 0.0 0.0 0.0 0.0 0.0 0.0 0.0 0.0 0.0 0.0 0.0 0.0 0.0 0.0 0.0 0.0 0.0 0.0 19.8962386977 24.1056087615 0.0 10.8173133702 17.2031020922 12.8288698484 0.0 0.0 0.0 19.1639048267 0.0 2.62626608926 0.0 0.0 0.0 0.0 118.938852798 613.761505306 1162.86384833 1106.43165041 1487.04214289 4427.71412271 3704.27682038 4002.78970762 4200.889452
532.047004319 384.788630911 7.70152454945 0.0 0.0 0.0 0.0 0.0 0.0 0.0 0.0 0.0 0.0 0.0 0.0 0.0 0.0 0.0 0.0 0.0 0.0 0.0 0.0 0.0 0.0 0.0 0.0 0.0 0.0 0.0 0.0 0.0 0.0 0.0 0.0 0.0 0.0 0.0 0.0 0.0 0.0 0.0 0.0 0.0 0.0 0.0 0.0 0.0 0.0 0.0 0.0 0.0 0.0 0.0 0.0 0.0 0.0 0.0 0.0 0.0 0.0 0.0 0.0 0.0 0.0 0.0 0.0 0.0 0.0 0.0 0.0 0.0 0.0 0.0 206.430184074 1547.99486883 2440.15300055 2245.9365793 2248.4401234
0.0 0.0 0.0 0.0 0.0 0.0 0.0 0.0 0.0 0.0 0.0 0.0 0.0 0.0 0.0 0.0 0.0 0.0 0.0 0.0 0.0 0.0 0.0 0.0 0.0 0.0 0.0 0.0 0.0 0.0 0.0 0.0 0.0 0.0 0.0 0.0 0.0 0.0 0.0 0.0 0.0 0.0 0.0 0.0 0.0 0.0 0.0 0.0 0.0 0.0 0.0 0.0 0.0 0.0 0.0 0.0 0.0 0.0 0.0 0.0 0.0 0.0 0.0 0.0 0.0 0.0 0.0 0.0 0.0 0.0 0.0 0.0 0.0 0.0 0.0 0.0 0.0 0.0 13.0852216932
0.0 0.0 0.0 0.0 0.0 0.0 0.0 0.0 0.0 0.0 0.0 0.0 0.0 0.0 0.0 0.0 0.0 0.0 0.0 0.0 0.0 0.0 0.0 0.0 0.0 0.0 0.0 0.0 0.0 0.0 0.0 0.0 0.0 0.0 0.0 0.0 0.0 0.0 0.0 0.0 0.0 0.0 0.0 0.0 0.0 0.0 0.0 0.0 0.0 0.0 0.0 0.0 0.0 0.0 0.0 0.0 0.0 0.0 0.0 0.0 0.0 0.0 0.0 0.0 0.0 0.0 0.0 0.0 0.0 0.0 0.0 0.0 0.0 0.0 0.0 0.0 159.945684498 160.22236988 198.743249142
0.0 0.0 0.0 0.0 0.0 0.0 0.0 0.0 0.0 0.0 0.0 0.0 0.0 0.0 0.0 0.0 0.0 0.0 0.0 0.0 0.0 0.0 0.0 0.0 0.0 0.0 0.0 0.0 0.0 0.0 0.0 0.0 0.0 0.0 0.0 0.0 0.0 0.0 0.0 0.0 0.0 0.0 0.0 0.0 0.0 0.0 0.0 0.0 0.0 0.0 0.0 0.0 0.0 0.0 0.0 0.0 0.0 0.0 0.0 0.0 0.0 0.0 0.0 0.0 0.0 0.0 0.0 0.0 0.0 0.0 0.0 0.0 0.0 0.0 0.0 670.984061868 950.046749437 1459.41248623 346.356927073
0.0 0.0 0.0 0.0 0.0 0.0 0.0 0.0 0.0 0.0 0.0 0.0 0.0 0.0 0.0 0.0 0.0 0.0 0.0 0.0 0.0 0.0 0.0 0.0 0.0 0.0 0.0 0.0 0.0 0.0 0.0 0.0 0.0 0.0 0.0 0.0 0.0 0.0 0.0 0.0 0.0 0.0 0.0 0.0 0.0 0.0 0.0 0.0 0.0 0.0 0.0 0.0 0.0 0.0 0.0 0.0 0.0 0.0 0.0 0.0 0.0 0.0 0.0 0.0 0.0 0.0 0.0 0.0 0.0 0.0 0.0 0.0 0.0 0.0 2.72419266781 82.8240087105 79.2758414407 121.478658373 593.453215257
0.0 0.0 0.0 0.0 0.0 0.0 0.0 0.0 0.0 0.0 0.0 0.0 0.0 0.0 0.0 0.0 0.0 0.0 0.0 0.0 0.0 0.0 0.0 0.0 0.0 0.0 0.0 0.0 0.0 0.0 0.0 0.0 0.0 0.0 0.0 0.0 0.0 0.0 0.0 0.0 0.0 0.0 0.0 0.0 0.0 0.0 0.0 0.0 0.0 0.0 0.0 0.0 0.0 0.0 0.0 0.0 0.0 0.0 0.0 0.0 0.0 0.0 0.0 0.0 0.0 0.0 0.0 0.0 0.0 0.0 0.0 0.0 7.94297169155 374.648003728 566.557346718 600.10007657 404.201930232 0.0 45.74948787
0.0 0.0 0.0 0.0 0.0 0.0 0.0 0.0 0.0 0.0 0.0 0.0 0.0 0.0 0.0 0.0 0.0 0.0 0.0 0.0 0.0 0.0 0.0 0.0 0.0 0.0 0.0 0.0 0.0 0.0 0.0 0.0 0.0 0.0 0.0 0.0 0.0 0.0 0.0 0.0 0.0 0.0 0.0 0.0 0.0 0.0 0.0 0.0 0.0 0.0 0.0 0.0 0.0 0.0 0.0 0.0 0.0 0.0 0.0 0.0 0.0 0.0 0.0 0.0 0.0 0.0 0.0 0.0 0.0 0.0 0.0 202.050802887 1513.24793173 2426.59316611 3189.42772341 3266.84015759 1709.08728968 33.1930371176 313.164436486
285.291822241 104.520798664 247.475729137 49.0229183426 0.0 0.0 0.0 0.0 0.0 0.0 0.0 0.0 0.0 0.0 0.0 0.0 0.0 0.0 0.0 0.0 0.0 0.0 0.0 0.0 0.0 0.0 0.0 0.0 0.0 0.0 0.0 0.0 0.0 0.0 0.0 0.0 0.0 0.0 0.0 0.0 0.0 0.0 0.0 0.0 0.0 0.0 0.0 0.0 0.0 0.0 0.0 0.0 0.0 0.0 0.0 0.0 0.0 0.0 0.0 0.0 0.0 0.0 0.0 0.0 0.0 0.0 0.0 0.0 0.0 0.0 64.7336977943 749.355594684 1238.95875341 3542.00224099 4677.3379335 2094.15321354 102.345426749 597.64517444 2655.7048695
-1 -1 -1 0.0 0.0 0.0 0.0 283.504930232 0.0 0.0 0.0 0.0 0.0 0.0 0.0 0.0 0.0 0.0 0.0 0.0 0.0 0.0 0.0 0.0 0.0 0.0 0.0 0.0 0.0 0.0 0.0 0.0 0.0 0.0 0.0 0.0 0.0 0.0 0.0 0.0 0.0 0.0 0.0 0.0 0.0 0.0 0.0 0.0 0.0 0.0 0.0 0.0 0.0 0.0 0.0 0.0 0.0 0.0 0.0 0.0 0.0 0.0 0.0 0.0 0.0 0.0 0.0 0.0 0.0 0.0 0.0 0.0 19.0358635453 122.907114708 41.6070669032 82.3285745743 43.8234478171 3089.71681859 9114.12274788
-1 -1 -1 -1 -1 0.0 0.0 548.154679318 0.0 0.0 0.0 0.0 0.0 0.0 0.0 0.0 0.0 0.0 0.0 0.0 0.0 0.0 0.0 0.0 0.0 0.0 0.0 0.0 0.0 0.0 0.0 0.0 0.0 0.0 0.0 0.0 0.0 0.0 0.0 0.0 0.0 0.0 0.0 0.0 0.0 0.0 0.0 0.0 0.0 0.0 0.0 0.0 0.0 0.0 0.0 0.0 0.0 0.0 0.0 0.0 0.0 0.0 0.0 0.0 0.0 0.0 0.0 0.0 0.0 0.0 0.0 0.0 0.0 0.0 0.0 0.0 194.622462 2516.09481392 15623.2015735
-1 -1 -1 -1 -1 -1 0.0 0.0 0.0 0.0 0.0 6.04891365517 0.0 0.0 0.0 0.0 0.0 0.0 0.0 0.0 0.0 0.0 0.0 0.0 0.0 0.0 0.0 0.0 0.0 0.0 0.0 0.0 0.0 0.0 0.0 0.0 0.0 0.0 0.0 0.0 0.0 0.0 0.0 0.0 0.0 0.0 0.0 0.0 0.0 0.0 0.0 0.0 0.0 0.0 0.0 0.0 0.0 0.0 0.0 0.0 0.0 0.0 0.0 0.0 0.0 0.0 0.0 0.0 0.0 0.0 0.0 0.0 0.0 0.0 6.62974344329 2.99745971138 391.784849444 1064.6953771 6482.88370758
-1 -1 -1 -1 -1 -1 -1 -1 0.0 0.0 0.0 519.16552101 0.0 0.0 0.0 0.0 0.0 0.0 0.0 0.0 0.0 0.0 0.0 0.0 0.0 0.0 0.0 0.0 0.0 0.0 0.0 0.0 0.0 0.0 0.0 0.0 0.0 0.0 0.0 0.0 0.0 0.0 0.0 0.0 0.0 0.0 0.0 0.0 0.0 0.0 0.0 0.0 0.0 0.0 0.0 0.0 0.0 0.0 0.0 0.0 0.0 0.0 0.0 0.0 0.0 10.31956347 31.9055925302 95.3368269328 65.5363716766 239.826611184 684.673071176 1180.28682605 3211.34769648 4690.43329403 5522.35160805 8708.84896935 5736.29334038 5234.17774774 9446.80743896
-1 -1 -1 -1 -1 -1 -1 -1 -1 0.0 0.0 2521.32924362 710.949076292 0.0 0.0 0.0 0.0 0.0 0.0 0.0 0.0 0.0 0.0 0.0 0.0 0.0 0.0 0.0 0.0 0.0 0.0 0.0 0.0 0.0 0.0 0.0 0.0 0.0 0.0 0.0 0.0 0.0 0.0 0.0 0.0 0.0 0.0 0.0 0.0 0.0 0.0 0.0 0.0 0.0 0.0 0.0 0.0 0.0 0.0 0.0 0.0 0.0 0.0 17.0385650136 11.0191971892 208.36070908 478.795635174 1915.38924349 6593.75293496 7053.7312569 9307.76534688 10127.0569208 13324.2091217 12701.6326282 1888.90754881 18735.0525708 25064.6989801 30870.8376862 19002.0746535
-1 -1 -1 -1 -1 -1 -1 -1 -1 -1 0.0 631.377111615 3729.25457582 1215.22947062 0.0 0.0 0.0 0.0 0.0 0.0 0.0 0.0 0.0 0.0 0.0 0.0 0.0 0.0 0.0 0.0 0.0 0.0 0.0 0.0 0.0 0.0 0.0 0.0 0.0 0.0 0.0 0.0 0.0 0.0 0.0 0.0 0.0 0.0 0.0 0.0 0.0 0.0 0.0 0.0 0.0 0.0 0.0 0.0 0.0 0.0 0.0 0.0 0.0 0.0 43.5729309681 352.229507494 3001.18964691 7579.02821524 16014.414556 17131.5595204 4849.876621 15967.1174407 14310.7096358 12980.6811005 15014.9748673 8432.84751105 9401.4280426 3179.71282473 4094.00873197
-1 -1 -1 -1 -1 -1 -1 -1 -1 -1 0.0 1043.10136926 3505.54625683 6976.01349612 8752.03267591 1786.79497154 0.0 0.0 0.0 0.0 0.0 0.0 0.0 0.0 0.0 0.0 0.0 0.0 0.0 0.0 0.0 0.0 0.0 0.0 0.0 0.0 0.0 0.0 0.0 0.0 0.0 0.0 0.0 0.0 0.0 0.0 0.0 0.0 0.0 0.0 0.0 0.0 0.0 0.0 0.0 0.0 0.0 0.0 0.0 0.0 0.0 0.0 0.0 0.0 39.9224316089 135.586014659 606.391905178 4469.59435252 11256.7212186 14853.8388932 8897.23194202 12421.9268985 16684.0635134 3529.69772107 15249.5065299 12939.4683874 9786.37061977 6878.31957723 3634.69372318
