critload/trunk/input/2010/nero_nat.asc
ncols 720
nrows 360
xllcorner -180
yllcorner -90
cellsize 0.5
NODATA_value -1
[rows 210 to 244 of 360, columns 395 to 473 of 720]
1424.7782659 840.77090788 3992.97867574 9645.17920037 6458.1388139 1250.9842861 1211.14729981 1000.30830397 5471.4771188 4564.25381484 4248.05420076 3532.30847989 4273.71858939 799.967020957 883.490725521 6509.77821151 8055.91406796 14674.7074107 5265.99255636 3762.19875638 2232.01369128 3497.13286469 8363.05716383 15477.8707706 21897.7905343 12576.7960456 15073.7986652 9182.24999272 10648.921508 7895.98458123 5782.95618145 1649.64588313 9737.65743777 5043.54480087 8981.03081668 10686.6769056 743.189153146 1399.92539319 6565.75550978 11403.7403627 9714.05482423 11969.3047749 7017.29735151 1854.2334946 599.220390606 3478.79507987 61.7240140638 -1 -1 -1 -1 -1 -1 -1 -1 -1 -1 -1 99.3222351326 1824.95919322 2676.48251502 2870.64016559 21526.579854 21296.6235839 54548.236276 31520.8720479 -1 -1 -1 -1 -1 -1 -1 -1 -1 -1 -1 -1 -1
1148.51173789 1251.63288044 9403.04990549 9475.51523813 6503.08180705 7116.59314947 7284.88340772 8086.73970391 5230.75685611 3922.94819723 4950.51692487 4782.05093338 7259.71566772 959.996721616 949.742547397 868.144408265 8776.64877572 5652.03702032 2789.24555385 5028.48530837 1994.84352292 6836.2892758 13155.9588834 17946.3540004 12424.518679 26289.8990511 2836.69208036 4016.48055542 3923.91898022 2539.50408518 8661.45572137 3037.18526874 2147.29839227 5677.12491499 4609.83842311 6215.86953541 11091.8069358 3818.34792778 9289.36379636 11195.4238371 10585.9204649 6142.99935234 2428.7555155 1279.69703359 1411.2979785 1402.29913047 -1 -1 -1 -1 -1 -1 -1 -1 -1 19.6895028338 87.7228859694 94.2155973817 1094.76402232 1895.47425242 2520.53432845 3974.71733825 12981.042635 21258.2320399 7444.36082401 13921.4785451 -1 -1 -1 -1 -1 -1 -1 -1 -1 -1 -1 -1 -1
1056.98940559 940.446984103 8825.80530903 1086.97061607 729.971608104 857.119999625 1045.14950742 6192.68878743 5248.82815752 705.143079639 5340.52254903 5190.30006668 801.608306635 922.741888639 1005.21546528 1043.49807225 1143.71197992 7103.56762372 2092.64418044 1100.73902528 4771.32935957 12790.8854951 8719.96805658 20901.2142566 11179.3695245 11886.2590177 6032.80600238 4805.80322728 5918.15797263 3133.40347383 2212.7713524 2960.96333161 1543.59069176 3966.71036975 4526.23727154 6392.7720411 4350.07954197 0.0 0.000539451155581 9870.66244922 7070.28337165 4523.01050655 3678.39220542 1720.09634275 1145.92853042 2.23539602717e-07 -1 -1 -1 -1 -1 -1 -1 15.5884314941 274.213305274 512.560657611 590.116363241 3856.52985228 539.513548555 502.193729416 3946.43676372 16026.676313 21314.1903365 21840.9600321 10389.4176525 -1 -1 -1 -1 -1 -1 -1 -1 -1 -1 -1 -1 -1 -1
729.848085495 4323.90590511 759.574936248 996.145773794 740.535547761 790.474258455 5559.17559878 5587.37844372 5188.53443127 5298.90511882 5299.16106369 5082.53372897 802.910412409 1027.01821797 838.347955628 581.107276551 9086.83695814 5688.93105011 4068.83444734 9534.15499441 8991.88970008 3234.6498439 9212.00325665 6984.7274576 4983.95433367 5853.8701634 7928.39311981 7275.48378031 5563.14204291 5071.0414785 8476.93335795 2074.92305728 1278.36704139 4096.91704298 2198.79387019 4259.12646024 6286.98828543 7858.67963826 8325.10520278 4216.14579832 5537.03397308 4577.69771859 3861.05102419 850.249805819 86.8274312365 -1 -1 -1 -1 -1 -1 -1 -1 365.021710304 3847.33869123 3324.92226486 3065.61219595 3793.26868829 1963.51758791 2748.14705799 5034.84908856 9516.53629454 21874.9210767 30689.9859939 5519.24687084 -1 -1 -1 -1 -1 -1 -1 -1 -1 -1 -1 -1 -1 -1
893.740371902 2264.45000222 3547.71810357 786.584621438 857.734378721 708.413444832 5151.31318342 5171.64015394 5218.11573069 5122.01576065 1595.85339459 692.381301329 695.922545802 753.315989298 439.95124871 3572.04635849 6947.43352043 7282.96898205 7947.70473268 15892.6420052 5266.2886922 10875.0210483 6835.49531878 10629.8199923 5543.57191607 5885.3570756 7911.96654888 8981.22152019 8938.4882776 7936.40168715 5940.66724175 2728.67271997 2504.73396738 2233.2596663 1857.50469216 4001.9167808 1873.17806791 4900.03086362 5791.29830195 989.657918215 716.472445535 157.232298183 201.565758097 -1 -1 -1 -1 -1 -1 -1 -1 -1 0.0 2852.07396436 3999.31892909 3069.78655911 5061.64166923 3259.04140615 3550.51592216 9894.91708383 10971.785937 4515.30935767 23138.6927927 16331.8583497 95.7579244161 -1 -1 -1 -1 -1 -1 -1 -1 -1 -1 -1 -1 -1 -1
306.288163171 358.434611162 276.594163498 238.073550216 158.163820566 185.420773086 4206.56196601 2345.93536629 1134.98095821 211.907904472 316.732140345 410.071057093 719.961864896 390.599398923 360.612577928 4612.74491993 936.513332763 18159.3582495 11071.2405946 5823.66988856 11498.0907368 6454.63754781 4009.29709091 6400.21542694 11093.2649135 5028.14441674 5483.75703527 5470.82076994 6103.78628184 3899.35292895 18459.8060812 9776.03206389 1415.35813196 2525.18128565 3263.10960363 1901.06987135 420.686344663 2872.61687425 1893.71578296 751.72580424 2.39921155275e-14 -1 -1 -1 -1 -1 -1 -1 -1 -1 -1 -1 0.0 4173.89317429 2878.40229495 2231.95992005 3689.30766503 3930.41569286 5878.14258326 7944.90297881 13066.575096 2727.10210882 30603.9258989 21953.7992802 -1 -1 -1 -1 -1 -1 -1 -1 -1 -1 -1 -1 -1 -1 -1
346.963024896 351.830156645 338.467952942 355.071102986 418.006406018 378.145286017 372.250897691 397.986387308 451.839200042 480.474650674 489.780611043 385.067236048 370.128637073 455.149188733 675.732269996 5926.4327966 909.881853676 12489.4549493 11753.8444679 9973.0927327 6177.5379404 4864.17222057 11134.3562095 6132.23350935 5969.68137105 3635.6944275 3082.90994835 3073.55962335 5615.77120394 12121.4248285 47524.6583109 21791.2270622 2038.14141018 5606.77056438 3251.7504688 855.300624494 333.783015655 738.376222929 287.996025702 -1 -1 -1 -1 -1 -1 -1 -1 -1 -1 -1 -1 -1 -1 3035.44696371 4318.84436578 4281.93765711 5734.88630643 8835.17348878 12037.8229875 11502.0443628 8775.3505821 13188.1727542 36858.8145728 9076.51691968 -1 -1 -1 -1 -1 -1 -1 -1 -1 -1 -1 -1 -1 -1 -1
2121.0488388 304.885100616 375.602984889 321.532517108 373.309664008 350.086644642 651.286653544 541.626001753 510.810355961 3395.15504147 486.200139476 430.590909684 452.550389548 4271.02473741 555.305694345 657.721669041 6038.77761332 10596.9834018 727.102274752 6007.97570335 879.282250718 901.07348906 864.951111547 5577.36529631 6716.1054736 4726.66155098 5119.28867989 2937.13149079 5341.07232555 8832.07525451 41834.3409011 8312.10690079 6319.34850929 4293.44193733 804.417591949 1072.20063089 553.288219624 1393.13005491 -1 -1 -1 -1 -1 -1 -1 -1 -1 -1 -1 -1 -1 -1 -1 256.395791092 5940.00302171 4716.13621173 12464.1653218 4321.08041781 2704.33431542 704.007806706 9268.13853121 12214.2238096 23274.4056447 1561.86099253 -1 -1 -1 -1 -1 -1 -1 -1 -1 -1 -1 -1 -1 -1 -1
5247.22838597 3815.42808019 315.504121943 371.155009885 275.478624601 327.992880839 369.694988436 446.84905703 495.60830867 2751.37414424 3688.47268097 3457.07704644 3434.48687752 520.648623709 520.615996221 606.729939163 632.301105117 668.957147676 676.359176588 690.700120911 827.174311383 929.943218813 5999.98731854 5031.1096748 4560.18056727 4856.62797856 3650.70088151 4988.32622302 2281.92272559 7104.77043804 32971.0852947 9905.50909768 10575.0218777 1765.11280577 825.619283466 507.191127193 437.535532417 -1 -1 -1 -1 -1 -1 -1 -1 -1 -1 -1 -1 -1 -1 -1 -1 459.436734416 4324.25820136 4826.99993317 11164.3322091 5052.14015398 12049.3750751 10817.5435223 5706.98836686 27450.9574738 18596.0688983 49.9749072077 -1 -1 -1 -1 -1 -1 -1 -1 -1 -1 -1 -1 -1 -1 -1
5157.4170859 3037.53376684 266.255158226 259.68650179 257.12205743 251.482156344 344.75238335 527.001192396 387.01136157 2170.72187867 2943.14591112 2880.4025201 445.916573537 494.360553325 476.774230463 514.574841585 535.461592352 493.762579531 486.087771317 579.733319032 761.938607986 6059.12711684 5646.3400318 5373.92184651 5068.34952746 6342.55793994 3243.33208407 3757.10201938 6613.9319568 5118.84700649 58410.4800925 33734.9421152 4398.97077264 496.087846574 1291.02644833 62.2457751906 -1 -1 -1 -1 -1 -1 -1 -1 -1 -1 -1 -1 -1 -1 -1 -1 -1 106.612895631 3862.61722358 4293.5795431 7662.60941978 9440.24149751 9879.78160613 4615.95058963 10178.6588781 28269.0105113 9189.34723068 -1 -1 -1 -1 -1 -1 -1 -1 -1 -1 -1 -1 -1 -1 -1 -1
334.583923925 274.625543162 292.657848921 307.285183736 358.740369655 312.267878869 366.064626809 386.98854562 304.378342225 267.434784106 291.555505855 2384.61714729 340.445649662 349.928580125 550.085110934 354.965971979 2761.6243097 344.360789542 556.668957413 585.357131685 759.062391777 875.948688367 7364.25540437 4097.18279798 4179.72984065 5811.21007552 6864.93159288 6125.491922 4514.93064659 3458.30875483 40840.0848197 11954.2878029 418.261174453 516.992760234 71.1556250101 -1 -1 -1 -1 -1 -1 -1 -1 -1 -1 -1 -1 -1 -1 -1 -1 -1 -1 79.8578393138 604.150544654 2660.99464128 3439.05842161 13655.6773885 16988.8336043 11664.9710415 17697.8228404 26613.3626225 841.749450706 -1 -1 -1 -1 -1 -1 -1 -1 -1 -1 -1 -1 -1 -1 -1 -1
280.751199945 307.435729351 292.817381276 333.483446365 389.851055195 367.769755807 394.176513328 429.412635227 349.303751833 2815.0079595 413.705595527 307.5813895 286.954221809 306.641258136 2853.65101802 2152.14587877 2072.17330824 3122.83058328 3843.64791497 1926.46788686 393.360307423 957.263841182 1217.21612531 3180.07882653 5657.65162903 5296.69585546 4830.36626773 5057.15754473 6271.84418812 3465.99337942 6602.72400642 435.06946097 263.780634162 140.314607841 109.881936592 4.81912007941 -1 -1 -1 -1 -1 -1 -1 -1 -1 -1 -1 -1 -1 -1 -1 -1 87.7372970906 450.412120014 2793.52316691 2517.65797828 3018.32172865 9076.58987622 11026.9741027 14106.0197527 31813.9820457 18466.3918649 2.39996134846e-06 -1 -1 -1 -1 -1 -1 -1 -1 -1 -1 -1 -1 420.970908645 3.89274334218e-06 -1 -1
380.938765078 275.957249739 295.561346123 359.321628486 356.281569017 408.782854907 344.98686111 383.186771463 321.922114249 354.947066289 370.681212117 308.39408946 323.250550838 355.725481815 2704.99377866 374.178084895 423.612619609 489.651251653 2560.64185944 1961.1118778 2666.04174565 2182.43500222 3420.59203759 3253.56928446 4452.43781376 3901.32814776 2664.03760374 3451.36725607 4712.82195978 10788.2014737 3053.99378689 420.199548872 308.463766451 336.542947636 272.618040602 45.9181309329 -1 -1 -1 -1 -1 -1 -1 -1 -1 -1 -1 -1 -1 -1 -1 -1 77.2279701523 438.580732318 411.033646204 788.864264904 4918.7530486 4438.39112671 7200.18404116 10953.1595276 25574.5597917 3688.51605072 -1 -1 -1 -1 -1 -1 -1 -1 -1 -1 -1 -1 -1 5957.09782313 14369.8810775 -1 -1
2303.70972175 276.881729299 271.699528102 293.269736064 342.99119778 350.42861624 369.771730923 336.129891396 389.21432596 404.563037399 339.843434509 304.824814623 338.493372539 322.183761014 332.688378669 270.159561082 275.763059594 313.613594738 416.045407567 500.547554945 1437.96096741 2353.21136405 2288.97180755 2605.81093806 5875.39936725 3849.97693398 5443.93570545 7900.73701836 834.267496939 1063.27967411 688.17119391 430.369677995 431.259977119 291.933004009 265.648323704 159.569710773 -1 -1 -1 -1 -1 -1 -1 -1 -1 -1 -1 -1 -1 -1 -1 35.6184928168 186.828876955 1026.08787284 2740.19951972 5327.90212386 4752.84722477 1620.95151942 7151.27598153 11663.6214202 12392.5680513 349.291305966 -1 -1 -1 -1 -1 -1 -1 -1 -1 -1 -1 -1 -1 -1 -1 -1 -1
2250.11056549 337.423310842 268.908125065 226.746289023 368.835563821 537.693624491 509.458206011 450.602971054 418.032065192 383.114761295 352.849138374 313.095844812 316.716573445 295.668300373 273.645903239 292.714865376 286.056625683 297.700022314 523.559027687 1392.98111663 1421.57809097 1770.99844402 1821.64678202 1146.45876464 1270.36685239 2772.08252784 2438.77112729 7517.64977307 331.188209383 157.774330292 570.249669978 726.775215395 187.37381236 198.798784285 235.927884795 313.998333595 10.9825700091 -1 -1 -1 -1 -1 -1 -1 -1 -1 -1 -1 -1 -1 -1 108.910663239 275.720138075 7248.23196499 508.863283105 7563.05008835 4343.87294814 2110.97029793 14531.0205133 24111.3738983 3362.31895712 7.403938722e-07 -1 -1 -1 -1 -1 -1 -1 -1 -1 -1 -1 -1 -1 -1 -1 -1 -1
669.947009861 438.269974936 361.178774132 371.519229041 341.547340641 395.191884594 384.556317675 349.71421685 334.519824675 332.098294052 364.198036977 352.914565767 311.313890657 311.725623094 286.720636291 274.42555507 290.951805404 450.775439748 3143.84134962 3532.74226228 3639.00723568 1133.19006773 505.697600273 642.452632251 1764.58590044 14020.8160141 5780.91244382 7776.82847251 6665.87906218 190.57822843 701.972491786 675.112277243 182.896420364 220.766244684 298.580498367 662.271189928 21.0469697334 -1 -1 -1 -1 -1 -1 -1 -1 -1 -1 -1 -1 -1 -1 6.96623865723 3663.70525513 1453.39844231 744.862801809 909.797193148 2589.13143137 5185.05762389 3187.8841867 7995.07790538 1650.37949798 -1 -1 -1 -1 -1 -1 -1 -1 -1 -1 -1 -1 -1 -1 -1 -1 -1 -1
408.06586097 327.43139943 370.624697666 350.22189042 271.678268284 310.753209102 399.840946339 376.391666648 341.644059036 349.763175164 406.124964835 413.019627585 325.486775476 301.13119868 281.689549658 227.102153053 292.479858736 396.306459764 2856.74504317 2294.42090681 325.317564682 1183.92914817 378.632183461 573.440842214 1826.53650868 6966.10408617 1888.07838608 4375.33803104 9459.41911538 4204.16415858 587.161003208 211.369179362 178.619134785 168.007046355 308.050704916 674.361394537 16.6707847333 -1 -1 -1 -1 -1 -1 -1 -1 -1 -1 -1 -1 -1 -1 -1 1639.08380789 553.894251141 646.360899291 4068.00056321 2093.25095292 8175.13687706 22036.3070089 15332.5158447 996.734870696 -1 -1 -1 -1 -1 -1 -1 -1 -1 -1 -1 -1 -1 -1 -1 -1 -1 -1
311.852311748 312.922593729 325.920719615 311.182687456 301.538553551 324.108995277 343.224307219 343.31731111 337.577568813 370.666487504 353.529199173 307.304273311 311.237198843 313.585812161 323.902718073 266.721060818 338.573122042 484.380255845 428.222314648 190.106297371 714.516647648 620.300275999 1468.65734594 7.10687117533e-05 5176.58392453 9464.42012014 4318.83280656 4878.95528265 10023.2510094 6660.72920825 532.436449103 190.733566913 203.720910362 122.7337081 253.510380782 311.609311949 21.7093846387 -1 -1 -1 -1 -1 -1 -1 -1 -1 -1 -1 -1 -1 -1 -1 753.095448697 1922.968791 2099.36394881 441.220458399 4621.03600389 11646.3435055 25526.258384 27467.7196396 311.92306448 -1 -1 -1 -1 -1 -1 -1 -1 -1 -1 -1 -1 -1 -1 -1 -1 -1 -1
1814.4885167 324.870044808 308.896658081 323.424612151 286.102127436 384.057267136 324.449429073 317.220941212 296.933919707 347.55242837 376.395052668 344.366079626 324.781756117 339.321596365 360.302210957 263.644182445 406.674196889 390.422240949 467.886437634 286.90643234 1421.19092346 976.663214869 1139.0322196 5636.47037632 9010.54284723 22352.247736 11307.9020498 5468.3226981 6342.54827361 1168.86961459 1221.70987219 144.291986912 146.247814549 264.871810781 481.304113029 397.667852505 -1 -1 -1 -1 -1 -1 -1 -1 -1 -1 -1 -1 -1 -1 -1 -1 977.782973667 335.719229836 1.79483967911e-12 1340.30972407 6281.54871711 6097.5299401 22683.4993349 20933.9438593 -1 -1 -1 -1 -1 -1 -1 -1 -1 -1 -1 -1 -1 -1 -1 -1 -1 -1 -1
2191.65969324 1376.59208567 298.20103787 310.894375951 315.612656113 717.670773092 679.280110561 491.434660027 309.266190671 309.276653555 290.817550629 399.4591302 323.340258606 326.780912259 368.032920812 528.513712252 3813.21214998 1266.20823682 157.423460119 4012.14156386 5211.89388218 718.121114334 2312.8682805 332.954679301 1629.42257433 15120.9925347 50307.0078004 2477.72423105 6972.71525151 5471.81042694 72.9750990949 184.72468005 182.998163707 141.303185232 237.277933855 20.2782415859 -1 -1 -1 -1 -1 -1 -1 -1 -1 -1 -1 -1 -1 -1 -1 -1 62.9624517287 2464.35444629 208.158484016 687.796045781 569.29835728 3090.22979497 64577.2269557 4065.77209492 -1 -1 -1 -1 -1 -1 -1 -1 -1 -1 -1 -1 -1 -1 -1 -1 -1 -1 -1
2179.8507066 1528.16700294 1388.92325678 356.215947778 271.921277826 693.604100928 693.771803576 670.849606984 642.432059084 293.972633494 290.189797464 205.06696249 243.431415777 272.624121747 227.013398578 370.068108637 2116.04565952 474.771326961 429.20848908 669.74441231 858.01578591 795.012008877 1578.95036612 773.998836352 10718.4589036 30213.5321195 66611.3121077 12045.8512765 4900.21999892 3658.64570947 1048.59088322 218.715972607 62.9586636113 -1 -1 -1 -1 -1 -1 -1 -1 -1 -1 -1 -1 -1 -1 -1 -1 -1 -1 -1 -1 183.356771811 117.225510486 53.8234864371 585.474656528 308.097753301 770.575041104 -1 -1 -1 -1 -1 -1 -1 -1 -1 -1 -1 -1 -1 -1 -1 -1 -1 -1 -1 -1
2242.50567788 1806.16313143 1380.19443461 1273.76758938 311.874381422 687.597785867 704.898129615 643.130539577 306.835380046 300.415162983 189.278034458 58.8223811414 127.229638706 219.491986058 209.489800104 199.504592707 1.84168109387e-09 1076.92994353 1209.6891908 1973.93749839 1690.46927498 360.655361362 1433.7931988 2652.27119089 4333.22140532 25592.6209633 28706.5638309 51302.8822208 4228.40670446 1392.23698704 47.5889426534 -1 -1 -1 -1 -1 -1 -1 -1 -1 -1 -1 -1 -1 -1 -1 -1 -1 -1 -1 -1 -1 -1 -1 -1 73.9302075892 4.80835473533e-06 -1 -1 -1 -1 -1 -1 -1 -1 -1 -1 -1 -1 -1 -1 -1 -1 -1 -1 -1 -1 -1 -1
2910.66761956 2368.95050338 1941.9970595 1442.83532341 346.547200523 262.630188107 710.155586757 312.263078588 283.010351948 244.549238468 75.8544650063 94.6480648751 172.151505843 240.578884011 218.099134388 208.099695915 161.246090737 200.427068836 448.453384794 790.496839762 1.30353001271e-12 0.0 1818.39218672 2748.91609833 576.51584919 2247.87682828 15500.2003812 10466.0998544 1473.82516362 2134.14478899 1196.67683835 -1 -1 -1 -1 -1 -1 -1 -1 -1 -1 -1 -1 -1 -1 -1 -1 -1 -1 -1 -1 -1 -1 -1 -1 -1 -1 -1 -1 -1 -1 -1 -1 -1 -1 -1 -1 -1 -1 -1 -1 -1 -1 -1 -1 -1 -1 -1 -1
3317.95919502 3282.60708915 2756.81472021 410.750271645 421.204150033 50.7545115989 176.489064944 218.910752603 178.613014067 57.9048319266 81.5026755842 121.054677261 195.542533959 209.469916679 142.840194785 197.545161572 153.334720779 1142.75794704 703.661263759 897.420318229 414.802458306 1297.36896804 2359.79376225 1208.29570979 833.001202795 3522.98798215 12074.2434626 3000.69575237 2562.9133917 6110.09573568 409.424266053 -1 -1 -1 -1 -1 -1 -1 -1 -1 -1 -1 -1 -1 -1 -1 -1 -1 -1 -1 -1 -1 -1 -1 -1 -1 -1 -1 -1 -1 -1 -1 -1 -1 -1 -1 -1 -1 -1 -1 -1 -1 -1 -1 -1 -1 -1 -1 -1
4055.81870143 4660.08607481 5886.9946933 4382.58598681 1829.43062316 27.3302346642 47.5302936536 39.6551281404 38.7687745934 49.378595101 175.317640831 194.409275485 130.300336071 93.9242010913 175.138207767 266.596164894 201.902096339 152.894179346 138.514411581 360.596391164 1425.06756197 465.229812372 2082.53355009 5633.81482568 1175.25309025 11284.495736 12800.6076489 18253.2756628 5894.25661545 4529.9769844 179.650221128 -1 -1 -1 -1 -1 -1 -1 -1 -1 -1 -1 -1 -1 -1 -1 -1 -1 -1 -1 -1 -1 -1 -1 -1 -1 -1 -1 -1 -1 -1 -1 -1 -1 -1 -1 -1 -1 -1 -1 -1 -1 -1 -1 -1 -1 -1 -1 -1
6646.73165995 4047.8717349 3287.04520764 2795.70843502 1647.41708859 50.173757866 45.9220429104 38.9767934166 19.8128628108 51.068885539 233.838776978 209.992445479 112.635740313 89.9991951916 185.265108714 198.867813793 184.972214873 137.448564853 185.655770142 880.765124757 1894.67467421 3765.73173944 8.53423599524e-05 1402.45562703 10618.7016157 4758.55338254 8245.62822668 29813.1147317 9622.22710461 5175.98068832 74.9334523994 -1 -1 -1 -1 -1 -1 -1 -1 -1 -1 -1 -1 -1 -1 -1 -1 -1 -1 -1 -1 -1 -1 -1 -1 -1 -1 -1 -1 -1 -1 -1 -1 -1 -1 -1 -1 -1 -1 -1 -1 -1 -1 -1 -1 -1 -1 -1 -1
3913.09586852 2651.93904325 2222.10642862 2478.54108998 3631.43791911 100.411193014 57.3979058504 27.2240483675 28.6591305892 88.0270035457 210.424110944 235.907306728 123.752936928 117.495278304 116.175535682 167.049571995 155.633609211 157.573063309 788.138403105 1172.25988816 1330.07537103 3115.08253905 820.948647985 4712.31302931 11322.337159 10335.4896488 4170.59715585 26717.517259 5178.28259816 3210.64612668 21.8863637299 -1 -1 -1 -1 -1 -1 -1 -1 -1 -1 -1 -1 -1 -1 -1 -1 -1 -1 -1 -1 -1 -1 -1 -1 -1 -1 -1 -1 -1 -1 -1 -1 -1 -1 -1 -1 -1 -1 -1 -1 -1 -1 -1 -1 -1 -1 -1 -1
10138.2432712 6252.89779528 7382.76009682 6552.12405617 7357.79987834 842.38787893 38.4237382715 30.532697119 38.3544834564 92.9571753621 294.122968948 247.41821529 143.982754257 193.71109662 88.014658643 132.816903637 150.874507197 150.910812276 545.820159034 1342.33856616 1196.24356933 9367.33363508 12322.368452 21891.6601448 1202.85669756 16880.1645368 23670.6357336 15902.0984842 5786.49517087 63.1687448861 -1 -1 -1 -1 -1 -1 -1 -1 -1 -1 -1 -1 -1 -1 -1 -1 -1 -1 -1 -1 -1 -1 -1 -1 -1 -1 -1 -1 -1 -1 -1 -1 -1 -1 -1 -1 -1 -1 -1 -1 -1 -1 -1 -1 -1 -1 -1 -1 -1
908.192096085 7179.6108117 6950.93184308 7544.97126278 4569.01131866 4186.91388292 5271.70311526 32.5040309298 69.108813622 49.5025912825 286.326037581 211.774834661 167.769558089 166.360922176 164.371285233 212.098257569 240.044189535 139.977990551 500.984651506 941.125060125 7605.76619866 17825.3581877 9676.9120948 18735.518597 15616.9191027 14242.2868998 24692.5360385 6228.81968926 56.6090132061 -1 -1 -1 -1 -1 -1 -1 -1 -1 -1 -1 -1 -1 -1 -1 -1 -1 -1 -1 -1 -1 -1 -1 -1 -1 -1 -1 -1 -1 -1 -1 -1 -1 -1 -1 -1 -1 -1 -1 -1 -1 -1 -1 -1 -1 -1 -1 -1 -1 -1
703.159659859 558.643713616 249.088523519 233.050709646 3807.09830762 3920.65336051 3915.84363803 241.871052881 51.6759178669 61.2763268264 98.5490280868 57.2856877448 85.1031355582 407.982916118 847.023411622 254.319331591 533.153548082 486.197868188 370.977864962 467.447201612 11619.9613812 11998.7595705 12843.84948 26348.0404592 31181.4990073 17582.6974221 19809.4938478 83.6429182686 -1 -1 -1 -1 -1 -1 -1 -1 -1 -1 -1 -1 -1 -1 -1 -1 -1 -1 -1 -1 -1 -1 -1 -1 -1 -1 -1 -1 -1 -1 -1 -1 -1 -1 -1 -1 -1 -1 -1 -1 -1 -1 -1 -1 -1 -1 -1 -1 -1 -1 -1
113.186344497 1219.03666788 238.290350752 273.939737685 258.727082721 237.542906989 235.014335775 263.320996906 239.288362061 252.353132617 268.639788734 128.754182349 29.0700360244 673.595997529 1368.52982842 623.798660159 850.036679232 801.169937071 648.776856845 13883.298535 13329.6435667 13934.9437868 21640.3443467 9841.02610534 17791.5170259 29795.6165827 4409.47807014 -1 -1 -1 -1 -1 -1 -1 -1 -1 -1 -1 -1 -1 -1 -1 -1 -1 -1 -1 -1 -1 -1 -1 -1 -1 -1 -1 -1 -1 -1 -1 -1 -1 -1 -1 -1 -1 -1 -1 -1 -1 -1 -1 -1 -1 -1 -1 -1 -1 -1 -1 -1
55.9138471245 944.665166859 497.127697243 518.607000864 307.032517961 244.33571501 130.260679446 370.503276003 367.097675603 349.184702643 132.486453129 155.598240083 172.618923935 151.871802605 775.917029349 602.02351084 639.294258091 937.93931136 2190.99686103 35547.8475139 16611.6465786 21892.6170908 36488.3170013 16912.8723934 15535.0074459 12225.3194884 16.3872291192 -1 -1 -1 -1 -1 -1 -1 -1 -1 -1 -1 -1 -1 -1 -1 -1 -1 -1 -1 -1 -1 -1 -1 -1 -1 -1 -1 -1 -1 -1 -1 -1 -1 -1 -1 -1 -1 -1 -1 -1 -1 -1 -1 -1 -1 -1 -1 -1 -1 -1 -1 -1
13.7049866796 214.153629828 183.70149535 1329.37258221 789.471437563 127.222697467 338.091951984 385.011557855 327.416379659 329.427274617 357.589795404 282.169927952 165.584155361 486.149636628 1419.73803248 1661.36412008 1597.947852 2241.39464092 4313.62984963 29127.4819241 23652.5310151 27746.2028041 26225.6341086 29422.5730467 22097.3398347 370.186048961 -1 -1 -1 -1 -1 -1 -1 -1 -1 -1 -1 -1 -1 -1 -1 -1 -1 -1 -1 -1 -1 -1 -1 -1 -1 -1 -1 -1 -1 -1 -1 -1 -1 -1 -1 -1 -1 -1 -1 -1 -1 -1 -1 -1 -1 -1 -1 -1 -1 -1 -1 -1 -1
-1 21.2636730576 381.895750192 1640.69302641 1438.85410213 568.202655863 396.391725349 344.411846335 320.101722664 184.312655225 537.414991924 483.805755021 263.481873515 2911.64523292 3535.89782929 1321.97210665 1338.89619866 2501.58687803 4044.34607082 5746.74890628 22990.2816164 23375.6488325 8364.86160601 10921.7349409 340.015949787 -1 -1 -1 -1 -1 -1 -1 -1 -1 -1 -1 -1 -1 -1 -1 -1 -1 -1 -1 -1 -1 -1 -1 -1 -1 -1 -1 -1 -1 -1 -1 -1 -1 -1 -1 -1 -1 -1 -1 -1 -1 -1 -1 -1 -1 -1 -1 -1 -1 -1 -1 -1 -1 -1
-1 4.04861605717e-06 3138.9881036 12415.4678533 1134.98597741 1689.6512964 777.936083412 711.63114022 706.521985655 2548.89245217 794.360896731 379.899366983 1269.79455319 2712.41908517 4621.29641767 4656.84137775 3881.52138019 5690.23978058 7671.35451295 10657.2025774 29900.073664 6007.40228571 10688.5176285 161.506698304 -1 -1 -1 -1 -1 -1 -1 -1 -1 -1 -1 -1 -1 -1 -1 -1 -1 -1 -1 -1 -1 -1 -1 -1 -1 -1 -1 -1 -1 -1 -1 -1 -1 -1 -1 -1 -1 -1 -1 -1 -1 -1 -1 -1 -1 -1 -1 -1 -1 -1 -1 -1 -1 -1 -1
