critload/trunk/input/2010/nfix_grass_ext.asc
ncols 720
nrows 360
xllcorner -180
yllcorner -90
cellsize 0.5
NODATA_value -2
[rows 96 to 127 of 360, columns 365 to 437 of 720]
0.0 0.0 -2.0 -2.0 -2.0 -2.0 -2.0 -2.0 -2.0 -2.0 -2.0 -2.0 0.0 0.0 -2.0 -2.0 -2.0 -2.0 -2.0 0.0 0.0 0.0 0.0 0.0 0.0 0.0 0.0 0.0 -2.0 -2.0 -2.0 -2.0 -2.0 0.0 109351.350605574 175597.53247791395 123027.93487528479 402546.5784082782 0.0 0.0 200234.62724588864 129828.61042049497 87180.15956890325 52124.61090089887 42447.02529908327 189818.34650023954 0.0 0.0 0.0 0.0 712254.4032487394 185155.6751892691 -2.0 -2.0 -2.0 -2.0 -2.0 -2.0 -2.0 0.0 699781.1251819201 114515.32317356394 0.0 169273.22200387163 0.0 0.0 0.0 58417.263030830545 -2.0 -2.0 -2.0 -2.0 -2.0
-2.0 -2.0 -2.0 -2.0 -2.0 -2.0 -2.0 -2.0 -2.0 -2.0 -2.0 -2 0.0 0.0 0.0 -2.0 -2.0 -2.0 -2.0 -2.0 0.0 0.0 0.0 0.0 0.0 0.0 0.0 0.0 0.0 0.0 -2.0 -2.0 -2.0 0.0 0.0 223014.21827049588 133709.75853167908 0.0 0.0 0.0 0.0 0.0 0.0 0.0 0.0 0.0 0.0 0.0 0.0 0.0 0.0 501020.1423384709 0.0 0.0 329311.6310430004 0.0 161015.47718044635 0.0 676854.2696633538 889342.4205681318 0.0 325018.1703564112 0.0 0.0 305469.4237709436 822030.2029751561 0.0 0.0 0.0 245284.89136794608 122713.95650526448 -2.0 -2.0
-2.0 -2.0 -2.0 -2.0 -2.0 -2.0 -2.0 -2.0 -2.0 -2.0 -2.0 0.0 0.0 0.0 0.0 -2.0 -2.0 -2.0 -2.0 -2.0 -2.0 -2.0 -2.0 0.0 0.0 0.0 0.0 0.0 0.0 0.0 0.0 0.0 -2.0 0.0 0.0 351084.65385330224 107495.0204901624 0.0 0.0 0.0 0.0 0.0 0.0 0.0 0.0 0.0 0.0 0.0 0.0 0.0 119753.46026286762 -2.0 100907.80122592827 539685.4074017155 760903.407655541 0.0 667054.9707785649 0.0 0.0 0.0 0.0 584107.9721451113 159551.72777185476 65499.20246862842 0.0 0.0 0.0 91406.6344513255 281687.06985603215 581746.6884413236 0.0 0.0 289261.12008088327
-2.0 -2.0 -2.0 -2.0 -2.0 -2.0 -2.0 -2.0 -2.0 -2.0 -2.0 0.0 0.0 0.0 0.0 -2.0 -2.0 -2.0 -2.0 -2.0 -2.0 -2.0 -2.0 -2.0 -2.0 0.0 0.0 0.0 0.0 0.0 0.0 0.0 -2 23201.41649240879 198172.48201295978 236087.1647483122 0.0 0.0 0.0 0.0 0.0 0.0 0.0 0.0 -2.0 -2.0 0.0 274710.3060484098 0.0 0.0 0.0 0.0 574075.6521212028 0.0 0.0 917442.6987361838 612564.2293706415 0.0 215865.5681610662 0.0 0.0 227409.07192307667 0.0 0.0 0.0 190300.48513335048 173791.49533796604 106924.52443697942 223846.93717968676 112739.60876478026 155727.89859771653 213259.5043184602 201004.84085055065
0.0 0.0 0.0 0.0 -2.0 -2.0 -2.0 -2.0 -2.0 -2.0 -2.0 0.0 0.0 0.0 0.0 -2.0 -2.0 -2.0 -2.0 -2.0 -2.0 -2.0 -2.0 -2.0 -2.0 -2.0 0.0 0.0 0.0 -2.0 -2.0 0.0 -2.0 -2.0 0.0 0.0 0.0 0.0 0.0 0.0 0.0 0.0 0.0 -2.0 -2.0 0.0 -2.0 0.0 0.0 0.0 0.0 826250.6046734743 0.0 730990.1819227787 0.0 0.0 0.0 0.0 0.0 0.0 0.0 0.0 0.0 0.0 0.0 0.0 0.0 272338.48095004 0.0 0.0 361395.11108421144 267346.37832606526 253079.687118789
0.0 0.0 -2.0 -2.0 -2.0 -2.0 -2.0 -2.0 -2.0 -2.0 -2.0 0.0 0.0 0.0 0.0 -2.0 -2.0 -2.0 -2.0 -2.0 -2.0 -2.0 -2.0 -2.0 -2.0 -2.0 -2.0 0.0 0.0 0.0 -2.0 -2.0 -2.0 -2.0 0.0 0.0 0.0 0.0 0.0 0.0 0.0 0.0 0.0 -2.0 -2.0 -2.0 0.0 0.0 0.0 0.0 245421.97704289347 297155.4021832869 269479.7606463686 0.0 0.0 0.0 184158.53640393593 0.0 0.0 0.0 0.0 0.0 0.0 0.0 0.0 0.0 0.0 0.0 0.0 655469.569683961 0.0 301810.7185364811 320597.8755948919
-2.0 -2.0 -2.0 -2.0 -2.0 -2.0 -2.0 -2.0 -2.0 -2.0 -2.0 -2.0 0.0 -2.0 -2.0 -2.0 -2.0 -2.0 -2.0 -2.0 -2.0 -2.0 -2.0 -2.0 -2.0 -2.0 0.0 0.0 0.0 0.0 -2.0 -2.0 -2.0 -2.0 -2.0 -2.0 0.0 0.0 0.0 0.0 0.0 0.0 0.0 0.0 0.0 -2.0 0.0 91971.83895124392 0.0 0.0 0.0 0.0 225762.0644570966 0.0 0.0 0.0 0.0 0.0 0.0 0.0 0.0 0.0 0.0 0.0 0.0 0.0 0.0 0.0 602535.1886741864 0.0 0.0 0.0 0.0
-2.0 -2.0 -2.0 -2.0 -2.0 -2.0 -2.0 -2.0 -2.0 -2.0 -2.0 -2.0 -2.0 -2.0 -2.0 -2.0 -2.0 -2.0 -2.0 -2.0 0.0 0.0 0.0 -2.0 0.0 0.0 0.0 0.0 0.0 -2.0 -2.0 -2.0 -2.0 -2.0 -2.0 0.0 0.0 0.0 0.0 0.0 0.0 0.0 0.0 0.0 0.0 -2.0 0.0 0.0 152952.7130125149 0.0 117039.03818002125 94458.93091635965 160363.40045908483 0.0 0.0 0.0 0.0 0.0 0.0 0.0 0.0 0.0 0.0 0.0 0.0 0.0 0.0 355411.5810396173 0.0 0.0 0.0 0.0 0.0
-2.0 -2.0 -2.0 -2.0 -2.0 -2.0 -2.0 -2.0 -2.0 -2.0 -2.0 -2.0 -2.0 -2.0 -2.0 -2.0 -2.0 -2.0 -2.0 0.0 0.0 0.0 0.0 0.0 0.0 0.0 0.0 0.0 -2.0 -2.0 -2.0 -2.0 -2.0 -2.0 -2.0 -2.0 0.0 0.0 0.0 0.0 0.0 0.0 0.0 0.0 0.0 0.0 -2.0 0.0 0.0 0.0 0.0 179602.38732806637 212800.78088476387 0.0 0.0 190477.15999175294 199885.3885357374 224064.9299624585 0.0 234914.1122477008 0.0 0.0 0.0 0.0 0.0 277827.2247313721 244575.42610101518 194823.06289624458 161067.23070102427 0.0 0.0 0.0 0.0
-2.0 -2.0 -2.0 -2.0 -2.0 -2.0 -2.0 70689.88919247658 18559.140142127075 67946.15989518363 0.0 -2.0 0.0 0.0 0.0 0.0 0.0 0.0 -2.0 -2.0 -2.0 0.0 0.0 0.0 0.0 0.0 -2.0 -2.0 -2.0 -2.0 -2.0 -2.0 -2.0 -2.0 -2.0 -2.0 -2.0 -2.0 0.0 0.0 0.0 0.0 -2.0 -2 0.0 0.0 0.0 -2.0 0.0 0.0 154567.17516904944 232950.32548927647 204770.18737787858 261077.41714068645 0.0 0.0 191274.83575309368 179102.91099578608 192765.5994975458 247990.5834198864 0.0 0.0 0.0 152841.62020668059 180725.05855546045 0.0 0.0 0.0 0.0 0.0 0.0 0.0 0.0
0.0 0.0 0.0 0.0 0.0 0.0 0.0 0.0 0.0 0.0 0.0 0.0 0.0 0.0 0.0 0.0 0.0 0.0 11591.762542704946 -2.0 -2.0 -2.0 -2.0 0.0 0.0 0.0 -2.0 -2.0 -2.0 -2.0 -2.0 -2.0 -2.0 -2.0 -2.0 -2.0 -2.0 -2.0 0.0 0.0 0.0 0.0 -2.0 0.0 0.0 0.0 0.0 0.0 0.0 160718.75381457346 135949.66936122085 467220.008849993 145045.4414787975 165302.48928060126 266163.5360719897 203946.05684192968 0.0 0.0 143540.94171563818 215352.8032307685 255384.94968403951 235972.10598000203 396796.5173712327 161151.72166359832 0.0 0.0 0.0 0.0 703736.8917477234 0.0 0.0 0.0 0.0
0.0 0.0 0.0 0.0 0.0 0.0 0.0 0.0 0.0 0.0 0.0 0.0 0.0 0.0 0.0 0.0 0.0 -2.0 -2.0 -2.0 -2.0 -2.0 -2.0 -2.0 -2.0 -2.0 -2.0 -2.0 -2.0 -2.0 -2.0 -2.0 -2.0 -2.0 -2.0 -2.0 -2.0 -2.0 -2.0 0.0 0.0 0.0 -2.0 -2.0 -2.0 0.0 -2.0 -2.0 -2.0 -2.0 0.0 0.0 -2.0 95414.94417204433 111484.60960385163 0.0 0.0 -2.0 -2.0 0.0 168444.31161876037 130305.70872361088 71836.17234583455 0.0 -2.0 -2.0 36793.00014322333 0.0 703620.3773391759 0.0 0.0 0.0 24699.95133365206
1050217.7839287575 1142664.8002965031 1230582.6886877064 1175121.1700433183 1027337.4319082694 0.0 0.0 0.0 0.0 0.0 864357.7198988511 0.0 0.0 0.0 0.0 0.0 0.0 -2.0 -2.0 -2.0 -2.0 -2.0 -2.0 0.0 0.0 -2.0 -2.0 -2.0 -2.0 -2.0 -2.0 -2.0 -2.0 -2.0 -2.0 -2.0 -2.0 -2.0 -2.0 -2.0 -2.0 -2.0 0.0 0.0 -2.0 -2.0 -2.0 -2.0 -2.0 0.0 0.0 -2.0 -2.0 -2.0 -2.0 -2.0 -2.0 -2.0 -2.0 -2.0 -2.0 -2.0 -2.0 0.0 -2.0 -2.0 0.0 0.0 713119.6837833533 0.0 838171.5026652097 815006.3943852974 731277.5589505036
1250722.1183804334 1223069.5667272175 1212676.544191999 1088732.7976248777 1167711.1530305652 1201863.466496489 1102466.1140447499 888170.4512852938 988287.6482024096 888487.8759388566 970588.953036218 966859.436037096 0.0 0.0 0.0 0.0 0.0 0.0 -2.0 -2.0 -2.0 -2.0 -2.0 -2.0 -2.0 -2.0 -2.0 -2.0 -2.0 -2.0 -2.0 -2.0 -2.0 -2.0 -2.0 -2.0 -2.0 -2.0 -2.0 -2.0 -2.0 -2.0 0.0 0.0 0.0 0.0 0.0 0.0 -2 0.0 -2.0 -2.0 -2.0 -2.0 -2.0 -2.0 -2.0 -2.0 -2.0 0.0 53619.669732733084 84163.67663100839 17534.83889050859 17084.573745797974 -2.0 -2.0 0.0 688744.2785498579 729984.8898470764 0.0 1175722.3595895786 1121094.7647084803 796548.5610957602
1194811.3574998425 1110379.087449447 1238770.904539655 1189680.8166512027 1254526.6900522478 1066212.268014831 1188454.4540570248 1039864.8753158629 1135210.7337102746 1262064.7783021892 1258771.6236110392 1083292.0034999822 0.0 0.0 1164513.8072979064 0.0 0.0 0.0 -2.0 -2.0 -2.0 -2.0 -2.0 -2.0 -2.0 -2.0 -2.0 -2.0 -2.0 -2.0 -2.0 -2.0 -2.0 -2.0 -2.0 -2.0 -2.0 -2.0 -2.0 -2.0 -2.0 -2.0 -2.0 -2.0 0.0 -2 -2.0 -2.0 -2.0 -2.0 -2.0 -2.0 -2.0 -2.0 -2.0 -2.0 -2.0 -2.0 -2.0 40728.637218519536 77298.15435407785 74471.05812999673 0.0 -2.0 -2.0 -2.0 0.0 0.0 0.0 666858.8237769685 856243.8411708352 949774.3797322846 669062.938691345
1249781.4742595344 1262723.485945071 1275804.8775603613 1276380.9547400002 1272995.0389440411 1268318.6016089488 1262037.265778172 776990.203858724 770730.4725655699 770279.1976926422 830163.3777629661 1085464.7941581989 1061813.4517677415 1187305.307389151 0.0 0.0 -2.0 -2.0 -2.0 -2.0 -2.0 -2.0 -2.0 -2.0 -2.0 -2.0 -2.0 -2.0 -2.0 -2.0 -2.0 -2.0 -2.0 -2.0 -2.0 -2.0 -2.0 -2.0 -2.0 -2.0 -2.0 -2.0 -2.0 -2.0 -2.0 -2.0 -2.0 -2.0 -2.0 -2.0 -2.0 -2.0 -2.0 -2.0 -2.0 -2.0 -2.0 -2.0 -2.0 -2.0 -2.0 -2.0 -2.0 -2.0 -2.0 -2.0 226169.741154456 0.0 822446.2594971947 701467.1421034273 530394.6952810115 496384.17816130025 957159.8434441218
988322.7539049071 1104280.7407379681 1283413.0509281787 1284745.300295 1284563.9419550002 963157.5508137705 965602.638246798 241798.0813973157 140831.48574844675 390426.6929626613 410547.6055145907 146174.34310950886 197049.016952955 384590.46363909345 0.0 0.0 0.0 0.0 -2.0 -2.0 -2.0 -2.0 -2.0 -2.0 -2.0 -2.0 -2.0 -2.0 -2.0 -2.0 -2.0 -2.0 -2.0 -2.0 -2.0 -2.0 -2.0 -2.0 -2.0 -2.0 -2.0 -2.0 -2.0 -2.0 -2.0 -2.0 -2.0 -2.0 -2.0 -2.0 -2.0 -2.0 -2.0 -2.0 -2.0 -2.0 -2.0 -2.0 -2.0 -2.0 -2.0 -2.0 -2.0 -2.0 -2.0 112047.1944810049 594663.5921008086 879972.489744155 933405.200957026 674754.2495727497 891169.2161547472 891091.4573680189 1032743.1526196515
358349.61700502574 681356.1172491487 861199.1119402683 1148347.6905810626 1256520.3895577833 215418.14804126418 103476.4137265791 305864.99404940224 140146.8772882041 0.0 0.0 35920.24993904132 18247.497558610048 23256.8149566439 142253.08227556292 0.0 0.0 0.0 237006.53403980203 -2.0 -2.0 -2.0 -2.0 -2.0 -2.0 -2.0 -2.0 -2.0 -2.0 -2.0 -2.0 -2.0 -2.0 -2.0 -2.0 -2.0 -2.0 -2.0 -2.0 -2.0 -2.0 -2.0 -2.0 -2.0 -2.0 -2.0 -2.0 -2.0 -2.0 -2.0 -2.0 -2.0 -2.0 -2.0 -2.0 -2.0 -2.0 -2.0 -2.0 -2.0 -2.0 -2.0 -2.0 -2.0 -2.0 0.0 741942.1848061774 778379.9105836095 648837.3126985736 573877.5825498186 571932.9223629726 858793.7126171867 465086.78436352377
72112.8997802596 467612.90740956133 713219.0513609822 717963.1385805702 1112503.278730669 72349.14779666238 140702.9991150101 0.0 0.0 0.0 0.0 0.0 0.0 36090.30151360073 0.0 557602.3406975659 0.0 982974.0982041747 956246.2061633053 0.0 0.0 0.0 0.0 0.0 -2.0 -2.0 -2.0 -2.0 -2.0 -2.0 -2.0 -2.0 -2.0 -2.0 -2.0 -2.0 0.0 493736.4981174707 0.0 835971.2402739583 497911.0751311912 91773.00453166534 -2.0 -2.0 -2.0 -2.0 -2.0 -2.0 -2.0 -2.0 -2.0 -2.0 -2.0 -2.0 -2.0 -2.0 -2.0 -2.0 -2.0 -2.0 -2.0 -2.0 -2.0 -2.0 0.0 144156.34971824367 0.0 0.0 0.0 936471.5843209976 432642.9481505404 144074.5468140675 108057.43408217256
0.0 72516.75033568415 385432.1079255999 141099.96032729358 362450.1457209073 138307.57141160054 30849.02381888277 0.0 0.0 0.0 0.0 0.0 0.0 0.0 0.0 107348.66714461439 357911.9033811233 491938.0435935538 1006265.3579719247 1108504.3983438986 584773.2976327843 0.0 0.0 908572.2923273431 0.0 0.0 -2.0 -2.0 -2.0 -2.0 -2.0 -2.0 -2.0 -2.0 -2.0 0.0 0.0 1210988.4376505963 1035007.9158826994 0.0 934469.1822944775 640258.6446197912 309778.2953295178 -2.0 -2.0 -2.0 -2.0 -2.0 -2.0 -2.0 -2.0 -2.0 -2.0 -2.0 -2.0 -2.0 -2.0 -2.0 -2.0 -2.0 -2.0 -2.0 -2.0 -2.0 0.0 923127.7008069218 0.0 586767.6525108758 386179.8744208962 181084.95712333295 181518.3525080586 72636.0473631457 108920.97854626525
0.0 0.0 72670.22705065395 72915.29846187301 0.0 133502.68745452256 65865.95916733035 35436.00845336757 0.0 36523.448944065676 0.0 0.0 0.0 0.0 36588.90151982825 36588.90151982825 321354.8965451476 903948.5778815771 648898.8704687965 656302.9861457193 618204.5478825979 469252.93731734774 430999.9580381452 636570.5070480617 429889.8220062053 457213.72795121395 0.0 -2.0 -2.0 -2.0 -2.0 -2.0 -2.0 -2.0 0.0 0.0 1107297.8918852583 1131697.6340113203 0.0 0.0 145698.5953168893 182123.24142397405 243908.35571313833 430040.786743233 628479.3167113835 0.0 0.0 0.0 -2.0 -2.0 -2.0 -2.0 -2.0 -2.0 -2.0 -2.0 -2.0 0.0 -2.0 -2.0 -2.0 -2.0 -2.0 -2.0 0.0 260811.87807402568 0.0 232561.07902532362 140467.60940493044 181074.2378240651 435201.2596141944 509244.0261847665 145404.224396147
0.0 0.0 36621.55151373922 0.0 0.0 0.0 0.0 0.0 0.0 0.0 0.0 0.0 36621.55151369229 0.0 0.0 146551.30004797535 73308.19702140709 0.0 36621.55151361445 73243.1030272289 36621.55151361445 105111.28616320064 349866.0030365668 108435.49346912789 0.0 165604.42161498807 537381.5383919978 502980.2370067475 429547.68467070605 218461.25221244086 -2.0 -2.0 -2.0 -2.0 -2.0 775004.8007951175 365078.0067433114 73243.1030272289 0.0 0.0 0.0 0.0 0.0 0.0 0.0 0.0 0.0 0.0 0.0 19685.075759867737 0.0 0.0 0.0 -2.0 0.0 0.0 0.0 0.0 0.0 0.0 0.0 0.0 0.0 0.0 96360.44826396837 102271.15900868751 265491.77360532695 107953.13262946534 142792.69790686527 511553.10440172756 330761.10076949984 771549.4537343241 880896.0685714581
135563.78173798762 35443.649291987684 0.0 0.0 0.0 0.0 0.0 69852.91290288567 70813.91906754172 0.0 0.0 0.0 0.0 0.0 0.0 0.0 0.0 0.0 0.0 0.0 36911.7012023944 99392.53425621754 33654.46853646922 0.0 0.0 0.0 0.0 182095.79467837728 421027.27317920106 589531.4102189179 649769.2756644941 461861.5646350391 -2.0 -2.0 131578.4778592682 1025966.1498072684 184174.55673216807 0.0 0.0 0.0 0.0 0.0 36975.299835278034 0.0 0.0 0.0 0.0 0.0 0.0 0.0 0.0 0.0 2455.024957658389 24262.056350714156 60370.94066377812 0.018453680013324713 0.0 0.0 0.0 39254.78446475468 36815.65093999668 0.0 0.0 36238.30795287874 36815.650940032276 67982.88917546002 217980.6594844919 110645.84732055268 184292.2630313371 147756.8092346806 0.0 0.0 663929.8133861155
35488.311767637235 0.0 0.0 0.0 0.0 0.0 0.0 0.0 0.0 0.0 0.0 0.0 0.0 34872.867584305226 0.0 0.0 0.0 37038.60092160644 74234.60006726609 148500.59890798724 0.0 0.0 37038.60092160644 37038.60092160644 0.0 0.0 0.0 0.0 0.0 0.0 0.0 111052.60086073089 311910.3984833458 445344.74945154163 632142.2569761297 296213.9511112125 0.0 0.0 0.0 0.0 0.0 0.0 37006.999969562225 0.0 0.0 0.0 0.0 0.0 0.0 0.0 0.0 0.0 0.0 0.0 0.0 0.0 0.01489644159847248 0.0 158781.2182707963 3990.1109337743283 19823.986053500506 0.0 0.0 0.0 0.0 73996.15478517023 105632.72666919466 73933.0711363956 110962.7380370132 148118.35861255764 0.0 0.0 0.0
556946.4530938903 408235.0349425153 0.0 0.0 0.0 0.0 0.0 0.0 0.0 0.0 0.0 0.0 0.0 0.0 0.0 0.0 74669.99816900399 634091.8464673038 410174.1447460086 0.0 0.0 0.0 0.0 34804.24499514354 0.0 0.0 0.0 0.0 0.0 0.0 37350.39901744117 0.0 0.0 0.0 0.0 0.0 0.0 0.0 0.0 0.0 0.0 0.0 0.0 0.0 74577.40020764295 0.0 0.0 0.0 0.0 0.0 0.0 0.0 0.0 0.0 0.0 0.0 70524.00588985854 146399.94164787667 0.0 0.0 0.0 0.0 0.0 0.0 20900.323867807525 74619.1329956516 111526.73339859818 74412.5289917684 483978.4660343609 111545.82977285041 0.0 0.0 0.0
1006409.1148377904 0.0 0.0 0.0 0.0 0.0 0.0 0.0 0.0 0.0 0.0 0.0 0.0 0.0 149492.96569776195 0.0 411926.8531802104 598680.3512567236 711587.0475772612 337560.39428720257 374880.500793156 75067.39807124554 0.0 0.0 0.0 37533.69903562277 116172.34230055619 66911.52191173247 0.0 0.0 37381.14929200615 0.0 0.0 0.0 0.0 0.0 0.0 28419.860839796438 0.0 0.0 0.0 0.0 37411.84997555805 0.0 0.0 0.0 0.0 0.0 0.0 0.0 0.0 0.0 0.0 0.0 0.0 0.0 2099.1762073962636 56839.04154604518 0.0 0.0 0.0 0.0 0.0 0.0 107859.37643090644 598206.8405149706 487543.34258973785 400328.04298437096 0.0 0.0 0.0 0.0 0.0
1089779.682160216 0.0 0.0 0.0 0.0 0.0 0.0 0.0 0.0 0.0 0.0 0.0 0.0 74817.16918945679 299711.37237551605 225775.69580071006 225444.39697297494 75188.40026865309 300783.493042002 488753.7956245918 1016183.486939635 677326.1413575035 0.0 0.0 37563.99917608046 37594.200134326544 107878.89099131827 112812.69836436393 225955.64651524555 0.0 75338.60015872604 188451.19857768717 0.0 0.0 37563.99917608046 0.0 0.0 0.0 0.0 0.0 0.0 0.0 0.0 0.0 0.0 0.0 0.0 0.0 0.0 0.0 0.0 0.0 0.0 0.0 0.0 0.0 54739.724661578985 15552.419662463602 0.0 0.0 0.0 0.0 0.0 0.0 370353.979110092 940677.1011332225 977919.5098870224 300735.3000641564 0.0 0.0 0.0 0.0 0.0
1320928.5049451208 1320746.8681318513 1057226.8371574886 0.0 0.0 0.0 0.0 0.0 0.0 0.0 0.0 0.0 0.0 0.0 75156.8031310871 0.0 0.0 0.0 0.0 0.0 75487.89978020996 0.0 0.0 0.0 0.0 0.0 0.0 0.0 0.0 35395.988464296526 0.0 37832.85140985515 0.0 0.0 0.0 0.0 37773.65112309128 0.0 0.0 0.0 0.0 0.0 0.0 0.0 0.0 0.0 0.0 0.0 0.0 0.0 0.0 0.0 0.0 0.0 0.0 0.0 37837.61100363425 0.0 0.0 0.0 0.0 0.0 0.0 0.0 0.0 837336.704730677 982092.6933304823 980360.2333074202 717864.8643487096 830890.6249983858 453486.9575508311 0.0 75498.01635743058
0.0 0.0 0.0 0.0 0.0 0.0 0.0 0.0 0.0 0.0 0.0 0.0 0.0 0.0 0.0 0.0 0.0 0.0 0.0 0.0 0.0 0.0 73314.27001948057 239846.81510922918 33886.57379139442 65769.25468436554 38066.398620565626 76132.79724113125 0.0 0.0 37979.400634657475 75987.89978022626 0.0 0.0 0.0 0.0 0.0 0.0 136605.05676252686 205574.13101233356 0.0 0.0 0.0 0.0 0.0 0.0 0.0 0.0 0.0 0.0 0.0 0.0 0.0 0.0 0.0 0.0 61691.71414163687 0.0 0.0 0.0 0.0 0.0 0.0 0.0 0.0 184012.99667364018 986828.7429814822 1024903.0761722149 1023617.8016647307 1023906.8183899601 911508.083343782 782930.6869525464 562444.6258543651
70753.13186658318 0.0 0.0 0.0 0.0 0.0 0.0 0.0 0.0 0.0 0.0 0.0 0.0 0.0 0.0 0.0 0.0 0.0 0.0 0.0 0.0 28664.472579985282 34334.29336552168 158347.78976443707 139995.82290607732 0.0 0.0 0.0 0.0 0.0 0.0 0.0 0.0 0.0 0.0 0.0 0.0 0.0 70074.10049437714 107909.06524663055 0.0 0.0 0.0 0.0 0.0 0.0 0.0 0.0 0.0 0.0 0.0 0.0 0.0 0.0 0.0 0.0 40800.18589559261 44901.90446214762 0.0 0.0 0.0 0.0 0.0 -2.0 -2.0 -2.0 0.0 0.0 991822.5860608991 1028844.1085832294 877572.3838813218 343401.1535650066 266694.9081429522
0.0 0.0 0.0 0.0 0.0 0.0 0.0 0.0 0.0 0.0 0.0 0.0 0.0 0.0 0.0 0.0 0.0 0.0 0.0 66677.00195318155 117571.51985153394 105090.48843394201 177846.65489253384 126020.07102982797 0.0 0.0 0.0 0.0 0.0 115137.25280777414 0.0 0.0 0.0 0.0 0.0 0.0 0.0 0.0 216148.25820906303 181810.94360352814 0.0 0.0 0.0 0.0 0.0 0.0 0.0 0.0 0.0 0.0 0.0 0.0 0.0 0.0 0.0 0.0 0.0 2290.878295902639 28819.60487370427 0.0 0.0 0.0 0.0 -2.0 -2.0 -2.0 -2 0.0 0.0 1034060.2951055516 129093.0709836382 1033033.7028492289 689613.9450071416
0.0 0.0 0.0 0.0 0.0 0.0 0.0 0.0 0.0 0.0 0.0 0.0 0.0 0.0 0.0 0.0 0.0 0.0 0.0 75496.7002869318 22720.922470042733 172761.1351007019 64401.54266359836 74384.37271124081 106168.33686828686 61984.264373846054 34045.570373527094 0.0 0.0 0.0 0.0 0.0 0.0 0.0 0.0 0.0 0.0 0.0 0.0 0.0 0.0 0.0 0.0 0.0 0.0 0.0 0.0 0.0 0.0 0.0 0.0 0.0 0.0 0.0 0.0 0.0 0.0 0.0 0.0018703382238519695 0.004162523509880167 77001.7070125209 0.0 0.0 0.0 -2.0 -2.0 -2.0 172853.63578774096 0.0 1000842.6055896892 0.0 37495.76568606663 1037303.5507197808
