critload/trunk/input/2010/nfix_nat.asc
ncols 720
nrows 360
xllcorner -180.0
yllcorner -90.0
cellsize 0.5
NODATA_value -9999.0
[rows 87 to 115 of 360, columns 130 to 194 of 720]
1408620.0 348318.0 446588.0 432335.0 277939.0 390580.0 152993.0 195260.0 209288.0 861835.0 83761.8 41721.8 13900.2 0.0 13900.2 0.057373 0.0 0.0 0.0 0.057373 0.0 0.0 41785.5 111880.0 111732.0 139341.0 125293.0 111350.0 130279.0 153305.0 251264.0 664530.0 781736.0 821666.0 782212.0 743113.0 703519.0 856569.0 863652.0 842525.0 930373.0 635346.0 848013.0 1325500.0 1171220.0 1407270.0 1391640.0 1369640.0 1407100.0 1278760.0 1205780.0 1239430.0 1281740.0 1310050.0 1334650.0 1383740.0 1293280.0 1360780.0 1304620.0 1131980.0 1084300.0 833406.0 500482.0 558346.0 527650.0
506876.0 478758.0 450430.0 436382.0 323764.0 181570.0 84710.4 98821.6 907594.0 671544.0 70599.0 0.0 0.057373 0.0 0.0 0.0 28201.8 0.0 0.0 0.0 0.057373 0.0 0.0 14027.3 14027.3 0.0 14027.3 0.0 8486.28 28665.1 112025.0 632208.0 749746.0 657381.0 631560.0 393338.0 529805.0 1063070.0 781725.0 781055.0 745870.0 236548.0 743778.0 703216.0 1061020.0 1238720.0 972144.0 1312140.0 1417500.0 1410050.0 1118920.0 1066920.0 1405360.0 1336630.0 1341830.0 946137.0 0.0 0.0 0.0 0.0 721554.0 0.0 0.0 197424.0 346509.0
483049.0 483049.0 426081.0 354835.0 142034.0 99552.9 876737.0 1434090.0 1195300.0 324801.0 917422.0 227150.0 42606.1 99553.2 85503.6 28452.7 14174.2 0.057373 14153.3 0.0 0.0 0.0 0.057373 0.0 0.0 0.0 0.057373 0.0 56800.9 17587.8 252807.0 496740.0 716435.0 757318.0 477503.0 377637.0 418998.0 826376.0 910402.0 781410.0 579259.0 113820.0 0.0 13924.1 353131.0 868674.0 796891.0 1063910.0 1150130.0 1193100.0 1096730.0 1109630.0 1347050.0 1227770.0 1088330.0 0.0 -9999.0 0.0 0.0 460113.0 990116.0 1326260.0 975294.0 0.0 -9999.0
501601.0 501580.0 458746.0 415890.0 301167.0 924630.0 1245590.0 1326020.0 1446660.0 339314.0 308350.0 229321.0 28680.7 43103.6 343527.0 315652.0 28742.6 0.0 0.0 0.0 14381.6 71825.5 0.0 14361.0 0.0 0.0 14381.6 100279.0 2954.83 14381.6 85835.2 214650.0 257014.0 803293.0 641968.0 464903.0 682953.0 1085250.0 760532.0 881241.0 754617.0 516878.0 335096.0 73346.1 354597.0 924542.0 683926.0 602977.0 884591.0 683114.0 785777.0 1085140.0 1142820.0 588198.0 640060.0 0.0 -9999.0 0.0 700841.0 819720.0 1442000.0 1402430.0 1329510.0 0.0 -9999.0
349834.0 505920.0 491498.0 491416.0 448168.0 433541.0 389965.0 1337150.0 1434040.0 305226.0 301349.0 303716.0 43452.4 57834.2 28845.4 390068.0 159039.0 0.057373 0.057373 0.0 14402.2 173318.0 317071.0 0.0 0.0 0.0 101061.0 158916.0 67892.4 28988.7 18686.7 158629.0 231091.0 317373.0 1170820.0 684693.0 688519.0 1082910.0 1437640.0 1093510.0 890637.0 711802.0 633159.0 791694.0 789475.0 796781.0 995030.0 567722.0 1090940.0 1112040.0 886481.0 931139.0 505659.0 624776.0 420577.0 -9999.0 -9999.0 689466.0 1337960.0 1086620.0 1374080.0 1205640.0 919164.0 0.0 0.0
342960.0 322512.0 1307400.0 451796.0 422787.0 334014.0 233191.0 1103800.0 1266500.0 343001.0 313500.0 264371.0 145717.0 0.0 0.0 131192.0 29049.9 0.0 0.0 0.0 0.0 29049.9 116301.0 43838.8 0.0 131151.0 14565.6 0.0 203686.0 102121.0 102304.0 160025.0 899514.0 1020890.0 1061610.0 1138870.0 424546.0 735221.0 968174.0 1204480.0 889189.0 934068.0 972698.0 694090.0 776123.0 1249660.0 1222890.0 992043.0 817538.0 955564.0 980105.0 912610.0 398891.0 777139.0 496641.0 -9999.0 0.0 715160.0 1185150.0 1019680.0 734660.0 822711.0 0.0 610175.0 668116.0
382221.0 382060.0 441029.0 440827.0 352485.0 220263.0 382221.0 470241.0 1236380.0 316108.0 316189.0 338160.0 44201.3 44000.4 14687.0 43939.8 14707.1 0.0 0.057373 0.0 0.0 0.057373 0.0 0.0 0.0 0.0 0.0 14747.2 132206.0 293939.0 265007.0 667831.0 595663.0 452874.0 700722.0 659367.0 412365.0 574619.0 823048.0 880960.0 1102240.0 1436700.0 1065730.0 576769.0 738954.0 1109370.0 1475210.0 1260660.0 1275920.0 948174.0 740277.0 411068.0 370954.0 48857.8 0.0 -9999.0 -9999.0 310876.0 246776.0 453043.0 617899.0 577052.0 130710.0 328978.0 624102.0
177645.0 236674.0 251481.0 363402.0 299441.0 310288.0 414588.0 488932.0 328560.0 296021.0 281035.0 308671.0 237311.0 14866.8 14866.8 14787.2 14846.9 74234.5 44580.5 0.057373 0.057373 0.0 14827.0 0.0 0.0 0.0 0.0 0.057373 88062.0 192771.0 59347.8 374878.0 373469.0 415351.0 415745.0 291217.0 373481.0 208005.0 1117270.0 1397910.0 1119800.0 1399360.0 1365850.0 1281270.0 580872.0 514773.0 1201720.0 1305890.0 1296380.0 740980.0 664309.0 332908.0 225069.0 41634.6 0.0 -9999.0 -9999.0 0.0 83324.7 416066.0 373649.0 290827.0 0.0804443 30985.6 111858.0
358602.0 358701.0 358661.0 373607.0 328749.0 283912.0 403104.0 411363.0 388335.0 223675.0 149162.0 149103.0 164326.0 44877.1 44758.8 44877.1 29931.2 44896.8 178916.0 44837.7 0.0 0.057373 0.057373 0.0 0.0 44719.1 89536.9 59664.9 193842.0 208622.0 502501.0 1003600.0 796163.0 586270.0 544192.0 544192.0 586823.0 292647.0 920808.0 915985.0 876636.0 705973.0 499939.0 711209.0 1363520.0 750914.0 333022.0 498531.0 655422.0 417859.0 395908.0 251472.0 164599.0 0.0804443 0.0 -9999.0 0.0 60491.1 207966.0 377318.0 670204.0 209228.0 41967.6 58125.9 28840.3
511907.0 496863.0 391712.0 406365.0 343328.0 270841.0 355733.0 406590.0 180196.0 195729.0 105347.0 75161.4 60117.3 45073.5 45249.4 75513.1 105621.0 165973.0 90498.5 30009.8 0.0 0.0 0.0 0.057373 0.057373 0.0 0.0 45151.6 150421.0 195161.0 380015.0 547149.0 464499.0 506960.0 632919.0 506741.0 591006.0 463567.0 505974.0 421928.0 760084.0 379631.0 142385.0 506302.0 673839.0 675874.0 253836.0 337608.0 84155.2 188638.0 168365.0 168914.0 168750.0 0.0 25505.5 0.0 123430.0 83890.5 168365.0 379796.0 380015.0 421874.0 42187.4 0.0 0.0
515796.0 515796.0 394336.0 393697.0 123658.0 123702.0 428285.0 439915.0 228051.0 227973.0 151744.0 106300.0 106184.0 91023.1 75958.8 273359.0 364382.0 500713.0 212716.0 106261.0 0.0 0.0 0.0 0.0 0.0 0.0 0.0 15218.8 15122.1 91158.3 254708.0 425799.0 425148.0 382416.0 340552.0 298254.0 255252.0 2272.31 63213.1 510937.0 808758.0 765809.0 638423.0 707627.0 723565.0 722751.0 468151.0 248712.0 297295.0 297821.0 467771.0 162113.0 255631.0 127870.0 0.160889 170710.0 383284.0 38461.4 85300.8 5413.02 340715.0 510557.0 358132.0 201685.0 65752.1
504333.0 504352.0 743186.0 382294.0 365146.0 165161.0 334249.0 1329190.0 359677.0 328787.0 427893.0 336311.0 290310.0 290175.0 244384.0 1028190.0 328799.0 443304.0 458618.0 229434.0 137852.0 152975.0 137399.0 137794.0 122192.0 107011.0 61335.4 45848.6 76439.7 152956.0 300249.0 300517.0 385712.0 214356.0 471398.0 511186.0 214141.0 515250.0 378426.0 514336.0 771156.0 856780.0 856673.0 849032.0 718129.0 557498.0 513880.0 163041.0 255447.0 557713.0 54020.7 42731.4 471337.0 685370.0 641798.0 640730.0 128410.0 42731.4 126883.0 86000.1 42731.4 214302.0 247952.0 256881.0 124370.0
508127.0 508165.0 400372.0 384771.0 399308.0 400523.0 236976.0 1425290.0 431210.0 339016.0 323701.0 369760.0 246140.0 261873.0 338941.0 1210020.0 309428.0 300319.0 288802.0 153871.0 92174.1 181711.0 169319.0 153812.0 154288.0 153814.0 61430.6 0.0 61563.5 92174.5 138461.0 499621.0 474335.0 473961.0 647133.0 647187.0 561345.0 518238.0 474813.0 385678.0 474281.0 647506.0 647347.0 690559.0 776067.0 561930.0 513140.0 313768.0 777890.0 412986.0 126663.0 432025.0 511281.0 431173.0 345120.0 302014.0 43213.2 258854.0 215587.0 302439.0 43266.2 86160.4 172534.0 216524.0 89965.6
465331.0 496471.0 434529.0 434529.0 434285.0 434379.0 325681.0 1218370.0 387810.0 465256.0 449884.0 372119.0 294729.0 248310.0 356689.0 322230.0 290490.0 281639.0 292101.0 122744.0 0.0 123921.0 155098.0 186106.0 186481.0 152712.0 46662.5 170790.0 201779.0 217039.0 201667.0 201366.0 564787.0 508288.0 519770.0 435302.0 561880.0 651480.0 564841.0 565157.0 130591.0 346381.0 565525.0 470344.0 564630.0 564314.0 477648.0 359842.0 730236.0 216967.0 217967.0 478570.0 553008.0 519187.0 608686.0 260655.0 391615.0 70265.3 304922.0 261287.0 217914.0 0.0804443 261182.0 303560.0 43635.3
468692.0 499943.0 468915.0 437478.0 384011.0 372694.0 343125.0 468785.0 453187.0 437646.0 375348.0 359694.0 199774.0 297044.0 1227430.0 315321.0 346706.0 304634.0 437497.0 250083.0 109463.0 140509.0 155996.0 155995.0 203197.0 234411.0 187618.0 187321.0 212663.0 218250.0 203086.0 234726.0 218850.0 588255.0 218595.0 218595.0 263675.0 263012.0 131272.0 110260.0 0.0804443 0.0 174888.0 218908.0 263065.0 262909.0 159687.0 218647.0 559224.0 569348.0 701193.0 350909.0 474796.0 350961.0 525921.0 131585.0 657349.0 802577.0 438285.0 657557.0 1293.14 0.0 131792.0 614286.0 700881.0
440618.0 487891.0 456088.0 424872.0 423084.0 362092.0 456327.0 456345.0 456125.0 842173.0 456327.0 424817.0 330418.0 235981.0 298926.0 317332.0 264486.0 264474.0 393106.0 299074.0 125928.0 141875.0 141948.0 157511.0 141508.0 157363.0 125818.0 204564.0 204600.0 220070.0 220096.0 188910.0 589351.0 964425.0 260016.0 132464.0 309442.0 264670.0 132567.0 221081.0 47783.9 88515.0 265133.0 353081.0 264978.0 87277.8 484527.0 176618.0 105668.0 35364.2 176103.0 354172.0 662009.0 791629.0 308979.0 662008.0 970987.0 661494.0 573700.0 484412.0 44257.4 44205.9 132567.0 617906.0 176567.0
491325.0 396140.0 316865.0 443560.0 285064.0 411705.0 427905.0 427651.0 848535.0 443960.0 459633.0 395995.0 269336.0 380212.0 396340.0 298284.0 276915.0 364503.0 301482.0 285627.0 126804.0 158641.0 125580.0 170811.0 151829.0 158569.0 15855.1 126822.0 190370.0 206025.0 206025.0 158242.0 108933.0 131450.0 44461.7 89126.9 444820.0 266719.0 163247.0 667281.0 577848.0 526240.0 467070.0 697585.0 429578.0 533541.0 577543.0 444274.0 267076.0 218658.0 355438.0 532286.0 666568.0 488568.0 85471.9 577339.0 514530.0 396845.0 43816.4 0.0 310467.0 133042.0 398352.0 884668.0 311231.0
510522.0 414724.0 350709.0 366636.0 398869.0 319196.0 367014.0 446687.0 446669.0 446723.0 366870.0 303196.0 287215.0 1252980.0 300314.0 563077.0 278993.0 335051.0 318908.0 334979.0 207290.0 207416.0 175651.0 175274.0 175382.0 127653.0 47890.0 175418.0 239397.0 191453.0 111690.0 191345.0 127564.0 179162.0 29807.2 0.0 150371.0 710256.0 402536.0 357619.0 715541.0 402183.0 564741.0 490317.0 626010.0 671833.0 670675.0 984687.0 627118.0 313408.0 267023.0 624055.0 626463.0 578634.0 43225.2 89480.2 357622.0 178759.0 357719.0 223877.0 89731.8 268144.0 1074370.0 984687.0 760406.0
498078.0 466061.0 273216.0 353408.0 369176.0 353301.0 465564.0 449937.0 433796.0 433476.0 417512.0 417459.0 241075.0 353106.0 397467.0 465670.0 280878.0 401708.0 224933.0 433778.0 369585.0 224844.0 160492.0 157917.0 127672.0 112635.0 16017.1 144545.0 176384.0 128226.0 128262.0 176331.0 630870.0 405990.0 496121.0 134648.0 225428.0 315709.0 352509.0 216895.0 90131.6 180113.0 313530.0 134998.0 495323.0 719854.0 855550.0 989550.0 898207.0 810634.0 135147.0 395553.0 390368.0 337259.0 538357.0 401789.0 630621.0 397614.0 360127.0 495224.0 89982.0 630820.0 855750.0 945235.0 751488.0
1098680.0 931446.0 306964.0 323281.0 291226.0 355949.0 290682.0 177782.0 290910.0 242416.0 161552.0 275033.0 64564.8 48406.0 97022.8 177536.0 290416.0 468885.0 177852.0 372161.0 274558.0 96899.6 80706.0 64564.8 0.0 0.0 0.057373 16193.9 32370.3 48476.3 0.0 193729.0 680339.0 586442.0 589270.0 408558.0 856307.0 587356.0 269526.0 407278.0 279677.0 454265.0 402387.0 478064.0 755689.0 815492.0 544005.0 951383.0 770031.0 258005.0 298884.0 138473.0 226764.0 323928.0 290890.0 90429.4 135792.0 109553.0 181450.0 558182.0 862381.0 677928.0 944228.0 1030430.0 802547.0
942334.0 858829.0 293092.0 309182.0 325151.0 423132.0 357973.0 179073.0 293040.0 293075.0 276776.0 325307.0 179143.0 146442.0 81300.6 114019.0 341883.0 243902.0 242970.0 504276.0 81404.9 65019.7 65019.5 48860.3 97807.2 32613.9 16228.9 0.0 0.0 0.0 16315.6 0.0 32143.7 97425.3 482324.0 723730.0 768980.0 462243.0 1938.39 45753.2 354169.0 273409.0 930707.0 998726.0 967595.0 1045430.0 1093970.0 1230830.0 455607.0 227744.0 471625.0 121644.0 319154.0 293153.0 585796.0 91312.2 0.0804443 91263.0 431917.0 864526.0 1184990.0 957753.0 431423.0 376938.0 456608.0
873888.0 607124.0 278123.0 640198.0 278071.0 294696.0 311029.0 262064.0 294438.0 327721.0 294833.0 261738.0 114433.0 114519.0 81973.2 82076.0 310806.0 147202.0 408868.0 278346.0 92917.0 95963.7 82058.8 49187.2 0.0 49033.1 0.0 0.057373 0.057373 0.0 0.0 49033.0 65451.7 65434.6 7927.79 589704.0 494502.0 137391.0 0.0 18673.7 261036.0 1007880.0 1285330.0 1423600.0 1332190.0 1151830.0 1101960.0 458641.0 551351.0 362215.0 136462.0 275676.0 229345.0 489214.0 954225.0 597153.0 0.0 321381.0 548668.0 1055090.0 535689.0 171345.0 869812.0 1372570.0 1245750.0
848218.0 576680.0 296402.0 576819.0 263683.0 362771.0 1266980.0 296706.0 509502.0 678755.0 346267.0 263920.0 115338.0 230761.0 131875.0 115185.0 35430.4 111288.0 98783.6 131553.0 93171.8 113915.0 49374.9 45110.2 0.0 0.0 0.0 0.0 0.0 0.0 16435.7 0.0 49340.9 0.0 93047.5 163615.0 92464.6 277394.0 188242.0 185309.0 79003.9 138302.0 640700.0 507126.0 554171.0 311006.0 505214.0 692821.0 553838.0 323009.0 1062.11 554978.0 693201.0 413178.0 877845.0 554361.0 647065.0 595838.0 1058970.0 827015.0 360717.0 1429660.0 1589690.0 1596520.0 1411840.0
785748.0 614452.0 265382.0 248594.0 298306.0 248778.0 328843.0 431239.0 314960.0 298189.0 314742.0 281886.0 99356.9 115945.0 149170.0 116045.0 49745.4 182361.0 49728.8 33091.1 33091.2 62629.8 49678.6 33241.6 33241.6 0.057373 0.0 0.0 0.057373 0.0 0.0 0.0 79928.5 0.0 185874.0 0.0 46609.0 274062.0 512418.0 860226.0 1209630.0 1298510.0 1531330.0 1293120.0 779356.0 92889.9 511716.0 326169.0 325420.0 279186.0 313729.0 975979.0 463727.0 550716.0 303456.0 23416.7 73733.7 1079560.0 778267.0 1107740.0 923878.0 1115370.0 1140160.0 879822.0 120806.0
893233.0 562949.0 618381.0 584362.0 283746.0 350246.0 333543.0 500247.0 500281.0 350593.0 366966.0 283234.0 166936.0 183756.0 116727.0 150101.0 100073.0 100106.0 116776.0 33390.7 33440.0 50028.1 50077.7 33341.1 83236.8 133166.0 49995.0 0.0 0.057373 0.0 0.0 0.057373 16703.6 160791.0 1123210.0 233464.0 27350.8 233742.0 787715.0 1167060.0 1394950.0 1443650.0 1437720.0 1149470.0 1261470.0 842536.0 561213.0 654390.0 591191.0 655033.0 651520.0 795186.0 233555.0 1026520.0 887119.0 981815.0 93404.2 220491.0 465712.0 607636.0 327146.0 91477.3 46655.5 841517.0 464407.0
898000.0 518931.0 621803.0 621904.0 622106.0 167479.0 234914.0 1554640.0 385689.0 419504.0 452977.0 453238.0 352558.0 184541.0 167838.0 184541.0 83926.9 117514.0 167903.0 100843.0 50356.0 50372.4 33603.4 33521.9 0.057373 0.057373 0.0 0.0 0.057373 0.0 0.231201 16801.7 1124590.0 1244130.0 1221580.0 281259.0 400915.0 93958.2 187779.0 187916.0 422903.0 740746.0 711829.0 1364680.0 1363860.0 1364360.0 1082190.0 448273.0 609633.0 329357.0 1109930.0 1128860.0 563164.0 1034140.0 1223740.0 752315.0 327146.0 325868.0 564527.0 940496.0 47161.9 0.0 329676.0 977749.0 1204180.0
1042920.0 625574.0 660179.0 625607.0 590936.0 419836.0 118322.0 1223420.0 1156230.0 1156950.0 337311.0 320396.0 320413.0 422046.0 287050.0 87083.7 118113.0 84283.6 419600.0 135124.0 67578.2 67626.4 67513.8 50695.7 0.0 0.0 0.0 0.231201 0.0 0.0 0.0 674833.0 1412480.0 1702170.0 1007990.0 770067.0 50915.1 232913.0 86850.0 306780.0 331354.0 526609.0 603656.0 1365080.0 1418990.0 1556110.0 1277260.0 183489.0 567528.0 615501.0 1277050.0 1466720.0 992807.0 1037050.0 1135500.0 946583.0 188351.0 521221.0 1371500.0 615276.0 379193.0 379238.0 1218120.0 1171300.0 1230410.0
558376.0 731310.0 908971.0 629294.0 629032.0 663510.0 385105.0 629620.0 1025510.0 1230960.0 305386.0 322476.0 135842.0 203406.0 203374.0 209449.0 101743.0 70034.0 339200.0 135683.0 101854.0 99775.1 101508.0 273356.0 0.231201 0.231201 0.0 0.0 0.231201 0.231201 0.231201 409745.0 1683550.0 863561.0 828590.0 363950.0 134936.0 212140.0 162543.0 475540.0 640401.0 1281930.0 474299.0 1189220.0 1316200.0 1217450.0 565738.0 587997.0 904750.0 666115.0 1270100.0 1330810.0 1417490.0 1237580.0 1044880.0 1379840.0 568623.0 703064.0 939861.0 332746.0 761248.0 1141780.0 665185.0 1380200.0 1094440.0
773643.0 1265270.0 1265270.0 1125010.0 666618.0 667929.0 341267.0 273102.0 216121.0 1100100.0 272929.0 307044.0 102311.0 119416.0 68228.4 175781.0 70293.2 34114.2 85348.4 102421.0 102484.0 68322.2 81367.8 68384.9 0.0 0.0 0.0 0.0 0.231201 0.0 0.231201 206588.0 0.0 95621.3 621516.0 545344.0 697586.0 846500.0 476725.0 417790.0 524010.0 1238470.0 383494.0 949854.0 1482990.0 1196820.0 526552.0 941830.0 811293.0 333996.0 1239660.0 1431600.0 1238170.0 1531470.0 1340630.0 764481.0 670577.0 335661.0 1052950.0 814162.0 1005410.0 1052450.0 1049280.0 1149030.0 1340190.0
