critload/trunk/input/2010/nfix_grass_ext.asc
ncols 720
nrows 360
xllcorner -180
yllcorner -90
cellsize 0.5
NODATA_value -2
[rows 128 to 159 of 360, columns 438 to 510 of 720]
1042334.0187095728 850422.5730891922 927792.7932717971 966377.0256052145 966383.0490120001 849818.477628764 811628.2615659756 846393.2762151236 923814.8956296821 838798.5544196487 786360.351561721 913098.1788641082 931249.5117195125 1034412.1551491151 1039102.2605906945 1038561.042786727 1040202.8617853519 1043686.6683947328 463647.983550728 417539.3600464862 300055.60684211407 573609.0583807447 307652.3447045494 56568.508148346744 131059.01336668807 47264.544963778535 -2.0 -2.0 -2.0 -2.0 -2.0 -2.0 -2.0 71906.29577620965 165579.447746661 -2.0 65510.70117951676 111086.64989411454 102968.23835356387 77782.82940392652 38709.049224879265 38600.399017418844 77255.30242928231 28126.974105781577 166360.7025143644 193246.95205674932 38240.486145034636 0.0 74835.25466933683 0.0 0.0 0.0 0.0 0.0 71942.83676139127 72702.9304505647 0.0 0.0 180309.86530866346 0.0 0.022591187644142335 38531.69584277256 0.0 76144.0048218279 187067.1157828666 76740.82565311811 321424.0341187959 0.0 0.0 215942.26646421975 0.0 0.0 0.0
1047297.6646430207 932017.1318045753 892191.6236877348 968753.66211068 853283.0352788522 698507.2517396418 465475.5287170207 931350.8415199579 735402.9121394819 381847.8393561244 435892.1442026701 749334.6948619687 943981.2755574171 998841.32766649 1001218.5745231713 959898.4680163033 1032927.4063131517 1045195.5528276099 850090.31295828 271311.3517762804 153630.47790522268 230594.44808979583 72944.81658928329 124779.59823602511 38732.448577891795 44241.26243583908 -2.0 -2.0 -2.0 -2.0 -2.0 -2.0 29948.083877535464 108761.95335399556 196443.8381196215 -2.0 -2.0 -2.0 -2.0 0.0 76664.35241695592 72831.49909968856 157109.9071502664 133783.8854783707 60737.38741868593 38789.69955443591 0.0 0.0 0.0 0.0 0.0 0.0 0.0 0.0 0.0 181224.49111887367 91921.32377632393 0.0 165137.40062329962 0.0 2271.85753556204 10972.844843933686 0.0 38475.4219055316 175922.21259984968 192221.0288647212 0.0 0.0 0.0 113481.66832323218 0.0 0.0 0.0
1046135.8261103844 1006000.0457762214 1050860.1608275974 856011.8179311885 428776.0925303714 740836.6851806215 701757.186890377 777862.7510076505 776605.8769218195 270322.93319722835 392901.7486574527 595067.7614221569 747538.0935656866 805471.9657906438 911798.9978768658 610318.4242263159 388680.149077752 1051505.8174139615 1052949.676511865 311235.2676392308 36635.295867856046 0.0 78054.34799193661 273092.61894124147 77490.5624388288 0.0 -2.0 -2.0 -2.0 -2.0 -2.0 52992.02483898123 21979.274749696808 108633.67843632316 209907.83405250835 0.0 -2.0 -2.0 -2.0 -2.0 -2.0 -2.0 -2.0 -2.0 -2.0 -2.0 -2.0 -2.0 -2.0 -2.0 -2.0 -2.0 -2.0 -2.0 -2.0 37534.09576420986 104179.68368550655 488866.4989476698 0.0 0.0 110030.2105572504 10134.797096256265 0.0 0.0 222429.80194045888 0.0 0.0 4187.134143878355 0.02306783585479734 0.0 0.0 0.0 0.0
976166.7976392979 1015887.2680673285 859548.0957031768 899539.5011895412 782494.4190987154 625852.4665827363 469796.3447575783 430097.84698492085 701133.0299362214 428749.0348816257 430614.8452763402 586849.6170047879 843416.1071789633 721177.2785202584 888902.7271273715 806411.264420721 639576.400756058 752200.3250127735 1017032.2570789866 580641.876219212 226790.99273692648 0.0 78158.09631347407 0.0 0.0 261213.36364757823 0.0 20499.000549307537 11092.292785639314 50043.149948060105 48529.747963102454 34105.74722292308 29682.10637571691 17300.9796142962 195394.741058072 121761.40874635478 0.0 -2.0 -2.0 -2.0 -2.0 -2.0 -2.0 -2.0 -2.0 -2.0 -2.0 -2.0 -2.0 -2.0 -2.0 -2.0 -2.0 -2.0 -2.0 -2.0 0.0 405468.9865110657 295691.379547402 39336.779594430365 42255.722045825205 0.0 0.0 0.0 348685.6396198904 0.0 0.0 0.020812655293449826 0.006902277618805953 0.03176131531295921 0.07434011604346251 0.0 0.0
1058593.605040456 980470.0088489323 1058726.764677364 1019343.2006844702 746782.1502673939 393032.20367432816 510462.3298644091 273892.35687168833 667494.7929386189 904166.1033647747 431525.0816354143 430561.42044131237 775967.0982357028 816064.249039411 777867.1264636056 649066.44058377 402369.6212772722 235103.96575932612 1061197.5555431417 313783.32900981413 464771.62552022876 0.0 0.0 0.0 0.0 344572.1778880584 71226.90010072691 0.0 0.0 23301.555633598204 0.0 0.0 39308.39920045602 32500.66757196733 116009.33837910104 196315.0482173912 165284.69085681945 71064.86845008937 44137.95375839369 7081.299781794177 -2.0 -2.0 -2.0 -2.0 -2.0 -2.0 -2.0 -2.0 -2.0 -2.0 -2.0 -2.0 -2.0 -2.0 -2.0 -2.0 0.0 0.0 0.0 112567.7719118073 151280.72357160426 115148.01025402559 37590.23284923066 323795.7488309691 270450.4726522883 0.0 0.0 0.0 0.0 0.0 0.0 0.0 0.0
1015052.1087657032 1014832.6911939555 1021712.4366759192 943574.3446361936 946004.4631951023 863214.4546515455 314923.8204958297 236497.69973763064 511931.6482546659 670455.451965472 629681.3354504547 433534.77478097123 631244.9493422303 584370.3384398206 449075.7465373314 807131.7291257654 174352.95105026689 0.0 1025720.45517041 314917.59872370394 379933.322906501 0.0 0.0 0.0 0.0 0.0 39408.14971933541 0.0 0.0 5486.68622970976 0.0 0.0 38916.717529409994 39408.14971933541 39383.35037240939 77502.5100707702 149422.4243167412 195511.6310119961 196731.71234198782 147656.1336518381 0.0 -2.0 -2.0 -2.0 -2.0 -2.0 -2.0 -2.0 -2.0 -2.0 -2.0 -2.0 -2.0 -2.0 -2.0 -2.0 -2.0 -2.0 0.0 0.0 293237.6594542616 272277.7256222993 0.0 0.0 302553.2490611355 0.0 0.0 0.0 0.0 0.0 0.0 0.0 0.0
835682.2586044131 1020044.7578427258 1062771.1372389218 861155.2772526002 866572.9179365117 353736.9651785405 313003.8681028759 277248.69537274214 118883.09860216345 118882.89642315714 673332.6950068809 633536.594392129 910423.1872547138 237500.39672832045 394462.8486631374 491038.56468130066 39651.69906603028 158534.7976676236 989847.4388112332 39627.750396693984 39579.498290954056 79061.99645983557 0.0 0.0 0.0 0.0 0.0 0.0 232064.81933507952 468605.27419993415 298354.7191610311 118810.94741803245 113900.56991588188 0.0 0.0 39530.99822991779 68307.69538881173 110638.16452017266 117513.74435440464 118679.74853503902 100458.09936540374 26676.681518589725 -2.0 -2.0 -2.0 -2.0 -2.0 -2.0 -2.0 -2.0 -2.0 -2.0 -2.0 -2.0 -2.0 -2.0 -2.0 -2.0 -2.0 0.0 0.0 0.0 265952.2917192836 0.0 0.0 0.0 0.0 0.0 0.0 0.0 0.0 0.0 0.0
757574.7799855337 1060639.762879483 1049803.13110363 508801.77307169174 157804.19921888746 79493.49975576925 275883.40377859643 0.0 238243.69430644286 397182.548523298 794696.9947828355 715486.9499209652 635686.6989142732 317635.98632820795 330059.26513698313 608673.6116425006 158408.77914498645 278037.14752255526 754925.7965092583 119145.6985474579 0.0 0.0 0.0 0.0 0.0 0.0 0.0 0.0 0.0 0.0 0.0 0.0 79375.0000000076 0.0 0.0 0.0 0.0 39770.3514099406 35134.593963625455 34816.780090317 60285.68077092277 0.0 -2.0 -2.0 -2.0 -2.0 -2.0 -2.0 -2.0 -2.0 -2.0 -2.0 -2.0 -2.0 -2.0 -2.0 -2.0 -2.0 -2.0 0.0 0.0 0.0 0.0 0.0 0.0 0.0 0.0 0.0 0.0 0.0 0.0 0.0 0.0
735915.9889234062 1035075.248719834 1065294.8265059767 430426.8302927381 518003.4904471499 743658.3862314419 993712.1391295809 358595.82138047577 79750.09918220076 598163.1546026737 358911.45324773184 398636.35253997607 358748.4970101254 557864.5019538861 641357.1701060215 392388.2694241741 159338.64975071282 518412.4526983673 199132.5988776822 0.0 0.0 0.0 0.0 0.0 0.0 0.0 0.0 0.0 0.0 0.0 0.0 0.0 0.0 119706.29882832064 0.0 0.0 0.0 0.0 0.0 0.0 39932.89947506777 0.0 -2.0 -2.0 -2.0 -2.0 -2.0 -2.0 -2.0 -2.0 -2.0 -2.0 -2.0 -2.0 -2.0 -2.0 -2.0 -2.0 -2.0 -2.0 0.0 0.0 0.0 0.0 0.0 0.0 0.0 0.0 0.0 0.0 14188.363994260842 0.0 0.0
332375.07057193096 707136.5051269848 851433.3610549237 652029.7012320101 918006.7024233742 1064266.0026563248 1079684.5169052742 784068.5844413307 480490.05508364935 760430.3016675888 760250.0534058736 359852.04696710256 440012.34436017554 474333.38165367674 195550.3721236531 200006.00051840013 80115.45181271948 359942.9969796564 0.0 0.0 0.0 0.0 0.0 0.0 0.0 0.0 0.0 0.0 0.0 0.0 0.0 0.0 200168.7545777134 80070.44982910415 0.0 0.0 0.0 0.0 0.0 0.0 0.0 -2.0 -2.0 -2.0 -2.0 -2.0 -2.0 -2.0 -2.0 -2.0 -2.0 -2.0 -2.0 -2.0 -2.0 -2.0 -2.0 -2.0 -2.0 -2.0 -2.0 0.0 0.0 150.82279869738127 0.0 0.0 0.0 0.0 0.0 0.0 0.0 0.0 0.0
167137.35198976903 858642.0898420268 1033502.9449469827 956991.4054853307 1063855.5946334042 1076707.5500494523 1079488.140108581 759849.2088312889 360852.06603937194 401335.1097096968 441315.46020427515 380672.023774456 464889.29367013864 466899.7459410456 120429.15344217827 40201.95007314244 0.0 0.0 0.0 0.0 0.0 0.0 0.0 0.0 0.0 0.0 0.0 0.0 0.0 0.0 0.0 0.0 481721.92764287454 80182.60192853698 40091.30096430547 0.0 0.0 0.0 46072.58510597052 58501.693725372694 -2.0 -2.0 -2.0 -2.0 -2.0 -2.0 -2.0 -2.0 -2.0 -2.0 -2.0 -2.0 -2.0 -2.0 -2.0 -2.0 -2.0 -2.0 -2.0 -2.0 -2.0 -2.0 0.0 0.0 0.0 0.0 -2.0 0.0 0.0 4392.345737374641 0.0 0.0 0.0
-2.0 150865.5662534876 859633.2435621053 1056429.6493539186 995689.7964476106 1075615.3755196799 929052.051543934 714828.964232357 441427.2384657822 201245.0599664879 354569.8165888833 377046.95701614476 294068.0475242753 550745.9936135043 241494.45343024045 40223.80065924466 0.0 0.0 0.0 0.0 0.0 0.0 0.0 0.0 0.0 0.0 0.0 0.0 0.0 0.0 0.0 0.0 40245.60165416934 0.0 0.0 0.0 0.0 0.0 0.0 56671.4496612721 -2.0 -2.0 -2.0 -2.0 -2.0 -2.0 -2.0 -2.0 -2.0 -2.0 -2.0 -2.0 -2.0 -2.0 -2.0 -2.0 -2.0 -2.0 -2.0 -2.0 -2.0 -2.0 -2.0 -2.0 -2.0 -2.0 -2.0 0.0 5509.247096853389 0.0 0.0 0.0 0.0
-2.0 -2.0 -2.0 507022.0680229124 1080808.7921132266 981603.1990040841 1077203.414914548 926881.0958879198 725958.1413269356 602925.258635392 767980.0529485935 439946.3424681017 573605.7701112771 161412.796019957 0.0 0.0 0.0 0.0 0.0 0.0 0.0 0.0 0.0 0.0 0.0 0.0 0.0 0.0 0.0 202272.59445242962 525690.6013488596 121208.00399786385 0.0 0.0 0.0 0.0 0.0 0.0 -2.0 -2.0 -2.0 -2.0 -2.0 -2.0 -2.0 -2.0 -2.0 -2.0 -2.0 -2.0 -2.0 -2.0 -2.0 -2.0 -2.0 -2.0 -2.0 -2.0 -2.0 -2.0 -2.0 -2.0 -2.0 -2.0 -2.0 -2.0 -2.0 0.0 0.0 0.0 0.0 0.0 0.0
-2.0 -2.0 -2.0 0.0 658473.0072016804 1012801.4965037473 1008832.6416030944 1090231.761932701 1049194.6372970042 846648.3345029618 929856.0333247476 405105.10253973305 242637.4740599378 0.0 0.0 0.0 0.0 0.0 0.0 0.0 0.0 0.0 0.0 0.0 0.0 0.0 202892.10128770518 608451.297759681 324270.05004912626 121521.54922494343 0.0 0.0 0.0 0.0 0.0 40520.99990849428 0.0 0.0 -2.0 -2.0 -2.0 -2.0 -2.0 -2.0 -2.0 -2.0 -2.0 -2.0 -2.0 -2.0 -2.0 -2.0 -2.0 -2.0 -2.0 -2.0 -2.0 -2.0 -2.0 -2.0 -2.0 -2.0 -2.0 -2.0 -2.0 -2.0 -2.0 0.04049356812192106 0.0 3150.655426154831 8518.983111507532 0.0 0.0
-2.0 -2.0 -2.0 -2.0 373830.0704951701 1036303.9989460552 1050365.6272893986 1091725.5706785955 931275.8255006645 972185.1654067652 850716.5946973854 406275.8789051374 730324.3141172138 0.0 0.0 0.0 0.0 0.0 0.0 0.0 366268.6614990884 488318.41278159525 447416.0003671976 610088.752747626 731818.0999752248 650089.2982494213 121848.79684472915 121828.64761376419 121909.29794324424 40602.7984619217 0.0 0.0 0.0 0.0 40703.15170300751 40643.19992061653 40101.45187373728 0.0 -2.0 -2.0 -2.0 -2.0 -2.0 -2.0 -2.0 -2.0 -2.0 -2.0 -2.0 -2.0 -2.0 -2.0 -2.0 -2.0 -2.0 -2.0 -2.0 -2.0 -2.0 -2.0 -2.0 -2.0 -2.0 -2.0 -2.0 -2.0 -2.0 0.0 10556.86242263064 0.0 0.0 0.0 0.0
-2.0 -2.0 -2.0 -2.0 90320.89900995123 1031564.8441317183 1012881.3667302624 955257.3280316449 1054768.4097311073 1098919.1436773306 812755.970000153 530222.2404492857 1019193.0274954684 407935.29510440584 0.0 0.0 0.0 0.0 530417.3965442956 570808.4373474924 325843.0938710577 81445.99914542756 0.0 0.0 0.0 0.0 0.0 0.0 40820.751190160256 0.0 40781.898498555085 40820.751190160256 40820.751190160256 122423.40087872883 81641.50238033119 0.0 -2.0 -2.0 -2.0 -2.0 -2.0 -2.0 -2.0 -2.0 -2.0 -2.0 -2.0 -2.0 -2.0 -2.0 -2.0 -2.0 -2.0 -2.0 -2.0 -2.0 -2.0 -2.0 -2.0 -2.0 -2.0 -2.0 -2.0 -2.0 -2.0 -2.0 -2.0 754.0250187737291 2439.5555919839617 5785.000216762386 0.0 0.0 0.0
-2.0 -2.0 -2.0 -2.0 -2.0 318285.7933044816 690911.8118297552 1078739.7003159884 1099538.7229918044 1098919.2275991242 1011754.9514785795 405335.34240746265 326873.4970087309 40878.3988952706 245517.0021054482 81870.49865704266 0.0 450022.5982669534 940124.240874507 490786.1938471327 122805.74798583782 0.0 0.0 81832.70263664698 122786.84997540464 122786.84997559774 40935.249328606034 40935.249328563536 40840.04974368651 40840.04974368651 40840.04974368651 81870.49865712707 81870.49865737814 40840.04974379286 40840.04974364127 -2.0 -2.0 -2.0 -2.0 -2.0 -2.0 -2.0 -2.0 -2.0 -2.0 -2.0 -2.0 -2.0 -2.0 -2.0 -2.0 -2.0 -2.0 -2.0 -2.0 -2.0 -2.0 -2.0 -2.0 -2.0 -2.0 -2.0 -2.0 -2.0 -2.0 -2.0 -2.0 -2.0 18740.677058745 754.7639664044525 0.0 0.07288190749937862 0.0
-2.0 -2.0 -2.0 -2.0 -2.0 -2.0 286588.6278153527 520646.94532796805 1068005.8126443254 902489.4390106429 970696.1250293343 368828.1478888128 819741.8251041828 369253.7040703852 820287.4450683685 902139.3928518572 82093.20068355114 573691.6809074541 451218.1015009857 984270.2445975151 943223.2933033678 82038.10119624052 122955.29556274053 410171.3485712336 779055.0422666473 491894.5388797595 574321.4035027862 410215.3205872277 123121.4523315023 164168.05267342972 117481.719970645 205141.2048337582 75974.49874862302 -2.0 -2.0 -2.0 -2.0 -2.0 -2.0 -2.0 -2.0 -2.0 -2.0 -2.0 -2.0 -2.0 -2.0 -2.0 -2.0 -2.0 -2.0 -2.0 -2.0 -2.0 -2.0 -2.0 -2.0 -2.0 -2.0 -2.0 -2.0 -2.0 -2.0 -2.0 -2.0 -2.0 -2.0 -2.0 0.0 1521.0082978170003 0.0 0.0 68.48033337126705
350397.927046 -2.0 -2.0 -2.0 -2.0 0.0 85591.650009 0.0 910258.638381945 764035.0818629285 976089.6644606557 854011.7187496561 287589.8284914807 739225.6126394036 698734.7984321706 82256.09970107288 41101.10092163824 329167.4041748087 863606.4033516448 986747.5013753008 822055.5992143429 164530.0483705845 82184.1506959313 287580.84869391547 739920.4521169763 781252.2773748833 739692.5964362749 739647.1176147994 163914.90173281086 80827.10266095464 -2.0 -2.0 -2.0 -2.0 -2.0 -2.0 -2.0 -2.0 -2.0 -2.0 -2.0 -2.0 -2.0 -2.0 -2.0 -2.0 -2.0 -2.0 -2.0 -2.0 -2.0 -2.0 -2.0 -2.0 -2.0 -2.0 -2.0 -2.0 -2.0 -2.0 -2.0 -2.0 -2.0 -2.0 -2.0 -2.0 -2.0 -2.0 0.0 3571.540570260138 0.0 0.0 0.0
634864.3102640295 -2.0 0.0 -2.0 -2.0 -2.0 -2.0 266599.9925124198 1098747.8647229262 994131.3152309244 882778.0542379378 608682.1289063883 123588.00125125592 41172.550201472804 82485.19897470786 82432.99865728396 206143.54705753183 906795.4864505071 989263.4887698286 986814.4111632009 982964.8704549056 782786.1862170591 329821.887970551 123751.68609601822 494668.88427779137 452999.47738576826 122520.59173582906 40123.04306034881 -2.0 -2.0 -2.0 -2.0 -2.0 -2.0 -2.0 -2.0 -2.0 -2.0 -2.0 -2.0 -2.0 -2.0 -2.0 -2.0 -2.0 -2.0 -2.0 -2.0 -2.0 -2.0 -2.0 -2.0 -2.0 -2.0 -2.0 -2.0 -2.0 -2.0 -2.0 -2.0 -2.0 -2.0 -2.0 -2.0 -2.0 -2.0 -2.0 -2.0 0.0 0.07944721869521404 0.0 0.0 0.0
1187454.567911227 -2.0 300872.85208700004 -2.0 -2.0 -2.0 -2.0 421355.38482555305 1047061.0237139602 947489.017485223 908467.2255165303 814693.5157769219 124586.13586409783 33318.45855724267 41294.25048833363 0.0 165430.80139172956 578346.2448120941 941940.185545406 971760.7498174586 1027191.8754585617 990113.7466430697 950258.747101864 867613.601684523 743808.2885753091 536650.7415776767 199292.9801938869 -2.0 -2.0 -2.0 -2.0 -2.0 -2.0 -2.0 -2.0 -2.0 -2.0 -2.0 -2.0 -2.0 -2.0 -2.0 -2.0 -2.0 -2.0 -2.0 -2.0 -2.0 -2.0 -2.0 -2.0 -2.0 -2.0 -2.0 -2.0 -2.0 -2.0 -2.0 -2.0 -2.0 -2.0 -2.0 -2.0 -2.0 -2.0 -2.0 -2.0 -2.0 -2.0 0.0 1709.8148786326421 0.0 0.0
1481538.9810596015 1039051.6093953156 209027.72879599998 -2.0 -2.0 -2.0 -2.0 422564.73159790644 1024374.0329737157 1052461.0862737352 0.0 1058563.217162809 617547.4462506124 120295.9785462026 41230.678558328174 165793.9529423212 952432.6400758908 949837.5663755923 991421.6461174416 991211.3113402538 950772.3884576836 910940.0138863536 780572.9942323682 400191.5750502121 368185.0509645984 105714.88761919638 -2.0 -2.0 -2.0 -2.0 -2.0 -2.0 -2.0 -2.0 -2.0 -2.0 -2.0 -2.0 -2.0 -2.0 -2.0 -2.0 -2.0 -2.0 -2.0 -2.0 -2.0 -2.0 -2.0 -2.0 -2.0 -2.0 -2.0 -2.0 -2.0 -2.0 -2.0 -2.0 -2.0 -2.0 -2.0 -2.0 -2.0 -2.0 -2.0 -2.0 -2.0 -2.0 -2.0 0.0 0.009867391099762394 0.031699611781695336 0.0
1363570.2590927244 1494387.2909549999 1386555.442736354 931860.97431 207352.7612685 -2.0 -2.0 150339.97631089395 874814.0125255464 923859.8937988036 894849.7982004528 1046158.3690635846 1158640.071869758 1025532.8865040464 537318.065642625 456270.5459598461 954181.716919063 912291.9235239306 828094.5281992446 912041.7633043136 559529.8080436867 0.0 83484.27772509496 -2.0 -2.0 -2.0 -2.0 -2.0 -2.0 -2.0 -2.0 -2.0 -2.0 -2.0 -2.0 -2.0 -2.0 -2.0 -2.0 -2.0 -2.0 -2.0 -2.0 -2.0 -2.0 -2.0 -2.0 -2.0 -2.0 -2.0 -2.0 -2.0 -2.0 -2.0 -2.0 -2.0 -2.0 -2.0 -2.0 -2.0 -2.0 -2.0 -2.0 -2.0 -2.0 -2.0 -2.0 -2.0 -2.0 -2.0 0.02589332390095825 0.07140641628202282 0.0
254074.839592327 519998.5122673657 415791.0766612945 1122803.6727902538 1324485.2008800001 107466.4022925 -2.0 0.0 750418.9529437998 823330.3318034183 817050.0993725096 1076620.542526242 1234692.3942554316 1065971.9390848628 1246224.4567864218 1121942.6536581344 748348.7663259471 249558.84933525117 372159.9426274046 471266.2477494247 -2.0 -2.0 -2.0 -2.0 -2.0 -2.0 -2.0 -2.0 -2.0 -2.0 -2.0 -2.0 -2.0 -2.0 -2.0 -2.0 -2.0 -2.0 -2.0 -2.0 -2.0 -2.0 -2.0 -2.0 -2.0 -2.0 -2.0 -2.0 -2.0 -2.0 -2.0 -2.0 -2.0 -2.0 -2.0 -2.0 -2.0 -2.0 -2.0 -2.0 -2.0 -2.0 -2.0 -2.0 -2.0 -2.0 -2.0 -2.0 -2.0 -2.0 0.0 0.07258931282202928 0.14227639348967475
0.0 337447.42965791794 166923.30169588147 41738.15155021991 1083683.6471566237 1286976.53532 251135.55765149998 27181.010842300002 612934.7796454779 954102.5962812874 856983.0141047447 1112708.07647652 1274034.862521052 1156672.6913455375 1206758.5525527624 621330.3756706733 402355.16357523797 107547.11723324124 -2.0 -2.0 -2.0 -2.0 -2.0 -2.0 -2.0 -2.0 -2.0 -2.0 -2.0 -2.0 -2.0 -2.0 -2.0 -2.0 -2.0 -2.0 -2.0 -2.0 -2.0 -2.0 -2.0 -2.0 -2.0 -2.0 -2.0 -2.0 -2.0 -2.0 -2.0 -2.0 -2.0 -2.0 -2.0 -2.0 -2.0 -2.0 -2.0 -2.0 -2.0 -2.0 -2.0 -2.0 -2.0 -2.0 -2.0 -2.0 -2.0 -2.0 -2.0 -2.0 -2.0 0.06269535379047798 0.02975188681376951
261314.83077979935 273132.79819499917 250832.24868707565 41752.7008055833 83562.85095195651 1002188.5910027851 0.0 160047.7466585 393496.85907459824 1030354.6943650169 1089990.1771559105 840695.4116827006 751072.9169852142 166693.08471687266 94642.10128794893 85809.05055985018 -2.0 -2.0 -2.0 -2.0 -2.0 -2.0 -2.0 -2.0 -2.0 -2.0 -2.0 -2.0 -2.0 -2.0 -2.0 -2.0 -2.0 -2.0 -2.0 -2.0 -2.0 -2.0 -2.0 -2.0 -2.0 -2.0 -2.0 -2.0 -2.0 -2.0 -2.0 -2.0 -2.0 -2.0 -2.0 -2.0 -2.0 -2.0 -2.0 -2.0 -2.0 -2.0 -2.0 -2.0 -2.0 -2.0 -2.0 -2.0 -2.0 -2.0 -2.0 -2.0 -2.0 -2.0 -2.0 0.0 0.0566402190997772
182427.40058866685 333114.0127185413 335093.34945644595 167546.7491151389 41852.29873658017 83626.90353396404 1046636.9400032226 0.0 206242.81382592942 406101.9649514535 323841.911315493 248744.06492649752 98211.45629878905 -2.0 -2.0 -2.0 -2.0 -2.0 -2.0 -2.0 -2.0 -2.0 -2.0 -2.0 -2.0 -2.0 -2.0 -2.0 61459.9707126345 108857.7369452051 82817.73948677149 -2.0 -2.0 -2.0 -2.0 -2.0 -2.0 -2.0 -2.0 -2.0 -2.0 -2.0 -2.0 -2.0 -2.0 -2.0 -2.0 -2.0 -2.0 -2.0 -2.0 -2.0 -2.0 -2.0 -2.0 -2.0 -2.0 -2.0 -2.0 -2.0 -2.0 -2.0 -2.0 -2.0 -2.0 -2.0 -2.0 -2.0 -2.0 -2.0 -2.0 0.0 0.09098255463853455
143913.85555285926 595210.621357352 671357.3417659984 209670.29953021178 167816.2994381474 41986.99951167554 418647.22442676313 754977.2109985152 1035848.2742324112 -2.0 -2.0 -2.0 -2.0 -2.0 -2.0 -2.0 -2.0 -2.0 -2.0 -2.0 -2.0 -2.0 -2.0 -2.0 -2.0 -2.0 -2 -2.0 0.0 101447.54981964204 74817.30270387116 -2.0 -2.0 -2.0 -2.0 -2.0 -2.0 -2.0 -2.0 -2.0 -2.0 -2.0 -2.0 -2.0 -2.0 -2.0 -2.0 -2.0 -2.0 -2.0 -2.0 -2.0 -2.0 -2.0 -2.0 -2.0 -2.0 -2.0 -2.0 -2.0 -2.0 -2.0 -2.0 -2.0 -2.0 -2.0 -2.0 -2.0 -2.0 -2.0 -2.0 -2.0 0.0
153052.9294018238 559913.5822515119 1134880.7449350122 294306.19430626824 227832.0808412312 323668.10417114984 1049557.5218218304 1075240.868568756 293942.33894364396 -2.0 -2.0 -2.0 -2.0 -2.0 -2.0 -2.0 -2.0 -2.0 -2.0 -2.0 -2.0 -2.0 0.0 0.0 378357.69271705707 -2.0 -2.0 -2.0 -2.0 -2.0 -2.0 -2.0 -2.0 -2.0 -2.0 -2.0 -2.0 -2.0 -2.0 -2.0 -2.0 -2.0 -2.0 -2.0 -2.0 -2.0 -2.0 -2.0 -2.0 -2.0 -2.0 -2.0 -2.0 -2.0 -2.0 -2.0 -2.0 -2.0 -2.0 -2.0 -2.0 -2.0 -2.0 -2.0 -2.0 -2.0 -2.0 -2.0 -2.0 -2.0 -2.0 -2.0 0.0
172237.20932025785 143475.09431829082 588738.8763433399 287358.03222633415 318098.3219149648 364065.9255970911 126159.31320197153 1193202.175139365 1032405.7308439605 85806.76364886842 -2.0 -2.0 -2.0 -2.0 -2.0 -2.0 0.0 0.0 0.0 0.0 0.0 951053.6708839962 0.0 0.0 249631.89196591784 -2.0 -2.0 -2.0 -2.0 -2.0 -2.0 -2.0 -2.0 -2.0 -2.0 -2.0 -2.0 -2.0 -2.0 -2.0 -2.0 -2.0 -2.0 -2.0 -2.0 -2.0 -2.0 -2.0 -2.0 -2.0 -2.0 -2.0 -2.0 -2.0 -2.0 -2.0 -2.0 -2.0 -2.0 -2.0 -2.0 -2.0 -2.0 -2.0 -2.0 -2.0 -2.0 -2.0 -2.0 -2.0 -2.0 -2.0 -2.0
100725.74424755506 258945.95146122098 191465.66009577858 632967.8878795942 337517.4980161656 294988.78860478115 84379.59671024873 379678.14636294835 1054387.8326422807 843267.5895702664 98009.75036637395 -2.0 0.0 0.0 0.0 0.0 926028.0380267322 1012250.8926398007 843295.948029977 885569.6563721469 0.0 885477.4932851493 0.0 0.0 207486.00006089397 -2.0 -2.0 -2.0 -2.0 -2.0 -2.0 -2.0 -2.0 -2.0 -2.0 -2.0 -2.0 -2.0 -2.0 -2.0 -2.0 -2.0 -2.0 -2.0 -2.0 -2.0 -2.0 -2.0 -2.0 -2.0 -2.0 -2.0 -2.0 -2.0 -2.0 -2.0 -2.0 -2.0 -2.0 -2.0 -2.0 -2.0 -2.0 -2.0 -2.0 -2.0 -2.0 -2.0 -2.0 -2.0 -2.0 -2.0 -2.0
67667.10329061662 124565.46640416933 213618.4272768584 650531.4846049084 633623.630525263 253489.08996676694 169030.1971435937 488740.02838223067 1138246.8605064477 1054820.5871571912 981665.2717585879 407158.0390926404 464959.2399595681 380288.93661524396 675796.3256837472 718137.8250127693 1140365.8447247336 971561.0694893693 1055293.235778171 970804.100037168 971732.8033460267 0.0 0.0 0.0 102517.50183122088 -2.0 -2.0 -2.0 -2.0 -2.0 -2.0 -2.0 -2.0 -2.0 -2.0 -2.0 -2.0 -2.0 -2.0 -2.0 -2.0 -2.0 -2.0 -2.0 -2.0 -2.0 -2.0 -2.0 -2.0 -2.0 -2.0 -2.0 -2.0 -2.0 -2.0 -2.0 -2.0 -2.0 -2.0 -2.0 -2.0 -2.0 -2.0 -2.0 -2.0 -2.0 -2.0 -2.0 -2.0 -2.0 -2.0 -2.0 -2.0
