critload/trunk/input/2010/nfix_nat.asc
ncols 720
nrows 360
xllcorner -180.0
yllcorner -90.0
cellsize 0.5
NODATA_value -9999.0
[rows 29 to 57 of 360, columns 520 to 584 of 720]
-9999.0 -9999.0 -9999.0 -9999.0 -9999.0 -9999.0 -9999.0 -9999.0 -9999.0 -9999.0 -9999.0 -9999.0 -9999.0 -9999.0 -9999.0 -9999.0 12677.1 94663.7 107203.0 144613.0 188085.0 206582.0 200416.0 225080.0 225080.0 225080.0 225080.0 225080.0 225080.0 225080.0 225080.0 225080.0 223377.0 224578.0 225080.0 225080.0 225080.0 224291.0 225080.0 216248.0 205686.0 223865.0 225080.0 225080.0 225080.0 225080.0 225080.0 224831.0 191190.0 214580.0 223042.0 224849.0 225080.0 224778.0 225080.0 224771.0 225080.0 225080.0 225080.0 225080.0 225080.0 225080.0 225080.0 225080.0 224182.0
-9999.0 -9999.0 -9999.0 -9999.0 -9999.0 -9999.0 -9999.0 -9999.0 -9999.0 -9999.0 -9999.0 10234.9 5087.94 24463.9 140145.0 194293.0 219786.0 232532.0 232532.0 232532.0 231659.0 232532.0 232532.0 232532.0 231589.0 232388.0 232532.0 232532.0 232532.0 232532.0 232532.0 232532.0 232532.0 232532.0 232532.0 232532.0 232532.0 232532.0 232532.0 232222.0 206163.0 111883.0 170094.0 181926.0 176099.0 189196.0 202076.0 173741.0 134820.0 134983.0 192850.0 217010.0 232453.0 226878.0 172693.0 224435.0 232282.0 228707.0 230768.0 231933.0 232532.0 225895.0 170879.0 144654.0 59224.9
-9999.0 -9999.0 -9999.0 -9999.0 -9999.0 -9999.0 -9999.0 -9999.0 -9999.0 -9999.0 -9999.0 8648.64 42517.4 99454.6 227099.0 239966.0 239966.0 239966.0 239966.0 239966.0 239673.0 239012.0 239966.0 239966.0 239966.0 239966.0 239966.0 239966.0 239966.0 239966.0 238974.0 239966.0 239966.0 239816.0 239966.0 238523.0 236853.0 233897.0 227719.0 160675.0 203877.0 152128.0 133214.0 138028.0 216428.0 237331.0 238565.0 229686.0 228760.0 226223.0 236844.0 224652.0 239639.0 202449.0 166393.0 220856.0 235407.0 238265.0 209715.0 150286.0 46298.4 -9999.0 3753.77 21658.8 50678.5
-9999.0 -9999.0 -9999.0 -9999.0 -9999.0 -9999.0 -9999.0 -9999.0 -9999.0 -9999.0 20872.2 60908.3 65767.4 65445.6 141172.0 238685.0 246873.0 246338.0 247381.0 247381.0 247381.0 247381.0 247381.0 247381.0 242884.0 247042.0 247381.0 246411.0 246246.0 247381.0 247381.0 247041.0 246564.0 245687.0 243520.0 232257.0 242792.0 241328.0 246207.0 227409.0 239301.0 246222.0 179874.0 233422.0 243710.0 244519.0 240385.0 228684.0 245940.0 247381.0 246591.0 136333.0 136383.0 239908.0 108616.0 101043.0 79616.7 48838.4 -9999.0 13737.7 35710.1 69105.4 61237.7 11530.8 -9999.0
711.202 148357.0 219820.0 254779.0 254606.0 254779.0 254779.0 254779.0 254779.0 253049.0 253197.0 233352.0 195936.0 181950.0 246999.0 251823.0 249054.0 254603.0 248367.0 252148.0 252904.0 249987.0 253985.0 254779.0 254779.0 254779.0 253783.0 253498.0 254506.0 253276.0 254270.0 253958.0 254088.0 254692.0 252535.0 253855.0 251464.0 254779.0 249500.0 252832.0 250978.0 241660.0 239829.0 138489.0 254102.0 254604.0 140052.0 140557.0 140752.0 140752.0 140461.0 134550.0 74044.6 44998.4 904.599 -9999.0 43335.1 51289.9 84025.9 74826.7 113144.0 140704.0 140752.0 140422.0 138889.0
-9999.0 88806.0 262156.0 262156.0 262156.0 262156.0 259079.0 256488.0 234839.0 261158.0 262156.0 262156.0 262156.0 249347.0 254812.0 254387.0 248563.0 252680.0 251706.0 261652.0 258318.0 261475.0 255245.0 259494.0 262156.0 262156.0 261793.0 262156.0 261836.0 262012.0 143742.0 144828.0 144668.0 144532.0 142673.0 144155.0 141998.0 144828.0 144438.0 144294.0 144603.0 141604.0 134000.0 143167.0 144381.0 144289.0 143200.0 143520.0 137235.0 126684.0 123924.0 98547.3 122568.0 133038.0 137557.0 143647.0 144012.0 143633.0 139199.0 128329.0 142711.0 142853.0 143634.0 144550.0 144496.0
7571.51 18591.8 72792.7 88741.8 161524.0 266086.0 269514.0 267416.0 269514.0 269514.0 269514.0 268966.0 265820.0 269514.0 269183.0 268001.0 267481.0 269514.0 267427.0 269044.0 261610.0 268022.0 269267.0 269514.0 269514.0 268264.0 148618.0 267642.0 269246.0 148259.0 148662.0 143408.0 143470.0 144432.0 145789.0 144409.0 146739.0 136631.0 112176.0 97303.5 134858.0 147728.0 148892.0 148792.0 147836.0 141427.0 139148.0 141617.0 144730.0 147779.0 146608.0 147849.0 148847.0 147865.0 147978.0 148892.0 148892.0 148892.0 148434.0 147581.0 146014.0 147778.0 148790.0 148892.0 148892.0
275920.0 215620.0 112494.0 46650.5 46650.5 103431.0 111273.0 247305.0 275234.0 276851.0 276292.0 276368.0 276497.0 276851.0 276851.0 276774.0 276299.0 242658.0 274493.0 271233.0 273472.0 276851.0 276851.0 276851.0 152524.0 152946.0 152946.0 151636.0 152708.0 150761.0 147372.0 149876.0 151523.0 152470.0 151855.0 152628.0 146820.0 152806.0 151128.0 150591.0 151415.0 150890.0 150469.0 149888.0 142537.0 149617.0 152786.0 152946.0 152946.0 152946.0 152946.0 152946.0 152946.0 152946.0 152946.0 152946.0 152946.0 152946.0 152946.0 152946.0 152946.0 152946.0 151703.0 152841.0 152946.0
270921.0 282506.0 284167.0 281176.0 204753.0 69305.8 30249.0 260316.0 284079.0 284167.0 283896.0 284167.0 283990.0 284167.0 284167.0 284167.0 284167.0 284167.0 148278.0 154384.0 284167.0 156770.0 156552.0 156987.0 156987.0 156987.0 156987.0 156843.0 156776.0 156614.0 149361.0 154695.0 154082.0 156987.0 156610.0 154879.0 151585.0 153232.0 148803.0 153223.0 156826.0 156889.0 156987.0 156987.0 156938.0 156933.0 156891.0 156987.0 156987.0 156987.0 156987.0 156987.0 156987.0 156987.0 156987.0 156987.0 156987.0 156987.0 156987.0 156987.0 156987.0 156987.0 156987.0 156721.0 156985.0
291462.0 291121.0 291462.0 290697.0 183942.0 137856.0 49347.0 227598.0 291462.0 290997.0 291372.0 283347.0 290585.0 290922.0 291008.0 291280.0 291462.0 160796.0 161017.0 158735.0 159722.0 159776.0 161017.0 161017.0 161017.0 161017.0 161017.0 160963.0 150496.0 156052.0 160445.0 160790.0 159102.0 159494.0 157044.0 156115.0 157362.0 157025.0 157410.0 159555.0 161017.0 161017.0 161017.0 291462.0 291462.0 161017.0 161017.0 161017.0 161017.0 161017.0 161017.0 161017.0 161017.0 291462.0 161017.0 291462.0 291462.0 291462.0 291462.0 161017.0 161017.0 161017.0 161017.0 161017.0 161017.0
298734.0 298734.0 295822.0 295509.0 267142.0 173879.0 83497.5 223636.0 298734.0 298734.0 297400.0 295225.0 163642.0 164268.0 297743.0 136335.0 164077.0 161655.0 298560.0 298551.0 297012.0 298734.0 298734.0 298734.0 298734.0 298734.0 298734.0 298734.0 298734.0 298734.0 298734.0 298734.0 298734.0 298734.0 165035.0 165035.0 165035.0 165035.0 298734.0 298734.0 165035.0 165035.0 165035.0 165035.0 165035.0 165035.0 164850.0 165035.0 165035.0 165035.0 165035.0 298734.0 165035.0 165035.0 165035.0 298734.0 298734.0 298734.0 298734.0 298734.0 165035.0 165035.0 165035.0 165035.0 165035.0
304578.0 305983.0 304259.0 305983.0 304797.0 297080.0 280104.0 256313.0 256080.0 273399.0 153147.0 149886.0 168660.0 168169.0 162609.0 84563.4 162105.0 305983.0 305983.0 292383.0 269787.0 289570.0 305983.0 305983.0 305983.0 305983.0 305688.0 305983.0 305226.0 305983.0 305983.0 305983.0 305983.0 305983.0 305983.0 305794.0 305878.0 305983.0 305983.0 305983.0 305983.0 305983.0 169040.0 169040.0 168070.0 168981.0 168928.0 169040.0 169040.0 169040.0 305983.0 305983.0 305983.0 305983.0 305983.0 305983.0 305983.0 305983.0 305983.0 305983.0 169040.0 169040.0 169040.0 169040.0 169040.0
312919.0 312119.0 312918.0 313209.0 313209.0 313209.0 173032.0 172732.0 172766.0 173032.0 168894.0 152430.0 153877.0 171492.0 172743.0 171118.0 292720.0 167531.0 139972.0 151603.0 294132.0 278603.0 275644.0 297951.0 313209.0 313209.0 313209.0 299967.0 299529.0 313209.0 313209.0 313209.0 313209.0 312443.0 313209.0 312559.0 310850.0 313006.0 313209.0 173032.0 173032.0 173032.0 173032.0 173032.0 172069.0 173032.0 173032.0 172618.0 173031.0 173032.0 173032.0 173032.0 313209.0 173032.0 173032.0 173032.0 173032.0 173032.0 173032.0 173032.0 173032.0 173032.0 173032.0 173032.0 173032.0
176675.0 175956.0 318059.0 318192.0 177011.0 177011.0 176956.0 176665.0 177011.0 176956.0 171229.0 160279.0 156976.0 173318.0 176846.0 177011.0 320412.0 177011.0 177011.0 154279.0 150251.0 291826.0 294771.0 297574.0 307306.0 320412.0 319297.0 320014.0 317125.0 320412.0 320412.0 320412.0 320412.0 310888.0 320412.0 320412.0 318089.0 319669.0 320412.0 320214.0 175231.0 176791.0 175135.0 176279.0 173011.0 177008.0 176581.0 175400.0 176623.0 175878.0 176885.0 176565.0 177010.0 177010.0 177011.0 176465.0 177011.0 177011.0 177011.0 177011.0 177011.0 177011.0 177011.0 176404.0 176398.0
180864.0 179622.0 180657.0 178458.0 180913.0 180976.0 180976.0 180976.0 180976.0 180976.0 180976.0 179560.0 160788.0 173032.0 180257.0 136430.0 143806.0 144749.0 170111.0 149694.0 143262.0 149095.0 287158.0 295338.0 301309.0 304152.0 318639.0 320008.0 320537.0 327249.0 319143.0 327590.0 327590.0 327183.0 325999.0 325194.0 310657.0 316216.0 324542.0 327477.0 327590.0 180976.0 178714.0 180971.0 149323.0 172469.0 178066.0 177648.0 180415.0 180699.0 179776.0 180728.0 180971.0 180976.0 180976.0 180976.0 180587.0 180976.0 180976.0 180976.0 180976.0 180976.0 180976.0 180655.0 179312.0
184768.0 184865.0 184582.0 184773.0 184928.0 184864.0 184267.0 184928.0 184928.0 184928.0 184928.0 180937.0 153420.0 177893.0 138174.0 107465.0 171293.0 184928.0 184928.0 334743.0 334224.0 331096.0 316041.0 168593.0 176591.0 329604.0 333825.0 334743.0 334743.0 171584.0 332294.0 306880.0 334095.0 334743.0 334743.0 333878.0 334743.0 184249.0 184800.0 184928.0 183496.0 184644.0 184926.0 182920.0 172149.0 182269.0 184704.0 184814.0 184736.0 184928.0 184928.0 184923.0 184925.0 184927.0 184928.0 184928.0 184928.0 184928.0 184377.0 184928.0 184928.0 184928.0 184928.0 184928.0 184928.0
185817.0 187977.0 188690.0 188865.0 188865.0 188697.0 175740.0 164555.0 188742.0 188747.0 188865.0 187805.0 182189.0 155430.0 186681.0 187695.0 178282.0 178282.0 187769.0 184373.0 183370.0 186346.0 186236.0 185793.0 167799.0 163506.0 183833.0 323315.0 186399.0 188865.0 188865.0 188865.0 188865.0 188865.0 341870.0 188321.0 341870.0 188865.0 188865.0 188865.0 188865.0 188865.0 187620.0 187187.0 188863.0 188864.0 188862.0 182783.0 188865.0 188865.0 188865.0 188865.0 188865.0 188865.0 188865.0 188865.0 188865.0 188865.0 188865.0 188865.0 188865.0 188865.0 188865.0 188865.0 188865.0
192166.0 192091.0 188986.0 187404.0 189815.0 192788.0 190990.0 191629.0 190502.0 189512.0 159639.0 186319.0 178796.0 161914.0 184673.0 190892.0 171955.0 172327.0 186265.0 192788.0 192729.0 192788.0 190898.0 192539.0 192637.0 192788.0 186939.0 168620.0 183805.0 184287.0 183203.0 347918.0 189140.0 192788.0 192788.0 192788.0 192788.0 192788.0 192788.0 192788.0 192788.0 192788.0 192065.0 192154.0 192729.0 192788.0 192534.0 192788.0 192463.0 192788.0 192788.0 192788.0 192788.0 192788.0 192788.0 192788.0 192788.0 192788.0 192788.0 192788.0 192788.0 192788.0 192788.0 192788.0 192788.0
196454.0 195872.0 190169.0 194399.0 192323.0 189568.0 186992.0 195180.0 195636.0 196211.0 196327.0 193884.0 190150.0 189404.0 168584.0 177135.0 194780.0 196112.0 196697.0 196697.0 194393.0 192086.0 195262.0 196697.0 196171.0 196697.0 196697.0 196697.0 191725.0 196697.0 196697.0 196697.0 196697.0 196697.0 196697.0 196697.0 196697.0 196697.0 196697.0 196697.0 196697.0 196697.0 195639.0 196697.0 196468.0 196697.0 196697.0 196082.0 194662.0 196697.0 196697.0 196697.0 196697.0 196697.0 196697.0 196697.0 196697.0 196697.0 196697.0 196697.0 196697.0 196559.0 196696.0 196682.0 196604.0
200467.0 200591.0 199356.0 197195.0 195014.0 199186.0 197901.0 200300.0 200330.0 200466.0 200591.0 200591.0 200318.0 200314.0 200591.0 182077.0 182322.0 194664.0 191210.0 197580.0 199695.0 200591.0 195470.0 200589.0 200590.0 200591.0 197224.0 196832.0 200591.0 200529.0 200591.0 200591.0 200591.0 200591.0 200591.0 200591.0 200591.0 200591.0 200591.0 200591.0 200591.0 200591.0 198449.0 200591.0 200591.0 200591.0 200591.0 200590.0 199326.0 198665.0 197943.0 200252.0 200591.0 200591.0 200591.0 200591.0 200591.0 199395.0 200522.0 200591.0 200589.0 200001.0 199700.0 200447.0 200585.0
202375.0 200204.0 197735.0 203879.0 202254.0 204127.0 204469.0 204469.0 204469.0 204469.0 203830.0 204124.0 204069.0 204405.0 204088.0 183296.0 203369.0 204003.0 204469.0 201149.0 202383.0 204398.0 199432.0 204469.0 204469.0 204469.0 204469.0 204469.0 204469.0 204469.0 204469.0 204469.0 204469.0 204469.0 204469.0 204469.0 204469.0 204469.0 204469.0 204469.0 204469.0 204469.0 204469.0 204468.0 204469.0 204469.0 202560.0 204469.0 204469.0 204469.0 200605.0 204469.0 204468.0 204469.0 204469.0 204469.0 204469.0 204469.0 204467.0 203633.0 204186.0 203638.0 204405.0 202690.0 204469.0
205613.0 207674.0 205063.0 207716.0 206976.0 208331.0 208331.0 208331.0 208331.0 208331.0 208331.0 208331.0 207706.0 203638.0 205041.0 181629.0 208196.0 208117.0 208331.0 208331.0 206339.0 203497.0 206099.0 208331.0 208331.0 208331.0 208331.0 208331.0 208331.0 208331.0 208331.0 208331.0 208331.0 208331.0 208331.0 208331.0 208331.0 208331.0 208331.0 208331.0 208331.0 208331.0 208331.0 208331.0 208331.0 208331.0 208331.0 208139.0 208331.0 208331.0 208331.0 207488.0 208331.0 208331.0 208331.0 208331.0 208331.0 208331.0 208331.0 208204.0 208216.0 207757.0 208331.0 208331.0 208331.0
191932.0 195732.0 211157.0 211488.0 212178.0 212178.0 212178.0 212178.0 212178.0 212178.0 212178.0 212047.0 212113.0 211376.0 211095.0 190320.0 212178.0 212178.0 212178.0 212105.0 212178.0 212178.0 209486.0 209325.0 208495.0 206068.0 205549.0 206555.0 208523.0 207095.0 208013.0 209765.0 212178.0 212178.0 212178.0 212178.0 206182.0 206487.0 207126.0 205647.0 203152.0 208943.0 207112.0 212178.0 212178.0 212178.0 211881.0 212178.0 212178.0 212178.0 212178.0 212178.0 212178.0 212178.0 212178.0 212178.0 212178.0 211336.0 210966.0 212178.0 212178.0 212178.0 212178.0 212178.0 211784.0
213209.0 215620.0 216009.0 216009.0 213964.0 212521.0 214375.0 214356.0 216009.0 216009.0 216009.0 205746.0 215786.0 211603.0 202953.0 209051.0 216009.0 216009.0 216009.0 215935.0 216009.0 216009.0 216009.0 216009.0 216009.0 216009.0 216009.0 216009.0 216009.0 216009.0 216009.0 210447.0 211313.0 212668.0 215410.0 209796.0 212752.0 216009.0 216009.0 216009.0 216009.0 216009.0 216009.0 216009.0 216009.0 216009.0 215668.0 211741.0 213153.0 214282.0 215663.0 216009.0 214455.0 214338.0 216009.0 216009.0 216009.0 216004.0 216005.0 215995.0 214105.0 216009.0 216000.0 216009.0 214991.0
219823.0 219823.0 219823.0 219823.0 219823.0 218762.0 219823.0 219823.0 219823.0 219823.0 219748.0 219748.0 219823.0 219823.0 207936.0 207870.0 214612.0 219823.0 219680.0 219823.0 219823.0 219823.0 216628.0 219468.0 219823.0 219823.0 219823.0 219823.0 219823.0 219823.0 219823.0 219823.0 219823.0 219700.0 219823.0 219816.0 219823.0 219823.0 219823.0 219823.0 219823.0 219823.0 219823.0 219823.0 219823.0 219823.0 219823.0 219823.0 219823.0 219673.0 219230.0 216177.0 215682.0 217087.0 217153.0 217005.0 218606.0 219823.0 219822.0 219823.0 179929.0 191469.0 184938.0 186652.0 207532.0
223012.0 223468.0 223620.0 223089.0 223620.0 223482.0 223620.0 223620.0 223620.0 223620.0 223468.0 222282.0 223157.0 222696.0 223316.0 223544.0 207774.0 205533.0 223620.0 223049.0 223620.0 223620.0 223620.0 223620.0 223616.0 223478.0 223617.0 223616.0 223612.0 223612.0 223613.0 223620.0 223620.0 223620.0 223619.0 223620.0 223620.0 223620.0 223620.0 223620.0 223620.0 223620.0 223620.0 223468.0 223620.0 223620.0 223620.0 223620.0 223620.0 223620.0 223620.0 223620.0 223620.0 223620.0 223620.0 223620.0 221509.0 222480.0 223107.0 223619.0 223608.0 210501.0 148259.0 202774.0 203046.0
224395.0 219706.0 227401.0 226996.0 226525.0 224262.0 209819.0 212593.0 221093.0 221075.0 227401.0 227401.0 226221.0 227401.0 227401.0 227401.0 227401.0 220596.0 209693.0 227401.0 227401.0 227323.0 227401.0 223982.0 224199.0 227401.0 227401.0 227401.0 227401.0 227391.0 227399.0 227401.0 227401.0 227400.0 227401.0 227400.0 227399.0 227401.0 227401.0 227401.0 227401.0 227401.0 227401.0 227401.0 227401.0 227401.0 227401.0 227400.0 227401.0 227401.0 227401.0 227401.0 227401.0 227401.0 227401.0 227401.0 227401.0 227401.0 227401.0 227401.0 221226.0 215000.0 178667.0 227401.0 227401.0
230312.0 223788.0 231093.0 221069.0 219924.0 224773.0 227737.0 227286.0 228871.0 230778.0 231164.0 231164.0 231164.0 230772.0 231164.0 231164.0 231164.0 231164.0 219883.0 210795.0 221050.0 223912.0 226076.0 231085.0 231164.0 230058.0 229042.0 231164.0 231164.0 231161.0 231164.0 231164.0 230752.0 231164.0 224661.0 231163.0 231162.0 231164.0 231162.0 231164.0 231164.0 231164.0 231164.0 231164.0 231164.0 231162.0 231164.0 231164.0 231164.0 230927.0 231164.0 231164.0 231164.0 231164.0 231164.0 231164.0 231164.0 231164.0 231164.0 231164.0 231164.0 231164.0 226397.0 231143.0 231140.0
234385.0 227150.0 232439.0 234909.0 234909.0 234909.0 234909.0 234909.0 234909.0 234909.0 234909.0 234909.0 234909.0 234909.0 234909.0 234909.0 234909.0 234909.0 233218.0 206428.0 231725.0 234909.0 234909.0 234909.0 234909.0 234909.0 234907.0 234909.0 234909.0 234906.0 234906.0 234904.0 234909.0 234909.0 234778.0 234909.0 234909.0 234909.0 234909.0 234691.0 234908.0 234909.0 234909.0 234909.0 234909.0 234909.0 234909.0 234909.0 234909.0 234909.0 234909.0 234909.0 234909.0 234909.0 234909.0 234909.0 234909.0 234909.0 234909.0 234909.0 234909.0 234908.0 234905.0 234865.0 234895.0
