critload/trunk/input/2010/nfix_grass_ext.asc
ncols 720
nrows 360
xllcorner -180
yllcorner -90
cellsize 0.5
NODATA_value -2
[rows 64 to 95 of 360, columns 73 to 145 of 720]
-2.0 -2.0 -2.0 -2.0 -2.0 -2.0 -2.0 -2.0 -2.0 -2.0 -2.0 -2.0 -2.0 -2.0 0.0 0.0 0.0 0.0 0.0 0.0 0.0 0.0 0.0 0.0 0.0 0.0 0.0 0.0 0.0 0.0 0.0 0.0 0.0 0.0 0.0 0.0 0.0 0.0 0.0 0.0 0.0 0.0 0.0 0.0 0.0 0.0 0.0 0.0 0.0 0.0 0.0 0.0 22987.695694005433 0.0 0.0 0.0 0.0 0.0 11601.223945628864 0.0 0.0 24269.733428945692 11637.1164321613 0.0 14992.600440987997 10513.276100163514 13794.054985046012 0.0 6487.697601322335 17000.869751007387 10798.39801784856 10226.390838582989 9678.99513239545
-2.0 -2.0 -2.0 -2.0 -2.0 -2.0 -2.0 -2.0 -2.0 -2.0 -2.0 -2.0 -2.0 -2.0 -2.0 39325.450897244555 0.0 0.0 1523.219943045197 1827.7349471999532 0.0 1010.9200477604504 0.0 0.0 0.0 0.0 0.0 0.0 0.0 0.0 0.0 0.0 0.0 0.0 0.0 0.0 0.0 0.0 0.0 0.0 0.0 0.0 0.0 0.0 0.0 0.0 0.0 0.0 0.0 0.0 0.0 0.0027842581857734704 0.015285298332001696 0.0 0.0 0.0 0.0 0.0 0.0 0.0 0.0 0.0 0.0 12922.400474529988 0.0 0.0 10461.940765371519 2993.2782650022637 11356.054067580626 0.0 10998.521804847274 11984.14039612574 5078.047752367798
-2.0 -2.0 -2.0 -2.0 -2.0 -2.0 -2.0 -2.0 -2.0 -2.0 -2.0 -2.0 -2.0 -2.0 -2.0 -2.0 5088.799953468686 0.0 7176.535129546079 27024.925589513048 27672.62554178446 13818.050384522838 0.0 0.0 0.0 0.0 0.0 0.0 0.0 0.0 0.0 0.0 0.0 0.0 0.0 0.0 0.0 0.0 0.0 0.0 0.0 0.0 0.0 0.0 0.0 0.005637037702397377 0.0 0.0 0.008464872962576185 0.0 0.0 0.0 11728.29443301909 0.0 0.0 0.0 0.0 0.0 0.0 0.0 0.0 0.0 0.0 0.0 0.0 0.0 0.0 11745.79906459241 35567.28935242786 14590.19184117192 0.0 3315.2017593283113 0.0
-2.0 -2.0 -2.0 -2.0 -2.0 -2.0 -2.0 -2.0 -2.0 -2.0 -2.0 -2.0 -2.0 -2.0 -2.0 -2.0 -2.0 0.0 0.0 0.0 10807.794928554198 4150.600075712864 27069.274902298588 0.0 0.0 0.0 0.0 0.0 0.0 0.0 0.0 0.0 0.0 0.0 0.0 0.0 0.0 0.0 0.0 0.0 0.0 0.0 0.0 6221.25625610549 0.0 3338.3356789758636 0.024209997150198025 3648.1354544295887 0.021416127083309387 0.04272397052321814 0.019996019659602095 0.019874403392317986 1291.6960444163099 0.004281991664357337 0.0 23361.15550999022 0.0 0.0 0.0 0.0 0.0 0.0 0.0 0.0 0.0 0.0 0.0 16377.187728833569 23946.15793232526 6115.091323860079 1860.0392341568631 16413.35105897229 24018.77498622944
-2.0 -2.0 -2.0 -2.0 -2.0 -2.0 -2.0 -2.0 -2.0 -2.0 -2.0 -2.0 -2.0 -2.0 -2.0 -2.0 -2.0 -2.0 -2 0.0 16862.24937439026 9415.760040269099 3279.210090638549 10248.800277723529 69585.40153498278 0.0 1567.3650503181054 0.0 0.0 0.0 0.0 0.0 0.0 0.0 0.0 0.0 0.0 0.0 0.0 0.0 0.0 0.0 0.0 0.0 7662.096023543261 0.0947467660807716 0.1103252569687687 4834.515182257992 0.01291998307802487 0.0387893206834765 0.04608244000781023 4418.580835942592 0.031723681104263296 20790.7035526212 2785.006029002344 32668.26343535211 21186.295509378477 12200.0265121139 0.0 10445.827484105139 0.0 0.0 0.0 0.0 0.0 0.0 0.0 0.0 0.0 6128.417968697594 4116.78218842215 13468.122482323826 0.0
-2.0 -2.0 -2.0 -2.0 -2.0 -2.0 -2.0 -2.0 -2.0 -2.0 -2.0 -2.0 -2.0 -2.0 -2.0 -2.0 -2.0 -2.0 -2.0 -2 1338.0800485609213 4710.434913643307 15378.749847352316 0.0 25108.00027848179 0.0 0.0 23886.58523567161 12201.422691330947 12203.11737062344 0.0 0.0 0.0 0.0 0.0 0.0 0.0 0.0 0.0 0.0 19571.518898014925 0.0 0.0 0.0 0.0 0.0 0.0 0.017557919363723737 0.046101143652870435 11.678062597580839 8913.400655790741 9449.512928683063 1087.606958544341 23420.532847631745 7637.0680740261205 23667.938345792285 12476.392801416214 34142.97476340052 29595.358848608852 32552.799463282176 30690.4726028231 23476.286888124334 9693.241250016115 17865.130424487164 12148.525238002574 0.0 0.0 0.0 0.0 12203.091621418882 0.0 20066.333293935164 4766.891002654694
-2.0 -2.0 -2.0 -2.0 -2.0 -2.0 -2.0 -2.0 -2.0 -2.0 -2.0 -2.0 -2.0 -2.0 -2.0 -2.0 -2.0 -2.0 -2.0 -2.0 0.0 0.0 0.0 -2.0 0.0 0.0 23346.210479695324 11542.846679703416 0.0 22855.535507209344 0.0 0.0 201.2070417406589 0.0 3849.8711586022278 0.0 0.0 0.0 0.0 0.0 0.0 0.0 0.0 0.0 0.0 0.0 0.0 0.0 153.32351624984233 891.3448631956244 0.0 7886.453628543046 9491.540718762508 14508.693218244507 8398.530960075297 72.55444675669344 0.0 45082.9949380277 23887.959957181112 21567.68687182128 0.036965934214125085 26073.25796077446 31268.17142376695 47285.44268317627 12664.9198532194 5219.426901664774 26660.647392342922 13663.914680495209 4132.6251029875475 0.0 0.0 0.0 5527.973234655192
-2.0 -2.0 -2.0 -2.0 -2.0 -2.0 -2.0 -2.0 -2.0 -2.0 -2.0 -2.0 -2.0 -2.0 -2.0 -2.0 -2.0 -2.0 -2.0 -2.0 6564.5895004096155 24396.369934116236 0.0 0.0 -2.0 0.0 35177.71530139838 23959.91802215867 0.0 24399.275779695923 0.0 0.0 0.0 0.0 0.0 0.0 0.0 0.0 10755.546714006374 0.007512956472054623 0.0 37986.30380633683 18477.935790964577 0.0 0.0 0.0 0.0 0.0 0.0 0.0 0.0 0.0 0.0 32258.47434996527 12200.166702253746 13628.361978277228 8887.998321495783 0.0628025534296397 1456.2739585758754 3521.4381166394905 0.8126545350237937 15690.012051407068 21747.60348945509 10167.702337949973 604.1235013105485 34311.977116880415 68305.25653505395 44118.126063664284 7634.957303792708 3.497098015485773 8837.573281167162 19541.48864746122 0.0
-2.0 -2.0 -2.0 -2.0 -2.0 -2.0 -2.0 -2.0 -2.0 -2.0 -2.0 -2.0 -2.0 -2.0 -2.0 -2.0 -2.0 -2.0 -2.0 -2.0 23713.24920649727 109744.63272096102 72034.52301044254 9724.132537837642 -2.0 0.0 15657.17887882332 44137.15267165865 29960.443019876388 11561.250686644269 0.0 0.0 0.0 0.0 0.0 0.0 0.0 0.0 7221.738338491115 12188.153266932366 0.0 57657.54818156941 0.0 0.0 0.0 0.0 0.0 0.0 0.0 0.0 0.0 0.0 0.0 1540.41308164916 12951.338574116646 3776.626418155375 0.036187466434896794 2084.6851710693913 3.7363811915140612 3919.2621973634814 1586.3677824301403 1416.932908831288 7084.357478554202 0.05290582691936971 0.05224644007729326 0.07859034883516768 17212.370201838643 46056.16097188128 13979.735798001664 4498.309181647632 28297.92165759464 2931.9165497962463 8422.362998827259
-2.0 -2.0 -2.0 -2.0 -2.0 -2.0 -2.0 -2.0 -2.0 -2.0 -2.0 -2.0 -2.0 -2.0 -2.0 -2.0 -2.0 -2.0 -2.0 -2.0 -2.0 10336.409568793199 11105.253219571063 13939.795613313854 -2.0 -2.0 0.0 0.0 4249.500274660823 34490.154266373385 10882.272720302008 0.0 0.0 0.0 0.0 0.0 0.0 0.0 0.0 0.0 0.0 18198.880672494703 110.79441756044207 0.0 0.0 0.0 0.0 0.0 0.0 0.0 0.0 35817.53730772263 0.0 0.0 0.0 10188.760757488859 28503.32238091356 228.65642475554642 2046.9300784887512 10.620622504842709 4832.5051320743605 25415.23444863635 26411.12728074311 18714.59256437556 0.05815952442852258 1182.202265298969 0.06097300297379888 18.315328168742422 61.65044137754896 20.361226517679064 8920.512896753886 13886.883896656329 288126.07121455244
-2.0 -2.0 -2.0 -2.0 -2.0 -2.0 -2.0 -2.0 -2.0 -2.0 -2.0 -2.0 -2.0 -2.0 -2.0 -2.0 -2.0 -2.0 -2.0 -2.0 -2.0 -2.0 0.0 8939.610481274536 0.0 -2.0 -2.0 -2.0 0.0 10317.417144842073 16700.433254205378 0.0 0.0 0.0 0.0 0.0 0.0 0.0 0.0 0.0 0.0 7586.6074561945325 3815.817225389394 0.0 0.0 0.0 0.0 0.0 0.0 0.0 0.0 0.0 0.0 0.0 0.0 12176.982879637262 14324.882745721026 4288.883511413516 4800.728332237171 6324.29575820889 8653.354960772174 0.03383645639599757 9957.445189545357 0.07621615171163909 0.044913614374239894 25492.547571661926 172623.58808476393 123724.5115871185 153130.68452628405 134917.81554239153 16143.114542743897 31474.993143565975 33906.970146523505
-2.0 -2.0 -2.0 -2.0 -2.0 -2.0 -2.0 -2.0 -2.0 -2.0 -2.0 -2.0 -2.0 -2.0 -2.0 -2.0 -2.0 -2.0 -2.0 -2.0 -2.0 -2.0 -2.0 0.0 0.0 -2.0 -2.0 -2.0 -2.0 0.0 7516.6001320026735 0.0 26406.74972530669 0.0 0.0 0.0 12161.79275507496 0.0 0.0 17351.205825822864 0.0 0.0 72311.65122974526 13959.017753580383 0.0 0.0 0.0 0.0 0.0 0.0 0.0 0.0 0.0 0.0 0.0 0.0 30970.530271578507 17790.93420485781 1388.0583545234188 6997.573103205624 8207.74321623775 12605.102836557546 275477.91981782665 256692.6744777726 117651.7515741694 186659.3766209495 128378.9300922419 112446.21181461972 54204.8639542197 24137.482545178842 22945.66171104448 22715.997581264583 15772.949469472616
-2.0 -2.0 -2.0 -2.0 -2.0 -2.0 -2.0 -2.0 -2.0 -2.0 -2.0 -2.0 -2.0 -2.0 -2.0 -2.0 -2.0 -2.0 -2.0 -2.0 -2.0 -2.0 -2.0 -2.0 -2.0 -2.0 -2.0 -2.0 -2.0 -2.0 950.1150250446834 5721.700191476368 53402.30178819119 0.0 0.0 0.0 0.0 0.0 17637.300491335976 0.0 0.0 0.0 111515.8743865047 0.0 24904.956817647068 0.0 0.0 0.0 0.0 0.0 0.0 0.0 0.0 0.0 0.0 0.0 0.0 22666.34394269657 1427.4213224787563 22264.603933827428 10173.695961649344 17487.951868356045 135750.75750012818 0.0 0.0 0.0 0.0 0.0 247440.76514232848 178574.4826789822 184990.49233326496 95759.26262132764 56029.394461370866
-2.0 -2.0 -2.0 -2.0 -2.0 -2.0 -2.0 -2.0 -2.0 -2.0 -2.0 -2.0 -2.0 -2.0 -2.0 -2.0 -2.0 -2.0 -2.0 -2.0 -2.0 -2.0 -2.0 -2.0 -2.0 -2.0 -2.0 -2.0 -2.0 -2.0 -2.0 0.0 17738.550186185366 76131.65092467784 77159.54971325074 40621.44947054553 0.0 0.0 0.0 22053.350448639994 0.0 53792.499542180056 22290.416717541644 99076.78222648894 0.0 0.0 0.0 0.0 12944.35024257772 0.0 0.0 0.0 0.0 0.0 0.0 0.0 0.0 18263.6583437319 54022.92621868593 17850.804093406554 256.1758294339439 65833.40395476481 328714.52498389804 0.0 0.0 0.0 0.0 0.0 290658.8540080973 195873.02041048178 0.0 186366.15359823214 164886.83009176343
-2.0 -2.0 -2.0 -2.0 -2.0 -2.0 -2.0 -2.0 -2.0 -2.0 -2.0 -2.0 -2.0 -2.0 -2.0 -2.0 -2.0 -2.0 -2.0 -2.0 -2.0 -2.0 -2.0 -2.0 -2.0 -2.0 -2.0 -2.0 -2.0 -2.0 0.0 0.0 41496.20962141741 17994.89974977957 51379.79888931902 47513.0500792729 53012.05062861497 65994.50016031544 16477.199554411407 0.0 0.0 0.0 0.0 0.0 46578.85742185876 46669.63577258146 134470.0469969188 25282.816648388107 19916.12484765437 22203.186035153507 0.0 0.0 0.0 0.0 0.0 0.0 0.0 509.61190462212215 91084.20580782047 52748.19935719222 53699.03341194291 173892.87201227323 246394.18152390682 258277.2626463425 0.0 0.0 0.0 0.0 0.0 332615.96989621874 313693.8190454712 190235.60702763908 158479.59685326426
-2.0 -2.0 -2.0 -2.0 -2.0 -2.0 -2.0 -2.0 -2.0 -2.0 -2.0 -2.0 -2.0 -2.0 -2.0 -2.0 -2.0 -2.0 -2.0 -2.0 -2.0 -2.0 -2.0 -2.0 -2.0 -2.0 -2.0 -2.0 -2.0 -2.0 -2.0 2448.9400386806424 0.0 0.0 0.0 0.0 39052.229642875674 72526.70919927392 44934.53979486599 15350.000381411273 17601.49955755421 0.0 0.0 0.0 23166.742324796636 21912.09983818693 92720.11136992462 0.0 76580.1173701082 11981.706857683293 0.0 0.0 0.0 0.0 0.0 0.0 0.0 0.0 25121.714326427005 53691.42873319105 101161.8968956926 168154.17385110335 92002.35131873144 207390.4915461398 0.0 0.0 0.0 0.0 0.0 329761.8899348894 240403.75304212474 89796.2053717999 158371.09702790386
-2.0 -2.0 -2.0 -2.0 -2.0 -2.0 -2.0 -2.0 -2.0 -2.0 -2.0 -2.0 -2.0 -2.0 -2.0 -2.0 -2.0 -2.0 -2.0 -2.0 -2.0 -2.0 -2.0 -2.0 -2.0 -2.0 -2.0 -2.0 -2.0 -2.0 -2.0 -2.0 0.0 16556.30981922218 0.0 81451.850891306 112217.28515639593 67185.92112244191 6638.6899948367845 0.0 0.0 27858.100891095422 0.0 27715.299606328976 0.0 0.0 0.0 58174.7293472389 8614.989788309333 0.0 0.0 0.0 0.0 0.0 0.0 127322.71003751543 0.0 0.0 33548.3033572518 192547.32027658538 121714.97601921792 35919.729546209484 164394.30239740398 126744.52805570238 192314.84413115314 0.0 0.0 0.0 0.0 231271.16608551503 199548.60161056241 173916.68793198868 95456.51841218547
-2.0 -2.0 -2.0 -2.0 -2.0 -2.0 -2.0 -2.0 -2.0 -2.0 -2.0 -2.0 -2.0 -2.0 -2.0 -2.0 -2.0 -2.0 -2.0 -2.0 -2.0 -2.0 -2.0 -2.0 -2.0 -2.0 -2.0 -2.0 -2.0 -2.0 -2.0 -2.0 -2.0 -2.0 0.0 1266.8490409833073 28047.70088200647 15855.296168777813 67498.59929088381 0.0 34472.4607992994 72674.60031250106 17763.751760098028 2723.2251223951143 22276.933670054674 0.0 0.0 150996.20997872506 74943.72367869997 15363.492965734753 3888.2162570948285 14694.592475894893 0.0 0.0016745894981841148 0.006709599347249427 27370.853424128683 21211.330413836553 0.0 12513.886153751917 2050.711211413673 66893.5292401151 88303.13391635325 305840.29434482614 286051.4574054501 350271.04544666683 0.0 0.0 0.0 0.0 0.0 347918.56336570496 334654.59632871416 343275.6639976909
-2.0 -2.0 -2.0 -2.0 -2.0 -2.0 -2.0 -2.0 -2.0 -2.0 -2.0 -2.0 -2.0 -2.0 -2.0 -2.0 -2.0 -2.0 -2.0 -2.0 -2.0 -2.0 -2.0 -2.0 -2.0 -2.0 -2.0 -2.0 -2.0 -2.0 -2.0 -2.0 -2.0 -2.0 -2.0 -2.0 0.0 0.0 0.0 19129.226457340825 38215.543458562744 65617.64796622033 29590.53485660767 0.0 27423.170089720097 0.0 27383.920669586438 221253.80325330782 400931.4403532282 110016.31164559469 97915.08865349423 59838.39035033034 0.0 8331.199645993409 24646.024703980867 28221.742630016 97908.3404543705 56801.09977726227 28423.95019535335 53752.231597887985 136070.07026610457 432602.5876994232 0.0 0.0 0.0 0.0 0.0 0.0 0.0 0.0 0.0 0.0 0.0
-2.0 -2.0 -2.0 -2.0 -2.0 -2.0 -2.0 -2.0 -2.0 -2.0 -2.0 -2.0 -2.0 -2.0 -2.0 -2.0 -2.0 -2.0 -2.0 -2.0 -2.0 -2.0 -2.0 -2.0 -2.0 -2.0 -2.0 -2.0 -2.0 -2.0 -2.0 -2.0 -2.0 -2.0 -2.0 -2.0 -2.0 0.0 11278.813123669495 0.0 63043.3441622595 81812.83771994813 111915.62383981157 0.0 28703.64952093693 28657.199859619246 223153.3660889656 0.0 0.0 280673.91777000483 323188.49468258186 213077.60620175107 171033.30516769786 28034.275054905636 36203.61232759643 82831.18438741617 198307.72781364399 140408.34999069816 167162.37616534746 57267.90046703795 0.0 347824.007035062 458746.2100991366 467397.8347775142 0.0 0.0 0.0 0.0 0.0 0.0 0.0 0.0 0.0
-2.0 -2.0 -2.0 -2.0 -2.0 -2.0 -2.0 -2.0 -2.0 -2.0 -2.0 -2.0 -2.0 -2.0 -2.0 -2.0 -2.0 -2.0 -2.0 -2.0 -2.0 -2.0 -2.0 -2.0 -2.0 -2.0 -2.0 -2.0 -2.0 -2.0 -2.0 -2.0 -2.0 -2.0 -2.0 -2.0 -2.0 0.0 6995.500087743701 0.0 0.0 54579.94079593919 51863.52089610013 5339.147299529728 86481.64939870274 46406.24237055266 485310.07575952343 0.0 357079.5631115002 0.0 0.0 0.0 51299.81129236715 37770.043153432554 0.0 27999.56321710663 86296.49925250262 348280.9133525566 382228.54757191037 28796.40007018277 0.0 28349.851608246936 0.0 496052.2155759189 0.0 0.0 0.0 0.0 0.0 0.0 0.0 0.0 0.0
-2.0 -2.0 -2.0 -2.0 -2.0 -2.0 -2.0 -2.0 -2.0 -2.0 -2.0 -2.0 -2.0 -2.0 -2.0 -2.0 -2.0 -2.0 -2.0 -2.0 -2.0 -2.0 -2.0 -2.0 -2.0 -2.0 -2.0 -2.0 -2.0 -2.0 -2.0 -2.0 -2.0 -2.0 -2.0 -2.0 -2.0 -2.0 58747.712612061114 28886.97051991903 51962.42523194736 102217.00000738873 30168.869711712352 34.01116654278909 116384.55009464391 189475.4195216166 499052.527904734 405837.25007261353 504094.1544958816 0.0 0.0 0.0 280127.5415417444 201.55642181664507 0.0 0.0 0.0 207899.99008189802 411233.2935318598 86881.1111448677 136548.6335757137 103183.6872098268 0.0 0.0 0.0 494389.3718706202 0.0 0.0 0.0 0.0 0.0 0.0 0.0
-2.0 -2.0 -2.0 -2.0 -2.0 -2.0 -2.0 -2.0 -2.0 -2.0 -2.0 -2.0 -2.0 -2.0 -2.0 -2.0 -2.0 -2.0 -2.0 -2.0 -2.0 -2.0 -2.0 -2.0 -2.0 -2.0 -2.0 -2.0 -2.0 -2.0 -2.0 -2.0 -2.0 -2.0 -2.0 -2.0 -2.0 -2.0 0.0 117563.48848321459 68661.19575515074 238154.95157261268 38593.06240087874 58877.49862662877 29393.299102820623 485339.97964840976 564388.2805463417 513553.05290343636 501247.32303572143 270052.3249439929 481306.9691669453 247926.08737847535 161602.230072701 95363.51323112757 22.897101938802802 0.0 0.0 0.0 221324.2940906036 295291.1033634836 381667.93274963147 448527.57644797873 487471.282005554 0.0 384973.92082297994 221897.1996302353 405507.38716247777 503705.15251263505 349924.81803942117 0.0 0.0 0.0 0.0
-2.0 -2.0 -2.0 -2.0 -2.0 -2.0 -2.0 -2.0 -2.0 -2.0 -2.0 -2.0 -2.0 -2.0 -2.0 -2.0 -2.0 -2.0 -2.0 -2.0 -2.0 -2.0 -2.0 -2.0 -2.0 -2.0 -2.0 -2.0 -2.0 -2.0 -2.0 -2.0 -2.0 -2.0 -2.0 -2.0 -2.0 -2.0 -2.0 88944.00501278427 64677.30712887093 128006.02602939986 0.0 29800.350189262095 84548.53248615043 501990.2913075816 391793.3492257277 234144.44743734872 425364.24074376153 305738.3668418769 95475.313503847 140848.06823807646 524170.6008902299 221856.08720828578 507.5255334378676 1205.4092884076822 0.0 0.0 166956.7542070686 109877.60162424792 142340.7421110571 379638.24367564725 228628.68881315878 0.0 510066.40052882145 478338.8876927238 361089.9238597412 0.0 0.0 0.0 0.0 0.0 0.0
-2.0 -2.0 -2.0 -2.0 -2.0 -2.0 -2.0 -2.0 -2.0 -2.0 -2.0 -2.0 -2.0 -2.0 -2.0 -2.0 -2.0 -2.0 -2.0 -2.0 -2.0 -2.0 -2.0 -2.0 -2.0 -2.0 -2.0 -2.0 -2.0 -2.0 -2.0 -2.0 -2.0 -2.0 -2.0 -2.0 -2.0 -2.0 -2.0 0.0 12280.502736546452 3864.499386167859 5008.12461412615 7338.984012598097 190305.16386023187 323990.64063999587 0.0 323420.93265557964 347290.5291074661 383461.8144023748 253300.56190419072 223619.06528513518 463226.043701946 504286.7259987219 139802.8326039262 0.0 0.0 0.0 57202.45552069899 105822.99423242043 127185.29319780914 371285.8715058334 0.0 0.0 448298.62689991127 284163.57421849854 487147.7947241473 0.0 0.0 0.0 0.0 0.0 0.0
-2.0 -2.0 -2.0 -2.0 -2.0 -2.0 -2.0 -2.0 -2.0 -2.0 -2.0 -2.0 -2.0 -2.0 -2.0 -2.0 -2.0 -2.0 -2.0 -2.0 -2.0 -2.0 -2.0 -2.0 -2.0 -2.0 -2.0 -2.0 -2.0 -2.0 -2.0 -2.0 -2.0 -2.0 -2.0 -2.0 -2.0 -2.0 -2.0 15547.640154204311 81562.52169835001 9267.590974616864 2408.251054582238 30113.44909662955 353964.2753604427 386783.2870487324 453190.097809642 358550.67253181856 463880.1155092297 0.0 325445.90282482584 214326.24411629874 145728.83260292967 260680.83763119797 107134.7293854371 28879.962921158254 30290.950775216657 60315.79971320257 59920.64857483412 137096.05789160405 303724.72381575394 0.0 0.0 338185.07957472577 0.0 151832.58438131993 60226.89819344286 361981.0066224714 464883.91208749823 0.0 0.0 0.0 0.0
-2.0 -2.0 -2.0 -2.0 -2.0 -2.0 -2.0 -2.0 -2.0 -2.0 -2.0 -2.0 -2.0 -2.0 -2.0 -2.0 -2.0 -2.0 -2.0 -2.0 -2.0 -2.0 -2.0 -2.0 -2.0 -2.0 -2.0 -2.0 -2.0 -2.0 -2.0 -2.0 -2.0 -2.0 -2.0 -2.0 -2.0 -2.0 0.0 27253.919601456815 109450.18746834944 51424.7263372417 0.0 59427.20031728572 385835.69666738284 384527.0690920029 448397.4914562656 447161.1213690925 548578.2308581342 121825.59776374159 118242.22326246041 373665.12065405166 387604.0802007154 409821.403503865 184186.91635101085 0.0 0.0 30379.299163898686 30308.599472101996 113057.04307576414 201043.90525847976 430703.9356234168 368823.72283945384 131353.58619678937 88209.32197564759 0.0 0.0 119828.82308931739 519701.6267765907 0.0 906022.9463591602 347831.07757631585 317769.70100404974
-2.0 -2.0 -2.0 -2.0 -2.0 -2.0 -2.0 -2.0 -2.0 -2.0 -2.0 -2.0 -2.0 -2.0 -2.0 -2.0 -2.0 -2.0 -2.0 -2.0 -2.0 -2.0 -2.0 -2.0 -2.0 -2.0 -2.0 -2.0 -2.0 -2.0 -2.0 -2.0 -2.0 -2.0 -2.0 -2.0 -2.0 -2.0 43250.9708404683 0.0 75054.43316617866 87221.86756112933 0.0 90555.33599878466 531229.2966838188 340423.85196625546 284559.04388423765 407252.66075089655 286368.62373320916 178033.214569067 309525.57086956984 476241.0793302607 365691.6522977924 290986.5303046174 283891.62254331453 89197.1054076759 0.0 0.0 30618.463516206073 59464.24865719353 60613.7237548407 135102.64587354695 144185.61172464138 266836.214065502 42236.036300609034 0.0 0.0 152557.90710442257 440204.4124600484 0.0 822365.1571280224 0.0 264587.8238673125
-2.0 -2.0 -2.0 -2.0 -2.0 -2.0 -2.0 -2.0 -2.0 -2.0 -2.0 -2.0 -2.0 -2.0 -2.0 -2.0 -2.0 -2.0 -2.0 -2.0 -2.0 -2.0 -2.0 -2.0 -2.0 -2.0 -2.0 -2.0 -2.0 -2.0 -2.0 -2.0 -2.0 -2.0 -2.0 -2.0 -2.0 -2.0 72623.21281442241 11447.860717735315 54356.69612878236 20160.37845617882 0.0 90473.026275826 270574.2130290111 340394.01245157607 345217.329025394 318185.36376949836 326578.30047664593 372946.10309643205 481931.47468597733 490396.7752464416 357323.8318560064 43552.15735196576 309389.1274682113 202893.57376110484 54171.918869004236 30101.087570218075 86983.243942383 117486.85073907649 73000.63133241546 133273.9740607181 94164.67118250349 83590.29120201239 124665.90929053882 143033.84017907668 29926.042556771674 122138.08441195208 275023.34213224717 0.0 0.0 0.0 0.0
-2.0 -2.0 -2.0 -2.0 -2.0 -2.0 -2.0 -2.0 -2.0 -2.0 -2.0 -2.0 -2.0 -2.0 -2.0 -2.0 -2.0 -2.0 -2.0 -2.0 -2.0 -2.0 -2.0 -2.0 -2.0 -2.0 -2.0 -2.0 -2.0 -2.0 -2.0 -2.0 -2.0 -2.0 -2.0 -2.0 -2.0 -2.0 98825.33740982786 0.0 151118.9346310842 0.0 0.0 125294.14939825589 263831.13098210894 308701.4884947368 314923.12002153916 405107.04612751206 418577.92472836474 461351.5300745159 494396.4900971784 524283.30612246296 538885.2634432246 191187.51525904008 395424.9572756514 383870.36705137347 314175.68778965424 192094.66743461858 230100.25787317005 140480.33332822332 180295.88890139427 114360.3501317589 272839.12856107164 231436.68937683385 84003.3579636253 171024.46937633498 110739.5343781602 118596.2238313723 398053.63845893426 0.0 0.0 0.0 0.0
-2.0 -2.0 -2.0 -2.0 -2.0 -2.0 -2.0 -2.0 -2.0 -2.0 -2.0 -2.0 -2.0 -2.0 -2.0 -2.0 -2.0 -2.0 -2.0 -2.0 -2.0 -2.0 -2.0 -2.0 -2.0 -2.0 -2.0 -2.0 -2.0 -2.0 -2.0 -2.0 -2.0 -2.0 -2.0 -2.0 -2.0 0.0 14360.056877103505 0.0 0.0 35320.91999049875 29959.465026844224 164135.70690214285 211387.74681174522 237681.92481957225 340526.4129645165 405863.8401031066 422473.15978919936 473384.490966958 497150.0549305854 536260.8337390836 500576.5285480448 342174.84855663177 250300.29344562022 189536.35209597883 314996.72126791463 79963.87398228634 105639.14680471626 87229.38728311911 217015.0003144266 255783.9584350854 323493.99232847977 175896.68369294712 73624.62043773428 19193.344116226806 411670.9403981274 490981.6875444812 153980.14831531412 490297.65224436676 0.0 0.0 0.0
-2.0 -2.0 -2.0 -2.0 -2.0 -2.0 -2.0 -2.0 -2.0 -2.0 -2.0 -2.0 -2.0 -2.0 -2.0 -2.0 -2.0 -2.0 -2.0 -2.0 -2.0 -2.0 -2.0 -2.0 -2.0 -2.0 -2.0 -2.0 -2.0 -2.0 -2.0 -2.0 -2.0 -2.0 -2.0 -2.0 -2.0 -2.0 5092.862129199553 0.0 37711.82250980294 132983.6592669936 73175.76408386999 196214.9281507068 370410.9969137239 257408.18166751033 308384.7093578515 358576.12133131886 378048.8605503029 396577.49557443685 465641.39747663756 467114.6049499223 441770.29418904596 253423.9330287893 234538.48075908044 250377.35938994726 309451.4846804308 294567.80362159293 147356.30273864255 129932.08835564162 222481.51254642665 298021.6178889234 353833.19187140465 137654.6096796421 165720.17049757089 311978.88183618366 0.0 0.0 0.0 0.0 0.0 0.0 0.0
