critload/trunk/input/2010/nfix_grass_ext.asc
ncols 720
nrows 360
xllcorner -180
yllcorner -90
cellsize 0.5
NODATA_value -2
[rows 128 to 159 of 360, columns 292 to 364 of 720]
-2.0 -2.0 -2.0 -2.0 -2.0 -2.0 -2.0 -2.0 -2.0 -2.0 -2.0 -2.0 -2.0 -2.0 -2.0 -2.0 -2.0 -2.0 -2.0 -2.0 -2.0 -2.0 -2.0 -2.0 -2.0 -2.0 -2.0 -2.0 -2.0 -2.0 -2.0 -2.0 -2.0 -2.0 -2.0 -2.0 -2.0 -2.0 64153.94592288308 463009.3803396044 534828.0143744395 417322.58987353154 383527.96554567677 383717.6666255368 0.0 0.0 0.0 0.0 0.0 0.0 0.0 0.0 0.0 0.0 0.0 0.0 0.0 38600.399017336415 0.0 0.0 0.0 0.0 0.0 0.0 0.0 0.0 0.0 0.0 0.0 0.0 0.0 0.0 0.0
-2.0 -2.0 -2.0 -2.0 -2.0 -2.0 -2.0 -2.0 -2.0 -2.0 -2.0 -2.0 -2.0 -2.0 -2.0 -2.0 -2.0 -2.0 -2.0 -2.0 -2.0 -2.0 -2.0 -2.0 -2.0 -2.0 -2.0 -2.0 -2.0 -2.0 -2.0 -2.0 -2.0 -2.0 -2.0 -2.0 -2.0 -2.0 154509.70458952698 310690.39154039294 116395.40100120053 349560.4858400038 310530.7922365557 308734.51614390657 0.0 0.0 0.0 0.0 0.0 0.0 0.0 0.0 0.0 0.0 0.0 0.0 0.0 0.0 0.0 0.0 0.0 0.0 0.0 0.0 0.0 0.0 0.0 0.0 0.0 0.0 0.0 0.0 0.0
-2.0 -2.0 -2.0 -2.0 -2.0 -2.0 -2.0 -2.0 -2.0 -2.0 -2.0 -2.0 -2.0 -2.0 -2.0 -2.0 -2.0 -2.0 -2.0 -2.0 -2.0 -2.0 -2.0 -2.0 -2.0 -2.0 -2.0 -2.0 -2.0 -2.0 -2.0 -2.0 -2.0 -2.0 -2.0 -2.0 -2.0 -2.0 155034.14917016606 156056.5452574159 155326.6296393762 272773.36502071854 155065.75393640317 154675.09460490767 0.0 0.0 0.0 0.0 0.0 0.0 0.0 0.0 0.0 0.0 0.0 0.0 0.0 0.0 0.0 0.0 0.0 0.0 0.0 0.0 0.0 0.0 0.0 0.0 0.0 0.0 0.0 0.0 0.0
-2.0 -2.0 -2.0 -2.0 -2.0 -2.0 -2.0 -2.0 -2.0 -2.0 -2.0 -2.0 -2.0 -2.0 -2.0 -2.0 -2.0 -2.0 -2.0 -2.0 -2.0 -2.0 -2.0 -2.0 -2.0 -2.0 -2.0 -2.0 -2.0 -2.0 -2.0 -2.0 -2.0 -2.0 -2.0 -2.0 0.0 105817.8997035025 117493.9994810708 195703.94897474456 156599.04861472215 234860.09979326546 154930.47714193817 117001.13677980394 0.0 0.0 0.0 0.0 0.0 0.0 0.0 0.0 0.0 0.0 0.0 0.0 0.0 0.0 0.0 0.0 0.0 0.0 0.0 0.0 0.0 0.0 0.0 0.0 0.0 0.0 0.0 0.0 0.0
-2.0 -2.0 -2.0 -2.0 -2.0 -2.0 -2.0 -2.0 -2.0 -2.0 -2.0 -2.0 -2.0 -2.0 -2.0 -2.0 -2.0 -2.0 -2.0 -2.0 -2.0 -2.0 -2.0 -2.0 -2.0 -2.0 -2.0 -2.0 -2.0 -2.0 -2.0 -2.0 -2.0 -2.0 -2.0 -2.0 97520.37048295795 196541.40090936332 117975.25024413299 117899.70016490652 157132.25173908434 117900.04730236091 117899.70016490652 117874.54986583251 0.0 0.0 0.0 0.0 0.0 0.0 0.0 0.0 0.0 0.0 0.0 0.0 0.0 0.0 0.0 0.0 0.0 0.0 0.0 0.0 0.0 0.0 0.0 0.0 0.0 0.0 0.0 0.0 0.0
-2.0 -2.0 -2.0 -2.0 -2.0 -2.0 -2.0 -2.0 -2.0 -2.0 -2.0 -2.0 -2.0 -2.0 -2.0 -2.0 -2.0 -2.0 -2.0 -2.0 -2.0 -2.0 -2.0 -2.0 -2.0 -2.0 -2.0 -2.0 -2.0 -2.0 -2.0 -2.0 -2.0 -2.0 -2.0 19242.914199818893 134319.2996980035 118446.25091565968 118421.7529299176 118372.3526001946 118372.55096451927 118323.2498170262 37825.607299835676 0.0 0.0 0.0 0.0 0.0 0.0 0.0 0.0 0.0 0.0 0.0 0.0 0.0 0.0 0.0 0.0 0.0 0.0 0.0 0.0 0.0 0.0 0.0 0.0 0.0 0.0 0.0 0.0 0.0 0.0
-2.0 -2.0 -2.0 -2.0 -2.0 -2.0 -2.0 -2.0 -2.0 -2.0 -2.0 -2.0 -2.0 -2.0 -2.0 -2.0 -2.0 -2.0 -2.0 -2.0 -2.0 -2.0 -2.0 -2.0 -2.0 -2.0 -2.0 -2.0 -2.0 -2.0 -2.0 -2.0 -2.0 -2.0 -2.0 94330.40571170105 118714.0502927907 118714.14566054032 118834.75112922344 158317.49725320848 118907.19985955424 79158.74862678046 0.0 0.0 0.0 0.0 0.0 0.0 0.0 0.0 0.0 0.0 0.0 0.0 0.0 0.0 0.0 0.0 0.0 0.0 0.0 0.0 0.0 0.0 0.0 0.0 0.0 0.0 0.0 0.0 0.0 0.0 0.0
-2.0 -2.0 -2.0 -2.0 -2.0 -2.0 -2.0 -2.0 -2.0 -2.0 -2.0 -2.0 -2.0 -2.0 -2.0 -2.0 -2.0 -2.0 -2.0 -2.0 -2.0 -2.0 -2.0 -2.0 -2.0 -2.0 -2.0 -2.0 -2.0 -2.0 -2.0 -2.0 -2.0 -2.0 46115.045070629945 145045.62234938913 119192.74902360147 159057.7507024454 159010.1013181646 119216.64810189889 119334.40017719741 118242.71392829187 0.0 0.0 0.0 0.0 0.0 0.0 0.0 0.0 0.0 0.0 0.0 0.0 0.0 0.0 0.0 0.0 0.0 0.0 0.0 0.0 0.0 0.0 0.0 0.0 0.0 0.0 0.0 0.0 0.0 0.0 0.0
-2.0 -2.0 -2.0 -2.0 -2.0 -2.0 -2.0 -2.0 -2.0 -2.0 -2.0 -2.0 -2.0 -2.0 -2.0 -2.0 -2.0 -2.0 -2.0 -2.0 -2.0 -2.0 -2.0 -2.0 -2.0 -2.0 -2.0 -2.0 -2.0 -2.0 -2.0 -2.0 -2.0 -2.0 135075.628996284 159477.95104966572 119567.90161152952 119706.29882832064 199572.6013182069 119614.20059218694 119521.4500429155 119752.79998796673 0.0 0.0 0.0 0.0 0.0 0.0 0.0 0.0 0.0 0.0 0.0 0.0 0.0 0.0 0.0 0.0 0.0 0.0 0.0 0.0 0.0 0.0 0.0 0.0 0.0 0.0 0.0 0.0 0.0 39817.19970701331 39932.89947512121
-2.0 -2.0 -2.0 -2.0 -2.0 -2.0 -2.0 -2.0 -2.0 -2.0 -2.0 -2.0 -2.0 -2.0 -2.0 -2.0 -2.0 -2.0 -2.0 -2.0 -2.0 -2.0 -2.0 -2.0 -2.0 -2.0 -2.0 -2.0 -2.0 -2.0 -2.0 -2.0 -2.0 0.0 40001.300811672365 39978.59954828703 39955.79910289414 39978.59954828703 39955.79910271667 39978.5995483573 39955.79910277776 39978.59954832221 0.0 0.0 0.0 0.0 0.0 0.0 0.0 0.0 0.0 0.0 0.0 0.0 0.0 0.0 0.0 0.0 0.0 0.0 0.0 0.0 0.0 0.0 0.0 0.0 0.0 0.0 0.0 0.0 0.0 0.0 0.0
-2.0 -2.0 -2.0 -2.0 -2.0 -2.0 -2.0 -2.0 -2.0 -2.0 -2.0 -2.0 -2.0 -2.0 -2.0 -2.0 -2.0 -2.0 -2.0 -2.0 -2.0 -2.0 -2.0 -2.0 -2.0 -2.0 -2.0 -2.0 -2.0 -2.0 -2.0 -2.0 -2.0 0.0 0.0 0.0 0.0 0.0 0.0 0.0 0.0 39878.425598119524 0.0 0.0 39814.81933595428 0.0 0.0 0.0 0.0 0.0 0.0 0.0 0.0 0.0 0.0 0.0 0.0 0.0 0.0 0.0 0.0 0.0 0.0 0.0 0.0 0.0 0.0 0.0 0.0 0.0 0.0 120539.9017331865 642706.7184440751
-2.0 -2.0 -2.0 -2.0 -2.0 -2.0 -2.0 -2.0 -2.0 -2.0 -2.0 -2.0 -2.0 -2.0 -2.0 -2.0 -2.0 -2.0 -2.0 -2.0 -2.0 -2.0 -2.0 -2.0 -2.0 -2.0 -2.0 -2.0 -2.0 -2.0 -2.0 -2.0 -2.0 -2.0 -2.0 0.0 0.0 0.0 0.0 0.0 0.0 281808.4793090108 241469.8677067441 0.0 0.0 0.0 0.0 0.0 0.0 0.0 0.0 0.0 0.0 0.0 0.0 0.0 0.0 0.0 0.0 0.0 0.0 0.0 0.0 0.0 0.0 0.0 0.0 0.0 0.0 0.0 0.0 80447.60131846703 684304.5043939867
-2.0 -2.0 -2.0 -2.0 -2.0 -2.0 -2.0 -2.0 -2.0 -2.0 -2.0 -2.0 -2.0 -2.0 -2.0 -2.0 -2.0 -2.0 -2.0 -2.0 -2.0 -2.0 -2.0 -2.0 -2.0 -2.0 -2.0 -2.0 -2.0 -2.0 -2.0 -2.0 -2.0 -2.0 -2.0 159165.07554043573 242542.30499354014 0.0 525486.0801695792 282815.1397705851 282063.8999943101 321949.5697013806 242370.09811433044 242408.61129718623 242383.76236059645 242489.06326344586 242331.25305148703 242563.45367523757 0.0 0.0 0.0 0.0 0.0 0.0 0.0 242331.10046380814 0.0 0.0 0.0 0.0 0.0 0.0 0.0 0.0 0.0 0.0 0.0 0.0 0.0 80390.83862308157 80412.09793102587 40184.04006968443 0.0
-2.0 -2.0 -2.0 -2.0 -2.0 -2.0 -2.0 -2.0 -2.0 -2.0 -2.0 -2.0 -2.0 -2.0 -2.0 -2.0 -2.0 -2.0 -2.0 -2.0 -2.0 -2.0 -2.0 -2.0 -2.0 -2.0 -2.0 -2.0 -2.0 -2.0 -2.0 -2.0 -2.0 -2.0 -2.0 188232.37276162388 243237.72048923638 526878.9443980644 729268.5699457696 323741.36733933014 243221.5423591882 243166.64886399318 243135.7307443546 243118.36242643927 243054.153443166 243228.24859567074 243228.05023261078 243269.79827943214 243125.09918276075 243084.2971797689 243310.1501461129 243228.24859590997 243289.8483284553 243145.79772993512 243269.3481445802 243187.40081733337 40479.54940799022 0.0 0.0 0.0 0.0 0.0 0.0 0.0 0.0 0.0 0.0 0.0 0.0 40281.6543579485 40309.67712394002 0.0 0.0
-2.0 -2.0 -2.0 -2.0 -2.0 -2.0 -2.0 -2.0 -2.0 -2.0 -2.0 -2.0 -2.0 -2.0 -2.0 -2.0 -2.0 -2.0 -2.0 -2.0 -2.0 -2.0 -2.0 -2.0 -2.0 -2.0 -2.0 -2.0 -2.0 -2.0 -2.0 -2.0 -2.0 -2.0 -2.0 68681.49948107405 243999.05014007562 243898.3001713372 244059.2041013276 243938.89999420074 243898.3001713372 244059.35287469125 243851.5853882404 243978.95050146757 325160.6101995214 487903.94592242467 366028.00750762713 325305.30166696286 243959.3505866847 243878.50189271977 243838.848115073 243999.15313769513 243938.65203859462 243898.84948758423 243938.3506779538 243878.89862168953 81386.40213021709 0.0 0.0 0.0 0.0 0.0 0.0 0.0 0.0 0.0 0.0 0.0 0.0 40405.73501587124 80989.02893072125 40482.666015505245 40490.93246453947
-2.0 -2.0 -2.0 -2.0 -2.0 -2.0 -2.0 -2.0 -2.0 -2.0 -2.0 -2.0 -2.0 -2.0 -2.0 -2.0 -2.0 -2.0 -2.0 -2.0 -2.0 -2.0 -2.0 -2.0 -2.0 -2.0 -2.0 -2.0 -2.0 -2.0 -2.0 -2.0 -2.0 -2.0 -2.0 11544.103622408873 285014.0304567006 244495.29266313039 244710.19744884633 244533.8478091094 448814.79644759436 244710.19744884633 244671.64230286732 651591.9456481904 1059895.2293399242 325882.1945189198 325960.9451293822 285452.84652716946 244554.24117966474 244788.3987425224 244494.7967532642 244748.70300251772 244573.54354880805 244670.94802817394 244729.69818134903 244632.2937005153 81543.75076287403 0.0 0.0 0.0 0.0 0.0 0.0 0.0 0.0 0.0 0.0 0.0 0.0 121969.5472715107 202640.0337222821 162323.23455749906 81146.88873273312
-2.0 -2.0 -2.0 -2.0 -2.0 -2.0 -2.0 -2.0 -2.0 -2.0 -2.0 -2.0 -2.0 -2.0 -2.0 -2.0 -2.0 -2.0 -2.0 -2.0 -2.0 -2.0 -2.0 -2.0 -2.0 -2.0 -2.0 -2.0 -2.0 -2.0 -2.0 -2.0 -2.0 -2.0 -2.0 0.0 939837.5892635995 327387.5007622809 409090.96145696676 654546.6499323435 531816.7953495907 449670.4673754601 735395.706177009 1306277.22549257 1430174.7894284786 899796.8826284334 736417.999267525 777162.5213631566 818079.1969290421 327236.0000607765 245307.3959344525 245289.0968322573 245459.4459539472 736190.2923586733 245345.79849303176 245193.19915701865 122654.14810172224 0.0 0.0 0.0 0.0 0.0 0.0 204543.9491267918 0.0 0.0 0.0 0.0 0.0 81265.46478263605 81350.61645514189 40653.11431887722 40859.24911502095
-2.0 -2.0 -2.0 -2.0 -2.0 -2.0 -2.0 -2.0 -2.0 -2.0 -2.0 -2.0 -2.0 -2.0 -2.0 -2.0 -2.0 26578.58276367457 -2.0 -2.0 -2.0 -2.0 -2.0 -2.0 -2.0 -2.0 -2.0 -2.0 -2.0 -2.0 -2.0 -2.0 -2.0 -2.0 -2.0 454665.6532287345 1475664.8750300002 1475595.9663399998 1474874.1149900001 1474520.76721 1475108.8523850003 1475275.80261 1474758.937835 1474825.55771 1475289.6347049999 1474979.0952855463 1475167.9878220418 1475889.38904 1476016.1819449998 902324.5010375459 943334.697723595 656303.4973141953 1230165.9355146845 1393911.8957527485 1066260.8680723023 984362.8997790178 410207.90100091073 0.0 205195.12939424207 82033.51211544927 205153.12576232827 369283.82492137805 205030.54809603392 164075.45089789142 0.0 0.0 82001.14822391706 0.0 0.0 0.0 41009.84954828116 0.0 0.0
-2.0 -2.0 -2.0 -2.0 -2.0 -2.0 -2.0 -2.0 -2.0 -2.0 -2.0 -2.0 -2.0 -2.0 -2.0 -2.0 -2.0 0.0 8574.305534325187 11363.760948192237 -2.0 -2.0 23287.678718578718 -2.0 -2.0 -2.0 -2.0 -2.0 -2.0 -2.0 -2.0 -2.0 -2.0 -2.0 -2.0 941715.461135623 1325493.993783508 1229698.5187539887 1234006.0615533004 1368024.7173305424 1478677.18506 1479008.831025 1477348.4993 1477881.3362099999 1474711.528776457 1479601.16577 1479197.7100269785 1476428.2531724547 1479444.965365 1479322.3342900001 1479889.90021 1479392.6696799998 1479674.49188 1479633.052825 1479607.292175 1479853.660585 1233407.7491783588 699185.0013742009 945484.3750004133 904406.8565379612 920766.3555154268 878688.7722022601 765918.2205183108 806492.2714235843 779792.2553999135 370125.00000069727 123464.5500183159 41098.5488890503 41154.85000613918 123411.98730460512 205596.96578919186 123428.79867576706 41064.84985360436
-2.0 -2.0 -2.0 -2.0 -2.0 -2.0 -2.0 -2.0 -2.0 -2.0 -2.0 -2.0 -2.0 -2.0 -2.0 -2.0 -2.0 -2.0 -2.0 -2.0 -2.0 -2.0 25441.044926642502 -2.0 -2.0 -2.0 -2.0 -2.0 -2.0 -2.0 -2.0 -2.0 -2.0 -2.0 -2.0 0.0 569959.882018573 741362.2055065149 741054.6913150344 819718.1015027596 1261463.775633683 1469668.4265132085 1438821.1682605268 1481911.1366249998 1478705.3970177383 1482239.574431784 1483648.532865 1482636.979918402 1482551.0025000002 1481761.421205 1482261.2686176156 1482772.6860049998 1482715.0268549998 1482999.2442807185 1483123.5923760002 1483472.206115 1483790.08484 1071818.3326726174 741650.0473029969 943695.8427426706 870207.9372410476 1006060.0795729028 988721.1227399402 988814.922332354 906209.2208854201 618365.3182981386 700607.929231071 519224.59793125093 494421.9818111483 659234.3597418254 741749.0386959454 412377.8343210983 577121.2158209344
-2.0 -2.0 -2.0 -2.0 -2.0 -2.0 -2.0 -2.0 -2.0 -2.0 -2.0 -2.0 -2.0 -2.0 -2.0 -2.0 -2.0 -2.0 -2.0 -2.0 -2.0 -2.0 -2.0 -2.0 -2.0 -2.0 -2.0 -2.0 -2.0 -2.0 -2.0 -2.0 -2.0 -2.0 110357.0384981185 949313.311578486 755360.2733610594 1077308.3210000934 1302490.6082172426 1314656.1654551325 743592.6132197423 1130561.9659438937 1469618.089703955 1486115.528105 1486355.6518549998 1481096.3172927238 1486357.509615 1485698.3871449998 1483130.2261346576 1485026.59607 1486011.0630291982 1486253.421785 1486367.1875 1486770.2446 1487081.41327 1486460.6704699998 1487037.8761300002 1032751.9454960763 949773.4642038058 910388.5459899007 1067587.4824508643 988636.8331915251 950321.453093485 908839.7674554212 784464.8246755231 454067.3408511032 784783.1344602025 909099.8992928057 784792.9077142677 825863.4338362052 991247.1466074625 867858.8867197505 867489.2501828147
-2.0 -2.0 -2.0 -2.0 -2.0 -2.0 -2.0 -2.0 -2.0 -2.0 -2.0 -2.0 -2.0 -2.0 -2.0 -2.0 -2.0 -2.0 -2.0 0.0 109701.54380780127 49616.27006541951 -2.0 -2.0 -2.0 -2.0 -2.0 -2.0 -2.0 -2.0 -2.0 -2.0 -2.0 0.0 0.0 0.0 473711.7271418725 0.0 453940.2618421436 0.0 866944.0822590883 816644.5446025985 1222021.3184351167 1488627.7656550002 1272896.5311059605 963808.0622857357 1083132.0634664795 967679.0695183838 1015937.8921147425 820186.3307945908 782879.2678641123 816194.4552839154 823710.5720199313 1109827.0171723028 910940.2618418643 908227.7336136781 952661.8156444317 1158277.283834701 1210489.7937791497 1150082.1151732504 1232896.7084887405 1084883.7432853326 952483.9897166145 952528.3241281478 952854.3090819243 1139700.3631580344 1098319.4694527893 1023315.8874499513 993997.5090043206 950284.9311813489 1076849.5330830377 952192.4133306316 1069468.242643722
-2.0 -2.0 -2.0 -2.0 -2.0 -2.0 -2.0 -2.0 -2.0 -2.0 -2.0 -2.0 -2.0 -2.0 -2.0 -2.0 -2.0 -2.0 0.0 10291.167140005058 80478.45053669879 -2.0 -2.0 -2.0 -2.0 -2.0 -2.0 -2.0 -2.0 -2.0 -2.0 -2.0 -2.0 112643.59855688208 0.0 97268.57900636681 254386.85226491414 253857.33795085142 429009.5887178342 540401.2188904167 496230.38482760376 536181.3964846856 648140.4075612174 1069510.6346065938 810628.2463087259 0.0 768139.1731152938 798746.3207248419 0.0 0.0 760550.317557613 0.0 816042.9239071675 896226.8373729697 0.0 0.0 954813.1446830442 1101072.9453818633 663457.8247077183 0.0 970385.2610572195 907168.5829170246 954662.3001094388 991730.4763784416 954575.5386343657 935507.4710840476 890019.6514113683 786468.3589922918 1105412.69683793 1396286.6897600426 1453580.724715085 1273106.990813951 1009297.2900258296
-2.0 -2.0 -2.0 -2.0 -2.0 -2.0 -2.0 -2.0 -2.0 -2.0 -2.0 -2.0 -2.0 -2.0 -2.0 -2.0 -2.0 -2.0 -2.0 -2.0 -2.0 -2.0 -2.0 -2.0 -2.0 -2.0 -2.0 -2.0 -2.0 -2.0 -2.0 -2.0 -2.0 -2.0 0.0 188937.46471388725 104382.609367272 164124.40872157266 244200.50335036422 536154.9682609332 530468.4104922556 526988.8439180757 0.0 0.0 822786.7869863654 0.0 819178.0834193168 787897.7861398289 807267.3116431131 755908.6009876012 867453.2489763376 912312.8690737741 784433.9752192991 885086.5354441127 0.0 552284.4104774678 923111.8278502302 924028.7313483625 0.0 783983.9439394102 922753.5035847924 1031680.3275883482 955171.8406677204 914522.9377744748 830215.7897958282 0.0 789053.4172078446 898319.839478737 1187613.3670794147 1495563.61389 1389113.7669551019 1422167.148591213 1160377.1678969902
-2.0 -2.0 -2.0 -2.0 -2.0 -2.0 -2.0 -2.0 -2.0 -2.0 -2.0 -2.0 -2.0 -2.0 -2.0 -2.0 -2.0 -2.0 -2.0 -2.0 -2.0 -2.0 -2.0 -2.0 -2.0 -2.0 -2.0 -2.0 -2.0 -2.0 -2.0 -2.0 -2.0 -2.0 101397.46347078965 0.0 0.0 0.0 0.0 0.0 0.0 470612.33155312826 0.0 470506.2789916334 895195.2724447737 783998.9776628908 805065.5498499774 866145.8358756565 818445.2362044172 775629.57000574 584537.3153676504 751108.8195836993 0.0 0.0 651168.5066222209 0.0 0.0 882420.4368572675 798117.3125264101 0.0 832953.743458991 774541.3017252896 422181.61201560823 665132.5836175526 596309.3404772059 540480.4344173884 552310.9292981823 604123.0916989346 665545.7077037201 1207868.1831364187 1462925.764670879 1407347.5570692532 1424611.4158637633
-2.0 -2.0 -2.0 -2.0 -2.0 -2.0 -2.0 -2.0 -2.0 -2.0 -2.0 -2.0 -2.0 -2.0 -2.0 -2.0 -2.0 -2.0 -2.0 -2.0 -2.0 -2.0 -2.0 -2.0 -2.0 -2.0 -2.0 -2.0 -2.0 -2.0 -2.0 -2.0 -2.0 -2.0 0.0 0.0 0.0 510997.3735818988 307734.0375698498 0.0 0.0 440849.57504324894 390503.1642907816 405217.17071495275 493959.64050198754 867757.3318475336 907233.9363083276 785634.3879696322 795628.2711018202 894446.4044550767 913960.5522139911 0.0 0.0 792215.8489716531 0.0 0.0 520696.6629036024 0.0 0.0 0.0 0.0 0.0 294890.7871241714 453659.3012813072 0.0 0.0 421467.4892429838 546371.3598251742 213195.04260966103 0.0 1128497.8445400184 1293455.020165577 1302703.5332942049
-2.0 -2.0 -2.0 -2.0 -2.0 -2.0 -2.0 -2.0 -2.0 -2.0 -2.0 -2.0 -2.0 -2.0 -2.0 -2.0 -2.0 -2.0 -2.0 -2.0 -2.0 -2.0 -2.0 -2.0 -2.0 -2.0 -2.0 -2.0 -2.0 -2.0 -2.0 -2.0 -2.0 -2.0 0.0 276419.39569245983 0.0 299547.5225458606 292316.46509975597 386522.2797396097 0.0 258088.7870783574 374080.14297516656 443402.0118707642 369840.18707300664 861011.0454562553 920972.1298216074 862634.1896044028 843165.931702707 819169.0845476782 818940.0863642304 912494.4799333678 802687.3226170612 0.0 0.0 0.0 0.0 0.0 0.0 0.0 480406.19850264024 0.0 357042.42324851267 0.0 440594.83146648045 0.0 371067.61169345374 400813.8805827493 0.0 282352.22721104074 0.0 793677.9179574787 902938.3640281328
-2.0 -2.0 -2.0 -2.0 -2.0 -2.0 -2.0 -2.0 -2.0 -2.0 -2.0 -2.0 -2.0 -2.0 -2.0 -2.0 -2.0 -2.0 -2.0 -2.0 -2.0 -2.0 -2.0 -2.0 -2.0 -2.0 -2.0 -2.0 -2.0 -2.0 -2.0 -2.0 -2.0 -2.0 0.0 0.0 0.0 0.0 0.0 0.0 0.0 835641.9944763043 592154.6144477908 622804.0981299621 0.0 837867.5346363264 880763.0462637077 860811.8133536223 899723.9570618031 850674.903868889 802679.5635238651 768766.0166195106 0.0 781394.4610371408 0.0 0.0 0.0 0.0 0.0 0.0 288720.06964632415 0.0 0.0 0.0 87018.50271223696 337365.0472158473 0.0 0.0 119514.03808614754 294538.075088302 390258.2015991154 368767.66990984976 112146.32797239507
-2.0 -2.0 -2.0 -2.0 -2.0 -2.0 -2.0 -2.0 -2.0 -2.0 -2.0 -2.0 -2.0 -2.0 -2.0 -2.0 -2.0 -2.0 -2.0 -2.0 -2.0 -2.0 -2.0 -2.0 -2.0 -2.0 -2.0 -2.0 -2.0 -2.0 -2.0 -2.0 -2.0 -2.0 -2.0 0.0 0.0 0.0 0.0 495321.02644895436 564334.1045379923 626921.0700997247 597922.8801730565 0.0 0.0 814528.846741824 772932.7201850993 931863.4376525108 844975.9807575751 854223.9906799076 846611.9956954963 0.0 0.0 0.0 0.0 0.0 0.0 0.0 0.0 0.0 0.0 0.0 0.0 0.0 0.0 140393.16970134462 0.0 0.0 339385.9806055615 389322.8244791445 0.0 0.0 89526.35955818674
-2.0 -2.0 -2.0 -2.0 -2.0 -2.0 -2.0 -2.0 -2.0 -2.0 -2.0 -2.0 -2.0 -2.0 -2.0 -2.0 -2.0 -2.0 -2.0 -2.0 -2.0 -2.0 -2.0 -2.0 -2.0 -2.0 -2.0 -2.0 -2.0 -2.0 -2.0 -2.0 -2.0 -2.0 -2.0 0.0 35402.220904775706 0.0 0.0 0.0 194812.63947509593 266071.9389916962 445674.46517865255 872151.5283577401 851855.0453191649 0.0 0.0 985644.38629014 1015811.5835189624 787346.1802010585 0.0 0.0 0.0 0.0 0.0 0.0 0.0 0.0 0.0 0.0 0.0 444692.00241213746 0.0 0.0 233326.60293518796 348549.3516926962 0.0 0.0 0.0 354165.1620867277 336516.67293044453 245933.1226359421 0.0
-2.0 -2.0 -2.0 -2.0 -2.0 -2.0 -2.0 -2.0 -2.0 -2.0 -2.0 -2.0 -2.0 -2.0 -2.0 -2.0 -2.0 -2.0 -2.0 -2.0 -2.0 -2.0 -2.0 -2.0 -2.0 -2.0 -2.0 -2.0 -2.0 -2.0 -2.0 -2.0 -2.0 -2.0 -2.0 -2.0 -2.0 0.0 0.0 0.0 0.0 0.0 0.0 0.0 770460.6170659964 0.0 0.0 899672.7104172116 850196.6762535472 941938.0798349632 899748.1193544745 0.0 641973.9322669273 388148.3144756699 0.0 0.0 0.0 0.0 269946.18487318873 0.0 391627.22515189735 356255.7760704317 0.0 0.0 0.0 0.0 0.0 0.0 0.0 0.0 170613.49105908358 136262.29953740034 372631.52313236764
-2.0 -2.0 -2.0 -2.0 -2.0 -2.0 -2.0 -2.0 -2.0 -2.0 -2.0 -2.0 -2.0 -2.0 -2.0 -2.0 -2.0 -2.0 -2.0 -2.0 -2.0 -2.0 -2.0 -2.0 -2.0 -2.0 -2.0 -2.0 -2.0 -2.0 -2.0 -2.0 -2.0 -2.0 -2.0 -2.0 -2.0 -2.0 0.0 243659.2203521874 0.0 0.0 0.0 0.0 0.0 0.0 775443.8552848411 825538.068772939 0.0 823219.3946848101 0.0 532308.609008969 647997.1694940582 651372.4060064482 0.0 0.0 0.0 0.0 0.0 340638.98849540704 289148.9830026679 349343.4114463711 0.0 0.0 423870.1992025 0.0 0.0 0.0 0.0 0.0 223595.0474736927 213523.73981563922 341387.7820962971
