critload/trunk/input/2010/nfix_nat.asc
ncols 720
nrows 360
xllcorner -180.0
yllcorner -90.0
cellsize 0.5
NODATA_value -9999.0
[rows 116 to 144 of 360, columns 390 to 454 of 720]
684456.0 43683.7 -9999.0 -9999.0 -9999.0 -9999.0 -9999.0 -9999.0 -9999.0 0.0 0.0 0.0 0.0 0.118164 530192.0 883992.0 1095900.0 1025350.0 841716.0 623369.0 0.0147705 0.0147705 0.0147705 -9999.0 -9999.0 -9999.0 -9999.0 -9999.0 -9999.0 -9999.0 -9999.0 -9999.0 0.00738525 -9999.0 -9999.0 -9999.0 -9999.0 -9999.0 -9999.0 489513.0 1242810.0 72197.6 1005120.0 1104490.0 1087750.0 846718.0 777377.0 1128940.0 1271080.0 1271000.0 1201600.0 813171.0 1166130.0 1201640.0 1164980.0 1130090.0 1201550.0 1166350.0 876252.0 456379.0 806580.0 948800.0 420033.0 740258.0 245643.0
1101510.0 521488.0 73337.7 30021.6 15420.0 -9999.0 -9999.0 -9999.0 -9999.0 -9999.0 125311.0 923984.0 1172660.0 320333.0 1279010.0 1279010.0 1279010.0 1279010.0 1279010.0 1279010.0 1278130.0 1278530.0 1278350.0 1183530.0 852229.0 0.0 0.0 0.00184631 -9999.0 0.0147705 26855.9 260403.0 443904.0 431806.0 0.0 0.0 0.0 0.0 249023.0 746828.0 755121.0 388348.0 1160320.0 1124180.0 773370.0 951825.0 531674.0 424785.0 673355.0 1242130.0 1277890.0 1277250.0 1135890.0 852080.0 1172380.0 1207960.0 1206520.0 1172570.0 1243560.0 1097770.0 745611.0 991277.0 526791.0 987587.0 175124.0
1285740.0 1285740.0 1107520.0 857901.0 715072.0 474968.0 103860.0 -9999.0 -9999.0 32025.4 169253.0 1107460.0 1285740.0 1285740.0 1285740.0 1285740.0 1285740.0 1249950.0 1285740.0 1285740.0 1285740.0 1285740.0 1285690.0 1285690.0 1285640.0 1285740.0 1285630.0 1161250.0 883831.0 1096220.0 1033830.0 241004.0 79125.7 246013.0 1023980.0 1247580.0 1285120.0 1285110.0 1249400.0 1249850.0 1213350.0 1066820.0 1177460.0 1106060.0 1141850.0 1281450.0 1281980.0 643054.0 428610.0 1071370.0 1285570.0 820024.0 678413.0 571884.0 642665.0 963699.0 1250100.0 1248250.0 1249820.0 1248360.0 1214110.0 1178410.0 1069800.0 884299.0 797425.0
1292360.0 1292360.0 1292360.0 1292360.0 1292360.0 1292360.0 1184870.0 676273.0 279308.0 589087.0 1005630.0 1292360.0 1292360.0 1292360.0 1292360.0 1292360.0 1292360.0 1256540.0 1292360.0 1292360.0 1292360.0 1292360.0 1292360.0 1292360.0 1292310.0 1292360.0 1292360.0 1292360.0 1292360.0 1292360.0 1292360.0 988760.0 157492.0 939033.0 1178230.0 1253790.0 1291570.0 1292060.0 1292300.0 1292180.0 1220150.0 1183860.0 1219540.0 1183740.0 1147850.0 1285600.0 1283330.0 1289740.0 1291670.0 1220340.0 1074290.0 1041000.0 861394.0 573866.0 645716.0 681772.0 789717.0 1112700.0 1255550.0 1255980.0 1256050.0 1256020.0 1219990.0 1183980.0 1146460.0
1298890.0 1298890.0 1298890.0 1298890.0 1298890.0 1262740.0 1298890.0 1298890.0 1298890.0 1298890.0 1298890.0 1298890.0 1298890.0 1298890.0 1298890.0 1298890.0 1298890.0 1298890.0 1298890.0 1226700.0 1298890.0 1298890.0 1298890.0 1298890.0 1298890.0 1298840.0 1298890.0 1298840.0 1298890.0 1298890.0 1291380.0 1200980.0 865939.0 1298890.0 1116500.0 917239.0 1298830.0 1298650.0 1298650.0 1261960.0 1225990.0 1190260.0 1226310.0 829200.0 1184340.0 1289150.0 1290860.0 1295030.0 1296270.0 1293830.0 683021.0 649177.0 540771.0 648521.0 649357.0 721997.0 793712.0 1041490.0 1261340.0 1261420.0 1262740.0 1226500.0 1190130.0 1154000.0 1190700.0
1268990.0 1159470.0 1232310.0 1305320.0 1305070.0 1268970.0 1305320.0 1305320.0 1305320.0 1305320.0 1305320.0 1305320.0 1268990.0 1305320.0 1305320.0 1305320.0 1305320.0 1269110.0 1305320.0 1305320.0 1305320.0 1305270.0 1305320.0 1305320.0 1305320.0 1305320.0 1305320.0 1305320.0 1301550.0 1292140.0 1284420.0 570245.0 759642.0 1303430.0 1292770.0 555199.0 1238360.0 1305320.0 1305320.0 786954.0 724055.0 833020.0 904740.0 1304780.0 1303020.0 1304230.0 1299330.0 1303690.0 1304270.0 1266880.0 325259.0 325872.0 326316.0 326346.0 326227.0 398390.0 398450.0 398463.0 651842.0 868324.0 1195540.0 1159520.0 1086100.0 975837.0 1082620.0
1275260.0 1202510.0 1202450.0 1092930.0 1311280.0 1238580.0 1129230.0 1311650.0 1311650.0 1275290.0 1311650.0 1311650.0 1311650.0 1311650.0 1311650.0 1311650.0 1311650.0 1311650.0 1311650.0 1311650.0 1311650.0 1311650.0 1311650.0 1311650.0 1311650.0 1311650.0 1308500.0 1311650.0 1300290.0 1311650.0 1311650.0 728608.0 1275290.0 1309740.0 1311610.0 777424.0 772492.0 1311650.0 1311610.0 381360.0 399831.0 363928.0 976758.0 1310550.0 1311650.0 1307690.0 1311110.0 1311650.0 1311650.0 692100.0 546971.0 327636.0 327637.0 327637.0 327729.0 327612.0 401320.0 328019.0 363781.0 473077.0 691728.0 691751.0 509080.0 327396.0 326215.0
1317880.0 1317880.0 1317880.0 1317880.0 1281340.0 1317880.0 1281260.0 1317880.0 1317880.0 1317880.0 1317880.0 1281320.0 1317880.0 1317880.0 1317880.0 1317880.0 1317880.0 1317880.0 1317880.0 1317880.0 1317880.0 1317880.0 1317880.0 1317880.0 1317880.0 1317880.0 1315980.0 1306470.0 1312180.0 1317880.0 1317880.0 768816.0 1317760.0 1317780.0 1317820.0 1316770.0 612266.0 1049870.0 1142820.0 649906.0 423187.0 365836.0 365188.0 619542.0 511511.0 877113.0 1317880.0 1243940.0 1317700.0 878129.0 402586.0 329425.0 328846.0 438795.0 365810.0 329021.0 328718.0 986829.0 329284.0 365795.0 622089.0 436565.0 475610.0 329170.0 329370.0
1250400.0 1287160.0 1250310.0 1324010.0 1324010.0 1287250.0 1250450.0 1324010.0 1324010.0 1324010.0 1324010.0 1324010.0 1324010.0 1176930.0 1103340.0 1324010.0 1324010.0 1324010.0 1324010.0 1324010.0 1324010.0 1324010.0 1324010.0 1324010.0 1324010.0 1324010.0 1324010.0 1324010.0 1324010.0 1324010.0 1324010.0 772372.0 1324010.0 1324010.0 1324010.0 1324010.0 1318220.0 208518.0 382407.0 24019.5 87005.9 344451.0 330658.0 330379.0 330100.0 441254.0 551041.0 771105.0 919212.0 404432.0 331044.0 330674.0 330772.0 660415.0 624251.0 624862.0 367485.0 330466.0 330667.0 330676.0 366200.0 585599.0 513849.0 404404.0 328338.0
1330040.0 1330040.0 1330040.0 1330040.0 1330040.0 1330040.0 1330040.0 1330040.0 1330040.0 1330040.0 1330040.0 1330040.0 1330040.0 1256060.0 1219020.0 1330040.0 1330040.0 1330040.0 1330040.0 1330040.0 1330040.0 1330040.0 1330040.0 1330040.0 1330040.0 1330040.0 1330040.0 1330040.0 1330040.0 1330040.0 1330040.0 1108360.0 984874.0 1330040.0 1330040.0 1330040.0 1330040.0 769004.0 -9999.0 -9999.0 -9999.0 660080.0 1328470.0 369676.0 332157.0 480029.0 997626.0 1070490.0 923430.0 516960.0 480164.0 442885.0 369039.0 332025.0 442508.0 921848.0 737505.0 552405.0 331776.0 332157.0 332856.0 626696.0 628005.0 331584.0 368117.0
1335970.0 1335970.0 1335970.0 1335970.0 1224510.0 1335970.0 1335970.0 1335970.0 1335970.0 1335970.0 1335970.0 1335970.0 1335970.0 1113280.0 1150620.0 1335970.0 1335970.0 1335970.0 1335970.0 1335970.0 1335970.0 1335970.0 1335970.0 1335970.0 1335970.0 1335970.0 1335970.0 1335970.0 1335970.0 1335970.0 1335970.0 1335970.0 1076230.0 1031970.0 1335970.0 1335970.0 1335910.0 1252940.0 -9999.0 -9999.0 -9999.0 -9999.0 965222.0 1334710.0 333081.0 1184980.0 333237.0 665353.0 481417.0 407808.0 333374.0 407853.0 370665.0 333455.0 333337.0 407126.0 480235.0 553469.0 406267.0 333923.0 331959.0 333896.0 482065.0 592896.0 593572.0
1267220.0 1304560.0 1341790.0 1341790.0 1341790.0 1341790.0 1341790.0 1341790.0 1341790.0 1341790.0 1341790.0 1341790.0 1341790.0 1341790.0 1341790.0 1341790.0 1341790.0 1341790.0 1341790.0 1341790.0 1341790.0 1341790.0 1341790.0 1341790.0 1341790.0 1341790.0 1341790.0 1341790.0 1341790.0 1341790.0 1341790.0 1341790.0 1341790.0 1111200.0 931233.0 1043260.0 1341750.0 1341630.0 578229.0 -9999.0 -9999.0 -9999.0 27818.4 1269420.0 372625.0 1338820.0 1301410.0 334534.0 334306.0 371679.0 335164.0 484364.0 484623.0 409705.0 409719.0 334330.0 518778.0 778312.0 408095.0 405808.0 370774.0 335247.0 334780.0 335274.0 446455.0
1347510.0 1347510.0 1347510.0 1347510.0 1347510.0 1347510.0 1347510.0 1347510.0 1347510.0 1347510.0 1347510.0 1347510.0 1310050.0 1347510.0 1347510.0 1347510.0 1347510.0 1347510.0 1347510.0 1347510.0 1347510.0 1347510.0 1347510.0 1347510.0 1347510.0 1347510.0 1347510.0 1347180.0 1347380.0 1347510.0 1347510.0 1347380.0 1347510.0 1347510.0 1347320.0 1010450.0 1347510.0 1347510.0 1258040.0 152907.0 -9999.0 -9999.0 -9999.0 536902.0 672970.0 336768.0 410708.0 336663.0 335726.0 523955.0 449053.0 411107.0 411017.0 523443.0 560358.0 522152.0 446881.0 446335.0 445723.0 372239.0 369617.0 333319.0 335222.0 335743.0 336629.0
1353130.0 1353130.0 1353130.0 1353130.0 1353130.0 1353130.0 1353130.0 1353130.0 1353130.0 1353130.0 1353130.0 1353130.0 1353130.0 1353130.0 1353130.0 1353130.0 1353130.0 1353130.0 1353130.0 1353130.0 1353130.0 1353130.0 1353130.0 1353130.0 1353130.0 1353130.0 1353130.0 1353070.0 1353130.0 1353130.0 1353130.0 1352820.0 1353130.0 1353130.0 1352940.0 1125780.0 1353100.0 1353100.0 1353100.0 822830.0 -9999.0 -9999.0 -9999.0 -9999.0 411276.0 338116.0 337283.0 337309.0 337588.0 450766.0 488081.0 411971.0 525587.0 676567.0 901316.0 450554.0 638081.0 970543.0 780862.0 483773.0 370871.0 373752.0 372020.0 411711.0 337328.0
1358650.0 1358650.0 1358650.0 1358650.0 1358650.0 1355300.0 1358650.0 1358650.0 1358650.0 1358650.0 1358650.0 1358650.0 1358650.0 1358650.0 1358650.0 1358650.0 1358650.0 1358650.0 1358650.0 1358650.0 1358650.0 1358650.0 1358650.0 1358650.0 1358650.0 1358650.0 1358650.0 1358650.0 1358650.0 1358650.0 1358650.0 1358520.0 1358650.0 1358650.0 1358650.0 1269690.0 1319760.0 1358630.0 1358650.0 1336710.0 193846.0 -9999.0 -9999.0 -9999.0 193137.0 414523.0 339524.0 339676.0 338968.0 376695.0 338412.0 527556.0 943420.0 641168.0 679352.0 602778.0 602194.0 1083990.0 938254.0 484820.0 601474.0 525718.0 449413.0 745013.0 979676.0
1364070.0 1364070.0 1364070.0 1364070.0 1364070.0 1364070.0 1364070.0 1364070.0 1364070.0 1364070.0 1364070.0 1364070.0 1364070.0 1364050.0 1364070.0 1364070.0 1136540.0 1326160.0 1364070.0 1364070.0 1364070.0 1364070.0 1364070.0 1364070.0 1364070.0 1364070.0 1364070.0 1364070.0 1364070.0 1364070.0 1364070.0 1364070.0 1364070.0 1364070.0 1364070.0 1247470.0 1325110.0 1364070.0 1364070.0 1364050.0 1046510.0 68360.4 -9999.0 -9999.0 58793.0 339054.0 768552.0 341104.0 416116.0 377490.0 529714.0 491889.0 605367.0 757885.0 908300.0 946229.0 680356.0 943527.0 944727.0 793992.0 526312.0 603420.0 414098.0 564292.0 636496.0
1369380.0 1369380.0 1369380.0 1369380.0 1369380.0 1369380.0 1369380.0 1369380.0 1369380.0 1369380.0 1369380.0 1369380.0 1369380.0 1369380.0 1369380.0 1369380.0 1369380.0 1369380.0 1369380.0 1369380.0 1369380.0 1369380.0 1369380.0 1369380.0 1369380.0 1369380.0 1369380.0 1369380.0 1369380.0 1369380.0 1369380.0 1369380.0 1369380.0 1369380.0 1369380.0 1209490.0 1368900.0 1369380.0 1369380.0 1369380.0 1362240.0 89436.4 -9999.0 -9999.0 -9999.0 -9999.0 187268.0 723285.0 341627.0 417071.0 341675.0 379263.0 646313.0 987788.0 872667.0 1101230.0 722237.0 494144.0 950148.0 945045.0 606624.0 531552.0 608757.0 721469.0 910330.0
1374580.0 1374580.0 1374580.0 1374580.0 1374580.0 1374580.0 1374580.0 1374580.0 1374580.0 1374580.0 1374580.0 1374580.0 1374580.0 1374580.0 1374580.0 1374580.0 1374580.0 1374580.0 1374580.0 1374580.0 1374580.0 1374580.0 1374580.0 1374580.0 1374580.0 1374580.0 1374580.0 1374580.0 1374580.0 1374580.0 1374580.0 1374580.0 1374580.0 1374580.0 1374580.0 980245.0 1359900.0 1374580.0 1374580.0 1374580.0 1374410.0 246532.0 -9999.0 -9999.0 -9999.0 -9999.0 -9999.0 578794.0 379812.0 380158.0 380372.0 456548.0 457956.0 533302.0 1063040.0 1144640.0 878023.0 725077.0 762530.0 952950.0 763538.0 800938.0 916245.0 492906.0 1183800.0
1379670.0 1379680.0 1379680.0 1379680.0 1379680.0 1379680.0 1379680.0 1379680.0 1264580.0 1379680.0 1379680.0 1379680.0 1379680.0 1379680.0 1379680.0 1379680.0 1379680.0 1379680.0 1379680.0 1341350.0 1379680.0 1379680.0 1379680.0 1379680.0 1379680.0 1379680.0 1379680.0 1379550.0 1379680.0 1379680.0 1379680.0 1379680.0 1379680.0 1257300.0 1240630.0 1292700.0 1373010.0 1379680.0 1379680.0 1379680.0 1379300.0 1017220.0 243131.0 -9999.0 -9999.0 -9999.0 -9999.0 24931.4 493490.0 379187.0 343033.0 534260.0 533421.0 1026420.0 1067060.0 1108580.0 1264610.0 1264610.0 727898.0 765914.0 498394.0 1149780.0 995814.0 841340.0 1341300.0
1384660.0 1384680.0 1384680.0 1384680.0 1384680.0 1384680.0 1384680.0 1230800.0 1076650.0 1384680.0 1384680.0 1384680.0 1384680.0 1384680.0 1384680.0 1384680.0 1384680.0 1384680.0 1384680.0 1307780.0 1384680.0 1384680.0 1384680.0 1384680.0 1384680.0 1384680.0 1384680.0 1384680.0 1384680.0 1384680.0 1384680.0 1384680.0 1294320.0 1214650.0 1384680.0 1384680.0 1384680.0 1384680.0 1384680.0 1384680.0 1384680.0 1384550.0 1292930.0 434385.0 -9999.0 -9999.0 -9999.0 -9999.0 459606.0 341946.0 340960.0 876126.0 1218750.0 1295130.0 1113410.0 1384680.0 1154060.0 1000210.0 615413.0 692089.0 769335.0 1076700.0 1038130.0 458833.0 1230780.0
1389570.0 1389560.0 1389570.0 1389560.0 1389560.0 1389560.0 1389570.0 1389570.0 1273940.0 1389570.0 1389570.0 1389570.0 1389570.0 1389570.0 1389570.0 1389570.0 1389570.0 1389570.0 1389570.0 1389570.0 1389570.0 1389360.0 1389500.0 1389400.0 1389360.0 1389280.0 1389250.0 1389280.0 1389410.0 1389550.0 1389570.0 1388140.0 1250860.0 1389570.0 1389560.0 1389470.0 1389370.0 1389560.0 1389570.0 1389570.0 1389570.0 1389570.0 1351010.0 1117840.0 -9999.0 -9999.0 -9999.0 39644.7 491806.0 342342.0 344552.0 952791.0 884699.0 650914.0 420956.0 1037280.0 1312370.0 810549.0 1042140.0 1003690.0 1042300.0 847518.0 694051.0 965215.0 1235330.0
1394360.0 1394340.0 1394360.0 1394350.0 1394340.0 1394340.0 1394360.0 1394360.0 1394360.0 1394360.0 1394360.0 1394360.0 1394360.0 1394360.0 1394360.0 1394360.0 1394360.0 1394360.0 1394360.0 1394360.0 1394360.0 1394230.0 1394100.0 1394160.0 1394230.0 1394170.0 1394100.0 1394130.0 1394200.0 1394360.0 1394360.0 1365100.0 1393830.0 1394360.0 1394310.0 1394130.0 1394070.0 1394360.0 1394230.0 1394360.0 1394360.0 1394360.0 1394360.0 1386960.0 233467.0 -9999.0 -9999.0 -9999.0 614747.0 689634.0 534968.0 729143.0 501690.0 345671.0 348644.0 616699.0 929242.0 657682.0 658434.0 1046020.0 968424.0 929169.0 1123460.0 1200750.0 1316800.0
1399030.0 1399030.0 1399000.0 1399030.0 1399030.0 1399030.0 1399030.0 1399030.0 1399030.0 1399030.0 1399030.0 1399030.0 1399030.0 1399030.0 1399030.0 1399030.0 1399030.0 1399030.0 1399030.0 1321370.0 1398910.0 1398840.0 1399030.0 1399030.0 1398910.0 1398980.0 1399000.0 1398940.0 1398960.0 1398960.0 1346290.0 1394240.0 1398920.0 1399030.0 1398870.0 1398790.0 1398800.0 1399030.0 1399030.0 1399030.0 1399030.0 1399030.0 1360140.0 1359530.0 526254.0 -9999.0 -9999.0 -9999.0 76377.5 498194.0 387829.0 461095.0 345614.0 346696.0 349684.0 656589.0 1047440.0 1010540.0 971841.0 970404.0 815900.0 892809.0 1282460.0 1360120.0 1399030.0
1403610.0 1403600.0 1403590.0 1403590.0 1403610.0 1403610.0 1403610.0 1403610.0 1403610.0 1403600.0 1403610.0 1403610.0 1403610.0 1403610.0 1403610.0 1403610.0 1403610.0 1364630.0 1403610.0 1403610.0 1403350.0 1403370.0 1403610.0 1403610.0 1403280.0 1403420.0 1403330.0 1403320.0 1403370.0 1403380.0 1362430.0 1354390.0 1403590.0 1403610.0 1403450.0 1403200.0 1403160.0 1403610.0 1403610.0 1403610.0 1403610.0 1403610.0 1403610.0 1364370.0 553857.0 -9999.0 -9999.0 -9999.0 -9999.0 191537.0 285812.0 346658.0 424570.0 348460.0 465131.0 659261.0 973508.0 1207920.0 1048570.0 733519.0 929839.0 776297.0 1169840.0 1364670.0 1403610.0
1408070.0 1408070.0 1408070.0 1408070.0 1408070.0 1408070.0 1408060.0 1408070.0 1408070.0 1408070.0 1408060.0 1408070.0 1408070.0 1408070.0 1408070.0 1408070.0 1408070.0 1408070.0 1408070.0 1408070.0 1408070.0 1408070.0 1408070.0 1408070.0 1408070.0 1407980.0 1407980.0 1408000.0 1408060.0 1408070.0 1209500.0 1368880.0 1408070.0 1408070.0 1407810.0 1407670.0 1363640.0 1408000.0 1408070.0 1408070.0 1408070.0 1368930.0 1368950.0 1329780.0 544349.0 -9999.0 -9999.0 -9999.0 -9999.0 -9999.0 -9999.0 374772.0 348432.0 426545.0 350395.0 507020.0 702790.0 816526.0 663640.0 973802.0 821733.0 1251820.0 1408070.0 1408070.0 1408070.0
1412430.0 1412430.0 1412430.0 1412420.0 1412420.0 1412430.0 1412410.0 1412400.0 1412420.0 1412410.0 1412430.0 1412430.0 1412430.0 1412430.0 1412430.0 1216410.0 1333900.0 1412430.0 1412430.0 1412430.0 1412430.0 1412430.0 1412430.0 1412430.0 1412430.0 1412390.0 1412430.0 1412430.0 1412340.0 1412340.0 1209460.0 1254200.0 1412430.0 1412430.0 1412230.0 1412030.0 1333650.0 1364580.0 1412430.0 1412430.0 1294720.0 1333940.0 1333480.0 1411040.0 712896.0 -9999.0 -9999.0 -9999.0 -9999.0 -9999.0 -9999.0 103104.0 611210.0 389014.0 429220.0 351817.0 391237.0 585193.0 509385.0 1020290.0 1176230.0 1412430.0 1412430.0 1412430.0 1412430.0
1416680.0 1416680.0 1416680.0 1416680.0 1416670.0 1416680.0 1416680.0 1416650.0 1416680.0 1416640.0 1416660.0 1416660.0 1416680.0 1416680.0 1337920.0 1377300.0 1298500.0 1416680.0 1377320.0 1377340.0 1377360.0 1377380.0 1416680.0 1416680.0 1416680.0 1416680.0 1416670.0 1416680.0 1416680.0 1416680.0 1404510.0 1318880.0 1416680.0 1331050.0 1377010.0 1416240.0 1416270.0 1377100.0 1416680.0 1416680.0 1416680.0 1259330.0 1334190.0 1294460.0 825113.0 245499.0 -9999.0 -9999.0 -9999.0 -9999.0 -9999.0 -9999.0 268445.0 390521.0 390934.0 352439.0 509038.0 469954.0 587665.0 1022870.0 708127.0 1416680.0 1416680.0 1416680.0 1416680.0
1420820.0 1420820.0 1420820.0 1420820.0 1420820.0 1420810.0 1420810.0 1420790.0 1420790.0 1420810.0 1420820.0 1420820.0 1420820.0 1420820.0 1420820.0 1341980.0 1381400.0 1420820.0 1420820.0 1420820.0 1420820.0 1420820.0 1420820.0 1420820.0 1420820.0 1420810.0 1420810.0 1420820.0 1420820.0 1420820.0 1420820.0 1206630.0 1289320.0 1144040.0 1420630.0 1420430.0 1420370.0 1172590.0 1420760.0 1420820.0 1223440.0 1262950.0 1341860.0 1301300.0 1341800.0 708906.0 202602.0 30136.2 -9999.0 -9999.0 -9999.0 -9999.0 0.00738525 333925.0 431335.0 228544.0 190368.0 354463.0 628995.0 906231.0 434244.0 1025940.0 1420820.0 1420820.0 1420820.0
1424860.0 1424860.0 1424860.0 1424860.0 1424860.0 1424860.0 1424850.0 1424840.0 1424820.0 1424860.0 1424860.0 1424860.0 1424860.0 1424860.0 1424860.0 1424860.0 1424860.0 1424860.0 1424860.0 1424860.0 1424860.0 1424860.0 1424860.0 1424860.0 1424860.0 1424860.0 1424860.0 1424860.0 1424860.0 1424860.0 1424780.0 1424660.0 1377660.0 1424760.0 1424640.0 1384900.0 1384790.0 1107800.0 1305710.0 1385100.0 1305670.0 1345550.0 1384850.0 1385050.0 1305190.0 1145640.0 236537.0 0.0 -9999.0 -9999.0 -9999.0 -9999.0 -9999.0 112717.0 484464.0 355263.0 354304.0 354249.0 433187.0 1028370.0 1108440.0 1385290.0 1187200.0 1345340.0 1424320.0
