critload/trunk/input/2010/nfix_nat.asc
ncols 720
nrows 360
xllcorner -180.0
yllcorner -90.0
cellsize 0.5
NODATA_value -9999.0
[rows 145 to 173 of 360, columns 325 to 389 of 720]
-9999.0 -9999.0 42990.7 0.0 0.0 0.0 0.0 0.0 0.0 0.0 0.0 0.0 0.0 0.0 0.0 0.0 555334.0 515636.0 793482.0 237915.0 79305.0 396615.0 475920.0 1031700.0 1428780.0 1230140.0 1349060.0 1230080.0 1071200.0 1230210.0 1269830.0 1428120.0 1416790.0 1349320.0 1428590.0 1428400.0 1428720.0 1388990.0 1428780.0 1428780.0 1389090.0 1428780.0 1428780.0 1428780.0 1428780.0 1428780.0 1309820.0 1031500.0 1230160.0 1230270.0 1309640.0 1389030.0 1428780.0 1428780.0 1428780.0 1428780.0 1428780.0 1428780.0 1428780.0 1428780.0 1428780.0 1428780.0 1428780.0 1428780.0 1428780.0
-9999.0 -9999.0 26832.8 0.118164 149125.0 198905.0 79675.8 0.0 0.0 0.0 0.0 0.0 0.0 0.0 0.0 0.0 0.0 0.0 0.0 0.0 0.0 0.0 0.0 238662.0 755790.0 517319.0 555210.0 501123.0 551463.0 639454.0 599387.0 654685.0 1073280.0 1306920.0 1369480.0 1392530.0 1312940.0 1233100.0 1313120.0 1392850.0 1313140.0 1353030.0 1432600.0 1074230.0 795489.0 994679.0 1074300.0 1034390.0 1153940.0 1273380.0 1273480.0 1392850.0 1432600.0 1432600.0 1432600.0 1432600.0 1432600.0 1432600.0 1432600.0 1432600.0 1432600.0 1432600.0 1432600.0 1432600.0 1432600.0
-9999.0 -9999.0 91778.0 331340.0 348744.0 348346.0 309711.0 19349.7 0.0 0.057373 0.0 0.0 0.0 0.0 0.0 0.0 0.0 0.0 0.0 0.0 0.0 0.0 0.0 0.0 193627.0 718392.0 518686.0 421411.0 378034.0 478653.0 232394.0 271196.0 406588.0 367894.0 901847.0 925915.0 797580.0 717673.0 503533.0 426095.0 600585.0 1116670.0 1077120.0 438694.0 399042.0 518574.0 677944.0 877442.0 1077040.0 1156770.0 1236630.0 1436310.0 1396370.0 1436310.0 1436310.0 1436310.0 1436310.0 1436310.0 1436310.0 1436310.0 1436310.0 1436310.0 1436310.0 1436310.0 1436310.0
-9999.0 111459.0 58145.5 230596.0 116474.0 19400.3 0.0 349173.0 152552.0 0.0 0.0 0.0 0.0 0.0 0.0 0.0 0.0 0.0 0.0 0.0 0.0 0.0 0.0 0.0 213665.0 225051.0 223938.0 189763.0 57252.9 244638.0 271896.0 330282.0 485530.0 330096.0 271852.0 311145.0 308270.0 232961.0 291134.0 291228.0 504846.0 252340.0 213467.0 213659.0 233083.0 440160.0 400023.0 559685.0 479655.0 399680.0 639820.0 759663.0 919572.0 1199860.0 1439910.0 1439910.0 1439910.0 1439910.0 1439910.0 1439910.0 1439910.0 1439910.0 1439910.0 1439910.0 1439910.0
23269.5 948760.0 1332730.0 1880490.0 1333940.0 1961490.0 1412240.0 1098380.0 1253060.0 366970.0 0.0 156695.0 706585.0 469958.0 783402.0 705192.0 860830.0 941481.0 706369.0 863173.0 470663.0 941948.0 1019600.0 1019820.0 549314.0 97332.7 36944.2 38903.7 77946.1 253000.0 253115.0 252933.0 155622.0 175173.0 214174.0 233514.0 239144.0 194507.0 77867.8 175233.0 136174.0 155630.0 136360.0 272581.0 272589.0 194604.0 194719.0 175294.0 136251.0 136111.0 360856.0 481005.0 561337.0 801887.0 1242810.0 1162600.0 961931.0 1282920.0 1162570.0 1323010.0 1403260.0 1403280.0 1363140.0 1322990.0 1282860.0
539066.0 1408340.0 1957380.0 2275720.0 1965150.0 1729580.0 1651550.0 1886990.0 1808390.0 1336410.0 393193.0 864105.0 707409.0 706195.0 1100180.0 864368.0 471084.0 628700.0 707317.0 707438.0 707528.0 864946.0 1415300.0 1022360.0 392906.0 1570880.0 1336410.0 550325.0 941760.0 864671.0 865037.0 1022810.0 1022450.0 253538.0 311858.0 175414.0 19485.8 0.0 78006.6 136572.0 629093.0 157145.0 58489.9 0.0 39048.2 0.0 19509.2 58489.9 38988.3 0.0 19531.5 39025.8 58489.9 602507.0 602522.0 642934.0 562512.0 763291.0 682899.0 763399.0 723064.0 803503.0 763230.0 441801.0 281233.0
-9999.0 873412.0 1864950.0 2046580.0 1891300.0 1260770.0 1181950.0 1811910.0 1418940.0 1025020.0 1182340.0 946219.0 1637700.0 1772310.0 1180550.0 551004.0 708267.0 867018.0 866930.0 1024520.0 551334.0 1339410.0 1652950.0 1021540.0 819981.0 1385050.0 1102460.0 628874.0 470919.0 1023490.0 1102790.0 1259470.0 1418760.0 1336700.0 1101670.0 117291.0 0.0 0.0 78796.1 236359.0 0.0 0.0 0.0 78737.4 157504.0 19538.8 19538.9 0.0 0.0 0.057373 0.0 0.0 0.0 0.0 97744.9 234618.0 402880.0 483035.0 563638.0 603969.0 443003.0 886132.0 604169.0 201403.0 241469.0
-9999.0 502194.0 394868.0 1388680.0 629659.0 886968.0 1341670.0 1341900.0 1658730.0 1263850.0 3144550.0 1776060.0 2322740.0 1913510.0 2049590.0 2186180.0 2322990.0 2870360.0 1229320.0 818212.0 682849.0 1578320.0 925573.0 1322960.0 1032310.0 866434.0 315295.0 710437.0 710613.0 1974530.0 1574730.0 1577560.0 1811510.0 1736450.0 1578740.0 1576630.0 474229.0 0.231201 0.231201 0.0 0.231201 0.0 0.0 0.0 789640.0 707365.0 629221.0 472838.0 237045.0 78019.3 0.231201 78939.9 236763.0 0.0 0.057373 156713.0 58809.0 0.057373 403380.0 201827.0 40330.8 362952.0 -9999.0 363537.0 201628.0
-9999.0 304885.0 1079430.0 1276930.0 1483850.0 2603740.0 1779600.0 1917600.0 3287760.0 3562320.0 3562170.0 3288490.0 2053610.0 1916140.0 1732090.0 1916270.0 1230050.0 1644030.0 1230410.0 1229840.0 1051220.0 767015.0 839744.0 1661620.0 632608.0 631975.0 950043.0 1107630.0 949718.0 2054090.0 1572610.0 942758.0 1261860.0 1979060.0 1658770.0 2373110.0 1107270.0 237294.0 0.231201 0.0 0.0 0.0 395616.0 0.0 1028170.0 393642.0 315410.0 0.231201 474859.0 78132.6 316727.0 0.231201 237103.0 394971.0 0.231201 0.0 0.057373 0.0 78542.6 19623.8 19650.8 19630.6 196220.0 -9999.0 -9999.0
-9999.0 910318.0 3241760.0 1097910.0 2968110.0 3017200.0 3016740.0 2195660.0 3841950.0 3705070.0 3430470.0 3705800.0 2056920.0 1920860.0 1976350.0 1784040.0 1920710.0 1922090.0 960463.0 1678010.0 945408.0 548517.0 1645720.0 957551.0 1095830.0 1507960.0 1919460.0 1505520.0 1031190.0 1898020.0 629645.0 1817850.0 634066.0 1809340.0 1655720.0 1109880.0 1745310.0 1269460.0 712846.0 158745.0 0.0 0.0 0.0 0.231201 0.0 0.400146 0.0 158719.0 79346.9 0.231201 391902.0 0.231201 555294.0 79372.3 0.0 236690.0 236964.0 0.0 396680.0 0.0 0.0 0.0 58915.2 790665.0 72587.6
-9999.0 168757.0 1570550.0 1648740.0 687691.0 1923480.0 1650820.0 1787580.0 1787490.0 2612340.0 2611830.0 2474920.0 2200190.0 2063770.0 2063210.0 1925360.0 1787980.0 2060800.0 1415610.0 687560.0 962126.0 1372850.0 823872.0 1784140.0 1508980.0 960764.0 1786060.0 2885940.0 1375120.0 1111920.0 872753.0 1909910.0 1742280.0 792677.0 1267750.0 1427980.0 1667640.0 1906690.0 1430470.0 2383770.0 2142760.0 79523.5 0.231201 0.0 0.0 0.0 0.400146 0.400146 136864.0 0.0 0.400146 0.231201 236951.0 237134.0 158972.0 79423.1 316930.0 794186.0 873797.0 1032750.0 953733.0 556564.0 316539.0 1582660.0 1507070.0
-9999.0 -9999.0 340266.0 394945.0 906424.0 1371210.0 2893160.0 2615570.0 2616920.0 2751820.0 2198130.0 2475580.0 2204240.0 1928370.0 1650860.0 1514540.0 1102040.0 1645120.0 1284270.0 1376710.0 2066860.0 1374610.0 1375180.0 688672.0 1791170.0 1649820.0 2340670.0 963101.0 1239230.0 1513980.0 1515370.0 1516270.0 2610510.0 2339120.0 1370550.0 1746940.0 3444830.0 2064980.0 2059840.0 4404880.0 4683040.0 713260.0 137195.0 0.0 0.400146 0.0 0.400146 0.0 0.0 0.0 0.0 406069.0 268121.0 0.0 0.231201 158559.0 794260.0 953311.0 1351600.0 1352780.0 1192780.0 951720.0 716439.0 238693.0 1671720.0
-9999.0 -9999.0 330673.0 289987.0 1309840.0 1440950.0 2345890.0 2894820.0 2619510.0 2613770.0 1100850.0 2067210.0 2343610.0 1930140.0 1654010.0 1515610.0 647804.0 1235910.0 1923220.0 1794790.0 1656360.0 965952.0 1379710.0 1241160.0 1513570.0 1379300.0 2471700.0 2071000.0 2897050.0 2481350.0 2484620.0 3588940.0 3312530.0 827914.0 828072.0 1929090.0 3292490.0 3587660.0 4003240.0 1789210.0 2205110.0 3033830.0 966716.0 103870.0 91382.7 0.400146 275851.0 137925.0 138006.0 0.400146 0.400146 0.0 104239.0 138085.0 0.400146 0.0 0.0 0.231201 0.0 876167.0 876972.0 637953.0 951140.0 1031350.0 1913860.0
-9999.0 -9999.0 -9999.0 -9999.0 22184.8 800791.0 2069010.0 2207340.0 1931970.0 2487250.0 2207200.0 2068640.0 2484580.0 2347880.0 1935700.0 1797480.0 1243560.0 1519950.0 2211520.0 2627490.0 2627830.0 2212010.0 1521180.0 690243.0 2069100.0 3308520.0 1797820.0 3041380.0 3039780.0 966113.0 1936250.0 2350630.0 414835.0 414835.0 552062.0 413293.0 825337.0 3312080.0 4143580.0 3178280.0 1933500.0 3732140.0 1519610.0 553037.0 266803.0 0.0 276710.0 829292.0 414759.0 550525.0 0.0 0.400146 138317.0 275416.0 0.0 0.0 138164.0 138354.0 0.0 0.400146 275774.0 274422.0 2341070.0 797099.0 877006.0
-9999.0 -9999.0 -9999.0 -9999.0 -9999.0 30378.7 1830990.0 1382000.0 1661090.0 2487480.0 2490640.0 2353950.0 2215630.0 2353410.0 2215660.0 2491690.0 1799570.0 2488840.0 3183830.0 2768700.0 2769050.0 1799820.0 1106470.0 829445.0 1244060.0 2491080.0 3739360.0 4013310.0 3592650.0 1516980.0 1937530.0 3045080.0 1521170.0 968690.0 1650400.0 1242050.0 1794840.0 2615600.0 3318930.0 2766520.0 3177520.0 2627370.0 2077710.0 2630260.0 275727.0 276331.0 553917.0 553369.0 906120.0 263291.0 277148.0 276859.0 276858.0 553716.0 0.0 138429.0 0.400146 0.400146 0.0 553421.0 137418.0 1101770.0 2346210.0 1037110.0 1276120.0
-9999.0 -9999.0 -9999.0 -9999.0 -9999.0 -9999.0 -9999.0 729856.0 2213560.0 2771950.0 3462680.0 3467370.0 3328470.0 2492900.0 2216480.0 2911810.0 3187550.0 4435910.0 3744880.0 2355050.0 2772150.0 2357020.0 1523510.0 1108570.0 553745.0 3049900.0 3328270.0 2773540.0 2355110.0 2357400.0 2496850.0 3467610.0 1664090.0 693434.0 829020.0 966191.0 555098.0 1377090.0 1658740.0 4437070.0 3462110.0 2905010.0 1663700.0 1663980.0 1524900.0 1386450.0 277255.0 277255.0 265033.0 554094.0 832321.0 275908.0 138783.0 415968.0 138783.0 1802630.0 1664300.0 138715.0 277394.0 92478.3 416039.0 1937830.0 1245990.0 685684.0 797872.0
-9999.0 -9999.0 -9999.0 -9999.0 -9999.0 -9999.0 -9999.0 -9999.0 1399260.0 1789890.0 2897850.0 3041560.0 3056220.0 3193570.0 2218230.0 1597920.0 1996380.0 2474380.0 2156910.0 3192810.0 2777890.0 2915570.0 2219910.0 1385860.0 1666550.0 2500620.0 3333430.0 5000380.0 2916780.0 2498690.0 2777180.0 3055360.0 1666760.0 1111590.0 967814.0 552289.0 2497730.0 1801060.0 3607740.0 4306070.0 2914950.0 1944590.0 1388800.0 1805710.0 759963.0 330974.0 416014.0 138883.0 276343.0 832634.0 553916.0 275311.0 969827.0 1110070.0 277931.0 0.0 416278.0 138485.0 138949.0 0.0 521652.0 2057330.0 1374250.0 2358940.0 972641.0
-9999.0 -9999.0 -9999.0 -9999.0 -9999.0 -9999.0 -9999.0 -9999.0 720232.0 2014120.0 2913260.0 2364420.0 2362140.0 1191700.0 1115920.0 1197840.0 1197010.0 2237800.0 1757940.0 1519970.0 2781100.0 2780510.0 2641470.0 2085210.0 2503960.0 2781610.0 2642880.0 4033060.0 2920300.0 2780220.0 2921220.0 2920690.0 1947220.0 1890100.0 1108160.0 1938280.0 3059160.0 1667240.0 3755710.0 4311540.0 1529770.0 1389900.0 1388450.0 691821.0 694581.0 956417.0 556645.0 375567.0 695566.0 1251900.0 695628.0 1252000.0 970732.0 553994.0 0.0 128804.0 0.0 555280.0 1667620.0 417051.0 2585340.0 3610700.0 2518870.0 3843370.0 3615230.0
-9999.0 -9999.0 -9999.0 -9999.0 -9999.0 -9999.0 -9999.0 -9999.0 423157.0 1747580.0 1526900.0 1527720.0 2643620.0 1197710.0 1749520.0 2070890.0 1441620.0 1437930.0 1201620.0 1440540.0 1521790.0 1601720.0 1521870.0 1441740.0 1949270.0 2640870.0 1120690.0 1947330.0 1110670.0 958668.0 2641850.0 1669110.0 1671250.0 911937.0 1216100.0 1697220.0 3199460.0 1946280.0 3475560.0 3756600.0 1112290.0 557240.0 1809920.0 417687.0 138407.0 834508.0 835460.0 975075.0 1098540.0 696352.0 278488.0 417687.0 0.0 247214.0 0.400146 99006.6 557211.0 1808500.0 2785490.0 3062500.0 4733790.0 4871440.0 4593790.0 4594030.0 4733240.0
-9999.0 -9999.0 -9999.0 -9999.0 -9999.0 -9999.0 -9999.0 -9999.0 -9999.0 1320100.0 2064980.0 1118740.0 641834.0 1520490.0 2077870.0 2397270.0 1517870.0 875243.0 1521000.0 1521680.0 1601310.0 962245.0 1122300.0 713925.0 558186.0 1361380.0 1122210.0 721528.0 480156.0 478070.0 399872.0 559271.0 881716.0 1043030.0 1229100.0 1119480.0 1440280.0 975535.0 2370810.0 2359780.0 1042940.0 0.0 80221.5 77611.5 157606.0 0.0 139458.0 557610.0 636079.0 139403.0 0.0 0.0 0.0 0.0 0.400146 835794.0 2510740.0 2789010.0 2928890.0 4460590.0 4739770.0 4460960.0 4458570.0 4598360.0 4737640.0
-9999.0 -9999.0 -9999.0 -9999.0 -9999.0 -9999.0 -9999.0 -9999.0 -9999.0 -9999.0 268029.0 961782.0 1839420.0 2245220.0 2248850.0 3500040.0 1673470.0 1822910.0 1673990.0 1123610.0 1283280.0 882385.0 561032.0 1033420.0 673537.0 642588.0 481012.0 803111.0 1362150.0 321404.0 79160.4 160658.0 642498.0 1445530.0 1354370.0 961097.0 957399.0 481915.0 1357470.0 880049.0 641287.0 239332.0 159139.0 482135.0 238091.0 321419.0 321375.0 279184.0 139592.0 418800.0 279209.0 0.0 0.0 0.0 836992.0 1115530.0 3488510.0 3768750.0 4187850.0 4466590.0 4605130.0 3486480.0 3207090.0 4184660.0 4881810.0
-9999.0 -9999.0 -9999.0 -9999.0 -9999.0 -9999.0 -9999.0 -9999.0 -9999.0 -9999.0 -9999.0 22820.9 660988.0 1622050.0 1370750.0 2252530.0 2629310.0 1927240.0 1275870.0 1527340.0 1204220.0 803290.0 723758.0 561610.0 320916.0 160774.0 562296.0 562791.0 401355.0 962808.0 723746.0 152805.0 238117.0 640533.0 740005.0 483099.0 80386.8 481220.0 878365.0 239942.0 0.230225 475862.0 305730.0 803882.0 803882.0 1286270.0 723676.0 80428.5 182664.0 0.0 80372.8 159863.0 160760.0 638599.0 2935010.0 4461200.0 4044320.0 2647210.0 3350540.0 4330980.0 4744500.0 4170980.0 4189010.0 4050810.0 4329380.0
-9999.0 -9999.0 -9999.0 -9999.0 -9999.0 -9999.0 -9999.0 -9999.0 -9999.0 -9999.0 -9999.0 -9999.0 -9999.0 53072.8 1477080.0 2884640.0 3138230.0 3385130.0 3389030.0 3141890.0 2262790.0 724291.0 628471.0 625622.0 561976.0 482926.0 563292.0 724369.0 804926.0 960872.0 640433.0 321989.0 473646.0 402418.0 80455.4 2761720.0 158935.0 45981.4 246683.0 31756.2 0.0 204089.0 0.0 318282.0 238975.0 1126720.0 642208.0 0.0 63947.9 0.0 0.0 79525.8 1204590.0 2009620.0 2490080.0 2243630.0 3333630.0 3116530.0 4472100.0 4474680.0 4386490.0 4737990.0 4194270.0 3636230.0 4194580.0
-9999.0 -9999.0 -9999.0 -9999.0 -9999.0 -9999.0 -9999.0 -9999.0 -9999.0 -9999.0 -9999.0 -9999.0 -9999.0 -9999.0 71967.4 1943950.0 3896780.0 3018120.0 3517890.0 3895860.0 3522910.0 1635960.0 1132750.0 2637890.0 402824.0 629265.0 1256030.0 1047260.0 1194300.0 1930530.0 1289000.0 723381.0 241749.0 80531.6 83790.0 139451.0 0.115112 -9999.0 -9999.0 -9999.0 -9999.0 -9999.0 -9999.0 -9999.0 4192.86 1612790.0 723602.0 80590.8 139258.0 0.0 0.0 1047520.0 1691230.0 2011950.0 2405540.0 1282040.0 2849880.0 3915210.0 4755120.0 2654870.0 4897380.0 4898020.0 4057940.0 3357930.0 3638310.0
-9999.0 -9999.0 -9999.0 -9999.0 -9999.0 -9999.0 -9999.0 -9999.0 -9999.0 -9999.0 -9999.0 -9999.0 -9999.0 -9999.0 -9999.0 54105.1 2297090.0 3266160.0 3266600.0 3516310.0 3020970.0 1889080.0 2137020.0 1446970.0 939058.0 603545.0 818224.0 305418.0 914041.0 2549600.0 1528230.0 1128670.0 328546.0 30860.2 0.0 -9999.0 -9999.0 -9999.0 -9999.0 -9999.0 -9999.0 -9999.0 -9999.0 -9999.0 -9999.0 894342.0 997852.0 245895.0 0.0 117000.0 0.0 1259290.0 3019530.0 2575680.0 2408740.0 1278540.0 1770870.0 2579410.0 2821350.0 2737250.0 2821020.0 2820810.0 2739990.0 2800910.0 2175880.0
-9999.0 -9999.0 -9999.0 -9999.0 -9999.0 -9999.0 -9999.0 -9999.0 -9999.0 -9999.0 -9999.0 -9999.0 -9999.0 -9999.0 -9999.0 -9999.0 -9999.0 949494.0 2463880.0 2846950.0 1762000.0 645740.0 584455.0 -9999.0 -9999.0 -9999.0 -9999.0 -9999.0 -9999.0 -9999.0 125757.0 0.0 -9999.0 -9999.0 -9999.0 -9999.0 -9999.0 -9999.0 -9999.0 -9999.0 -9999.0 -9999.0 -9999.0 -9999.0 -9999.0 71837.2 1947630.0 756477.0 1134610.0 873589.0 0.0 399866.0 3064080.0 3016510.0 1525220.0 2740750.0 2579630.0 2094480.0 2661700.0 2419540.0 2579380.0 2661470.0 2338610.0 1854610.0 2177150.0
-9999.0 -9999.0 -9999.0 -9999.0 -9999.0 -9999.0 -9999.0 -9999.0 -9999.0 -9999.0 -9999.0 -9999.0 -9999.0 -9999.0 -9999.0 -9999.0 -9999.0 -9999.0 -9999.0 131147.0 0.0 -9999.0 -9999.0 -9999.0 -9999.0 -9999.0 -9999.0 -9999.0 -9999.0 -9999.0 -9999.0 -9999.0 -9999.0 -9999.0 -9999.0 -9999.0 -9999.0 -9999.0 -9999.0 -9999.0 -9999.0 -9999.0 -9999.0 -9999.0 -9999.0 -9999.0 436051.0 1379610.0 984231.0 -9999.0 -9999.0 -9999.0 337797.0 2209300.0 1874950.0 2419680.0 2496240.0 563398.0 1604290.0 2659480.0 2419080.0 2663800.0 2744400.0 2502110.0 2098290.0
-9999.0 -9999.0 -9999.0 -9999.0 -9999.0 -9999.0 -9999.0 -9999.0 -9999.0 -9999.0 -9999.0 -9999.0 -9999.0 -9999.0 -9999.0 -9999.0 -9999.0 -9999.0 -9999.0 -9999.0 -9999.0 -9999.0 -9999.0 -9999.0 -9999.0 -9999.0 -9999.0 -9999.0 -9999.0 -9999.0 -9999.0 -9999.0 -9999.0 -9999.0 -9999.0 -9999.0 -9999.0 -9999.0 -9999.0 -9999.0 -9999.0 -9999.0 -9999.0 -9999.0 -9999.0 -9999.0 -9999.0 -9999.0 -9999.0 -9999.0 -9999.0 -9999.0 1245720.0 -9999.0 454264.0 1881860.0 2173580.0 1852480.0 1851570.0 2498550.0 2584100.0 2826750.0 2908230.0 2827640.0 2908480.0
-9999.0 -9999.0 -9999.0 -9999.0 -9999.0 -9999.0 -9999.0 -9999.0 -9999.0 -9999.0 -9999.0 -9999.0 -9999.0 -9999.0 -9999.0 -9999.0 -9999.0 -9999.0 -9999.0 -9999.0 -9999.0 -9999.0 -9999.0 -9999.0 -9999.0 -9999.0 -9999.0 -9999.0 -9999.0 -9999.0 -9999.0 -9999.0 -9999.0 -9999.0 -9999.0 -9999.0 -9999.0 -9999.0 -9999.0 -9999.0 -9999.0 -9999.0 -9999.0 -9999.0 -9999.0 -9999.0 -9999.0 -9999.0 -9999.0 -9999.0 -9999.0 249398.0 1294080.0 -9999.0 179998.0 3027500.0 3912260.0 3781470.0 3658910.0 3913030.0 4418530.0 4545410.0 4418370.0 2909570.0 2828480.0
