critload/trunk/input/2010/ngw_nat.asc
ncols 720
nrows 360
xllcorner -180
yllcorner -90
cellsize 0.5
NODATA_value -9999
[rows 182 to 207 of 360, columns 180 to 239 of 720]
12146.3171364 -9999.0 -9999.0 -9999.0 -9999.0 -9999.0 -9999.0 -9999.0 -9999.0 -9999.0 -9999.0 -9999.0 -9999.0 -9999.0 -9999.0 -9999.0 -9999.0 -9999.0 5609.235300851234 105084.59720196371 171470.27368209278 473880.07787703094 164194.21726154428 562224.497269868 1060460.147270791 1338385.7937441 1253429.560823 1247516.4336009999 1430679.558983 1412012.66805 1390641.8377180002 1427070.7626545 1386957.740644843 1391582.109019 1390116.2465068258 1456973.04697 1459701.81570795 1370747.6887620399 1466320.9789406 1475640.0059596999 1423670.18207268 1462538.7043009999 1213858.925301 1480909.92216 1427725.217114 1447613.478623 1504878.039497 1445718.864082 1335479.9839710002 1335654.0743149999 1346411.9020059998 1353649.622941 1365916.5582929999 734762.8859389999 1119989.342491 1012869.6774308662 1103121.0196159098 1520960.1042429998 1570788.8713 1590109.82237
-9999.0 -9999.0 -9999.0 -9999.0 -9999.0 -9999.0 -9999.0 -9999.0 -9999.0 -9999.0 -9999.0 -9999.0 -9999.0 -9999.0 -9999.0 -9999.0 -9999.0 -9999.0 40078.553856580314 260703.70921094273 63496.33988243762 577879.8602246592 282531.98885808664 788158.1737287041 1112116.3720188248 1349051.60501199 1272764.965102 1466852.0109740002 1440045.4669289999 1424844.319355 1368123.4593159999 1426868.090008 1399859.7105912191 1331903.7312555825 1368025.6283624007 1412194.8643612212 1410656.4847641503 1422611.1126377555 1462135.58467 1450426.6569526 1471821.83532 1437021.8794412 1435430.7148499999 1407719.437918 1366798.410702 1176836.408228 1209002.1615860001 1132287.996197 667140.171524 1258375.253928793 1336161.23343 1347903.002815 1366570.2689959998 1367474.922865 1354772.786935 1308942.886827 1379341.255906 1333208.6026857402 1528892.88775 1543934.77492
-9999.0 -9999.0 -9999.0 -9999.0 -9999.0 -9999.0 -9999.0 -9999.0 -9999.0 -9999.0 -9999.0 -9999.0 -9999.0 -9999.0 -9999.0 -9999.0 -9999.0 -9999.0 0.0 129163.00990666173 44286.200478926105 549482.6244901448 439913.41851156397 558683.3426774506 1021343.7911297749 1502055.79173 1429574.4420309998 1410563.8810780002 1386929.570874 1406411.084386 1381348.336057 1359141.23833 1384069.745721 1345681.142461 1377739.111955 1342982.4188304546 1373534.121496 1360635.8790584654 1413330.836371 1443326.736517 1409206.3191389362 1457642.57316 1463514.93482 1423317.898877 1404772.741866 1376613.399895 1161976.997593 1150838.9497852998 1159424.59362 690590.5318641 1323524.808659 1344328.053336 1351062.511602 1382143.240558 1394440.479605 1400699.434634 1406823.6893981001 1161386.38009 1315434.56123 1343555.26063
-9999.0 -9999.0 -9999.0 -9999.0 -9999.0 -9999.0 -9999.0 -9999.0 -9999.0 -9999.0 -9999.0 -9999.0 -9999.0 -9999.0 -9999.0 -9999.0 -9999.0 -9999.0 -9999.0 39262.95057853194 208177.80269017143 410655.6553449058 390678.4021903179 1218916.8883418567 1235977.2318249948 1433116.124309 1348578.0559813736 1343915.6662136666 1364395.082161 1374818.0303416 1319384.9145869338 1324878.266704 1296849.177062 1308448.815582 1354111.107703 1348905.994556 1350258.27247 1388652.45267 1409892.45742706 1379858.6065056382 1369621.5959142148 1418455.058166 1415269.146521 1396060.081051 1320446.859852397 701659.798531 1298471.8739979998 1260676.6036274452 660094.359319 647715.5818931 678134.5086475001 1320288.49577 1329148.063464 1362004.933048 1374757.033646 1381443.597834 1342587.6948159998 1231835.68801 903142.5687980712 1210477.3047615504
-9999.0 -9999.0 -9999.0 -9999.0 -9999.0 -9999.0 -9999.0 -9999.0 -9999.0 -9999.0 -9999.0 -9999.0 -9999.0 -9999.0 -9999.0 -9999.0 -9999.0 -9999.0 -9999.0 15777.719142802724 425292.7392406896 387270.6052345421 606502.266182058 1365430.9310251023 1115403.070124 1373995.505974 1248308.2757334854 1321846.092966 1289050.618219 1247778.059104 1328925.4082717 1247865.95776 1305954.82493 1224940.10506 1240720.509018 1296785.7194969999 1311224.092232 1367653.449413 1388961.84079 1417311.87649 1418701.5951959998 1389797.9032939998 1395777.938877 1375230.5792405999 1265398.1032579336 1355568.194201 1355235.8993739998 1338774.948816 1328308.910347 1324874.7683350001 1127008.6910629123 1140470.809173 1334756.783666 1301799.814177 1098016.992845 1355251.078869 1333222.371542 1244713.416676 984136.5059264502 847677.7984373899
-9999.0 -9999.0 -9999.0 -9999.0 -9999.0 -9999.0 -9999.0 -9999.0 -9999.0 -9999.0 -9999.0 -9999.0 -9999.0 -9999.0 -9999.0 -9999.0 -9999.0 -9999.0 0.0 0.0 992113.8287479605 461948.7453153741 1291488.2342055799 1355514.4619777678 1082387.021255 1200472.069473 1255945.777705471 1239362.555030029 1268604.92702 1202179.9645989493 1213449.416518 1285597.035382 1227752.6821928 1063570.656919085 1224428.415362 1263406.653067 1245240.114523 1310567.043126 1298904.9116730783 1279664.4742455317 1389791.906907 1339386.747781 1392464.219079 1357571.6918549999 1369115.883321 1353965.1083789999 1355345.963405 1337891.669889 1345144.749866 1327941.883987 1331834.158245 1246665.8652249998 1216590.977121 1148432.143904 1047518.72954 621120.7581985 641668.569339 628526.9448418814 1238919.0751899842 1066903.4329767635
-9999.0 -9999.0 -9999.0 -9999.0 -9999.0 -9999.0 -9999.0 -9999.0 -9999.0 -9999.0 -9999.0 -9999.0 -9999.0 -9999.0 -9999.0 -9999.0 -9999.0 0.0 37807.37659180767 25903.666309715994 703609.1057243459 499390.7478869594 958156.5620843241 1119831.1816200675 957973.2353870162 1070094.552704 1152746.2652025651 1173887.4408033902 1173505.914055613 1067529.59998 992668.6004108159 1013428.0125801708 1132816.513547 1101297.2497392218 1245225.1244568 1289000.54034 1316727.688817 1321483.194697 1355004.198667 700247.2508889037 1256770.5928847492 1384441.5692309998 1408718.7046909002 1389113.366186 1368945.671839 1357135.950305 1360360.564668 1343467.73822 1346849.215015 1329839.459444 1325301.1371189998 1325429.7888230002 1298061.1492940001 969659.6102040787 1315341.597516 1125348.85854 1191770.2613970002 1352761.008011 1339543.466168 661206.6049190001
-9999.0 -9999.0 -9999.0 -9999.0 -9999.0 -9999.0 -9999.0 -9999.0 -9999.0 -9999.0 -9999.0 -9999.0 -9999.0 -9999.0 -9999.0 -9999.0 -9999.0 0.0 28410.48794713476 0.0 945317.4769285681 1041939.0300242851 758672.780222109 927746.9759017915 788195.464628816 873789.881663 1091164.2746500017 940011.1841139949 965005.9711947863 976362.9597739172 933092.9805062508 938505.152414222 1018934.6117075279 1184557.923253 1187053.8084407 1228389.11688 1297032.515094 1334816.6256559999 1374876.154021 1388490.321304 1410809.75167273 1392292.65227 1403479.21732 1392321.742962 1372540.515242 1344751.381042 1334290.5454510653 1356106.647893 1338006.2122340002 1321195.189331 1322488.4180609998 1315459.129368 1338878.56592 1304885.530083 1340000.26423 1320094.620546 1253305.5568849999 1354632.109385 689501.429521 1355045.554091
-9999.0 -9999.0 -9999.0 -9999.0 -9999.0 -9999.0 -9999.0 -9999.0 -9999.0 -9999.0 -9999.0 -9999.0 -9999.0 -9999.0 -9999.0 -9999.0 -9999.0 0.0 0.0 0.0 0.0 557107.4082446789 487745.1033269247 995756.0182470378 838764.0604591322 496048.11198273813 684056.300042 558676.432459 837878.8979862556 885724.850864 876296.1289199999 1089299.036893957 1092101.272867178 1214952.67738 1070291.555789 1238075.3653946002 1297313.6525440002 1351490.94927 1371105.469107 1380218.380419 1396474.69595 1388878.06761 1396870.91616 1384347.983637 1346378.029583 1361087.101364 1365268.465593 1347954.9490069998 1349710.583346 1329743.489692 1331330.3427849999 1279656.5420340002 1336180.254278 1310591.104411 1352312.2301110001 1309455.387796 1275182.843105 1371432.608249 686778.8344020001 968910.58131632
-9999.0 -9999.0 -9999.0 -9999.0 -9999.0 -9999.0 -9999.0 -9999.0 -9999.0 -9999.0 -9999.0 -9999.0 -9999.0 -9999.0 -9999.0 -9999.0 -9999.0 0.0 0.0 0.0 0.0 526032.3958073936 640091.9775294631 678687.7652327784 595944.4529236989 0.0 226387.63428581535 549316.4953512306 711220.291063 973782.4987237 1022810.3653180648 1051879.0022024552 1048632.756403787 1180910.092723 1154454.963118 1235708.360611 1293426.0401 1333728.4067250001 1351085.738189 1368468.0202734 1383863.20106 1379469.55202 1387726.12155 1355821.827575 1342061.909425 1338320.146991 1339894.049409 1329404.771629 1319855.954039 1316897.864965 1315191.94489 689741.2096460001 1336917.494991 1335858.499553 1354964.310694 1351744.5715589998 974250.3444000001 928581.5118397799 1006218.333544 998685.5143810001
-9999.0 -9999.0 -9999.0 -9999.0 -9999.0 -9999.0 -9999.0 -9999.0 -9999.0 -9999.0 -9999.0 -9999.0 -9999.0 -9999.0 -9999.0 -9999.0 -9999.0 0.0 0.0 0.0 0.0 550479.9258371281 439732.2487768293 297272.53687669913 708413.9594300394 271837.36671010783 0.0 72826.12537723331 321934.6122552 727975.5591 960347.784205 1041359.743736 1091186.155705 1196839.183592 1209781.92692 1223488.8810989999 1289813.027923 1323855.403408 1345048.0758747 1350785.19452 1360278.8627799 1364011.759377 1367282.892687 1344867.0596699999 1329132.2626570002 1335002.120455 1328712.078007 1323080.26425 1324754.29682 1330605.1085760002 1346563.0235879999 1333079.931377 1334967.3969589998 1355107.449698 1360874.329314 959085.026816 981830.479709 1015211.374627 1072414.099034 1150968.729746
-9999.0 -9999.0 -9999.0 -9999.0 -9999.0 -9999.0 -9999.0 -9999.0 -9999.0 -9999.0 -9999.0 -9999.0 -9999.0 -9999.0 -9999.0 -9999.0 -9999.0 -9999.0 -9999.0 0.0 0.0 0.0 502636.55216318084 277991.5984082378 550342.7626165655 15256.55000691 0.0 0.0 282850.3024099 318472.0638777136 853954.1438170001 1028849.688489 1143080.7996379 1220236.7755767 1236095.08986 1191295.7760616 1274290.8768610999 1297970.136784 1300537.214023 1314711.033714 1294611.2514456816 1334382.360143 1316124.761881 1304692.8996410002 1315434.422663 1309592.171395 1306411.853967 1324378.5598849999 1313065.372068 1310195.212858 1320968.260452 1278447.0466648992 1341044.190589 1341198.9437469998 981455.351035 976655.794507 1005291.135858 1012430.334297 1146809.570231 1195017.34234
-9999.0 -9999.0 -9999.0 -9999.0 -9999.0 -9999.0 -9999.0 -9999.0 -9999.0 -9999.0 -9999.0 -9999.0 -9999.0 -9999.0 -9999.0 -9999.0 -9999.0 -9999.0 -9999.0 -9999.0 0.0 0.0 597256.5738400439 345246.4449516909 363938.4371168568 633487.091343853 0.0 207092.49274874912 465796.882714 684732.727260646 1039771.704616 1076132.536796 1173287.3194900001 1187361.839315 1245602.478936 1223424.916011 1242457.4807562893 1301739.06584 1322308.4376140002 1328869.291006 1356320.5662879 1379904.26139 1368733.1080072 1318809.98011 1316653.936973 1310002.393886 1314180.45869 1309009.2638090001 1307330.74927 1314763.599584 1278419.6481737774 958110.248956 988569.834634 987072.3094029999 996736.196159 1016088.434276 1105496.905163 1081679.028134 1223818.8992686 1231464.13316
-9999.0 -9999.0 -9999.0 -9999.0 -9999.0 -9999.0 -9999.0 -9999.0 -9999.0 -9999.0 -9999.0 -9999.0 -9999.0 -9999.0 -9999.0 -9999.0 -9999.0 -9999.0 -9999.0 -9999.0 -9999.0 0.0 291235.7013128451 403578.4590800657 393466.17905750364 802943.2200677025 538114.1417010443 1000990.3217584001 941535.099557 947172.785392 982214.402676 1082624.583532 1234963.734777 1204151.11281807 1038312.3686280216 1258084.28032 1276347.0650882 1299930.5473083 1309188.811823 1326814.380026 1345681.88503 1346332.83694 1342192.64607 1324892.050181 1285812.952652 1276867.331424 1245306.399982828 1282486.278829 1282472.845421 933230.896834 939918.651145 949980.202267 854856.497936 830056.6780004528 873684.533444 1065116.7636799999 1200737.9264713 1067256.9334860002 1223872.8356264 1236628.53382
-9999.0 -9999.0 -9999.0 -9999.0 -9999.0 -9999.0 -9999.0 -9999.0 -9999.0 -9999.0 -9999.0 -9999.0 -9999.0 -9999.0 -9999.0 -9999.0 -9999.0 -9999.0 -9999.0 -9999.0 -9999.0 0.0 60069.29515166571 483482.6207059659 420217.2921702308 412178.8127576905 815385.1496559769 975101.8708903071 1291837.098767586 1199238.695045 792212.5278086758 1049647.28764 1200417.056534 1247619.1476729999 1189827.7428833728 1107892.499481 1287714.1475292002 1282025.93512 1271542.9888489754 1208709.7394399883 1365273.03535 1353378.01541 1352101.6509 1356380.92211 1323059.979143 1291826.158458 1268214.935048 1295445.30925 931480.527552 933747.033418 954733.8335899999 960954.52672 1010136.789071 1004460.9391650001 1033259.079481 1154733.717776 1195981.497182865 1123582.711819 1289206.02095 1056768.14293
-9999.0 -9999.0 -9999.0 -9999.0 -9999.0 -9999.0 -9999.0 -9999.0 -9999.0 -9999.0 -9999.0 -9999.0 -9999.0 -9999.0 -9999.0 -9999.0 -9999.0 -9999.0 -9999.0 -9999.0 -9999.0 -9999.0 0.0 92757.96557866986 430129.26940131345 362420.83196935913 570349.3013696033 1211840.1110216156 1307127.2483768743 1270265.5022154592 748195.9352728714 1134209.549137 1199003.7949390002 1251700.8320321 1247734.993263 1110178.7479883202 1121866.820613 1277886.138892 1299625.28642 1298577.4991278 1298274.5134186998 1239899.6741634088 927909.2242609999 927322.9985130001 1283794.792134 1199235.8926969182 968859.091669 1051793.626099 1003308.493116 829320.414154 806229.210829 890142.4611591626 701531.5559000155 1064611.5808125082 1168311.737179 1226888.7832881 924393.6092486444 1228632.107253 1275031.7202 1046689.27294
-9999.0 -9999.0 -9999.0 -9999.0 -9999.0 -9999.0 -9999.0 -9999.0 -9999.0 -9999.0 -9999.0 -9999.0 -9999.0 -9999.0 -9999.0 -9999.0 -9999.0 -9999.0 -9999.0 -9999.0 -9999.0 -9999.0 0.0 15579.436380313977 494346.06282420625 419392.4999641483 419435.6402011575 728520.7255258061 1183447.577407926 1246598.059291221 1288370.1027332619 1212305.75643 1205315.322605 1126021.12332 1100930.432123 1313990.07275 1124481.2937643998 1109180.1134599 1292405.7059235 1228091.023236 1272680.496476 918607.1561863001 777340.0766910429 882509.58709724 956093.256694 967078.304206 952454.3277789999 1078936.4514848 1082832.63583 1047492.4653655 1014608.9072747878 963345.8668202691 1178043.681417 1112422.8654838854 970433.5981679412 975905.7389103293 1283308.88521 1060848.47967 1075188.16823 1080341.57011
-9999.0 -9999.0 -9999.0 -9999.0 -9999.0 -9999.0 -9999.0 -9999.0 -9999.0 -9999.0 -9999.0 -9999.0 -9999.0 -9999.0 -9999.0 -9999.0 -9999.0 -9999.0 -9999.0 -9999.0 -9999.0 -9999.0 -9999.0 167682.64531145245 564982.9666154552 487906.8201851283 422638.5909262489 463222.1151040218 958897.9636073676 1283715.0190168144 1339578.1715801083 1265048.916367 1242875.6431180001 1142447.87987 1107886.354699 1300198.44549 1301759.01229 1133742.2299064 1262210.9291690001 1259367.087251 1261062.5156762 902571.747896 875640.2389582559 722991.0840132986 809733.6192502478 732177.1594452593 864635.7369253315 844425.3097256873 1005764.7743304423 314584.34895624814 1056167.5245 1095419.26794 1162015.50064 891366.5042285704 807421.2498365955 1025945.925953222 1230719.4688794732 1038657.96084 1046361.77894 1066982.36833
-9999.0 -9999.0 -9999.0 -9999.0 -9999.0 -9999.0 -9999.0 -9999.0 -9999.0 -9999.0 -9999.0 -9999.0 -9999.0 -9999.0 -9999.0 -9999.0 -9999.0 -9999.0 -9999.0 -9999.0 -9999.0 -9999.0 -9999.0 0.0 153390.77556846465 356099.90934920567 292006.30926546786 440218.2405408054 522410.12881902145 1294519.1318380244 1367157.5013074952 1168272.2701144246 1309757.570156 1151680.59212 1140347.3697666998 1161863.40489 1134029.0562802001 1244421.097535 1267495.0525472 1090624.8664997001 1214770.056982958 852125.613353767 852096.310003544 803571.2768716352 600191.0481764551 577201.8995562865 750325.69843 746082.139957 916290.582252 827842.6065472015 749323.0550808467 833187.162801 812259.459307895 721331.956625778 659906.1225934908 561097.8856710476 938569.1334394999 1001827.9893158922 1032198.3839253426 1062455.34242
-9999.0 -9999.0 -9999.0 -9999.0 -9999.0 -9999.0 -9999.0 -9999.0 -9999.0 -9999.0 -9999.0 -9999.0 -9999.0 -9999.0 -9999.0 -9999.0 -9999.0 -9999.0 -9999.0 -9999.0 -9999.0 -9999.0 -9999.0 -9999.0 0.0 356580.95332106284 285227.47240074974 115899.52051094946 429658.78174220276 1095450.5338045096 1241809.8162100303 1279785.7055651636 1261800.6217180488 1305954.256236 1142712.8305003 1330463.0352117 1323376.220434 1296164.038828 1140662.77274 1042588.83667 735129.121725 674403.875325264 562512.7365820982 585002.3504495855 647220.4721112716 690326.520279 671338.7806490001 492844.5317369457 738775.1641636568 581350.7212978688 1124141.812761 1868566.257573 1378420.8291874714 877257.932224 547334.41243588 444077.1859519959 600445.4398900737 936157.8892841071 1011181.1877 1259810.00543
-9999.0 -9999.0 -9999.0 -9999.0 -9999.0 -9999.0 -9999.0 -9999.0 -9999.0 -9999.0 -9999.0 -9999.0 -9999.0 -9999.0 -9999.0 -9999.0 -9999.0 -9999.0 -9999.0 -9999.0 -9999.0 -9999.0 -9999.0 -9999.0 0.0 60796.11993800102 304589.0160594908 287110.34528928436 383121.5559232313 575487.7636538377 1126337.1511872953 1311432.7021204242 1117552.8282903978 1242453.7706519999 1299047.6942321002 1332855.73765 1361479.580332 1372670.077159 1352030.96986 1102793.0518023998 956393.2740169299 483411.452194 441246.5743956511 506471.898421 579362.3478911375 571732.328073 560514.1301534907 499336.48662543617 532527.9676747257 430112.687260488 471402.0817 556567.5888360001 1002053.550298 1932634.729581015 902105.738819981 540955.0078584083 557689.2521315418 621122.2529600568 845663.2017856275 1243802.83487
-9999.0 -9999.0 -9999.0 -9999.0 -9999.0 -9999.0 -9999.0 -9999.0 -9999.0 -9999.0 -9999.0 -9999.0 -9999.0 -9999.0 -9999.0 -9999.0 -9999.0 -9999.0 -9999.0 -9999.0 -9999.0 -9999.0 -9999.0 -9999.0 -9999.0 0.0 419636.18123473343 379830.3894452285 291412.10300082905 399422.36248703074 424765.1076437299 1198918.4220364473 1028563.0570156531 1112706.9596865145 1240557.3770141269 1299355.2285540001 1370478.097335 1423190.494846 1416380.6106790002 1319475.046218 1150312.302212 630479.60617273 438290.368722 415708.3440227 496106.74707599997 524104.61357399996 507724.7326017205 443551.51156023075 438779.5058774813 343995.57193299854 371817.660197 324758.1186067956 643724.0221751679 663861.2695527369 498640.5954131152 440403.6432559599 336259.5003070946 521536.0416920186 1108079.1216311215 1463634.77886
-9999.0 -9999.0 -9999.0 -9999.0 -9999.0 -9999.0 -9999.0 -9999.0 -9999.0 -9999.0 -9999.0 -9999.0 -9999.0 -9999.0 -9999.0 -9999.0 -9999.0 -9999.0 -9999.0 -9999.0 -9999.0 -9999.0 -9999.0 -9999.0 -9999.0 0.0 168723.3872020619 419466.692855349 338182.01608613523 359039.0509527574 343209.6128558478 563954.4687155894 924707.1113831963 550888.8231154246 714331.6748106122 844435.1281887501 1342163.5645950001 1494534.043318 1139183.324948 1497532.418781 1341935.7112440001 925520.782864 522732.764415 490634.587827 523732.347274 517618.0459306097 461196.209669584 294579.0669223149 387525.94547490345 361526.11909929966 433842.13255988393 147828.99707344256 183560.07366286326 341297.5509185246 380471.99797018355 494294.78145277844 613963.784620783 826970.1966621877 966343.4671924071 953020.957338121
-9999.0 -9999.0 -9999.0 -9999.0 -9999.0 -9999.0 -9999.0 -9999.0 -9999.0 -9999.0 -9999.0 -9999.0 -9999.0 -9999.0 -9999.0 -9999.0 -9999.0 -9999.0 -9999.0 -9999.0 -9999.0 -9999.0 -9999.0 -9999.0 -9999.0 -9999.0 0.0 83541.51637568587 226927.37400955864 301163.36896928656 409118.57403597527 215671.6833341179 544117.4775810027 632045.421137449 786892.7981345395 293599.1895308419 463832.0615577873 1438957.6853409412 1128130.3099537697 1456019.8220994398 1399819.0431147225 1118297.9094551667 951418.0166307476 663835.2198694218 607868.2305707503 568980.6322967546 416774.0523970797 309574.2303640424 297846.31922169734 358937.334211786 289096.63973157323 487533.51523207576 58208.75065188236 244818.52268304685 512418.4598176436 435925.5757250055 614329.45277836 425464.50883344165 513813.8401358013 597524.7479957845
-9999.0 -9999.0 -9999.0 -9999.0 -9999.0 -9999.0 -9999.0 -9999.0 -9999.0 -9999.0 -9999.0 -9999.0 -9999.0 -9999.0 -9999.0 -9999.0 -9999.0 -9999.0 -9999.0 -9999.0 -9999.0 -9999.0 -9999.0 -9999.0 -9999.0 -9999.0 -9999.0 0.0 167684.84126256368 284936.2346553421 295105.4512950582 325318.1597644827 396761.2518303253 378125.95167397393 377148.7991597429 273354.6333069905 192890.9874306709 480495.9359587252 1241248.516739591 1432192.9623936801 1508196.101235 1410885.58173 1238830.7620899999 1020632.9915445257 704355.5425267525 508886.79167629674 249302.4613734574 338121.86759151454 333397.11446298903 261431.46238850072 209678.51933485953 320311.86822838517 330198.63505544164 497995.018183995 0.0 620902.8807366726 666169.0308891657 403813.3152768881 368550.1728710621 537988.3886099058
-9999.0 -9999.0 -9999.0 -9999.0 -9999.0 -9999.0 -9999.0 -9999.0 -9999.0 -9999.0 -9999.0 -9999.0 -9999.0 -9999.0 -9999.0 -9999.0 -9999.0 -9999.0 -9999.0 -9999.0 -9999.0 -9999.0 -9999.0 -9999.0 -9999.0 -9999.0 -9999.0 0.0 105076.23341885436 7361.1580815205725 186830.97941957097 506286.61987334845 443282.7750203891 469404.20932308637 396029.7273167271 363508.8515052332 327300.14830359205 183974.09533676293 496994.18063882866 576687.1047756657 1094459.5796663826 1274474.7482270836 1203760.602477704 1073105.186339317 919012.5944716972 678063.0676456889 388942.31047878205 272952.8126206937 332970.69128393434 231004.06789618064 159566.24485675522 341200.9750410839 173115.25694852328 203559.9497710738 0.0 0.0 0.0 176171.73148010002 417482.7012859548 534668.1141650534
