critload/trunk/input/2010/ngw_nat.asc
ncols 720
nrows 360
xllcorner -180
yllcorner -90
cellsize 0.5
NODATA_value -9999
[rows 104 to 129 of 360, columns 480 to 539 of 720]
0.0 0.0 0.0 0.0 0.0 0.0 0.0 0.0 0.0 0.0 0.0 34426.61296096657 51491.0592717259 58023.8369454992 0.0 0.0 39536.57367421321 0.0 28078.940226469385 49169.28818599429 188145.20237331893 171380.0027361074 202871.92168426712 335743.9055348539 371765.96281471214 453942.680709 390081.1652433397 301053.60983719066 199270.361087 131529.16214623352 17938.6388828 0.0 0.0 0.0 0.0 0.0 0.0 13137.575664919485 12190.68009898 0.0 0.0 24197.62145067059 0.0 0.0 7471.832751265287 0.0 0.0 42178.924072809554 0.0 0.0 31177.998131020002 0.0 0.0 8713.569928339999 0.0 0.0 152646.744091 67052.10198269063 0.0 0.0
0.0 0.0 0.0 0.0 0.0 0.0 0.0 0.0 0.0 0.0 0.0 0.0 23040.537386689975 0.0 0.0 26929.131895614093 13464.460714268724 3536.7991210399277 14309.46826731199 108336.9479540735 142940.81871644992 162153.7192250566 162634.45164477392 408642.5865926535 398921.21472804935 345585.67382756004 217419.37317 260405.11173290698 227951.673504 187907.90673301477 102337.03993386883 39283.06919706394 29773.0659151 0.0 0.0 0.0 0.0 0.0 0.0 0.0 0.0 0.0 0.0 55761.260611924925 32156.6081176038 0.0 0.0 15153.44532373901 41083.325218492915 0.0 221.720857478 13455.212518149652 47036.33266766335 79727.167065277 0.0 0.0 0.0 30375.563135886077 0.0 42381.35323227703
10529.938069531492 0.0 0.0 0.0 0.0 0.0 0.0 0.0 0.0 0.0 0.0 0.0 0.0 4968.7485114022065 0.0 39819.41201357089 0.0 0.0 0.0 137974.39455570615 111306.41302036925 99191.02354797709 161030.911294538 298825.29378556524 92812.11982184238 90197.01501811111 153776.8451872481 92377.2519354 43720.6024144 82067.8638671 68988.75172808698 68509.14582366403 58314.41598403471 56185.320349718284 67565.0844637982 44636.37676719371 22164.7986984 0.0 0.0 0.0 0.0 0.0 0.0 0.0 0.0 0.0 0.0 0.0 0.0 0.0 87066.46149335716 123485.25633242996 18643.25710333592 85789.4907122 25270.856905 0.0 177793.249422 184303.000014 164494.046605 95912.8575733
100837.8002493657 0.0 0.0 1726.4001148243287 0.0 145.0575111802798 0.0 0.0 0.0 0.0 0.0 3309.7331673416443 0.0 0.0 44871.04394455648 36056.14082927102 18910.494321306018 0.0 110098.55817711 127031.1418534436 103113.31916661006 206225.99635876637 180794.33104263787 88110.83275198976 151739.81375621993 170218.422999 196196.48525032407 129318.21924925064 85582.61856070078 47857.704160138084 28522.695577 36499.3427416 73670.1095406497 142350.95984279594 72783.6522583134 42771.003027109735 30032.064763802642 0.0 26073.518100448404 0.0 0.0 0.0 0.0 0.0 10213.470370526647 0.0 173439.14461785732 131229.15162218187 0.0 108343.77581869107 117785.25823277707 125373.395676 127354.320523 0.0 108527.03916 26572.4442941 166303.313724 128905.469593 21077.1491074 142426.669711
0.0 84164.48097929926 0.0 0.0 4091.7246033223564 5052.2201746960045 0.0 0.0 0.0 29786.489243839314 54852.48092061328 27234.124394211583 42889.2201268354 55495.09122810292 75589.44715713307 73707.52051394146 135468.86721087675 135349.9443302316 111179.0048233529 134791.59591049457 149031.57956860922 259453.89885421525 127225.00273755591 400692.70174051606 491656.37549943547 225097.41999126904 460785.3366627758 136884.98678993562 127038.55410535428 146181.7059865301 61989.479000303814 63793.04475937792 32109.47351112677 90548.0193911 133234.378253 191792.34299074378 0.0 26146.457457425615 0.0 83957.9793565 70493.06259068384 58283.31644501454 0.0 54753.4929267 222267.03438 224678.425482 88389.15825394056 51518.36339780321 65345.19381949419 76467.79715198805 47664.50387149426 128864.948005 126434.702782 113383.63889 0.0 137220.03829 177963.605496 52757.659159 48470.7227027 171553.767241
0.0 6178.8160839345965 0.0 0.0 507.34871401206664 4587.560678117242 0.0 0.0 0.0 68374.45184707547 66397.68945109534 0.0 81578.94248461247 79620.17498046161 174110.42999881395 79713.57113318318 92724.31166154594 123463.5915316072 87706.3745892897 111200.04232604954 162244.12392873468 411018.8672900881 101256.99872088274 160586.88795851605 175818.51797731518 230603.64594255693 238099.61401900506 439580.9281610796 214736.73598899556 194880.5542260607 182054.46148810408 88705.07808732944 75874.46909105276 59000.1485922 37596.0109815 121541.41527695584 160785.13906510835 245988.968897 96685.10660026933 0.0 20205.897054633246 19646.52111601264 0.0 91074.9976716 185604.574412 93101.43501628499 38346.29642503311 0.0 71459.11689293808 0.0 63200.55604718586 80297.57304461152 81355.66444608508 63760.25271804316 68591.13506121754 236628.243732 49905.764557099996 69678.78384292 0.0 82788.3345692
0.0 0.0 0.0 0.0 0.0 33376.75647548913 30720.307957298483 0.0 106230.02661993403 0.0 0.0 0.0 85223.92210792353 102291.2216796697 107923.504669779 67991.58881633871 60703.79834087302 93487.59656961344 35566.190936852436 75581.00731568676 135695.3799734611 100261.06785916598 46191.2313919068 21549.896545387062 58248.85367839182 33943.720415046046 192312.6024552205 389933.39949614875 334178.29207466345 436004.22160044033 256931.760982 218110.877685 122254.69829958184 130051.391455 111699.78745041549 105980.08362369864 155679.51965925153 183558.46019109458 160334.29139667016 66182.87694028845 0.0 35626.3488576 28267.33393798577 0.0 33070.294578476445 78860.31584296141 71610.4981732073 31908.214006555103 117832.2939763 97214.87757769779 258060.3312 264713.003834 267956.398834 150559.965584 277202.644546 274200.612968 301177.533749 250592.594195 92848.668227 226288.957715
0.0 0.0 0.0 0.0 0.0 41738.23420504241 49140.9087616172 60476.79947569267 64326.070524358736 0.0 0.0 0.0 0.0 0.0 30435.17702214426 17543.51962600095 76621.15839518892 79007.54070106072 30653.355589584848 98239.2726622354 71325.4619229255 184799.60522200217 112584.83266049832 2374.5894588029046 20608.33975692795 29013.075562337217 19560.181968363348 106084.87616368507 254348.5989572362 188238.04402199373 362663.43823036115 140339.35090526723 154849.1664422216 147409.7900163659 66092.45557587476 60608.48612141746 170534.60684 184658.1554252481 182547.3077580796 121849.007228 103931.64069367744 162876.01173394296 51958.97423414064 13756.333912778297 42880.14628702669 118564.05293007607 79420.91965293014 104805.98596909868 154479.54098157998 86997.94402189806 136327.96979 158413.025856 165283.176625 180837.74148 307291.1329129 310081.11429 305329.660574 167005.935807 88661.66098757942 245180.792776
0.0 0.0 0.0 0.0 0.0 22713.37744674766 35933.09479470742 27761.10221321695 0.0 27772.9324507993 0.0 50350.40901299789 43840.41304700913 47250.01835959325 93148.83496742994 0.0 47514.38549750985 32666.286135885424 32217.406634221003 102261.60231043621 91334.03239865825 33078.30038818263 78335.47386214681 23950.93562284461 64653.52742380952 5396.722509795195 30840.44583794473 0.0 338306.3988409438 177632.46694597934 186869.01020952247 309802.04703133897 178629.194626 433507.865452 256474.464914 166974.34801289145 125201.075995 0.0 161922.1221428281 129155.75213479438 55007.81187921675 41391.926182099494 78703.52587004408 57161.5293881842 60081.91454243959 123691.05457519852 98664.7197618624 95794.14854207925 126456.37920922764 115722.89053208608 125170.72555419225 184517.058036 196384.87152 114103.52818492401 171927.4986744 201156.22025 64219.867105951715 164289.322715 166304.128666 130317.24232
0.0 0.0 0.0 0.0 0.0 0.0 38014.0595206558 39860.18720235097 18070.87583425946 19160.46254897006 52774.214509236255 77979.25376875527 64415.488196419916 62888.6537167818 37217.276952998924 51889.72712085068 2970.8634165293565 3762.225147031719 68453.50660370759 121708.81211497293 222901.84462781416 92288.16760019895 307334.93967170053 101958.7059339222 0.0 0.0 0.0 0.0 0.0 367116.723866753 142014.00229878633 498873.9529704751 513584.66728791094 199742.70434739496 540568.333353 346543.775519 198592.264201 177173.65138169978 0.0 119971.77227924485 161315.11326063893 187662.22847741333 92894.15605515504 132682.17742993849 126879.81679582705 147126.49887970986 73982.34066478875 59313.73850294464 75542.4536781069 145097.1441227759 150742.79714804172 150579.8408823976 135310.51891804274 106669.08470656101 209841.30120719 347208.792994 123151.82532597297 301145.490446 303855.823784 244091.11249
0.0 0.0 0.0 0.0 0.0 0.0 0.0 58160.16728559331 40724.59086651395 0.0 0.0 0.0 67157.78247174135 40018.49265500538 37187.76927721834 14916.554124334205 2427.870656135864 20580.229622717332 61022.21234151847 582899.69182 51043.485483786426 0.0 0.0 0.0 0.0 6061.521360335098 9522.00790120615 2103.9540987478445 0.0 0.0 0.0 495598.89998002443 691593.319803007 293333.8397774396 478088.66620576533 589743.442723 198718.167295 263599.0434599425 186057.576405771 40325.71387048412 109121.8860151059 124265.15332062509 94158.84186737456 102497.84539276695 59951.33424582678 173480.7200537675 51664.81211666722 111278.67914453322 148151.80466416694 129776.1165609463 143066.3226473381 157512.4035131208 147572.78270078098 163780.52965581702 120337.56915319095 158297.15295665045 151088.6457552254 125379.08872228014 156869.60236800014 321327.212121
3850.7135283689 0.0 0.0 0.0 0.0 0.0 0.0 0.0 0.0 0.0 0.0 158518.7061082043 56592.441421600655 65297.36004719895 43368.51458595648 5259.17288570619 2603.2927063057296 0.0 0.0 856.9285264278685 0.0 0.0 0.0 0.0 0.0 0.0 0.0 0.0 0.0 0.0 0.0 0.0 298370.3806708667 678521.8505405341 591373.0558129553 494379.5971613071 505425.656937 295920.01631093485 175904.9918819019 135654.50546648234 98276.02039130479 208246.04320289442 148481.0874897183 97594.101390318 106245.60568444266 82165.16867390048 95840.30732972792 122974.8608856055 168145.60650300435 124980.79430733086 126598.45444256517 184772.0994020809 159906.2983785173 164853.580395151 165056.1572072511 181221.7660198776 151515.63659421913 142449.87380245834 83211.23778256561 87461.02780867387
0.0 0.0 0.0 0.0 0.0 0.0 0.0 0.0 0.0 0.0 0.0 0.0 38518.4400437 28339.10649051 2010.56660672 1680.4538588696785 0.0 0.0 0.0 0.0 0.0 0.0 0.0 0.0 0.0 0.0 0.0 0.0 2877.196165683265 3969.2034186570286 0.0 0.0 0.0 0.0 696050.2352490912 314719.0756631761 415765.2408128404 353899.4587030091 321711.1749521066 245035.74377328253 133194.10627859368 106984.24476429173 164845.87868747674 86237.17156175578 135164.95440481388 206244.8582062323 220850.53197600844 231799.20439642074 227091.3123290531 220982.62499360277 242302.0041534119 213529.55094621718 158823.3060898851 220410.81879163926 129542.5667087831 112246.77855475005 98482.18326241175 46559.83987235326 26874.066068667235 77464.17745057403
0.0 0.0 0.0 0.0 0.0 0.0 0.0 0.0 0.0 0.0 0.0 0.0 0.0 0.0 0.0 0.0 12159.4379272 0.0 0.0 0.0 0.0 0.0 0.0 0.0 0.0 0.0 0.0 0.0 0.0 0.0 0.0 0.0 0.0 94053.20770815235 848527.3351991383 856709.9809382525 655389.2162775851 268156.42896643945 485639.9273733147 380270.68626598496 321820.6628479765 240976.09709431836 483868.2119677 142971.9432910702 158767.89805085093 119875.60776780453 216656.90898105834 220234.23062606502 106886.88065468452 202799.6978547799 201422.01191629787 179279.99097601647 242206.7445109972 176756.5006469881 162603.43403701956 155258.20602980957 135742.29726547352 171036.08114131997 144354.75605650697 115225.69537551336
0.0 0.0 0.0 0.0 0.0 0.0 0.0 0.0 0.0 0.0 0.0 0.0 0.0 0.0 0.0 16412.716563920385 0.0 0.0 0.0 0.0 0.0 0.0 0.0 0.0 0.0 0.0 0.0 0.0 0.0 0.0 0.0037453739219089127 8955.995762488068 0.0 0.0 0.0 1216281.7159164976 1348841.5824757437 1236812.649465684 608534.0368654717 345765.51284087216 654946.082032644 373982.11037484196 337271.3112204467 245427.23294459976 264596.6863972849 533349.9071122999 273953.9567221 109908.21905918876 167753.29701002454 155915.66205331025 166867.04493035798 150912.9162441127 245843.7808548121 147815.43227589683 124266.58725516686 110080.46712033865 117026.46850461749 149051.62143665645 106430.09143758634 93432.08904437495
0.0 0.0 0.0 0.0 0.0 0.0 0.0 0.0 0.0 0.0 0.0 0.0 0.0 0.0 0.0 0.0 0.0 0.0 0.0 0.0 0.0 0.0 0.0 0.0 0.0 0.0 0.0 0.0 0.0 0.0 0.0 0.0005726254188399127 0.0 0.0 0.0 0.0 380869.5204562845 1063602.6545718198 1209396.3349849978 536079.2199242341 309697.2630973469 760427.4323126419 508083.373621998 286583.28434156836 265222.05324639543 371822.2727719208 55920.49823840511 102121.99126700353 186138.8260926 300081.2280724 599362.8692833 309823.5714219 217738.46811519735 172643.95196179382 241216.35422207715 570052.4376779001 108033.0674616998 179144.39916200706 143316.33607125934 193625.97597393751
0.0 0.0 0.0 0.0 0.0 0.0 0.0 0.0 0.0 0.0 0.0 0.0 0.0 0.0 0.0 0.0 0.0 0.0 0.0 0.0 0.0 0.0 0.0 0.0 0.0 0.0 0.0 0.0 0.0 0.0 0.0 0.0 0.0 0.0 0.0 3179.5609202642104 0.0 0.0 1000400.2133343063 1466438.5514670804 1106949.281230191 492525.26167223486 369754.6880212466 519160.61108508054 362774.745975 434034.355969 473902.01800474577 161548.32569400346 129275.07049328343 308618.86328814 118024.0187945648 205112.18419004965 305482.8103156305 180247.45978299328 756077.52141246 759885.39368 309742.91410854564 110038.8160354513 221726.54521289008 162605.19649930534
0.0 0.0 0.0 0.0 0.0 0.0 0.0 0.0 0.0 0.0 0.0 0.0 0.0 0.0 0.0 0.0 0.0 0.0 0.0 0.0 0.0 0.0 0.0 0.0 0.0 0.0 0.0 0.0 0.0 0.0 0.0 0.0 0.0 0.0 0.0 4645.314328552677 0.06825572721569703 11112.699388604035 188784.2177242492 680443.0927727879 483520.7646059306 261825.28948988818 287375.29715614324 507950.55051572225 263991.36280986125 230501.190754 246551.842903 698506.5998170001 483795.6643898919 335364.008444 166547.88764884454 122185.23219040518 126085.00574636208 95143.69572293213 111802.33382937017 205539.9983107229 135358.92267431336 130105.62724284572 139476.08260692362 122376.87683304428
0.0 0.0 0.0 0.0 0.0 0.0 0.0 0.0 0.0 0.0 0.0 5315.39082889 0.0 3070.68602925 0.0 0.0 0.0 0.0 0.0 0.0 0.0 0.0 0.0 8459.966687799999 0.0 0.0 0.0 0.0 0.0 0.0 0.0 0.0 0.0 0.0 0.0 0.0 0.0 0.0 0.0 12721.090252320517 53182.32127987641 327610.90703106846 277635.61607560917 174204.28416693653 404563.8559862331 619357.6684554718 511696.41967152286 274479.193046 326004.042872 0.0 0.0 1123132.04779 1033406.3278355 971968.7166601999 991705.0600723 446680.8752868951 180765.40262256513 261038.6188148026 171239.43599234635 397672.15375793044
0.0 0.0 0.0 0.0 0.0 0.0 0.0 0.0 0.0 0.0 0.0 0.0 0.0 0.0 0.0 0.0 0.0 0.0 0.0 0.0 0.0 0.0 25350.62654965 0.0 0.0 0.0 0.0 0.0 0.0 0.0 0.0 0.0 0.0 0.0 0.0 0.0 0.0 0.0 4294.2642814310775 0.0 9926.95526008524 97562.47107708237 60068.01476505712 155783.99050838398 82127.1340331369 234731.97887879203 104732.8524297272 268232.1386901869 370262.3029052161 438482.8091169739 417674.6314598136 407150.419 1083297.45734 432941.033484 497043.42937280535 1082584.04961 301682.2562048113 507267.0821482435 428263.68775880453 537817.0975751863
0.0 0.0 0.0 0.0 0.0 0.0 0.0 0.0 0.0 993.065061221 0.0 0.0 0.0 0.0 0.0 0.0 0.0 0.0 0.0 0.0 20347.79244628 0.0 0.0 0.0 0.0 0.0 0.0 0.0 0.0 0.0 0.0 0.0 26183.911000562668 17021.153023593808 0.0 0.0 0.0 0.0 0.0 0.0 0.0 0.0 0.0 9019.171072834837 107549.00101780715 94603.59117137006 97507.79060622751 176209.02756350726 444832.50401161134 322409.88942156394 106196.50147293259 294702.3350319523 268498.2958043761 219342.31076560073 260157.02337461838 692027.1952046934 400191.356885 1028910.5681244195 749313.9299462453 408966.17242593423
0.0 0.0 0.0 0.0 0.0 0.0 0.0 0.0 0.0 0.0 0.0 0.0 0.0 0.0 0.0 0.0 0.0 0.0 0.0 0.0 0.0 0.0 0.0 0.0 0.0 0.0 0.0 0.0 0.0 0.0 0.0 0.0 57357.8892234514 0.0 0.0 0.0 0.0 0.0 0.0 0.0 0.0 0.0 0.0 0.0 0.0 0.0 0.0 42581.463798577235 304252.1452536409 194125.08541114806 80370.00594365933 62994.67508864422 135884.33462018133 166901.84555774005 141449.1362181694 168220.38463111944 1396287.0472124224 1251611.2439855174 756753.6218269521 780490.3818400892
0.0 0.0 0.0 0.0 0.0 0.0 0.0 0.0 0.0 0.0 0.0 0.0 0.0 0.0 0.0 0.0 0.0 0.0 0.0 0.0 0.0 0.0 0.0 0.0 0.0 0.0 0.0 0.0 0.0 11156.203456061321 0.0 0.0 0.0 0.0 0.0 0.0 0.0 0.0 0.0 0.0 0.0019615332649161378 0.0 0.0 0.0 0.0 0.0 6248.57703467788 0.027113756781445123 0.0 0.0 0.0 0.0 0.09080570406821122 136238.43644203717 219088.26007136033 94990.08875691051 371263.0437233212 118414.86760461454 358245.53272308724 681684.6108199585
0.0 0.0 0.0 0.0 0.0 0.0 0.0 0.0 0.0 0.0 0.0 0.0 0.0 0.0 0.0 0.0 0.0 0.0 0.0 0.0 0.0 0.0 0.0 0.0 0.0 0.0 0.0 0.0 0.0 0.0 133275.2641295556 0.0 8480.275155911066 0.0 0.0 0.0 0.0 0.0 0.0 0.00028666808965486444 16258.86168274648 0.0 0.0 0.0 0.0 0.0 0.0 0.0 0.0 0.0 22123.104638000146 0.0 0.0 0.08125491395201702 0.14444493864394375 0.0 0.0 0.0 0.046546307113477514 0.0
0.0 0.0 0.0 0.0 0.0 0.0 0.0 0.0 0.0 0.0 0.0 0.0 0.0 0.0 0.0 0.0 0.0 0.0 0.0 0.0 0.0 0.0 0.0 0.0 0.0 0.0 0.0 0.0 0.0 0.0 0.0 0.0 36200.84754222553 0.0 413776.42554527865 0.0 1786.595781361225 0.0 22195.223468748034 17681.54303100503 0.027030946148101725 0.0 0.0 0.0 0.0 0.0 0.0 0.0 0.0 0.0 20712.10821417287 0.06675279666614772 0.0 0.1294848969351394 0.0 0.0 0.07850472605420435 0.0 0.05624745400282875 72720.64287974598
0.0 0.0 0.0 0.0 0.0 0.0 0.0 0.0 0.0 0.0 0.0 0.0 0.0 0.0 0.0 0.0 0.0 0.0 0.0 0.0 0.0 0.0 0.0 0.0 0.0 0.0 0.0 0.0 0.0 0.0 0.0 60783.24322276909 0.0 0.0 0.0 175960.62258656847 364913.26491861005 284178.0134565887 0.0 11410.20402703095 16160.534904337721 105015.50729921149 0.0 15141.887040639882 0.0 18588.453906060313 9864.803683830562 0.0 0.0 0.0 0.0 5721.074781913762 45373.11822084675 0.0 0.061087407542548995 40034.04829596778 0.0 55088.611261820304 352227.2260971094 82354.22503658605
