critload/trunk/input/2010/ngw_nat.asc
ncols 720
nrows 360
xllcorner -180
yllcorner -90
cellsize 0.5
NODATA_value -9999
[rows 78 to 103 of 360, columns 180 to 239 of 720]
218388.947877 205672.623279 222592.966362 209056.604216 222237.971086 214594.814798 204749.055666 226816.712156 50522.6940657 44825.4731168 51430.4314156 55012.521103 72873.1755609 58022.7428259 55321.0322997 28912.9500384 53089.3766717 70853.7989754 128781.403329 74982.6996118 66983.8993557 71219.0721775 71650.0699471 83204.2713428 79785.0397003 212624.9052482119 228361.908378 237675.594152 261602.243314 258257.593823 259740.392588 263504.975619 158046.356044 247970.421828 261308.563229 266073.420394 263675.592176 263904.890913 214872.272581 252374.938771 257783.658087 251539.450612 233979.315097 246468.213651 209691.288369 241262.228295 215178.708456 218017.032472 211860.407344 209651.042119 209360.543238 209742.205957 203333.7009 196451.172258 192546.769811 203211.42595 198966.545296 184831.531723 182999.01656 215024.897951
212213.475286 205256.245113 156844.82309559 170352.1186727142 213319.31133 210860.46709 212135.529048 231022.276184 219414.72739 72765.7866987 168739.591767 48471.7881716 55549.9948493 53078.9592237 36837.0390212 44825.6404193 55433.7943044 65503.7834621 142978.772615 200100.798163 79245.7922675 80568.2595374 85654.5498243 79988.5006647 80444.2353736 238322.976309 229257.580177 257728.636979 268289.701456 86649.4961872 88345.9645607 259349.931627 251209.977256 267137.080547 265001.977164 254354.2529654796 264608.384426 238770.60667284994 260803.50344 260045.84664 251677.149426 214871.26463541793 499936.576957 523799.190268 240211.393705 221604.442844 182676.18315618584 100885.91384866936 202084.46251777568 82912.34405714777 91385.93967753251 74838.30282253091 81898.90288653308 98204.724134 84690.0706467 102579.894227 127221.83617167908 111586.811687 89926.5372611 92673.7019916
245817.19 240668.63979502075 134775.047406 116124.39430354866 498311.806684 486810.197872 454109.679049 504932.596807 516816.175698 262992.974128 262861.917765 258182.116063 179942.983825 173035.940428 79728.934069 162788.030261 179632.851382 169451.880859 252930.714364 254295.961825 496100.852175 173905.823666 91017.9756656 263739.109242 249180.27526575755 239068.3892275653 230240.19358144188 281072.915665 534960.199835 574089.452988 552956.234846 270734.920362 564073.073947 286258.0582589028 303759.219967 303005.377839 290964.7095847932 294389.3626460083 251508.78536610623 242933.16125796648 523428.855982 531769.5025313352 489136.678527 511390.99199 506941.09785 355589.7341618542 6078.03679758 -9999.0 -9999.0 -9999.0 -9999.0 100847.67660414196 215984.598696 242031.81028300113 125723.732183 2565.23238319 -9999.0 -9999.0 -9999.0 -9999.0
510535.298647 495362.698192 407119.35196807625 420943.269736 507678.839779 515260.212409 509294.26599 480842.804024 533812.9442958919 496861.794212 519513.979151 541991.973043 564578.805274 569971.143236 543924.5581539313 336115.3655306911 343542.03145713673 335996.666249687 346893.7519251555 516018.619664 499429.3754944303 507025.95366383623 537880.248247 519613.0968658289 533638.643549 533001.567878 544142.5236979359 526747.03932 175449.758625 533563.696113 554725.643611 520124.04725 518233.611348 524968.32897 558159.178722 576697.176066 309814.388093 280093.15522245003 533429.670221 568557.453175 543806.193671625 543382.4290530749 460110.11735982937 296120.65823766467 186653.50888645108 69258.51249413255 54094.316478393775 170305.48731479488 211960.559693 210565.994543 125350.33912180022 -9999.0 15092.1415479 113795.21920296672 237210.0005618609 261232.73033692766 65342.9078486 -9999.0 -9999.0 -9999.0
503113.21049592376 498758.91941476834 416795.12388213084 209722.28962136662 139209.316737 218450.70754178762 271935.772273 381271.24617368117 526083.473184 555211.362081 583072.084103 545062.182763 554390.809787879 614494.457192 620660.114356 611708.22509 391313.314145 379946.96208263916 283274.1926791319 278211.62294712063 396488.03443200135 227233.58826932975 520494.55088633683 501396.73385191 551591.0996598265 514397.897598 610926.531863 608522.529831 533940.720803 568603.090799 472335.2976577029 627844.639786 634720.36864 646669.256045 529468.9604867253 97643.2832630195 268019.8818092871 406389.0134012064 637273.73198 635097.761693 597156.6259571535 433195.77676009707 96634.89070148747 2863.611258509329 67878.68624409972 311810.1335314376 533120.170955 505391.62258663797 457797.6626974816 435712.7164806834 406899.0399189917 127316.8097729837 -9999.0 -9999.0 -9999.0 -9999.0 -9999.0 -9999.0 -9999.0 -9999.0
497308.95799752633 132776.40453986346 35956.7560537 0.0 0.0 0.0 0.0 147440.417887 580826.1854821575 539971.785648133 538262.2025105212 576269.286906 609648.579275 594594.235691 569242.240748 574796.408837 589118.197593 533095.69610576 563021.2379128475 566148.6729067531 619126.16608 412531.3015644358 473731.4959188157 410511.1809936659 438083.22064636415 549830.4555811103 643562.241937 651427.814712 642715.004525 561694.997847679 606166.01684 622837.624443 649879.221743 648463.426998 661858.39744 524550.6861458789 481977.4411129141 439910.4412377049 497925.9398166687 619129.31185 414116.270495023 48464.770946620374 167750.78573498866 147176.25692418157 157679.50486991095 139036.52604967557 459358.57347292785 362920.12928413687 318681.0672735035 385558.79293422704 205318.41465348384 3622.4882186889195 -9999.0 -9999.0 -9999.0 -9999.0 -9999.0 -9999.0 -9999.0 -9999.0
39411.6347199 20475.2767123 7547.77820648 0.0 0.0 0.0 0.0 0.0 108305.789972 65344.9656973 558689.8208739341 618275.423027 629041.704693 655101.374213 600423.192313 586885.289108 615074.600912 605717.922241 634423.3485667227 594846.7621219178 313031.1490900836 396677.680381678 601007.1536998682 632557.0790561476 689033.371125 684307.421267 750623.930544 747374.962967 740291.903526 736086.320175 752065.675561 731438.5161612445 767575.888526 721875.564211579 736528.0780991425 732998.1777085086 751291.043853809 766441.462572 728502.384671 505445.27936319594 142274.85264099337 336024.20108331804 175524.34255733862 503312.825743 554549.092373 586233.3570829115 634386.4013964223 570498.5437582316 161975.91370272182 126207.30073781549 756.672647407443 -9999.0 -9999.0 -9999.0 -9999.0 -9999.0 0.0 -9999.0 -9999.0 -9999.0
0.0 0.0 75119.2689192 139149.57784 18239.7814156 0.0 0.0 0.0 0.0 0.0 274123.253229 620362.217019 608187.479477 662294.276771 654453.545832 625578.072054 663639.444757 665210.926606 657683.408874 599521.395477015 567936.5479744279 389147.1505161042 669497.6611473953 678645.566081 703521.053749 695895.384771 655518.871452 731808.925878 749674.480358 748928.666457 760018.494978 663374.0798416985 714460.2967126822 754398.8298030411 723442.0711483461 778454.905855 788805.339855 788273.473413 434944.2915030864 157507.5021324608 493387.7802271192 497372.02903778583 372110.2783781725 339872.49479878595 456439.40842084936 644220.1442037321 660885.8397614427 637898.8574161362 374087.0510231188 173720.29742993985 3000.0591879569315 -9999.0 -9999.0 -9999.0 -9999.0 -9999.0 4350.594919120687 -9999.0 -9999.0 -9999.0
341914.6451380729 564000.996272 698765.767594 534747.807452 373584.9369172979 0.0 0.0 46878.9481778 45996.6210315 80941.6003364 32396.85978999273 493203.76158363116 679950.508699 682934.228781 709075.684512 734086.393304 717668.596804 478288.5299957298 453998.7966645483 687050.37743783 772197.649519 714735.2648325338 729575.172996 780606.851459 791261.723147 803769.564774 823628.037374 803189.4309477984 675540.361154716 294089.6356904193 855678.4367757369 878872.463975 753285.6305702263 875048.0664719408 610821.6156707571 333474.1100918636 162161.02369214522 19088.109765380817 171869.72548694734 486388.0077264323 485960.17302566476 455310.560115 583734.52337 463558.57031868707 255545.00753368638 663143.5598244471 726345.687936 666166.2623613008 304250.932897921 289765.481110781 20660.93811102747 2122.201207193864 1555.474154255821 -9999.0 -9999.0 -9999.0 -9999.0 11733.220759313226 398775.37073470245 81569.92798476291
596804.4856282392 626949.9512210449 643267.5715286327 663807.6228152375 606190.8027171865 520697.184859 456400.531579 221966.24282593784 344534.705722 0.0 288060.4708935695 156627.01037978914 46247.6479399112 8022.942369863034 215245.00159563439 381796.416981043 407327.01198579 498016.7856917245 543806.7466211397 624301.6985244256 467196.23214256234 518630.43133711343 715708.0244612963 759663.815407 726532.5685227716 728203.514972964 829143.577414 765337.9146571354 651003.4733384814 731448.1281469594 644088.6323846708 759673.8243474867 647878.024615184 148041.80921299715 4481.849416771025 63166.125556101346 353209.80318906665 429801.5498294389 233121.12261858172 335923.50199360243 526884.831111 568630.7923836706 699618.310639 732496.9617707429 244116.0709276618 525761.1950566515 599384.8400995904 353203.15811936685 329598.14411202987 348310.7833485315 104339.2141650994 44368.202855122036 3112.3038785630283 1082.3816191234225 25317.71200120855 5711.498295287444 -9999.0 167876.2832378907 426630.23612286506 90325.06200410833
607894.0474609764 568026.4719871863 764843.346969 650777.1710585044 518346.8436914112 313771.03510407737 53294.1871675 0.0 0.0 0.0 0.0 0.0 0.0 0.0 0.0 181663.083495 72364.4706964 0.0 97748.53154747949 742181.1009999824 836412.4736726127 722567.0977747181 863286.721489 843411.055269 806713.87454 393647.7931574072 261638.73502959998 581093.9315336598 535404.5554856323 279282.1771905297 191493.79371450533 160840.0676148425 22006.399665450437 0.005882410182496772 20551.400821987314 321851.8003273535 541291.312778401 555055.4017674236 368411.35045777314 729400.5324444256 653638.4674314398 742413.66288 712002.513699 767308.6003624523 678976.4070836046 530084.8100609126 289610.8426510966 297315.28426322545 470563.8223541512 544674.6261445837 287821.6855868891 289433.8353159741 350902.8693561429 241034.35819584137 71124.37315160202 105758.79278104223 28985.684167227642 219431.22088892368 151266.46112843827 175121.63775388806
431441.6263232573 470750.93499909807 698581.6972098688 469966.47342512663 383141.17958043964 81717.9238987 0.0 10218.675114 13178.2816084 86884.00268194581 227911.2144011922 0.0 0.0 0.0 0.0 0.0 0.0 0.0 0.0 122374.53254170695 627975.7959364703 599697.407535793 809517.6531425082 871641.9833299686 797838.6136286603 885044.5843439259 647779.2740400971 101283.58607876302 0.04786384334597564 8462.874596154834 20816.836056966014 6950.855722620609 13457.411661670985 0.015542272782601245 268267.5288111858 540825.0835480436 197722.8694430924 351420.908145 773622.3897294268 815521.627232 830210.838904 802692.5252919375 760026.557279 741033.886468 660095.9574057722 602877.6901128804 447556.33160278917 308703.15966972057 132963.8409921578 39008.4886318198 90033.55480651984 157725.7535607346 263233.01322967577 279969.24513569975 502016.24809054506 559686.2914287274 369396.33437850926 84790.67607417649 -9999.0 -9999.0
208056.5395380863 506014.94894870766 379008.7280419883 0.0 148280.63299870316 105264.758145 0.0 88220.9831246 284185.85779634025 140617.3040178391 0.0 0.0 0.0 0.0 0.0 0.0 0.0 101321.37789428775 31519.181154295176 24997.497795449995 132017.87341548427 254370.82467537053 585422.0328791491 823254.9598249292 861009.0417856679 676682.0925090095 789769.6254922353 461734.4713363896 129719.52679096126 471384.4115115881 763970.8506224391 606420.3212475502 642569.8597385264 405747.48672679346 919226.4797370103 852999.2271655945 689747.41003 915115.187725 830706.2491 868541.430392 802984.5276391964 677598.1976285584 490192.4835626007 741307.387788 622341.603898 320563.70872379176 16265.8616703 0.0 83882.98093660525 505050.74481586984 537604.0080825614 501336.3771117372 281494.8873670131 209503.9840657187 188436.98945067666 30814.2822721731 -9999.0 -9999.0 -9999.0 -9999.0
64819.340291888104 0.0 183059.08207129256 639657.6486268579 135608.716531221 0.0 0.0 261851.94559447403 194125.98135779053 78978.21634063996 0.0 0.0 0.0 0.0 0.0 0.0 0.0 16562.320486293174 75745.02198450346 68921.9970493229 4179.688022833568 1831.7279852703223 21159.998226823693 62709.64419855439 0.027174765237983314 72074.52082944514 47991.73169155209 376309.5323649675 877559.46194 1082003.6664735817 1101071.02959 1114367.23207 1052114.31765 360438.56398894894 939580.482818 840422.131826 916299.770602 983508.783397 765285.3800159729 546344.1973483609 610595.3553845115 535108.2430793137 138377.603162 102726.712845 5302.30409423 -9999.0 -9999.0 37093.82007847447 615839.2129157716 607805.9993771552 440716.2595681162 3880.8041349280415 6011.956841917062 -9999.0 -9999.0 -9999.0 -9999.0 -9999.0 -9999.0 -9999.0
184484.14549169654 0.0 125475.97008946606 211601.65060914555 174591.94548727552 0.0 10610.3436691 364435.3314075975 457758.8457843063 129161.70421912996 0.0 0.0 0.0 0.0 0.0 0.0 8915.48520820151 17872.89822253285 0.0 0.0 3553.5932325326403 3881.4397578252137 8949.627952199791 6024.902621469407 0.0 7538.19057947973 0.0 317916.359592 850281.9167227925 1118703.1004302443 1228056.03127 1243718.79161 1171130.97255 862713.0557417829 1007729.61219 823372.053969 944695.282623 560885.442836 425787.4270396533 120562.03130216364 139910.17839369006 18800.4731929 -9999.0 -9999.0 -9999.0 -9999.0 -9999.0 0.0 355478.86218969163 323834.355796418 59001.0973382228 -9999.0 -9999.0 -9999.0 -9999.0 -9999.0 -9999.0 -9999.0 -9999.0 -9999.0
2165.9448183019435 64613.31042602786 53622.856487876925 6574.038349151453 47971.555311147 0.0 0.0 151203.89410963864 52481.90310356333 89241.82385992994 46233.475360727265 14794.693056058506 9201.438731529772 0.0 0.0 11672.411775230374 21726.139840975495 0.04801075523916469 0.0 0.0 7079.060188430932 0.0 10032.28053196038 0.0 1835.3421052898293 33432.832635720224 198546.81904204583 187169.45822062902 673933.6506578425 616199.6831645162 1009673.9772957254 1104673.227844967 647949.1173178909 664903.4006915018 1007696.57067 994821.1673376431 576163.5913099021 378083.11368617543 239677.80252000017 15217.68295789383 -9999.0 -9999.0 -9999.0 -9999.0 -9999.0 -9999.0 -9999.0 -9999.0 -9999.0 -9999.0 -9999.0 -9999.0 -9999.0 -9999.0 -9999.0 -9999.0 -9999.0 -9999.0 -9999.0 -9999.0
111739.18582555678 61502.38076859674 41675.12563206841 5363.928239387814 74840.03909049001 0.0 0.0 218018.871435 42840.89111654147 109878.46888351202 6293.86259920131 2574.4618904981157 0.0 2049.9126128594735 38245.6792215353 3039.6786161731584 6692.256690795371 7932.456833687626 15818.72141831499 28119.97663210504 9723.229823674827 27291.607204170945 169622.99249447926 67797.27428552324 135028.4850583883 256606.86563420403 212957.16236422778 178084.20342505505 727341.340406866 639363.3002504839 506462.4656959806 407028.5275272549 131956.68780903568 876860.5842777368 707103.769621738 698991.2974984883 318098.93865603814 31830.150452436985 119299.31772814051 -9999.0 -9999.0 -9999.0 -9999.0 -9999.0 -9999.0 -9999.0 -9999.0 -9999.0 -9999.0 -9999.0 -9999.0 -9999.0 -9999.0 -9999.0 -9999.0 -9999.0 -9999.0 -9999.0 -9999.0 -9999.0
183975.15424764287 144894.72126339213 109002.19621557748 0.0 37329.15394012 0.0 5267.30831598 30770.81659113349 114007.27240223311 205282.2981537308 375380.0432664329 0.0 15780.778425485265 31947.71021186641 8631.647614892694 13157.02652485118 11948.11940878288 0.0 0.0 63188.0880443 369094.39816 1063444.4314459206 1032583.986393152 557818.9091166452 605226.5832531018 515088.6279433904 589710.8934771325 632641.3183448304 1013751.81736 888226.485449093 1037798.204841971 1175293.5796018334 215196.1943227811 825930.0030605347 273338.9291987601 260367.58265502827 115863.67472957534 71321.76552589088 69371.58589795188 0.0 -9999.0 -9999.0 -9999.0 -9999.0 -9999.0 -9999.0 -9999.0 -9999.0 -9999.0 -9999.0 -9999.0 -9999.0 -9999.0 -9999.0 -9999.0 -9999.0 -9999.0 -9999.0 -9999.0 -9999.0
84919.78197032507 77848.83772380522 91714.7187334968 0.0 31161.783307507532 50592.5699495086 75342.48783935538 51406.2098342579 113055.29898983867 233601.7756389735 208811.73928731374 234993.96335305675 23422.763855991318 251506.974397 53162.7241701 0.0 42732.9965311 34994.407530447446 147286.68699452252 653673.5177750565 531774.207703862 1066188.8971232784 1134994.65407 1108856.23603 984444.879986 838947.9200840896 723374.3419516189 1143725.0086 1112394.0809608705 1172326.57945 1138634.7857870273 375917.11728766665 299757.4872065247 563660.6759535255 48149.71540793852 238763.48131034305 153427.3605236373 47337.2315010967 813.3709806302795 364.7796882046181 484.2475741454728 -9999.0 -9999.0 -9999.0 -9999.0 -9999.0 -9999.0 -9999.0 -9999.0 -9999.0 -9999.0 -9999.0 -9999.0 -9999.0 -9999.0 -9999.0 -9999.0 -9999.0 -9999.0 -9999.0
254068.29454509704 94674.20804898455 140886.214416868 90017.10807054235 0.11364918994725094 94561.59294310214 235077.04476968182 24460.068101434154 51073.7695272737 3141.627719491858 201327.23065744838 217110.59924775283 158467.71873728442 90792.6532224238 38969.246304994704 36697.993056733714 8825.182038674686 4891.755404936251 19040.9503998267 1042806.1290242466 782990.1897838946 1244442.17806 613828.3861559378 1072524.82337 1105451.386648586 861565.3911139688 495704.9336741036 498479.73355532537 499680.39443216147 1130517.04507697 591356.1895369403 148961.83557420372 497013.34066565795 40732.50191322565 52485.13254240447 214081.6959076123 15506.817716294248 0.0 390.4948661512122 16457.43236351851 -9999.0 -9999.0 -9999.0 -9999.0 -9999.0 -9999.0 -9999.0 -9999.0 -9999.0 -9999.0 -9999.0 -9999.0 -9999.0 -9999.0 -9999.0 -9999.0 -9999.0 -9999.0 -9999.0 -9999.0
30051.693824275193 32459.17326464581 239829.87812380987 273551.76620669704 249273.78994299573 281549.4774916001 27889.17462904948 24283.018489592556 77001.93180365302 51574.592653106374 27529.078856213364 137309.58426626984 159055.2543531095 165186.1940189553 75775.08416306502 222319.5188678497 0.021619285236300755 9705.277022956054 14051.951608895124 0.0 0.0 12332.020679597143 398197.8974886439 555646.3779692351 659003.3758109631 514279.8932368931 227613.54335702313 334794.2671370663 240607.12655916184 112277.22973635794 44508.79031245167 0.0 0.0 5609.617476602236 0.0 0.0 -9999.0 -9999.0 -9999.0 -9999.0 -9999.0 -9999.0 -9999.0 -9999.0 -9999.0 -9999.0 -9999.0 -9999.0 -9999.0 -9999.0 -9999.0 -9999.0 -9999.0 -9999.0 -9999.0 -9999.0 -9999.0 -9999.0 -9999.0 -9999.0
77258.62621698919 147522.9606450956 240563.96135541427 252734.54094142452 168282.22891364121 150351.0864435161 24087.67135558883 140984.44446692656 126295.96013029941 116635.66153147501 14759.933688427504 50472.093686468244 106189.0067033306 135548.9077057406 50065.11615517675 347962.3426669258 601148.902064209 595599.457762606 0.0 0.0 0.0 177354.71825028033 170899.67099733636 444818.9813168891 476413.0583916692 128101.68832698384 127487.95944548324 21749.58227889912 22203.071915403936 0.0 0.0 0.011810651579063766 -9999.0 -9999.0 -9999.0 -9999.0 -9999.0 -9999.0 -9999.0 -9999.0 -9999.0 -9999.0 -9999.0 -9999.0 -9999.0 -9999.0 -9999.0 -9999.0 -9999.0 -9999.0 -9999.0 -9999.0 -9999.0 -9999.0 -9999.0 -9999.0 -9999.0 -9999.0 -9999.0 -9999.0
156738.0553544967 154057.89934475784 295204.37041598983 253795.70486610656 338118.782039578 85711.04833103817 0.0 32511.85562725768 167585.05234299903 144733.6446961271 124309.94248870276 0.04547986762450512 150373.965955449 193766.7153305359 24855.362942353007 116948.07183358996 412685.59148485697 259788.61214129862 287215.0397254787 177942.83164656584 154254.60144636643 577090.2555422607 185348.70018906405 0.0 90560.22696730169 77588.249933521 0.0 45175.750900301995 0.0 20515.386458247773 112392.87187272271 143860.84831294385 -9999.0 -9999.0 -9999.0 -9999.0 -9999.0 -9999.0 -9999.0 -9999.0 -9999.0 -9999.0 -9999.0 -9999.0 -9999.0 -9999.0 -9999.0 -9999.0 -9999.0 -9999.0 -9999.0 -9999.0 -9999.0 -9999.0 -9999.0 -9999.0 -9999.0 -9999.0 -9999.0 -9999.0
0.0 0.0 0.0 0.0 80992.93799852543 44723.654815943315 0.0 0.0 161677.54098936514 0.0 245.3452983673029 0.0 46466.95329549506 207943.96731299677 243314.74267529175 104963.6888194309 85408.74327687912 291403.9673873822 505904.5409749288 129555.79808918065 615102.5275876782 720284.9684531739 542784.4956810356 0.0 55554.11416851399 0.0 5732.57841146929 51566.95569064562 129764.67809229007 59786.425528884356 19362.32554254601 3149.425986101096 -9999.0 -9999.0 -9999.0 -9999.0 -9999.0 -9999.0 -9999.0 -9999.0 -9999.0 -9999.0 -9999.0 -9999.0 -9999.0 -9999.0 -9999.0 -9999.0 -9999.0 -9999.0 -9999.0 -9999.0 -9999.0 -9999.0 -9999.0 -9999.0 -9999.0 -9999.0 -9999.0 -9999.0
0.0 0.0 0.0 202808.57818132485 48801.719578347365 310367.28559819714 380401.03503773303 122645.61435497526 0.0 0.0 0.0 6901.275261371018 1375.402257028169 138233.59508604757 93977.89135166747 87094.46976682392 94552.39301932044 690250.9786915906 780904.5905370418 769520.035085147 946518.7485762507 897070.4253901106 0.0 0.0 0.0 647.8454158614883 3615.272568429375 28524.595525837005 75677.34804769272 57118.99589316668 12014.7789035 -9999.0 -9999.0 -9999.0 -9999.0 -9999.0 -9999.0 -9999.0 -9999.0 -9999.0 -9999.0 -9999.0 -9999.0 -9999.0 -9999.0 -9999.0 -9999.0 -9999.0 -9999.0 -9999.0 -9999.0 -9999.0 -9999.0 -9999.0 -9999.0 -9999.0 -9999.0 -9999.0 -9999.0 -9999.0
0.0 0.0 11034.622785840653 94179.64757793742 23704.20215636403 136483.31904862786 48082.241625223876 148487.78084157067 26890.25047525481 0.0 94513.98362969299 0.0 53434.95127983495 286439.79556643846 0.0 134525.23696899085 241952.36527969874 640539.977083957 781988.3386769067 1120357.6645850814 621561.9347063621 0.0 0.0 0.0 0.0 30849.09778327433 73154.4226311859 56085.383860113914 82697.3840086247 118588.06679576603 -9999.0 -9999.0 -9999.0 -9999.0 -9999.0 -9999.0 -9999.0 -9999.0 -9999.0 -9999.0 -9999.0 -9999.0 -9999.0 -9999.0 -9999.0 -9999.0 -9999.0 -9999.0 -9999.0 -9999.0 -9999.0 -9999.0 -9999.0 -9999.0 -9999.0 -9999.0 -9999.0 -9999.0 -9999.0 -9999.0
