critload/trunk/input/2010/ngw_nat.asc
ncols 720
nrows 360
xllcorner -180
yllcorner -90
cellsize 0.5
NODATA_value -9999
[rows 130 to 155 of 360, columns 540 to 599 of 720]
0.032556534782972484 261036.16133154463 247453.50940518675 110059.60644494092 0.03379766197915463 118723.32978300276 1137018.3097755192 667305.2137030105 739199.7636644867 1052143.083768595 986200.6041301781 1498985.957235 1718326.2954679255 2090148.93421 567838.6854669249 1194642.233974276 1203569.0049732623 906454.5013206375 282225.6517636181 697301.9553645556 739884.8541089304 998153.4086523384 740348.8818657271 776070.1571456337 669045.3474906568 1065022.2136943897 274663.17822878715 68345.41192500353 811773.2925373685 1009653.8614812443 1046323.9292161305 1743483.0107390967 1988740.2778699622 1727809.8886081763 1815694.7860411399 1862183.7862360391 1091722.8311923475 758684.4744474733 404261.54695426335 621825.8726446199 601891.8900278675 821792.19226709 1049651.0455514842 1309303.7302767448 2145693.831185552 2461349.687833576 1798520.3746851862 1646018.8241458046 2108871.934261682 1035781.6630744365 1017084.8507907814 1116089.5531440647 1285442.9375340745 1520537.6068917406 1347427.0769047546 578762.2391247358 47577.79282419994 67422.74061957013 -9999.0 -9999.0
0.0 0.0 41238.7765848909 606800.1321725349 581125.7124483552 1632158.422719019 1189984.69486 1128365.596586335 912515.2677493559 861802.167353568 1660486.400937807 1797132.211533623 1353853.8438697574 1506451.0241023337 503189.65164385375 1176109.8672811633 1305846.8904554672 1096980.5814267513 528794.0316627829 642458.1220381422 575135.8658822534 578042.8737415397 1264017.4084576652 994369.8951862856 1176394.9934106187 323370.66527188057 177531.90621999252 256544.78037489712 580775.2979174175 1139882.8241506743 1961035.3640005125 1994451.4403404088 2037293.5482833872 1060014.1623171514 296163.90085178555 1162998.0683748282 1127296.9855677087 180288.25588973524 278811.4166469114 0.0 724513.1001048047 1014435.1235602556 737991.8055741114 1275964.6501745079 1848094.4317246957 1076703.641276051 1671012.4728336425 1225862.6373491473 1849414.1606067184 1488855.880617906 2240404.3653744957 223568.20563065363 1019301.4866041879 1487098.1723019455 284358.54423945746 291781.8996858898 0.011264401138868152 -9999.0 -9999.0 -9999.0
235087.31700926632 20823.135826660393 46037.083845087334 1165637.541718647 1335757.4904767333 1400935.7682000066 1159093.44354 1181623.13814 1014680.8544154714 1314822.3987866696 1279319.8241559754 993292.5991849293 946612.6700556802 963705.1229892 1108467.8029356 1092086.3163280075 1320681.95618 844512.9061185211 764894.0582327066 923820.4241891013 1291093.1976371238 558211.2251881947 1583218.4948594805 839567.2272015467 874825.9386116537 394116.09253436036 179001.54772947452 65704.60409218777 219608.7053068484 70614.18628414466 214351.2339257488 562348.9541881641 1620445.1327688096 901549.8940178457 629168.5389060572 498346.8196613336 830713.3084208167 465750.2154312036 93776.25302746237 500824.9945945941 675072.8949448188 931699.9350999937 707381.3812459906 1554604.8180964594 1027486.8821438304 1007385.8704232603 742024.0922006394 1055865.4713402027 1752473.2024466256 989802.747268992 1150005.4173231847 1495744.2297197632 540334.1707655687 778592.3803702865 1271.1721635787742 3126.1900718818174 -9999.0 -9999.0 -9999.0 0.0
34051.67171970469 52070.170323936225 53315.340870246764 518796.1538639618 640749.2630159165 1554899.26156 1175675.21633 1222330.3462 1139553.7663012722 1252637.671486823 1017166.811199978 743291.5524788529 670791.1132597751 793788.7927264859 1290122.4599213 1098074.0725744392 1462483.1655365825 1123653.6991681864 1010414.91273088 914827.6904409261 1083303.203891224 783652.4947646896 1385816.908501932 541742.1057557173 636543.834995962 473602.4409515927 459573.90696455917 375049.4099265514 234172.90469612723 458266.4477011495 1578620.8527337126 873504.7073648049 434413.14223457954 491171.1806270992 524675.9187897836 222710.29497569322 148044.52674528668 1185927.395718476 489617.9124487328 878046.7413035365 949522.5107464715 164053.97914267052 476143.6422644769 1046223.3677071546 1295834.8622894634 79022.9586402815 361760.4829972045 114894.1673484549 748344.5111664388 514370.62139499554 1237254.4267782615 1602980.1733362442 813970.464463858 317065.17439243116 0.003095536143056351 -9999.0 -9999.0 -9999.0 -9999.0 -9999.0
0.0 0.0 8869.454687035122 38262.771149029984 143214.11734698803 1338416.5327346136 1155662.59877 1117281.90792 1017339.375111433 1105639.2615574875 357040.5549379555 132466.5002000048 630640.6594276039 965636.528833 956727.34645524 1371342.2379437871 1502783.5617946673 1279499.90291 1500652.66533558 791280.8463471563 771701.4939069196 948049.2370732601 1018494.402114449 796772.7946702947 1404502.3067320443 1167203.3888268971 1222735.2269954432 1285344.0317444063 1333417.4549785117 1723057.7220879407 2164568.86479 2017133.227207949 1994824.1843344823 1537294.307537981 704359.2217132809 405397.18621325877 194729.05065164878 111105.05910163713 506036.89134934207 93477.84683737736 533580.4733885878 1054960.6635875995 1689841.3578130747 518016.9683292165 484343.7796516942 298873.7806431306 32562.51996080459 167395.4943601035 1052366.8833467737 1015733.4019295987 149083.33809155656 0.0 27416.345878157925 -9999.0 -9999.0 -9999.0 -9999.0 -9999.0 -9999.0 -9999.0
0.0 0.0 10532.357154630627 20893.174817348357 280604.8947632865 1718155.4197088354 1170473.94348 1149358.79447 1546676.385219861 809900.3112114761 42753.28273936056 19133.223330530356 0.0 894996.6173027948 1086971.138502972 1102547.8654548824 1117441.949648765 1136061.21304 1279117.563920656 933513.379711262 616301.172690613 1211174.0750381402 1257149.3858905681 1730176.2749072888 1675502.8984942012 1988619.3738 2310510.59783 2334779.7436975576 1536856.7599875755 1785227.8760690137 1959531.6474661173 1787225.5471383082 1963275.6143013225 978232.9207306771 268072.3233354279 371322.26210935507 456616.0397447899 57916.19657883918 472686.03959988744 591827.2597033974 106715.26898653986 110653.4197406329 843573.7520703989 941036.808496683 1126641.8597682733 86229.69843114125 0.0 15777.784431309481 13792.354141088534 -9999.0 -9999.0 -9999.0 -9999.0 -9999.0 -9999.0 -9999.0 -9999.0 -9999.0 -9999.0 -9999.0
0.0 -9999.0 -9999.0 0.0 259109.97744313077 1809626.26692 1671440.77022 1120442.32524 1531538.3126688472 827133.5709581744 66047.94016129027 285225.147611675 1003398.7429851715 1457250.66437 1352723.32911 1364026.09775 1078114.427420282 1262235.50019 1542370.52715 1583121.46649 1341494.050089363 1226721.906347228 1815816.0210310258 1273220.6212876653 1909988.51394 1957516.01438 2111667.02065 1975276.23761 1899729.8399569008 1466930.471818472 1296412.5808739818 1309204.95692389 1631065.6816531906 1931893.328170247 1697968.8539731347 1475888.5629415128 533251.4376552055 0.0 0.0 0.0 1126438.898233334 0.27344971729801804 360332.4063104475 101505.05766496327 76150.63281587062 74688.61605499627 -9999.0 -9999.0 -9999.0 -9999.0 -9999.0 -9999.0 -9999.0 -9999.0 -9999.0 -9999.0 -9999.0 -9999.0 -9999.0 -9999.0
-9999.0 -9999.0 -9999.0 -9999.0 644271.9857564451 1935224.34642 1953909.76621 1134798.15998 1482614.730925644 471505.399885672 100484.0152042383 86748.99212337566 932346.9420560914 1539442.6000996027 1124597.9967454593 1764985.3518358713 1022526.8958816375 1526548.07647 1778529.82293 1117062.6565943204 1294410.31255 1967451.2235 2506556.527468647 2440772.3818843416 1942571.53148 1869828.511436357 2041074.105535358 2064710.2387527868 1954219.3759645186 2004908.7909309706 1103664.209972555 334349.36400601466 349711.3380099562 2532151.28563584 1426876.931193822 223154.3566044008 -9999.0 -9999.0 0.0 0.0 0.0 0.0 -9999.0 -9999.0 -9999.0 -9999.0 -9999.0 -9999.0 -9999.0 -9999.0 -9999.0 -9999.0 -9999.0 -9999.0 -9999.0 -9999.0 -9999.0 -9999.0 -9999.0 -9999.0
-9999.0 -9999.0 -9999.0 -9999.0 139029.87169953613 516638.5226929092 1387262.416854885 1691494.81008 1562210.7306297205 71778.77215034081 458097.4042446141 188887.4144871416 1141030.658651381 1216434.5259763524 1276564.7734093845 1653008.1629683953 855267.8519431277 1324223.09836 1212125.48369 1417252.9715571092 1981716.09731 2021445.74964 2243822.46822 2239023.7052392503 1852189.77701 1854323.62321 2015480.8905 1802598.5641850503 1916307.5292651285 2012160.293515 1501165.289005264 297528.7280111705 0.0 82355.26705753017 146250.4674936344 -9999.0 -9999.0 -9999.0 -9999.0 0.0 0.0 0.0 -9999.0 -9999.0 -9999.0 -9999.0 -9999.0 -9999.0 -9999.0 -9999.0 -9999.0 -9999.0 -9999.0 -9999.0 -9999.0 -9999.0 -9999.0 -9999.0 -9999.0 -9999.0
-9999.0 -9999.0 -9999.0 -9999.0 -9999.0 123800.30205600729 281760.1465893814 1980061.11337 1795203.4766448098 237530.29071729188 142968.55083355252 814192.1854970135 1156182.2538926697 1700172.751298318 2002881.913836172 1740659.7730031647 1759184.80315 1629742.41922 1458345.6497410224 1551572.2576999797 1496549.1471839042 1987681.9898287896 2135293.4660146064 2253223.187893913 2268959.905528494 1951134.1302891877 2030777.63605 2039595.51121 1995365.82551 2049570.36668 1623711.8895016406 928281.2971241886 2309.9396285135904 4143.85959044814 -9999.0 -9999.0 -9999.0 -9999.0 -9999.0 4586.713972903346 0.0 9443.879753665346 -9999.0 -9999.0 -9999.0 -9999.0 -9999.0 -9999.0 -9999.0 -9999.0 -9999.0 -9999.0 -9999.0 -9999.0 -9999.0 -9999.0 -9999.0 -9999.0 -9999.0 -9999.0
-9999.0 -9999.0 -9999.0 -9999.0 -9999.0 -9999.0 53889.020492995536 852512.2589244632 1830937.02408 1170128.666447101 528383.6033638552 1008262.3216669029 1385602.4743175549 2018501.7963073715 1749473.6467836455 1761429.9101032151 1135027.38215 651413.564178 1308848.70891989 1524617.8199024291 1621964.1594651188 1794528.8643068208 1846567.4201739496 1753261.958673004 2199288.9933367427 2363955.53254187 1881235.5846791184 1853892.995464196 2075335.81592 2046742.94445 1884211.774969177 199441.4642212681 0.0 -9999.0 -9999.0 -9999.0 -9999.0 -9999.0 367156.1726257276 0.0 0.25495327275971796 0.0 6958.76200035 -9999.0 -9999.0 -9999.0 -9999.0 -9999.0 -9999.0 -9999.0 -9999.0 -9999.0 -9999.0 -9999.0 -9999.0 -9999.0 -9999.0 -9999.0 -9999.0 -9999.0
-9999.0 -9999.0 -9999.0 -9999.0 -9999.0 -9999.0 -9999.0 794733.3253304592 1595199.2543783823 1512226.8431717895 662790.4238951395 1355054.7573034565 1302831.818925467 2298850.80747 2028761.6177363503 833298.493837 883786.05775 441577.7736296805 535115.3603160967 888146.6716160201 1338779.484257838 1661380.0233156749 1497363.16722 1839352.7247438268 2343657.964423942 2350980.69892 2340698.3293678057 1944806.8081395563 2111922.70401 2088171.4561982842 1718700.6634979823 219147.14592474521 -9999.0 -9999.0 -9999.0 -9999.0 -9999.0 331295.8090666474 887370.8857401642 1898717.0257936744 1680573.2603224989 0.0 -9999.0 -9999.0 -9999.0 -9999.0 -9999.0 -9999.0 -9999.0 -9999.0 -9999.0 -9999.0 -9999.0 -9999.0 -9999.0 -9999.0 -9999.0 -9999.0 -9999.0 -9999.0
-9999.0 -9999.0 -9999.0 -9999.0 -9999.0 -9999.0 -9999.0 69453.96280095093 879017.1583250468 1768500.7396600267 238227.69071858583 1156163.3731414333 1171087.9539879519 1917379.1110867958 2363695.60603 1177770.72725 622898.3631494283 0.0 0.0 0.0 1543510.745411748 1104831.956557285 1779832.0698394112 2272283.256339275 2164254.988205752 2018299.9291737992 2367347.87144 2284847.51787 1893283.93671 1976932.02894 1334372.860079561 201952.98661932143 -9999.0 -9999.0 -9999.0 -9999.0 -9999.0 405708.1601443551 697864.3901912711 1056680.4808127964 280534.28975308244 -9999.0 -9999.0 -9999.0 -9999.0 -9999.0 -9999.0 -9999.0 -9999.0 -9999.0 -9999.0 -9999.0 -9999.0 -9999.0 -9999.0 -9999.0 -9999.0 -9999.0 -9999.0 -9999.0
-9999.0 -9999.0 -9999.0 -9999.0 -9999.0 -9999.0 -9999.0 -9999.0 216872.44796832462 1876435.656371 189622.33036653398 307747.9080094399 1464471.610138287 242878.35518333374 2478870.34717 1118286.7237547368 527464.9732775318 484898.08337575954 473372.75659153063 526674.9433487277 783242.0976788795 1349734.596556449 1507651.0925131459 2148443.1846686574 1897361.6392822152 1244231.8797576837 1039259.5290280663 910682.1247970597 2105868.036374079 1884427.9593572249 2078079.6259868105 597078.9105686786 371934.6702077362 -9999.0 -9999.0 -9999.0 -9999.0 10127.484367601146 205203.92562307138 147658.41956010758 35454.0420823 -9999.0 -9999.0 -9999.0 -9999.0 -9999.0 -9999.0 -9999.0 -9999.0 -9999.0 -9999.0 -9999.0 -9999.0 -9999.0 -9999.0 -9999.0 -9999.0 -9999.0 -9999.0 -9999.0
-9999.0 -9999.0 -9999.0 -9999.0 -9999.0 -9999.0 -9999.0 -9999.0 40688.466831 1040412.4567874764 155361.86143649177 129811.81270871637 1552947.123796625 183321.83285307785 2327872.56864 1757990.44376 1753117.1942 393314.42671815545 0.0 302610.008452814 940383.5381259014 735523.0339290814 1558798.066958512 1493097.4774425668 962541.0888286855 236231.48501061896 179519.100566926 593609.0219719913 630739.8030516921 1971386.904324832 1796399.1763934665 1832115.7802569154 878757.7502441492 80940.7763459 -9999.0 -9999.0 -9999.0 -9999.0 -9999.0 -9999.0 -9999.0 -9999.0 -9999.0 -9999.0 -9999.0 -9999.0 -9999.0 -9999.0 -9999.0 -9999.0 -9999.0 -9999.0 -9999.0 -9999.0 -9999.0 -9999.0 -9999.0 -9999.0 -9999.0 -9999.0
-9999.0 -9999.0 -9999.0 -9999.0 -9999.0 -9999.0 -9999.0 -9999.0 -9999.0 198464.41815931638 185408.47603250627 141355.37600296878 671913.6265936187 221390.6028627923 1330976.9746734367 1170009.8791740064 1785684.253570484 533092.3476939648 507299.55996971484 257735.82056767278 535610.3131239606 790592.0228147622 1655082.9347351263 1081118.4091560803 873411.5980902885 268397.51599185367 263178.3629655704 812611.8032383722 773572.7034968348 400880.13315406593 2168408.01580982 1356339.7305628967 1830846.5636952706 402160.61274163466 2075.101352113152 -9999.0 -9999.0 -9999.0 -9999.0 -9999.0 -9999.0 -9999.0 -9999.0 -9999.0 -9999.0 -9999.0 -9999.0 -9999.0 -9999.0 -9999.0 -9999.0 -9999.0 -9999.0 -9999.0 -9999.0 -9999.0 -9999.0 -9999.0 -9999.0 -9999.0
-9999.0 -9999.0 -9999.0 -9999.0 -9999.0 -9999.0 -9999.0 -9999.0 126533.82934501288 125058.27691754463 68587.54357489137 130341.91846283058 307196.3513816483 312139.4600267911 48388.95604535579 171583.4671172242 1478695.1669417939 1300533.2024412807 654542.9147600643 165622.67887117813 131482.1027243103 465600.38575561554 0.0 1569381.0366992045 469122.2086147615 108052.35650766139 274885.26267141575 674260.5119713915 1163914.0621031446 346263.33488161315 1279539.7364261341 1481929.9879015423 1704056.3675254912 2089364.895455749 548608.739665007 7194.622266828814 -9999.0 -9999.0 -9999.0 -9999.0 -9999.0 -9999.0 -9999.0 -9999.0 -9999.0 -9999.0 -9999.0 -9999.0 -9999.0 -9999.0 -9999.0 -9999.0 -9999.0 -9999.0 -9999.0 -9999.0 -9999.0 -9999.0 -9999.0 -9999.0
-9999.0 -9999.0 -9999.0 -9999.0 -9999.0 -9999.0 -9999.0 -9999.0 252056.9451392252 735753.0085236072 548937.742151006 306583.582690742 75900.66962345723 -9999.0 0.0 477881.55854487256 613492.5267585353 1964570.241413807 1067648.42293293 463373.8240854724 190811.3931554869 475388.4227899772 713066.1885775025 516329.42430516356 77183.98848660041 47540.1474328964 54869.20181451253 34102.09270602865 433943.585436478 647766.758256925 751132.2227451813 1164761.7867275104 1332274.30357112 1694194.9144353985 2025190.4838589681 938954.7844507603 137460.94771006345 -9999.0 -9999.0 -9999.0 -9999.0 -9999.0 -9999.0 -9999.0 -9999.0 -9999.0 -9999.0 -9999.0 -9999.0 -9999.0 -9999.0 -9999.0 -9999.0 -9999.0 -9999.0 -9999.0 -9999.0 -9999.0 -9999.0 28719.467035257483
-9999.0 -9999.0 -9999.0 -9999.0 -9999.0 -9999.0 -9999.0 -9999.0 20753.212087364896 247811.63829272942 119017.53384880198 84582.2406672287 -9999.0 -9999.0 -9999.0 793825.252657535 1970232.3862903377 1913613.72007 1260672.4974221224 438423.7306585646 67153.15840366883 675453.5950947086 1058532.495994305 469829.0449018798 45476.73013073279 598467.6823721775 151337.9912612795 208928.50650198926 65323.4569352415 375449.48418890144 532337.6405983341 1365424.3899510903 1042984.0099721348 1686937.31739 1705345.0760745623 1718688.1557474 296876.2689290008 32009.8409026 -9999.0 -9999.0 -9999.0 -9999.0 -9999.0 -9999.0 -9999.0 -9999.0 -9999.0 -9999.0 -9999.0 -9999.0 -9999.0 -9999.0 -9999.0 -9999.0 -9999.0 -9999.0 -9999.0 -9999.0 -9999.0 84680.69809294691
-9999.0 -9999.0 -9999.0 -9999.0 -9999.0 -9999.0 -9999.0 -9999.0 -9999.0 -9999.0 -9999.0 -9999.0 -9999.0 -9999.0 -9999.0 407020.3401529424 2300670.43321 2101382.12456 2057152.1465458267 547588.5087338462 51219.123710762266 358726.3054893001 620766.1307417975 370980.2337483938 18459.861377852187 0.0 100959.8702903372 268693.0087674075 204522.88627309346 232117.05099979605 226388.6465383481 1417405.6041068302 1238497.326173053 1544576.1914287885 1711173.1743704397 1758875.8994076257 1719473.8142472 363773.5567013566 -9999.0 -9999.0 -9999.0 -9999.0 -9999.0 -9999.0 -9999.0 -9999.0 -9999.0 -9999.0 -9999.0 -9999.0 -9999.0 -9999.0 -9999.0 -9999.0 -9999.0 -9999.0 -9999.0 -9999.0 -9999.0 7182.899037109596
-9999.0 -9999.0 -9999.0 -9999.0 -9999.0 -9999.0 -9999.0 -9999.0 -9999.0 -9999.0 -9999.0 -9999.0 -9999.0 -9999.0 -9999.0 233654.42019646446 1873932.3502777657 1808839.4391040402 1618915.87303047 287268.3010633296 19101.891629096586 332800.6012255306 989619.5802846507 618503.1721939145 97285.54831250776 514289.62298971356 180833.15714291364 480170.82669336325 264335.33680860756 310969.60109128995 490708.9521402373 1441586.8239281664 1878156.5985561989 1310855.2373781633 1547851.8453734457 1601310.1514102872 1696553.00492 1043601.7371651743 63549.05138685 -9999.0 -9999.0 -9999.0 -9999.0 -9999.0 -9999.0 -9999.0 -9999.0 -9999.0 -9999.0 -9999.0 -9999.0 -9999.0 -9999.0 -9999.0 -9999.0 -9999.0 -9999.0 -9999.0 -9999.0 -9999.0
-9999.0 -9999.0 -9999.0 -9999.0 -9999.0 -9999.0 -9999.0 -9999.0 -9999.0 -9999.0 -9999.0 -9999.0 -9999.0 -9999.0 -9999.0 -9999.0 1608327.6393077974 2256777.73771 1313879.8876886484 173825.3435054162 142108.69877157765 214378.5087566441 1234720.8310292894 1327845.8011843602 915508.1519497194 525613.756630497 295167.55423808744 1099591.2016645824 1044262.2820394912 1064446.3094539808 1327472.2192426077 1300037.8744669259 1801215.4859062422 1993588.07723482 1476704.5124713336 1525559.7897887449 1415253.485776938 1480717.488365749 211232.12180989835 -9999.0 -9999.0 -9999.0 -9999.0 -9999.0 -9999.0 -9999.0 -9999.0 -9999.0 -9999.0 -9999.0 -9999.0 -9999.0 -9999.0 -9999.0 -9999.0 -9999.0 -9999.0 -9999.0 -9999.0 -9999.0
-9999.0 -9999.0 -9999.0 -9999.0 -9999.0 -9999.0 -9999.0 -9999.0 -9999.0 -9999.0 -9999.0 -9999.0 -9999.0 -9999.0 -9999.0 -9999.0 920756.0408498422 2167304.99355 1467655.0697676034 82493.72482423775 141352.58698425646 209200.91268548512 336958.4850609168 282345.50012436457 487684.7515243357 1182067.095366286 854092.0719520225 715763.4408970281 1447983.0512422463 1275492.3765833543 1618207.4692218802 1534104.7872013277 1439449.0710508022 1416511.0532640207 1164437.7366595555 990516.7815946809 1016487.1590348447 1336589.4453096436 412611.9514237795 -9999.0 -9999.0 -9999.0 -9999.0 -9999.0 -9999.0 -9999.0 -9999.0 -9999.0 -9999.0 -9999.0 -9999.0 -9999.0 -9999.0 -9999.0 -9999.0 -9999.0 -9999.0 -9999.0 -9999.0 -9999.0
-9999.0 -9999.0 -9999.0 -9999.0 -9999.0 173188.56786047862 86155.988022 -9999.0 -9999.0 -9999.0 -9999.0 -9999.0 -9999.0 -9999.0 -9999.0 -9999.0 76697.93376526228 1855212.691802256 2089673.1921518347 702773.7182810047 27410.42387457731 0.004168894092193587 509580.89152650104 1489327.5438259114 1089280.6969110835 440819.8034616572 426882.89021676243 738164.6219895459 1059458.70397313 1266395.446721988 1568091.5665824374 1377787.0544482234 1804552.1129533772 1642646.0666103752 1640697.7777806455 1308051.5593125361 1352237.9996982503 1360667.3742542851 0.025801175087681053 -9999.0 -9999.0 -9999.0 -9999.0 -9999.0 -9999.0 -9999.0 -9999.0 -9999.0 -9999.0 -9999.0 -9999.0 -9999.0 -9999.0 -9999.0 -9999.0 -9999.0 -9999.0 -9999.0 -9999.0 -9999.0
-9999.0 -9999.0 -9999.0 -9999.0 -9999.0 358255.2801691358 -9999.0 -9999.0 -9999.0 -9999.0 -9999.0 -9999.0 -9999.0 -9999.0 -9999.0 -9999.0 144946.000739 1138990.1997819892 2022925.18382 774999.1905712567 0.0 43320.449162219316 391669.50166463695 524009.18751642236 840044.2840735232 984332.960894779 455725.9371895937 500167.33086343855 613714.7120689447 499671.8956189538 721940.1820186294 142985.82184831085 1418105.1113282412 1717718.0703452951 1827615.6460564164 1498187.4916969659 598803.4497320496 1220595.3734678854 445834.727283614 -9999.0 -9999.0 -9999.0 -9999.0 -9999.0 -9999.0 -9999.0 -9999.0 -9999.0 -9999.0 -9999.0 -9999.0 -9999.0 -9999.0 -9999.0 -9999.0 -9999.0 -9999.0 -9999.0 -9999.0 -9999.0
-9999.0 -9999.0 -9999.0 -9999.0 -9999.0 181255.7285795359 -9999.0 -9999.0 -9999.0 -9999.0 -9999.0 -9999.0 -9999.0 -9999.0 -9999.0 0.0 160042.16943724008 636739.360745301 1359577.038754709 687409.0657761757 -9999.0 -9999.0 -9999.0 -9999.0 209714.4529417008 1002579.1065561883 1462018.572097778 1074398.303282845 907153.4063086087 450715.9705232219 152557.33016370394 236893.99693945426 1032655.8166465205 1560689.4622034763 1450452.3510978431 931091.330906569 1273374.3146556518 1264626.3327865163 202762.65786836628 -9999.0 -9999.0 -9999.0 -9999.0 -9999.0 -9999.0 -9999.0 -9999.0 -9999.0 -9999.0 -9999.0 -9999.0 -9999.0 -9999.0 -9999.0 -9999.0 -9999.0 -9999.0 -9999.0 -9999.0 57553.49399322292
