critload/trunk/input/2010/nh3_spread_man_crops.asc
ncols 720
nrows 360
xllcorner -180.0
yllcorner -90.0
cellsize 0.5
NODATA_value -9999.0
[rows 84 to 111 of 360, columns 126 to 188 of 720]
104744.8334927179 0.0 0.0 0.0 0.0 0.0 0.0 0.0 0.0 72112.94192731411 0.0 151751.8705096346 101165.66385359164 103065.18593081365 62864.76910871673 34644.92357276485 10681.491254637416 14427.051572722807 11083.690334878214 6995.29327194265 4014.3630803082956 12346.623088635719 83546.34537898748 76698.98589330378 67297.91160326601 80334.34763887395 116159.46039481246 183231.73078711738 179180.11331617803 113209.02438432761 0.0 0.0 0.0 0.0 0.0 0.0 0.0 0.0 0.0 0.0 236950.9058170887 383022.28582849057 220323.0761360208 131228.119149395 126771.52827528607 30644.812412787425 0.0 0.0 5701.766622657525 49765.325141028545 0.0 0.0 0.0 0.0 0.0 0.0 0.0 -9999.0 -9999.0 -9999.0 -9999.0 -9999.0 0.0
102074.61924058385 0.0 0.0 0.0 0.0 0.0 0.0 0.0 0.0 32377.587595051595 50944.95398676744 71639.54498498497 0.0 76763.78171183965 119869.17991246733 47114.00493806415 33932.56452673156 23656.99927240973 11268.678435193739 26725.761051090514 15749.003012700217 34946.5785071392 53412.69982342373 95798.95933485882 78323.10842535231 62886.792913398014 133057.4460566667 165014.27382421354 156943.2411183421 136111.9142768823 137488.35912883768 0.0 0.0 0.0 0.0 0.0 0.0 0.0 0.0 0.0 103205.90239517132 233479.81495321792 79514.82969838224 136199.27212044565 147498.52034074639 0.0 20336.76906237572 31033.44946094963 0.0 63098.55000124359 0.0 0.0 -9999.0 -9999.0 -9999.0 -9999.0 0.0 0.0 0.0 -9999.0 -9999.0 -9999.0 -9999.0
196912.77683384245 17236.80752457007 0.0 0.0 0.0 0.0 0.0 0.0 0.0 0.0 51280.97517525824 0.0 0.0 0.0 0.0 0.0 26220.991238030532 37586.03001370678 11345.171140790377 11125.80004729579 2854.1236264402996 52312.66576100997 32157.873482010593 47315.977901047416 39650.71519112304 81753.26106300691 202183.88825352432 161379.92953753992 0.0 162519.90463817513 135083.49247789892 121057.12682306174 147289.2316053749 0.0 0.0 0.0 0.0 0.0 0.0 0.0 354363.57489133853 538073.0073453478 255571.61374209376 241302.940471501 167821.24153334784 218810.4890360704 89910.63301225226 99297.42555993624 0.0 2235.5944541209637 0.0 44643.70184018832 0.0 0.0 1665.8678603556193 0.0 0.0 0.0 10598.373223878027 0.0 -9999.0 0.0 0.0
126980.81820833936 312772.118527975 16729.927402206496 0.0 0.0 0.0 0.0 0.0 0.0 0.0 37344.980220294696 0.0 0.0 0.0 77160.3921880019 46606.7975717714 67404.68553961287 24976.315084050173 42854.51193944953 66777.77025465232 46925.825060034294 44590.16733976731 41112.36743516575 43594.531141635714 56999.15361895294 40956.401671285355 146092.52376614243 166375.77041357034 189782.7151837534 133593.0946775906 110010.59525525315 125086.1659539976 121392.9549321882 113718.48478607228 0.0 0.0 0.0 0.0 0.0 0.0 0.0 384828.6461276786 202945.47366752478 281917.8039704213 196645.3259672551 308236.17511421227 45086.67656532488 34193.615225068905 95488.44809970727 0.0 0.0 0.0 0.0 34459.615579846504 53071.83567418209 10528.50033951988 13528.468212155396 3805.1968809873206 3461.059510985664 0.0 0.0 6056.864816340531 0.0
1244.0334565947023 57165.79280709626 0.0 0.0 0.0 0.0 0.0 0.0 0.0 32962.02498942921 70560.99708761899 0.0 0.0 0.0 45033.39353934817 65678.26076245046 116004.64769357226 97845.18169351626 105764.16587225729 58044.35116077033 40359.316232714016 51295.01711420012 36242.958582483036 51485.06429623 55479.012147755544 51626.69309882721 133947.0508153996 243253.37374331354 342488.95484920294 239674.4450187591 267094.0555190416 292800.6268169229 0.0 0.0 307629.75771160435 0.0 0.0 0.0 0.0 0.0 0.0 158303.7838996794 308098.14249012095 271702.0645078868 320199.462500082 575082.7883881252 308346.73249656876 330924.35597818176 163135.4500418648 77148.31503349576 419826.1611050734 40495.03287802625 0.0 0.0 120501.06274677961 194570.65845802336 0.0 23810.987033861365 12742.664147202819 24315.177771186463 0.0 0.0 0.0
2479.3155014929885 7982.458980795455 721.6715218656129 0.0 0.0 231.18905289248684 24866.869849179973 0.0 71322.0396205926 89361.15749400294 0.0 0.0 0.0 0.0 0.0 0.0 82136.39772717265 33427.28226920348 63375.806778277925 39353.95368694292 31087.84804678919 39451.30910221584 28554.291735316994 40729.22360071494 28063.159286412752 25685.125362660412 67989.5692777546 148725.5183581036 167682.88861995624 172669.2379607239 190231.4647522888 213548.81194255286 0.0 0.0 0.0 0.0 0.0 0.0 0.0 0.0 0.0 297905.6739638443 245720.36601203698 269793.16316075216 385165.34726283635 606096.6829551839 638122.0484608155 410255.9198304278 394185.67088969116 555416.2656568389 626220.6536102953 312408.6988647155 168902.73355334936 213513.10943442467 274519.5257360353 286243.68367128714 32002.20192580123 145507.26371208133 116305.91067405992 0.0 -9999.0 0.0 0.0
27865.791709598554 52505.93293259029 0.0 0.0 0.0 100.40028815398726 11106.573411572806 10231.865151223183 0.0 0.0 0.0 0.0 0.0 0.0 0.0 0.0 251071.06534798452 0.0 0.0 0.0 95108.37919376107 73474.665406334 73733.801558797 55680.23324422242 56298.78058114634 46718.95476216228 317162.354342278 304083.81203584885 141903.57933078226 234299.65574598993 391432.7171570477 166704.78088124294 344224.54568917403 0.0 396391.78890978463 0.0 0.0 0.0 0.0 0.0 0.0 138724.47140957584 238752.64073828916 147853.8483456656 155738.31631536165 173849.64436317538 395098.75673045596 326802.5274971992 421045.1123987558 467727.9237281637 697165.3277945064 636402.7723842534 451088.89181509434 666605.8100690827 426315.22478238214 237519.5084911491 269201.22904640454 566905.1259676408 122398.47310001617 0.0 -9999.0 0.0 46000.026474298626
128981.10731674082 14103.99717838711 1980.532206943456 0.0 0.0 21.371451313582103 2436.018201350737 1162.5703398618882 10775.222429048112 35346.64909112491 8518.033199361114 31426.225637524287 0.0 0.0 0.0 0.0 28749.095328146977 0.0 94360.42817286942 0.0 58018.09889027546 14838.305744556665 25001.588384761544 51271.13693037669 42504.66003177606 90783.06846773214 0.0 238868.27959294742 359125.7521465803 333608.11327152676 242459.0874091406 378300.1225955043 420693.4410743671 778987.4447992233 281484.4958938501 179417.34688769025 0.0 0.0 0.0 0.0 0.0 187487.69582070748 0.0 119387.87629994238 251787.40173648298 171209.88757813172 306594.5799801155 232216.52697770347 307670.2346608369 248307.06002683335 299653.70875053736 751846.3993711238 305003.0302337137 183245.96888071278 349130.49877177074 469247.24690181576 633937.9092781275 176584.1738721209 592519.2194768941 -9999.0 -9999.0 21456.844161646288 7842.290209327885
543407.9994157328 131263.79700261468 26800.720955193614 6905.279085712935 891.1042777867144 3240.45486333674 9133.071928706255 72076.9852875829 67904.0579004162 245441.5977561508 416554.5788576453 124239.08596862761 0.0 0.0 0.0 0.0 18738.434360488303 61805.73571651335 24750.348537613696 25559.02985500886 29288.953740009612 16081.657933572713 11462.302409555195 17543.205975929362 24085.38520756349 18354.022169252887 43841.521626709546 108662.59000090903 121161.18175232869 98484.81261782054 259266.4361177571 215036.26817855818 0.0 0.0 0.0 0.0 0.0 0.0 0.0 0.0 0.0 348887.5924239557 19915.03561308585 99233.77865831545 156809.66458601985 172313.24032669538 159674.6933004384 325341.2096931416 263067.73671255156 82255.51511534445 37800.69875216278 160242.98344922467 439560.52331332455 400216.28351768863 313944.8318977917 444732.5785162944 847856.1548928603 182994.28516853767 115493.7479687054 -9999.0 0.0 65895.26021479662 28616.31003875302
106599.92403844699 83554.9971222105 68099.59169262333 38246.77748622952 76096.64211954907 51660.892938736535 29674.85663874192 4731.868454909792 212376.2233156518 315468.849059071 43679.17817318169 25927.10091655969 0.0 0.0 0.0 0.0 144006.834743458 94064.26532794915 6536.2891278224615 19047.36172694933 3478.30000427565 1448.3693213305655 3204.1696250162818 1863.1546143064277 11949.090817502714 25644.946028366103 142629.98347634717 239372.27540467784 63855.489351819706 193526.9703554949 272205.663001034 259510.33929308743 0.0 0.0 0.0 0.0 0.0 0.0 0.0 0.0 0.0 593745.7101792175 457307.82659019897 42656.01015335234 194286.9562908711 16928.859944597472 75367.33875791931 480912.2724810142 381138.51874116494 77983.60742926305 0.0 59270.00814517163 93789.6951169682 437548.24397629936 606832.4462527933 860859.773511049 1011614.9116992113 757040.8246149416 0.0 -9999.0 -9999.0 50940.81005174483 148510.16599216932
2534.125846105003 37938.14375508126 180775.78438368946 79105.40193188656 540480.0572846577 411619.0448308253 407621.30210425035 105607.03364679501 169950.32489077313 102470.01175497765 61798.53742165709 13015.178474330449 0.0 0.0 0.0 0.0 0.0 9017.222340960448 995.7920231070855 2527.2715583590084 30233.046182471997 32551.089543282254 33979.43755741227 56742.719626033606 56893.39882505585 47133.46019805551 122904.52593022834 238890.26085758477 403463.6922378368 372014.7753818382 283190.8472696555 271677.32245697314 204991.4918253862 266465.0326466736 460531.1283007703 317121.2215307781 0.0 0.0 0.0 0.0 0.0 902794.9723705327 255649.1207216384 34629.30876867486 146572.44211430996 39604.24843543446 91604.21862876858 140902.87063884301 222432.0543088462 682781.4638835696 169540.5760781549 83002.02198776777 46278.56581764186 528847.6052914278 697667.5957187791 1005656.2481590338 1146359.8610921437 1205978.9672772305 0.0 -9999.0 -9999.0 0.0 197370.0905231639
569.3659881064958 11569.339508709854 2086.7617692541753 5288.231911996805 70188.0324161028 135144.6019241479 147361.03418001768 110938.04098628947 118841.96563023758 108633.31985654302 86110.46356489387 33927.26006968112 0.0 6192.587331915713 0.0 21709.055476045156 389.52680959059154 0.0 2010.7788917587689 5613.232090373815 8760.277225153211 7186.9571452840955 26731.713308659728 39976.22198192934 79959.31305377887 98488.83125631885 141498.18731161952 567706.9513875368 577224.1874075049 201358.56232054727 203465.998156162 162754.5715439801 111701.44577105198 99967.80329200803 0.0 0.0 0.0 0.0 0.0 0.0 0.0 894916.6389272116 450976.84434264776 354939.6178695649 416735.00097963953 370336.2084209164 482199.0814991907 340525.27673786116 65141.35433037584 456098.56059684284 601406.3425083017 602826.2081282856 114270.49476194773 39170.24956870387 69837.21684693315 81238.37351188195 97149.6260155445 51952.46855389654 0.0 -9999.0 0.0 173042.07048343803 197553.3966440317
0.0 67467.17207609193 59666.50400238108 32853.15351088772 2799.9579102553694 14479.156612437338 23449.818408754698 8484.391247821337 82924.55035252594 366348.99572035455 206895.7626370353 48810.56420376807 660.7402102480468 1021.521086050331 0.0 0.0 491.14083916671785 0.0 1055.4769458034734 1334.4454525171914 10770.03442833977 39731.72034564334 28089.13302117204 27015.17773297235 105229.42988617923 180999.02319372667 1238554.856087129 990787.3318052153 380284.4985173443 211735.76954008287 217354.3383233475 238058.62412866365 142094.38960021557 176864.46608266878 0.0 0.0 0.0 0.0 0.0 0.0 0.0 0.0 776893.9461396397 699606.5470474728 551105.6940581583 830901.1745763823 861994.7320485816 742184.3443755322 567978.8311895401 562249.6626044149 723254.7959185373 847452.8824020306 983933.3695212748 89443.07704263242 87252.085060111 89878.21656695694 96960.5647611112 42816.196015035275 4344.7222050357195 0.0 211703.92450033897 226657.733028428 229922.9497023019
18732.992778181007 54120.690256035545 38603.507517635895 35044.48206380274 6961.339133774291 3639.6000292433696 0.0 0.0 676.6898260550743 163646.9263574899 46366.95671366347 21772.982793575127 2435.1134840352047 44435.88645220369 0.0 422.6021619558645 0.0 0.0 4484.297954778231 0.0 0.0 0.0 99847.07366119864 26915.868692339685 47481.38937829637 180469.271002712 348301.9921784418 540321.1761800358 712370.6460668069 729598.1749369289 554972.1632390639 517870.177203435 424623.11252507166 556936.1740129481 0.0 0.0 0.0 0.0 0.0 0.0 0.0 0.0 995767.6601155141 710142.8135901091 512327.708051141 535619.3700040719 380633.5693386735 511323.42137129005 557064.6352006427 545057.2960374648 682135.3384701043 962852.808800944 84335.92401041805 86272.95146624156 79032.07176823173 98941.30445544161 92034.67683015493 99383.47193445635 103264.04738275797 360194.1739423476 326841.1821846969 418847.3676165614 397621.5321151839
35366.74174535223 28504.10775096984 66511.90254053152 156474.58232572788 7164.333848405442 0.0 0.0 0.0 15170.45526176044 112919.64667503073 20851.85765168842 14740.180166138567 1469.247454842225 2588.4388158836637 13269.43320023386 0.0 0.0 0.0 55376.36388937962 0.0 0.0 0.0 0.0 0.0 236396.6691639076 217444.34566768922 198107.95279833392 255273.57198498244 0.0 0.0 0.0 0.0 454315.7756127955 0.0 0.0 0.0 0.0 0.0 0.0 0.0 0.0 0.0 852213.4073055421 725712.7493703023 533827.0970737458 497645.0601990971 507326.5202007037 502574.31078043365 511873.4605481262 552362.9788298472 587005.0330318081 1005358.7786107801 89272.17282739471 64142.4846294594 94964.99757961759 107233.6342238985 76498.5387288694 64272.439596391334 67617.99035279272 238604.86342611272 395485.78772966354 397212.95683189505 394230.39306905464
4290.317216305848 16163.85503186671 51683.692793432725 47306.98225015424 9375.039302721678 0.0 0.0 0.0 24551.982789264723 60082.58842398568 205379.2794809013 19074.981297772265 16127.370646933801 247808.60831791954 207965.20603746627 48943.92892732134 5242.344591246546 48738.49976487705 0.0 0.0 0.0 0.0 0.0 0.0 0.0 0.0 334420.5337976872 221822.39897780563 0.0 0.0 734848.755210188 711071.7009618994 700333.5067180378 0.0 0.0 0.0 0.0 0.0 0.0 0.0 0.0 0.0 0.0 145475.72890830907 132777.0620840267 100654.99691804283 115963.23269775484 112369.16727274192 88164.78190121596 111058.95305828324 144165.98080487954 90395.60942176163 53336.68623451641 81346.02644613951 98502.35311228418 82122.96986532338 74035.08313036343 76099.5367112243 88239.79491509896 331690.9461253622 407783.8386349441 345595.9993564393 361677.2836801539
2243.9379786991967 31353.55849166441 38844.157996069254 150.69718619100334 9387.766279635796 4458.305925054471 3506.543175621867 229.18645874226576 8832.264975869492 35317.38386975294 170965.79348273165 38650.25594567674 10516.780880423565 0.0 131.89131525688836 0.0 0.0 7908.510336698812 0.0 0.0 0.0 0.0 0.0 28550.136735144282 261904.74347848745 348699.26357471704 458296.2097205693 0.0 216661.9560592796 392290.7059183488 1665036.3968751798 0.0 0.0 0.0 0.0 0.0 0.0 0.0 0.0 0.0 0.0 0.0 0.0 0.0 176342.7891359083 146772.77640436526 124739.6531549757 140877.8539245794 113702.88662823424 134059.73449045545 147196.40507940404 86995.57549276455 65477.10942492334 101288.26209611636 91202.86796452162 80359.36671203788 68707.59022093561 78541.67332398193 71291.67962965908 365616.7946307087 318823.72901846503 250831.63746949076 332885.17445396003
682.8274177656384 2784.4032545803375 2248.923375775874 98.00244874406233 6195.50610044279 2981.437372423474 1061.4148131400655 0.0 206839.733027855 88728.81049225446 215991.06324079703 28762.843848957305 58860.03230821969 9920.11523305482 1311.7435986596238 621.5770307319992 264888.8272935845 0.0 0.0 0.0 0.0 0.0 0.0 3985.499542070587 70499.64852843228 83068.84921456075 217961.5668175231 331105.8769323549 0.0 0.0 0.0 0.0 0.0 0.0 0.0 0.0 0.0 0.0 0.0 0.0 0.0 0.0 0.0 0.0 147212.0165155329 175522.71445205234 181810.81001118792 163337.34313691608 181634.1570006904 177790.9261985217 177077.7407492085 181673.37354680125 65846.1338177174 73457.51091057957 69346.48962119516 79689.07284939142 67607.3097375718 75957.32664213164 85435.16387582551 377264.36542180803 141187.07381863883 118916.40794239171 315509.5786162112
5907.263241869328 1959.116035705265 13249.731632835403 264.84035218861163 11670.8953193779 12307.995814937569 0.0 0.0 26859.793319739518 139757.81211709345 42726.51279947413 3751.2301029528526 32.14490282190278 0.0 2048.258417108501 2711.8277209645616 0.0 0.0 0.0 0.0 0.0 0.0 0.0 0.0 37123.419215826514 85917.27144363425 121637.54469672975 164194.77239664816 309021.1152406255 0.0 0.0 0.0 0.0 0.0 0.0 0.0 0.0 0.0 0.0 0.0 0.0 1507634.767648576 0.0 0.0 0.0 182690.1427508899 169320.02916672354 172912.37434066006 179178.8611605177 161369.78638295538 96356.99976105627 141694.30266301293 137269.64813872028 86138.70778771641 99366.90804123221 78768.82576957103 63380.563407620524 64444.96418381244 86718.6344094275 262450.1911729367 100976.42057795348 222286.9228160236 245874.616020898
212.0187770975572 1489.2442754803242 1363.5529396144095 1860.3211378032586 0.0 3338.8431608814603 0.0 37684.39310781878 42721.581679431576 25747.429959385227 3923.274863471023 885.5388915353603 132.92980337329442 0.0 2475.7981681827555 36926.32878167954 67370.30204493932 0.0 0.0 0.0 0.0 0.0 0.0 0.0 78099.2708868001 238597.72980163916 370349.5713349362 233861.25885892767 320772.41007510875 0.0 2723149.5473514567 0.0 0.0 0.0 0.0 0.0 0.0 0.0 0.0 0.0 0.0 0.0 0.0 0.0 0.0 149913.54854230673 131391.53224947845 42615.44416576089 44082.97275122245 94081.22439749107 49555.283948916804 1128863.2333505114 1391913.1358299393 75000.5961444922 90637.11385321536 73256.00871922862 68440.95269425765 81538.30600375314 364698.7687866099 272718.86972489406 204587.4771712919 202307.7720041795 47196.220010532896
0.0 140.2084613440878 0.0 42.74527394857911 62.70568631934523 3048.89955155671 37326.02228045262 105432.87832978599 65490.74303069488 15062.42331506546 3450.565827142476 7735.146858728189 237.2552865773587 226.24204634610803 16952.72252295094 94720.3167187285 0.0 0.0 0.0 0.0 0.0 0.0 0.0 0.0 201593.2099651604 9928.676586951167 145586.75471529487 61743.72310835332 241539.27930230054 643224.1779408964 3193297.084562538 0.0 0.0 0.0 0.0 0.0 0.0 0.0 0.0 0.0 1455603.604346345 0.0 0.0 0.0 0.0 163209.40298706392 112817.57116173155 118475.63148758613 60847.64637005338 19849.016105292194 46665.691182323004 3841.006184356455 24786.27441139012 94201.47906072334 165151.4577770742 64278.159019787985 67982.24637014975 61590.08014945261 74253.15944492506 79694.35066771356 41155.21459289968 59031.691946041945 44371.8939676479
87.21548545815736 136.21158950114133 33.90152799327977 12239.475280983464 374.49748877295116 2343.7129937111854 38458.38771291134 40697.29191821923 54292.485944531916 34907.405268836774 1413.7666945146186 0.0 214.61942550622916 0.0 0.0 0.0 0.0 0.0 0.0 0.0 0.0 0.0 0.0 0.0 0.0 172818.26064023425 49808.211154692304 79925.54893292382 319033.6873902607 673336.6874035351 2629382.016938652 0.0 0.0 1351180.5780515333 1264131.280475322 905125.6561669128 0.0 0.0 0.0 0.0 0.0 0.0 0.0 0.0 0.0 177536.43595692114 160241.79652179554 160455.62736892284 129951.70108599395 94129.89271856447 52891.85641947287 0.0 3110.1528101102467 32835.28834469495 191888.22267799455 85849.93406238222 86188.2353052766 46718.15326468659 40184.14900299463 45373.36847441564 37315.90417698427 48184.99069093352 57538.780730670034
3785.877087836302 0.0 0.0 402.72859905606055 2155.7148909273074 24177.64598199836 1545.1728022086497 590.9497776953436 2503.142745357949 632.3127325991925 37.204949225841816 16.85376551293339 0.0 0.0 36.253179592338796 0.0 0.0 0.0 0.0 5275.206565299501 0.0 0.0 158435.34399269393 0.0 68869.32761993157 110427.15438676038 54213.606993395595 161432.8337069332 537292.4384340218 753407.8151766015 501187.92084272415 1077682.9086290367 870533.7015172502 370842.97960562806 536033.4736021338 310670.3809383443 0.0 0.0 0.0 0.0 0.0 0.0 0.0 0.0 0.0 124373.56136591347 119251.65740320271 64790.21812267216 59209.68748426399 54140.8786669958 114956.28427306839 24547.76129046533 48158.82504732853 119369.68435381088 182830.91241323703 173616.76794483812 76048.89498155902 51325.14336948512 44956.23763806445 68931.3570803888 68678.04418069268 67984.79707753344 59163.34308147135
0.0 7425.749730005227 29421.89726599364 141.4557198598608 0.0 69.83290616895698 1168.186768509239 1337.5180828381915 1044.5891421315396 571.6879820319105 62.57063418222154 0.0 0.0 0.0 531.2308103278268 155.22679567467077 0.0 0.0 0.0 49816.494247457216 0.0 70861.79289140347 78782.75652593546 0.0 211689.3896376783 33896.70142037465 79026.98714680823 620892.9090209225 947061.5282672792 0.0 702176.2759795648 679070.1802346177 482432.76512788236 283297.1490479311 376650.180875116 459488.26207284967 566749.9131121967 0.0 0.0 0.0 0.0 0.0 0.0 0.0 0.0 84695.50390536907 46195.782068029555 50120.168088409926 30420.299479202964 17338.483451624346 27263.6169252914 27879.1313057595 94952.61459580297 127792.38879833609 158660.933836417 94883.97135356031 85335.59197111569 56064.82594087272 14307.024271828917 53663.140267778384 45512.65460019978 84656.61720575656 32888.66447401725
0.0 47.57065619496762 847.999358657405 677.0576121325108 0.0 178.5648472902372 1658.0472038034295 243.3032550055534 170536.45948365764 2388.2151888016724 714.7707627605487 0.0 69.40064230832871 12.974764118440651 0.0 0.0 0.0 0.0 0.0 106.12300759133542 0.0 81109.76312469275 0.0 0.0 96168.52835520763 23502.239861036258 36812.18082492054 147608.85522669245 328873.00514050643 792603.4034803351 417466.9808352852 160015.98583146193 223774.29744228933 226675.69545440207 318800.8320598016 534440.6248933013 0.0 0.0 0.0 0.0 0.0 0.0 0.0 0.0 672919.6536443883 36162.84528630361 14744.829901831246 459.2886735972627 12447.308188937794 2841.029519764686 33212.63897086809 97071.54389019535 103587.0553064751 123788.21589073853 86984.76860750068 86536.90203996202 85030.79169876332 42084.22416107778 10927.863721259308 45495.22434750009 92645.1441889043 73341.80564905598 59599.325131303005
0.0 0.0 0.0 962.8476590474093 7817.4776529070405 214.933107731237 2434.4387961409893 161.4829413991677 264915.4416668536 2944.339256048405 563.9311064240981 21.925330908703316 42.89059562340778 0.0 0.0 27.644526768792566 0.0 0.0 86337.51121075088 39426.36272495813 58586.04900803355 215419.1901104809 30404.946971798017 42760.42016065649 5161.4215930343935 0.0 117359.22697237549 135567.3799329381 443430.29594124143 297228.46005476505 238402.0324516973 486029.13693704945 146668.9009122038 273156.64018329297 615620.9201444114 1093450.0392468642 0.0 1098823.756510132 0.0 0.0 0.0 0.0 0.0 0.0 0.0 76536.76686822322 62002.23505760937 55988.74597062526 69733.73711945872 90162.72706021626 93728.7554569542 82038.75485836214 107281.04929275965 110719.1193826867 81718.31169878462 69701.63828281577 39049.275311613026 48386.90163355386 20683.520124586925 57144.4068578935 55330.953732229755 46881.03916748594 24441.18162541864
22547.945046199755 0.0 470.94170234737663 0.0 60829.33071844622 2.5933121407292856 968.371569410223 220947.56509114843 1599.7558719099939 358688.6514982048 6112.8741479368155 941.0265121991888 0.0 372.6268877122052 626.3264161348308 757.3995312863804 0.0 6910.3505630412665 0.0 0.0 0.0 251445.349304008 9739.50457615156 0.0 0.0 117374.63749815218 396131.69253480196 962208.1810838188 0.0 0.0 520040.42394068936 160471.64157684692 281547.54024266166 397899.5846817808 697976.7524680785 0.0 636474.6693732894 881544.6903874387 0.0 0.0 0.0 0.0 0.0 0.0 0.0 23493.83260463355 3612.0294652395587 0.0 14841.40836302925 73991.41818400066 112002.087051967 98514.9157156382 123788.47442675858 54841.89766718194 43913.11847004722 22455.738542342162 36617.156121477754 10067.950475972402 0.0 0.0 0.0 0.0 0.0
3755.3110329346514 3242.3052200714687 2403.7699451059225 0.0 0.0 7055.852750731796 828.3561014221839 2010.6579087119376 3442.2076116662615 1811.166850706176 636.0560082616101 171.7075229704873 254.86792107349012 850.7554236700076 39.778091196289914 341.9842976518795 0.0 1225.5150300553705 20912.16716546782 0.0 0.0 25188.84350140037 61190.51010838736 0.0 0.0 0.0 283650.28640390537 1143062.8022108546 0.0 0.0 0.0 626587.3619133377 150689.2167011954 336303.92424423865 347909.58464372624 1107247.559379031 0.0 0.0 0.0 0.0 1434256.7117817546 0.0 0.0 0.0 0.0 10715.134875163301 14932.087232337268 23506.809091526688 10559.783757126665 28309.77741775747 157675.54361279405 136788.88420012925 66725.42784457271 64217.76672505998 42947.18684981372 44691.474296068875 68850.50228843601 16684.32072537477 0.0 0.0 0.0 0.0 0.0
