critload/trunk/input/2010/nh3_spread_man.asc
ncols 720
nrows 360
xllcorner -180.0
yllcorner -90.0
cellsize 0.5
NODATA_value -9999.0
[rows 135 to 161 of 360, columns 372 to 433 of 720]
0.0 0.0 0.0 0.0 0.0 0.0 0.0 0.0 0.0 0.0 0.0 0.0 0.0 0.0 0.0 0.0 0.0 0.0 0.0 0.0 0.0 0.0 0.0 0.0 0.0 59.114337637416725 118.33384078346117 0.0 0.0 0.0 0.0 0.0 0.0 0.0 0.0 0.0 0.0 19.547993671680064 0.0 0.0 0.0 0.0 0.0 0.0 0.0 0.0 0.0 0.0 0.0 0.0 0.0 0.0 0.0 0.0 0.0 0.0 0.0 0.0 0.0 0.0 0.0 0.0
20.521066826790786 0.0 0.0 0.0 0.0 0.0 0.0 0.0 0.0 0.0 0.0 0.0 0.0 0.0 0.0 0.0 0.0 0.0 0.0 0.0 0.0 0.0 0.0 0.0 0.0 0.0 126.09239132278479 0.0 0.0 0.0 0.0 0.0 0.0 0.0 0.0 0.0 0.0 0.0 0.0 0.0 0.0 0.0 0.0 0.0 0.0 0.0 0.0 0.0 0.0 0.0 0.0 0.0 0.0 0.0 0.0 0.0 0.0 0.0 0.0 0.0 155.26559931428943 0.0
0.0 9.441847531877803 0.0 0.0 0.0 0.0 0.0 0.0 0.0 0.0 0.0 0.0 0.0 0.0 0.0 0.0 0.0 0.0 0.0 0.0 0.0 0.0 0.0 0.0 0.0 0.0 0.0 0.0 0.0 0.0 0.0 0.0 0.0 0.0 0.0 0.0 0.0 0.0 0.0 0.0 0.0 0.0 0.0 0.0 0.0 0.0 0.0 0.0 0.0 0.0 0.0 0.0 0.0 0.0 0.0 0.0 0.0 0.0 0.0 0.0 0.0 0.0
10.31613319892705 9.473187515235283 0.0 0.0 0.0 0.0 0.0 0.0 0.0 0.0 0.0 0.0 0.0 0.0 0.0 0.0 0.0 0.0 0.0 0.0 0.0 0.0 0.0 0.0 0.0 0.0 0.0 0.0 0.0 0.0 0.0 0.0 0.0 0.0 0.0 0.0 0.0 29.834411025656838 0.0 0.0 0.0 0.0 0.0 0.0 0.0 0.0 0.0 0.0 1648.3640464769023 0.0 0.0 0.0 0.0 0.0 0.0 0.0 0.0 0.0 0.0 0.0 156.58869358889584 155.891630235793
20.71720568862315 9.48858649004231 0.0 0.0 0.0 0.0 0.0 0.0 0.0 0.0 0.0 0.0 0.0 0.0 0.0 0.0 0.0 0.0 0.0 0.0 0.0 0.0 0.0 0.0 0.0 0.0 0.0 0.0 0.0 0.0 0.0 0.0 0.0 0.0 0.0 14.974361790858914 0.0 0.0 0.0 0.0 0.0 0.0 0.0 0.0 0.0 0.0 0.0 0.0 246.6008591351851 396.27531275046545 0.0 0.0 0.0 0.0 0.0 0.0 0.0 0.0 0.0 0.0 0.0 156.40235610264762
0.0 0.0 0.0 0.0 0.0 0.0 0.0 0.0 0.0 0.0 0.0 0.0 0.0 0.0 0.0 0.0 0.0 0.0 0.0 0.0 0.0 0.0 0.0 0.0 0.0 0.0 0.0 0.0 0.0 0.0 0.0 0.0 0.0 0.0 0.0 0.0 0.0 0.0 0.0 0.0 0.0 0.0 0.0 0.0 0.0 0.0 0.0 0.0 19547.29583227809 1383.8383029263687 0.0 0.0 0.0 0.0 1380.0318205548367 0.0 0.0 0.0 0.0 218.11422173771956 218.00068452611916 315.18678141717965
0.0 0.0 0.0 0.0 0.0 0.0 0.0 0.0 0.0 0.0 0.0 0.0 0.0 0.0 0.0 0.0 0.0 0.0 0.0 0.0 0.0 0.0 0.0 0.0 0.0 0.0 0.0 0.0 0.0 0.0 0.0 0.0 0.0 295.84928035379323 118.52034538354536 0.0 0.0 0.0 0.0 0.0 0.0 0.0 0.0 0.0 0.0 0.0 0.0 0.0 17854.243579794842 15629.68520749319 0.0 0.0 0.0 0.0 2350.297800969206 365.9234054735782 0.0 0.0 655.9111577149848 437.3460381069468 315.8352608464423 0.0
0.0 0.0 913.6188455694482 539.5288921300094 0.0 0.0 0.0 0.0 0.0 0.0 0.0 0.0 0.0 0.0 0.0 0.0 0.0 0.0 0.0 0.0 0.0 0.0 0.0 0.0 0.0 0.0 0.0 0.0 0.0 0.0 0.0 0.0 118.87434221949799 59.4371711098559 178.36966382194146 0.0 219.33051843586455 219.2221045964826 219.11342327151917 219.0041863998825 0.0 0.0 0.0 0.0 0.0 0.0 0.0 0.0 0.0 4756.96781359277 0.0 2635.0475327517584 769.6525124332695 0.0 0.0 747.996859525866 0.0 0.0 0.0 633.4955705651678 315.8488042845845 473.734189134301
0.0 0.0 270.8013347803749 734.0701810402221 0.0 0.0 0.0 0.0 0.0 0.0 0.0 0.0 0.0 0.0 0.0 0.0 0.0 0.0 0.0 0.0 0.0 0.0 0.0 0.0 0.0 0.0 0.0 0.0 0.0 0.0 0.0 0.0 0.0 118.99048715549188 59.49524357774594 0.0 0.0 0.0 0.0 0.0 0.0 0.0 0.0 0.0 0.0 0.0 0.0 0.0 0.0 14872.89870129122 4762.395068480513 9842.950112935881 0.0 0.0 0.0 9025.83243522392 0.0 0.0 1099.8505638252961 879.6699771814693 438.5999473497154 660.3305905842802
271.43882613490496 542.528967615016 1628.1265386760863 3212.1623935917946 0.0 0.0 0.0 0.0 0.0 0.0 0.0 0.0 0.0 0.0 0.0 0.0 0.0 0.0 0.0 0.0 0.0 0.0 0.0 0.0 0.0 0.0 0.0 0.0 0.0 0.0 0.0 0.0 0.0 0.0 0.0 0.0 0.0 0.0 0.0 0.0 0.0 0.0 0.0 0.0 0.0 0.0 0.0 0.0 0.0 0.0 1248.4307988665114 0.0 0.0 220.62506486538066 220.72695617883227 19747.955669529998 2669.042868653159 220.28387710892693 661.2757395172376 441.18480159489775 220.08857170549916 219.67997765976696
2721.3457000595317 1751.6685719852142 1360.3068982403836 1986.471624270232 467.2790954248108 0.0 0.0 0.0 0.0 0.0 0.0 0.0 0.0 0.0 0.0 0.0 0.0 0.0 0.0 0.0 0.0 0.0 0.0 0.0 0.0 0.0 0.0 0.0 0.0 59.941208923101485 0.0 59.88722159120413 419.58822838800444 419.5075121168024 59.86004679713922 0.0 0.0 0.0 0.0 0.0 0.0 0.0 221.29900430370648 0.0 0.0 0.0 0.0 0.0 0.0 1548.198888581377 0.0 0.0 0.0 0.0 221.02917338841732 23069.289893322486 1274.1654174165933 5194.244639130575 221.09968662256887 1326.2939272434717 221.3979738554538 661.7655050555369
2348.842868632022 2478.0418716731656 1091.1756900445848 4473.231207004538 272.3798341640762 0.0 0.0 0.0 0.0 0.0 0.0 0.0 0.0 0.0 0.0 0.0 0.0 0.0 0.0 0.0 0.0 0.0 0.0 0.0 0.0 0.0 0.0 0.0 0.0 86.84450811056556 226.67073255835766 300.27100278801765 1081.4172361128321 360.41913807102856 0.0 0.0 0.0 0.0 0.0 0.0 0.0 0.0 0.0 0.0 0.0 0.0 0.0 0.0 0.0 1108.2455068868314 443.5331165545959 221.62124175695632 160.3367025069743 6324.951905351742 16775.148349325744 19425.481433256773 443.33953951810673 221.4257717482661 665.5403807159904 2439.577869086468 3762.4043847002486 1771.5553278947393
2768.462647103875 1778.8302307562471 1667.4015076562966 989.1362491139423 0.0 197.86043373890084 0.0 0.0 0.0 0.0 0.0 0.0 0.0 0.0 0.0 0.0 0.0 0.0 0.0 0.0 0.0 0.0 0.0 0.0 0.0 0.0 0.0 217.67735985971618 478.9267354500442 609.2815329080096 719.6390154125426 681.4686740945122 529.8900456079999 300.86401631877044 0.0 0.0 0.0 160.7974469933165 160.73002713521691 0.0 482.12227501736925 0.0 0.0 0.0 0.0 222.54873666125005 222.26717754592295 0.0 222.54873666125005 222.07732472770803 222.54873666125005 222.17252890963283 160.4056684877087 15347.228310002894 2213.884266889313 3986.0219925325073 4669.997869932741 2445.0138498276224 2851.533036649259 4064.438960867476 183383.79456083497 4660.634774200213
4360.610795590915 4755.346517846817 7565.79403876166 3962.1937623794993 3368.8405228371835 2577.650703928044 1189.2079133909726 0.0 0.0 0.0 0.0 0.0 0.0 0.0 0.0 0.0 0.0 0.0 0.0 0.0 0.0 0.0 0.0 0.0 130.95431125976597 436.329150114225 218.11105523579653 392.6676152258219 1046.7602538130232 1449.250545263007 1024.9939946480677 986.9239999264189 873.2519507649919 872.757837992072 610.8891368857436 218.12899852915885 446.10667469073735 445.28302580116946 0.0 161.19477072636346 668.9329376129285 669.0240883646115 446.19729047200127 0.0 0.0 222.8257073758941 223.00802945513792 222.8257073758941 223.0986452355995 446.10667469073735 892.3039651627387 223.0986452355995 7421.495404493836 35848.270869889544 2378.6414135362984 5289.559647028965 6110.064179142892 5298.62911111502 140461.54233488164 67919.07207317695 108785.02581018738 28491.679633427855
5362.021855679399 5760.063767930805 5864.690590796019 5362.891021827815 4767.675440194405 4369.7107436407705 3178.029311404672 993.7233858330479 1391.0584294691137 2385.1745709167744 794.9803404245306 1391.2154768343526 596.3914703400512 198.82313316410142 198.74520401184841 397.5683371759498 131.29700159878814 175.06266879796445 131.29700159878814 87.47961051869001 218.70789123469538 524.8956023794158 481.0428481920488 524.790729141687 437.5020761825437 699.7504253380102 962.1543085436392 962.0158681374875 1224.3333569608235 4308.587875568115 1141.5921164159772 1141.6016864165808 1103.5054801961103 1267.9663621686823 5807.353840486551 5806.694324672708 2458.0948870521866 1341.614043515028 447.0872757104446 1341.172816262177 2680.5813202235745 1563.5691891983631 223.188458561429 223.36726217950508 223.63155820780352 670.7193688884006 670.7188339182482 1565.0697610168652 1117.8066445948239 670.0114382435751 1339.8421798956613 484.4220132097705 24579.689346794312 331768.3083912911 76263.97225501474 5918.308298867884 167821.00106212692 119693.50176623935 116752.94411765545 433701.2747053609 12255.215262395468 159912.96171598637
43925.32681332728 122866.94535755274 123282.56810236495 211078.70077358818 473742.7994249032 359276.64892408584 4182.493511254764 4182.418454143494 3982.221426370706 4380.629221491336 3385.97311884018 3784.233671764362 3385.437694341915 3585.255174217968 3186.7656449511414 745.0510052338716 1095.7691641353535 1270.847118560445 1227.2161508960362 1095.8550310130345 1008.2264259206678 964.2976261515772 833.0659710029407 1052.0978160075151 1183.5137805181132 1095.7805115794415 1183.4470689939237 1226.9442914670883 4229.360547741912 7273.723616593492 1357.7991334159262 1105.740802647119 5015.156087913988 31525.612099395374 30662.139828934385 40099.097381006366 6416.984094677053 4253.520662639195 2912.6393435972827 3583.8872839663422 2461.941160706842 970.3539636417939 36361.8784046383 1119.5325624722416 1568.3499946706838 1568.0916244688542 4700.398168172738 4254.701548399814 3133.851620943219 2015.1721718951374 3584.0481455030704 2424.4734033890804 50033.713275982336 579429.7044073029 558914.3729347296 46178.27671295638 65426.25870213309 76308.533139904 117643.52361623243 7298.035978152175 63617.47988473979 210568.82733555336
218101.5164483218 123722.65723380966 51405.93148937449 184632.6755361081 395173.3407837639 317606.7583717742 317437.9330522155 161565.9592171041 4789.669827431368 5187.6425912992445 4790.552402520185 4391.247159912785 4191.448156201398 4988.874136589617 2793.288332145265 616.6587564059517 1360.4563717713966 1316.980720712237 1381.491039426401 1360.9778950622592 1361.7341952417855 1273.9132876484655 1317.9108203793735 1317.9435459522977 1361.7450433648926 1884.8093098586771 1361.7292141259925 10262.09673365353 22453.43463769293 6072.691084093918 6380.772632614793 3839.540493084848 5148.54873302458 83098.11450643369 37092.98407181755 4948.459059613136 4982.982856731725 17673.532655160358 59008.69042761871 5385.5991075521615 2757.5337169718155 3244.715737128159 23256.96706704118 23028.55161791166 5162.782432936676 4885.506964933133 5014.048316700921 30690.496824504444 4855.170678038899 1291.572466014997 972.2955812282802 68967.84027309803 139550.1870248136 644699.3208437947 553842.7300377751 554860.8330731286 168190.8235422809 291274.0240595727 511278.78874154517 266573.9961040971 202475.2839926627 245113.15026232862
164988.27170882208 200969.60893531225 225699.49622859378 249980.24434158948 205229.29350684345 9733.312173275142 119235.01029763093 396219.19651650044 161292.05233923506 201069.618794387 318488.10083447164 5200.514657858454 122848.93143761937 58174.6851369281 8903.163584462896 -9999.0 1242.3509838114774 3082.7153574243866 2780.621281036977 1380.38780038538 1404.4580809901868 1364.633180824718 1364.7386500241464 4338.244595093684 7314.923099607563 4335.062953479214 1364.5188889670515 12920.133675169167 21139.29251905722 15935.072506109589 10132.901028417333 10822.264935163119 190585.62102603182 54943.79361586418 121270.34973111805 40650.95381094745 59723.141236160765 26492.305863034202 30828.903065132658 17935.12198494541 30614.538745661077 4874.565951484985 4873.599253290412 6967.429866277166 30782.5452675683 17821.731662784954 5023.477894445593 31568.64650405196 31359.22733793284 4209.375688624746 4223.1575118290475 82506.66876143782 95895.86152251376 343537.4540926783 108738.98564320107 554577.2477029171 342466.88273531944 373128.03963665356 438196.6810484628 532873.9443511083 383932.70866917743 172154.70905355236
102057.80405494073 376014.27789149457 410590.889942758 66748.3413111397 328497.6210422772 287033.25486146705 173555.87835293732 418182.7984645037 53524.241817338974 43954.58367175681 32516.030030636626 36840.95375742106 105242.14537331619 35510.512144448265 54533.77869230625 33894.2044766109 -9999.0 -9999.0 14037.765583599476 7355.684011001611 4313.7741260596995 9318.254775987836 13836.710733272092 17199.56414354205 4979.489738343207 5543.411392972791 7205.498038949174 17083.263645380917 23993.631838649027 4055.4526006517212 15100.517016817199 32118.203194300368 340129.462885498 395157.515900368 136099.23526568696 100002.37278715879 91426.67147270392 13059.331918188414 56627.79783013669 16718.05367922288 5157.669084656235 4884.151271325104 11232.970916114553 23522.410538749227 23242.39857242322 47963.21786037365 52949.538117704724 33879.12274141043 33808.54928303881 10491.684498728642 69600.33141690888 56962.72458648716 20513.86013084663 104875.40136635026 331422.86988293077 516446.03554865834 543601.49444212 672456.4174811741 493879.5716396411 558405.7614448293 628897.3794819146 6969.620833655427
306111.60056901065 312858.85743269866 308772.04407214135 264126.6999700397 303630.8449357036 62315.24086303216 74920.53422685483 68115.19711826784 46130.56116738304 45938.20073330034 68115.12364971505 37209.52947293969 34144.172435012326 53261.35306270244 66062.87184907103 37445.634196907835 11633.958741561833 37634.41280941188 35208.27238378823 24816.272771932963 35309.7369648313 36035.304064344855 34519.62676721237 27152.01520945902 20831.66109955031 5648.7211514576275 20895.715031157477 23581.938979264578 29465.79699114866 28527.146814186264 35021.425831645276 25430.397466518894 288503.9767145012 169306.73465510056 156882.81966391532 109558.80228137874 184430.08959622495 4399.489951077436 40368.95331070636 46092.6248522424 34959.78895733076 28709.6126945488 29362.10927931364 53127.005532052244 72644.73952964693 56668.324287083524 58810.03991990937 75064.48972727849 35289.729772523264 98940.25696060421 204849.5322483947 149381.2052109409 15388.205534416316 114874.65781997758 299425.0305020793 454804.469047636 746933.5866741575 349379.7400821867 74747.99900181142 81016.62009908655 279672.87000538455 4939.141014521103
290967.3315951115 320841.8013454705 330811.21402768773 354054.67154426756 331736.6124331118 312163.4628294504 320452.0201007746 71368.12528743873 67901.29848758342 56244.45043459325 42286.30696473969 43850.23929421523 112559.17136326453 29514.3539828414 43602.871243519316 51534.689103148434 23009.95348964836 9771.37691026558 4543.886638092404 4402.570526944798 17705.133927223193 3429.804792687803 189645.0535477879 446514.28052792186 13663.523536585071 346217.78804686514 18349.38783317331 23146.23332814301 18886.597726043237 22066.975308988818 10310.522459632162 26394.81692947548 510813.5206134158 393161.87256804574 205280.81497085115 296133.8231189324 227144.97954016482 7907.8414741313045 78856.62381403016 60292.04924336552 62433.791816210505 76025.14358011879 55972.14999668421 132228.3640051023 59638.59204674438 99427.86174143442 173633.9179546663 425397.4221268306 183891.4677388636 398825.6967946006 428175.6596712412 553116.2455775983 41751.84195668378 20666.382148860946 189407.4178451839 212253.98332339345 559780.2739890965 246231.3436985418 1036.7022592432645 6753.403085632094 35988.613739526365 150109.8594438578
308055.86085066525 310301.27955503087 339986.4461062969 357812.4072861747 325499.2655410519 335102.0271200299 357058.9328667227 343666.9936165542 314263.55905403127 227145.25531443645 210707.36584914822 170574.91777073557 180666.89698710464 190013.1842979789 42480.59784891405 45706.9412863267 51191.19030081576 9429.129112876451 10180.25552133213 17304.695548228676 656095.5850904293 686463.3856652831 562420.6471857309 26367.214824663155 30555.79685638005 20315.869607249406 18631.61330871572 14422.70219664151 12125.745289374978 15831.105183404079 15080.485678650182 16441.846475278675 7823.958039293703 39385.09952297569 192139.895256296 458192.05082494544 326328.41030991456 310892.0707195005 160156.9787502909 363189.3193847248 178236.5796211282 266749.161057331 255416.1599115352 118442.19100433416 93012.22546671871 337309.6282942357 112614.71819418157 492894.2089515769 500263.13031768193 268164.6098220336 236056.15166263332 530722.0212846224 567182.6979911223 83567.94712186913 209310.562096127 988450.3370126652 792582.1735155963 490486.7334481615 78779.76042176149 4510.469404997617 8462.793266475059 229699.06393008653
311580.9455867604 297059.74183187773 347748.5539978783 358875.6904883265 344265.3268877048 337634.4494750215 324624.72492574825 359302.9778182038 345954.8625383931 285618.9420288694 286058.12978317105 320925.10132104706 219046.53233940277 204944.4246090941 279539.2393843845 274903.0491831182 709139.3695960622 7267.591484859568 345828.3871450563 29718.133009232162 541784.2456398312 492399.0106421371 19771.696216402328 20855.21006630334 14830.145287922796 15900.633582660963 12662.109389961382 12575.393129476282 40515.85906086593 16346.87095385964 9091.318360193827 18396.95325215894 16413.513531933662 31410.21034177313 274437.3515371305 577016.0003371711 578751.579029995 521343.9536929418 452712.8693577288 620013.1683967558 202695.595880445 416960.4449267852 443394.2799062596 34814.966002359855 477985.23012196424 359788.6102261368 324573.5087601783 349923.91418934485 198409.79470661408 83661.3112309437 418757.23167161294 366636.9870321229 145720.203804881 604333.538378816 714580.034253275 506956.86619029066 718770.8448527177 373847.3102368795 9978.630397114142 26911.01128406023 41351.27865410487 912679.3920080806
260881.77722522718 281540.9036764723 285948.48019975034 347100.7661007297 341560.6045226868 310863.79379771155 295804.4715281164 341203.91143889254 308039.323564919 257205.4745940512 270836.9128311209 296929.49846537696 266153.4266676429 250862.37988054793 254629.34746523554 521964.07646467467 766318.6392303056 749662.5277529528 27149.101588456993 43872.69138715947 32487.741376232352 517321.88594434573 15040.392345332331 11307.182674217005 2539.110851824454 12009.53086133882 2319.906495454867 4538.681536436938 19307.607417529645 6080.54860701994 9003.96430012405 3115.1275974677715 308068.98955256963 445870.52766716265 337898.63431173505 412473.0255897523 528131.2064442285 650860.4549330138 320938.07759243133 501469.7349581723 638540.4806535752 193929.52888914876 391358.5027412681 554197.503077179 432919.2805666142 314908.46277434035 150455.4758358161 110374.63889716238 134173.39672697883 84438.27591596631 149742.14765580746 165853.41896176216 440561.4984952789 188190.67863329858 574405.3542003417 133424.2531528878 48946.77830337012 62898.10003903941 72752.80613811399 80833.0164647251 216321.859298833 775132.1957815636
287453.22738849575 249729.96270096087 291092.0747746026 316102.79367878794 296852.0288341714 327050.72801507055 275661.96611982875 319792.23361603764 274637.31351104117 289945.4985323184 317959.1313767416 300891.0784985462 246626.81955365476 285957.8269213929 244340.43189186018 561048.3816928794 705717.8476872629 629796.4750882365 894731.2314655106 12168.473943663517 8786.740365934867 22350.69582034338 11728.840395227071 9898.69973652007 12518.047873534882 7044.366115376804 14760.849728497302 3758.897253053269 15988.690733536832 11091.533026862428 7043.472522589051 50553.23317571517 367717.10430392955 459139.53858978086 1794968.7397387486 76532.51377576431 69336.79002442217 257922.73872893065 144131.67075925114 160340.32707093193 153644.7061137596 164734.20578688706 142920.09284723346 449424.63034743717 59489.769524202864 102818.26691640915 109148.63282179357 127149.3563700475 39808.58650132897 86414.913495199 130781.02062863606 17707.645896740647 446643.2863975951 643249.3284138467 670361.6029113468 165546.20176263372 68602.03468669757 81168.84580888039 19236.98776383991 157693.524297036 166896.89721723093 202116.20679013885
298506.8287619927 293261.9409080939 290902.0574202529 267784.8351183804 273427.33010904887 288943.1498916319 290706.61729980004 329017.13026381336 181833.91767939363 189246.26249798777 321464.4417587187 292679.3721170863 302533.427522907 293787.4375643797 624869.0490329164 697168.8128865941 693602.3312807296 19576.31754671473 825419.7740270899 26195.961211767622 10756.243758064966 8064.354627898874 7291.328584496415 15308.841005428603 11437.798114454828 454680.66315356456 7928.891715354729 9660.156190331749 20558.24665145543 9548.603050502676 11423.988555665292 17060.522204591412 28366.23168834403 13911.440698848583 17544.500724892387 42829.824405906824 2470.083160791328 0.0 1721.9592591244877 64031.36234135579 67962.03369822897 94371.31071880637 10020.14986017331 72551.8573791079 52889.55620677838 64950.649620078344 88860.90643082956 119672.50786317166 85423.05012475597 66897.76660838665 105325.61776143327 105318.60735475394 79820.19493069971 483989.51697931974 176384.9175806674 43264.50865534371 79415.57233673008 75400.00483262754 325747.4281647867 113672.13438514507 176281.37403282674 335429.82906623813
276538.16150419845 273964.4450230724 261231.59868220842 248524.88070395944 242984.59800460923 221774.5276112116 263459.5841821917 290715.3971742996 305530.14254439995 296096.94653166353 315772.7236206518 317810.9420925343 326738.18635681167 286576.1671067134 651790.5133013185 752396.1270914272 410920.25297780975 26537.098447241857 33932.2202521242 692055.1124543389 36288.40011160764 26334.450861746205 17281.06457234238 1571.6106933956469 18597.10614313726 17013.243641804263 10725.702505568803 2575.333699414005 5931.8214798163135 2570.6216206361346 0.0 2727.1980629361315 3091.6108109733686 17956.608685224237 3826.3122088488108 3447.7699445621465 5515.536883602813 3449.7721366571177 4024.1884634146004 49471.22743790732 52868.17151628412 85028.19085539506 116309.30740068221 134629.97900828382 52436.599262674004 28805.412973452494 72790.90934601455 63444.43355916417 145861.18999432432 43608.83852097222 76666.33328467653 21511.643201966606 41338.87114257108 27952.6189964069 23644.32024984527 40717.35166452998 159642.96061091544 723524.943882815 729082.2264892255 556635.7444165016 159645.5502613539 276198.6131885222
