critload/trunk/input/2010/nh3_spread_man_crops.asc
ncols 720
nrows 360
xllcorner -180.0
yllcorner -90.0
cellsize 0.5
NODATA_value -9999.0
[rows 112 to 139 of 360, columns 567 to 629 of 720]
2797.6952828329863 122.14351827251325 326874.7086213958 911.9835597922315 406262.9305682974 357442.5653670442 156.14634644939153 1520.4718507716557 7262.003721621441 2144.169036538483 212.21392482877772 693.1297093734248 125583.53890594484 76933.20045907702 1813.1016033416022 43460.186049786105 51706.70310943973 41412.67036710469 140543.45748826602 1721311.3642850027 1733385.0363644464 1043869.9253279286 985485.4369196931 1419280.6971234165 510647.25467227737 433376.908599761 522135.87150908256 568053.2505473391 523031.4241066217 1007667.5414552137 1550846.1513299348 1635191.9986380846 1077974.682077904 747404.0240591328 5641.684745931529 -9999.0 -9999.0 -9999.0 -9999.0 -9999.0 -9999.0 -9999.0 -9999.0 -9999.0 -9999.0 -9999.0 284767.9535732303 -9999.0 -9999.0 -9999.0 -9999.0 -9999.0 93711.95279035027 163911.4804657363 501490.76353434095 506358.195211018 184115.39823147006 64143.70630336934 168074.40598591903 210451.28234804285 166046.93780380682 0.0 171317.49293679494
2696.889354914066 92227.37638955652 584.2634323895361 388.15663974242807 176.04834689886485 575.3924056749854 3394.444102116007 295205.42655479 2428.8898126063937 147.7538953444969 108.7175777870492 584.7029738076513 55038.5439121651 203672.656202488 12688.2160583454 288770.6245403321 614515.4382248778 940977.1317341833 1161880.5171738155 1046248.3697602225 1253659.5062906102 1137805.873225189 1351206.7099195127 775832.368584776 573075.1073852803 632567.5343777312 543968.9309754821 535483.3194115134 821502.0425120838 661148.7084922504 617867.529539953 1113882.2424911044 950530.2118599009 893606.916507457 380612.710008698 -9999.0 -9999.0 -9999.0 -9999.0 -9999.0 -9999.0 -9999.0 -9999.0 -9999.0 -9999.0 756541.0374264814 688061.3910165423 -9999.0 -9999.0 -9999.0 -9999.0 25687.92925099596 55388.93827663014 745023.5399205672 437356.4896735356 31643.349558213155 153645.80121985727 0.0 64524.17953572275 104201.55205646345 29572.210110079275 0.0 -9999.0
4914.068627894097 229.78150067187653 126504.01646650821 174.69168981118756 22303.179022702836 16074.15349343622 16849.737687781762 1640.5970385228818 1356.6759171922176 1612.9159916318636 216643.63841019946 184484.9298990245 60555.90531858656 102696.40015050808 40943.53530548767 65131.379367247675 1092510.9520698523 1742264.9501807005 1637673.1227402082 1260430.8463248445 985113.7936243577 1034886.0302182877 1434798.598186761 1599013.426013597 788058.2830772212 943208.9369263938 972162.3752399134 936580.7884257359 898080.3334533655 660364.9580412348 769858.7102562661 720380.9477125863 1280102.0786754508 1117484.104269436 763242.4671035738 0.0 -9999.0 -9999.0 -9999.0 -9999.0 -9999.0 -9999.0 -9999.0 -9999.0 -9999.0 -9999.0 -9999.0 -9999.0 -9999.0 -9999.0 0.0 0.0 82605.42261813374 450599.8851228972 827482.7653217216 81882.01652837593 122557.1435696075 -9999.0 139052.0144564282 -9999.0 -9999.0 -9999.0 -9999.0
162805.80685288378 4849.672104851455 213011.4803999165 435108.5202662931 821823.3352803316 31687.288559065993 366685.5404375931 9305.300820489894 2759.8745339654743 16074.067296717436 381.1063989768373 22654.618523049314 321209.2479887116 19637.10980378855 118760.25685965004 20521.306859122276 797660.9246757396 1252316.200056851 982173.2787725074 856722.1979107936 1192231.5140885124 2093523.9324554296 2149276.2486211355 2382300.534692313 2413246.7777445377 999063.576671165 1125625.200180546 859677.3314764694 820086.1076345786 620803.086870261 852474.6728054811 929436.6534368127 1019355.5759970356 1124835.9425362563 871169.1486182179 854271.9927023017 94394.91131077835 -9999.0 -9999.0 -9999.0 -9999.0 -9999.0 -9999.0 -9999.0 -9999.0 -9999.0 -9999.0 -9999.0 -9999.0 -9999.0 -9999.0 -9999.0 -9999.0 182812.6529228633 131570.01426942102 236860.62748574198 248531.8292144747 -9999.0 -9999.0 -9999.0 -9999.0 -9999.0 -9999.0
2837.7294399777893 353638.85506781953 858058.5137871724 1149172.9277224927 1143086.365857573 729563.6164367653 992158.6118234961 4548.15315965223 400859.19144637237 14933.425474763346 11031.999591618589 2429.9572436035146 7737.666353040618 777.738233440633 1345.6709793164812 15828.319567677247 384409.6978595476 1017205.8182588636 63964.965143896 632993.0378649055 1033880.5468259719 877903.8102208052 1007105.8631380476 1206727.123976112 153685.04516746552 645839.4287987313 930593.6804171954 778963.663502322 409218.34615601395 801787.2467165783 968153.3891766997 946475.547847904 920505.6901736408 1061274.5424746985 885831.2002603643 789555.4700226382 626439.6349412422 -9999.0 -9999.0 -9999.0 -9999.0 -9999.0 -9999.0 -9999.0 -9999.0 -9999.0 -9999.0 -9999.0 -9999.0 -9999.0 -9999.0 -9999.0 -9999.0 477497.3159186713 158722.6511082601 816727.7976672408 -9999.0 -9999.0 -9999.0 -9999.0 -9999.0 -9999.0 -9999.0
325927.6060604488 1992593.704110206 1107142.6609022613 941433.8422046946 765952.8366389365 1467571.4388212853 1313997.941523961 1255617.4352241375 752703.1929782827 577973.8198914371 790672.5378742359 30527.566898360667 320482.3230837913 256316.86248642477 162894.74188727213 12195.42298350035 11038.310628504763 865085.1879490407 699320.7124428143 1181795.4551909117 1842368.4764168225 1218101.9347793993 1389265.8286631864 644327.9225882831 270958.8988106469 43653.49362706701 479527.203419167 860343.778731948 947806.7699082231 895611.8860618955 674737.7883870946 767429.2645856664 684495.4986861276 251277.8926867999 782350.440056206 1292542.9063521433 421004.8077623256 -9999.0 -9999.0 -9999.0 -9999.0 -9999.0 -9999.0 -9999.0 -9999.0 -9999.0 -9999.0 -9999.0 -9999.0 -9999.0 -9999.0 -9999.0 -9999.0 368211.4170719323 316589.8369025652 62033.787519769074 -9999.0 -9999.0 -9999.0 -9999.0 -9999.0 -9999.0 -9999.0
2437867.3401039997 2746877.6942837215 1994384.9907817089 1708262.0437005253 2400794.005721464 1278693.5941669613 1202593.193782919 1036555.808022684 968291.4087816712 21284.19294714611 588419.1219920227 245911.3376953397 520772.8849770222 239669.83749371913 269062.20492942457 21596.098126795678 870118.1701603717 1041988.9745646097 1307229.7639834513 1512969.04763799 1651125.132054479 1208067.9633135293 1348259.4902845554 1539164.2342769117 818870.0538829218 62477.88788065005 880305.3657663361 630631.4169558607 523083.91421360435 403059.77626416757 649188.5151613507 85682.72710283245 1041121.862214666 1401546.0427192042 1754605.7364693158 1061883.543984941 376608.04019448487 -9999.0 -9999.0 -9999.0 -9999.0 -9999.0 -9999.0 -9999.0 -9999.0 -9999.0 -9999.0 -9999.0 -9999.0 -9999.0 -9999.0 -9999.0 -9999.0 -9999.0 0.0 0.0 -9999.0 -9999.0 -9999.0 -9999.0 -9999.0 -9999.0 -9999.0
2558256.3617472136 2616095.051899789 2338519.490529807 1978629.9523716993 2102808.535468455 2111969.229811803 1566791.752953822 1929724.1178167542 55154.448970617144 427834.41844414274 55511.38699444306 56179.26681547946 455386.36944945395 105777.47722999392 10669.15850621395 255403.30331354818 1053655.4477712417 1045283.0457304084 1440433.6745911357 1596105.6456827307 1520351.3072789665 825023.5504782724 968912.2720183283 1195877.689708576 1292747.7553770763 568108.1018647971 573731.017369445 223051.4778841764 26595.72648047506 96049.91051966019 32726.809550615522 219427.58317020672 500638.769230542 1071301.4965996838 820222.1795689052 629991.5645373783 103608.85911688644 27218.372418531777 -9999.0 -9999.0 -9999.0 -9999.0 -9999.0 -9999.0 -9999.0 -9999.0 -9999.0 -9999.0 -9999.0 -9999.0 -9999.0 -9999.0 -9999.0 0.0 111836.60637280007 -9999.0 -9999.0 -9999.0 -9999.0 -9999.0 -9999.0 -9999.0 -9999.0
1950403.998074712 1902256.9771935586 2057092.065190393 1989430.2740734399 1815456.8818968704 1516954.5431218038 1507784.3013822574 492140.0366241205 555783.3938216926 356836.42975137744 476328.9602868306 65640.96999921589 19235.383914009297 15517.660143524494 35477.9259708488 663638.2613508457 1304527.5954611285 1943867.1305819214 1654902.3105704014 1198091.3077546412 558931.2512140297 532060.9828125492 615846.0837191398 465515.5348868003 860251.6704673049 570542.2271808425 351210.9213814924 37909.91091696547 37618.72587451527 218649.6585270205 182574.06937756328 207202.51737523783 278273.6553471395 657016.2857950673 667322.5961412091 509299.5648663192 385437.9240404446 9751.616872409431 -9999.0 -9999.0 -9999.0 -9999.0 -9999.0 -9999.0 -9999.0 -9999.0 -9999.0 -9999.0 -9999.0 -9999.0 -9999.0 -9999.0 -9999.0 -9999.0 -9999.0 -9999.0 -9999.0 -9999.0 -9999.0 -9999.0 -9999.0 -9999.0 -9999.0
1213078.195301711 1703009.8022157953 2272028.572449509 2280542.5265731514 1429998.6917358367 1085519.3148392215 1402769.1136943668 331043.9940613505 331314.5103280499 321505.9485679201 29686.42282935021 326209.24134250166 337588.7708459644 315762.2972869973 381082.3883298027 952386.5404539396 1676775.6614475255 2077006.9282244367 1138002.130816149 1096866.9940322149 618080.2181595156 210648.10562817942 172542.78501536924 108829.82835485418 662593.1250409723 333377.6672006287 772527.8951344753 482017.52319648745 210721.4672321111 138615.97102529986 47509.575366399804 914350.8392625182 835770.6000223132 647892.7528236281 401089.93433085136 206897.97538746003 32873.65991320868 -9999.0 -9999.0 -9999.0 -9999.0 -9999.0 -9999.0 -9999.0 -9999.0 -9999.0 -9999.0 -9999.0 -9999.0 -9999.0 -9999.0 -9999.0 -9999.0 -9999.0 -9999.0 -9999.0 -9999.0 -9999.0 -9999.0 -9999.0 -9999.0 -9999.0 -9999.0
239062.81771517932 1130202.6680302352 1397553.5015068708 1698386.7897437145 1281088.7028447357 457357.11118645256 1175470.552777893 695535.0297654286 710086.4777596563 622914.2760274597 520458.6256241919 468839.15861508006 403517.3350764767 8429.682585451075 26222.462635133546 521668.57640721695 1401816.24465657 1244049.4311220357 1625221.817792851 844145.5416084023 785928.8735818887 42265.44417220261 170678.7370053203 454126.7610490409 859037.2727300983 952667.7207895791 1093304.4359228339 653826.3833852052 193120.67018492927 533939.9737972172 482213.557236281 224443.22069220062 292534.9415594777 393230.40958886954 209293.20796262438 733404.8655990906 149775.3229093253 -9999.0 -9999.0 -9999.0 -9999.0 -9999.0 -9999.0 -9999.0 -9999.0 -9999.0 -9999.0 -9999.0 -9999.0 -9999.0 -9999.0 -9999.0 -9999.0 -9999.0 -9999.0 -9999.0 -9999.0 -9999.0 -9999.0 -9999.0 -9999.0 -9999.0 -9999.0
311157.07766641636 395068.0267939466 18225.63742113559 593323.0023526234 254791.37389503128 739703.1838895206 4896.857226121055 557140.3466269468 722923.5202895928 969264.8102779806 720430.1244665806 943086.0944871865 363307.9717286337 346613.3563836654 453522.36400156096 166968.85292545936 604042.631088896 956963.5408841122 1193431.1976276934 988613.8075730534 275274.5644756371 237060.792215853 298522.78197519766 1007843.893864152 1408957.54207536 980232.4201005854 869963.8986973304 705502.4682645232 431146.40132634784 367128.65701701265 16928.034587439273 13106.11336809952 45747.0917291089 183239.7696744951 299270.8793966418 496556.403722317 0.0 -9999.0 -9999.0 -9999.0 -9999.0 -9999.0 -9999.0 -9999.0 -9999.0 -9999.0 -9999.0 -9999.0 -9999.0 -9999.0 -9999.0 0.0 0.0 -9999.0 -9999.0 -9999.0 -9999.0 -9999.0 -9999.0 -9999.0 -9999.0 -9999.0 -9999.0
816641.536292173 91057.14835926842 400171.08312738006 6161.410838616048 892176.8118065485 862968.4320754415 823718.4496744599 592927.1605461215 460170.9265352708 848339.2325808473 1822.8895430218874 517398.4437354875 452444.7177549009 582112.4584786731 518640.31329458725 704557.4715492149 893178.4358173095 1096140.7060051179 1320810.5871085266 807182.5584118172 87133.45549973397 392200.05978057906 365139.3289514148 761742.0192922887 453040.5950515827 561557.7696092086 434714.6560117636 39351.19417184717 84396.96809552437 119043.46112160599 271585.2002862702 2046.4513097210163 26753.10389728774 444953.111128379 65268.261113029264 -9999.0 -9999.0 -9999.0 -9999.0 -9999.0 -9999.0 -9999.0 -9999.0 -9999.0 -9999.0 -9999.0 -9999.0 -9999.0 -9999.0 -9999.0 0.0 -9999.0 -9999.0 -9999.0 -9999.0 -9999.0 -9999.0 -9999.0 -9999.0 -9999.0 -9999.0 -9999.0 -9999.0
1394940.9976814114 6998.74451179016 7961.367775442782 1460986.2454178375 7636.122049172068 5214.400247625713 4691.205318019039 597942.0642075307 391496.7165332218 1665.7641189170115 2745.6747757956105 1375.580178569759 364944.34259043564 292417.70362338744 873678.241378746 1055579.6829602509 1093847.2686994164 1040408.6868827054 889116.4779058299 805071.8375591983 266440.27276288945 257586.91080390077 601266.4049548991 458785.2301738937 321548.2735692722 43612.08239728837 437223.73793188547 101853.35951530097 142696.2335827305 133507.14952629144 136935.36510968654 108174.42590642227 351494.35412967525 806500.2432603913 55674.247121194785 -9999.0 -9999.0 -9999.0 -9999.0 -9999.0 -9999.0 -9999.0 -9999.0 -9999.0 -9999.0 -9999.0 -9999.0 -9999.0 -9999.0 -9999.0 0.0 -9999.0 -9999.0 -9999.0 -9999.0 -9999.0 -9999.0 -9999.0 -9999.0 -9999.0 -9999.0 -9999.0 -9999.0
170615.91889154408 267442.5850883471 4179.708416901911 7174.513883246337 1124700.3189205015 799368.3035615992 675308.3360561254 403392.7061697997 388147.20413341507 485951.17492847185 1566.6559950624446 279593.7833416425 446705.8782428758 366047.7110073917 754118.148665193 837343.3162888932 1077458.1670291226 748077.4219369015 1134111.8828293118 666737.4327918761 428819.2985334184 39358.30055290257 505358.6822260842 365313.7096161701 46953.92724611496 297793.73045671766 56902.88319300693 98589.14949698602 668994.4945039257 441908.08431730163 449939.37294139207 188405.4407767914 493497.8076713195 42842.432305062706 -9999.0 -9999.0 -9999.0 -9999.0 -9999.0 -9999.0 -9999.0 -9999.0 -9999.0 -9999.0 -9999.0 -9999.0 -9999.0 -9999.0 0.0 0.0 -9999.0 -9999.0 -9999.0 -9999.0 -9999.0 -9999.0 -9999.0 -9999.0 -9999.0 -9999.0 -9999.0 -9999.0 -9999.0
100830.99695146871 176918.54718602842 2378.52631753121 673162.928129821 967517.13557901 6530.588551467004 478205.92492870276 242367.60886438153 408515.7544419736 2507.244988528161 252306.85071928267 1414.8151076023291 108574.68800858011 50649.64728353345 170281.3591374724 1398966.4302787292 752030.1830246518 495651.01031051046 957768.2353997912 679860.7921683775 36662.492239383646 142886.13972477865 237876.2112434947 436018.1657570291 368516.71663658426 584310.2501745155 194318.54343603892 128044.28283582797 756587.6099908632 307431.00825643394 781909.7301941554 716888.9536115489 255905.01784487403 -9999.0 -9999.0 -9999.0 -9999.0 -9999.0 -9999.0 -9999.0 -9999.0 -9999.0 -9999.0 -9999.0 -9999.0 -9999.0 -9999.0 -9999.0 233285.03992075272 -9999.0 -9999.0 -9999.0 -9999.0 -9999.0 -9999.0 -9999.0 -9999.0 -9999.0 -9999.0 -9999.0 -9999.0 -9999.0 -9999.0
219335.2375782051 251127.3912978546 647584.2768604946 1228852.6724942613 490091.21926232585 864707.3192427482 338406.2941732437 3956.1806929968716 484526.00924734026 1477.7909077384672 134307.1937715429 393967.74977282336 94873.7556220941 86967.25853621954 656091.0101199951 739168.3114320223 478261.9488101067 101540.80105066216 306405.8828075979 234780.8320624718 18860.591053119075 60744.487660627194 494105.4461935148 427956.33735512034 422642.903036972 725245.2277880675 856879.4592188364 135655.57166726264 99277.11569687897 83318.04796017156 571468.4899503464 1280028.9094034142 106314.58034801709 -9999.0 -9999.0 -9999.0 -9999.0 -9999.0 -9999.0 -9999.0 -9999.0 -9999.0 -9999.0 -9999.0 -9999.0 -9999.0 -9999.0 -9999.0 -9999.0 -9999.0 -9999.0 -9999.0 -9999.0 -9999.0 -9999.0 -9999.0 -9999.0 -9999.0 -9999.0 -9999.0 -9999.0 -9999.0 -9999.0
1492486.2548359882 752861.5694273798 1142506.8788069638 5181.799538762743 614985.2670396228 1179.7344605604385 50051.67814416363 201671.1234775909 131206.05848636213 440331.8026448599 509261.33369079494 1013827.338928552 140137.12081687496 1767459.479271586 294980.9563861035 1302174.9671825506 882816.7799556934 51027.32234757614 510716.5308867795 427010.35869985214 80640.88695953436 576531.479368999 677208.6815173255 404545.198047444 427490.23886857607 558241.3755618109 182072.67523790174 76948.53186367838 508815.34016270377 1439401.4659206376 1276588.785931288 384805.846134974 119702.18504960198 -9999.0 -9999.0 292243.39588968933 10886.759967244046 -9999.0 -9999.0 -9999.0 -9999.0 -9999.0 -9999.0 -9999.0 -9999.0 -9999.0 -9999.0 -9999.0 -9999.0 -9999.0 -9999.0 -9999.0 -9999.0 -9999.0 -9999.0 -9999.0 -9999.0 -9999.0 -9999.0 -9999.0 -9999.0 -9999.0 -9999.0
573878.7938961245 1038866.9477328146 732495.5287172106 552936.3962013214 43150.4999103877 79688.23040594878 81947.53662124144 93401.8455580436 106247.89181410999 788760.9696766442 308087.8523770087 1697740.10938253 367784.7824379277 306218.9756421986 1468318.4989548435 1379043.0062127868 887028.6048941922 209202.23134386117 103373.53928222573 711788.5934798002 530971.9027724734 159317.78466728667 464479.3337316206 842442.3081962167 899056.1942973417 521167.6559681574 214227.2744329454 203445.7387444392 1252772.2678891332 1546237.2639531647 826374.6268165691 -9999.0 -9999.0 -9999.0 262358.4403160925 1012983.3931125519 589553.4192320319 -9999.0 -9999.0 -9999.0 -9999.0 -9999.0 -9999.0 105746.18636008578 -9999.0 -9999.0 -9999.0 -9999.0 -9999.0 -9999.0 -9999.0 -9999.0 -9999.0 -9999.0 -9999.0 -9999.0 -9999.0 -9999.0 -9999.0 -9999.0 -9999.0 -9999.0 -9999.0
272065.65135152184 866049.6943375797 390203.76583051146 70626.70189509589 1887.699825524021 91711.33023898459 517109.3914183268 407107.8591068868 255380.92434348856 638576.5462239464 511047.38316425006 601758.2212314126 742035.3413878641 1185340.5657583121 864244.8049905424 993199.8447204428 670408.6157456543 378222.81440495123 783855.9367774486 433868.27007612545 876701.4457529462 210832.4968797287 554373.1008688774 96942.60498277142 1218748.425538685 712377.3480720333 260493.9911689478 422964.91174192744 1474351.5828041642 49517.371487836375 -9999.0 -9999.0 -9999.0 194257.64974270572 1582730.8535576365 25192.319455293415 57565.69755338253 -9999.0 -9999.0 -9999.0 0.0 5014.009096371393 -9999.0 -9999.0 -9999.0 -9999.0 -9999.0 -9999.0 -9999.0 -9999.0 -9999.0 -9999.0 -9999.0 -9999.0 -9999.0 -9999.0 -9999.0 -9999.0 -9999.0 -9999.0 -9999.0 -9999.0 -9999.0
410667.140800275 1708033.6485186177 471311.89916473656 311919.6231550175 218882.5779460163 142433.55073491967 962432.0217030661 1034800.7014401399 1038079.0801596519 642536.6745779425 1133664.2185082478 778744.4731088802 1231120.76806031 861095.0164845674 811096.8939375698 833473.6961963066 720269.1405977263 961830.2960618573 1156298.6288284378 1142401.2614998461 911870.5082535701 157837.26069174093 724259.5178833494 620507.8823041486 451084.40817158454 1408161.0774127136 1070242.2940985432 349017.0866468581 112761.88999182891 -9999.0 -9999.0 -9999.0 -9999.0 410915.50427868526 1648347.1333271873 58901.21244407462 94342.48435500108 -9999.0 -9999.0 -9999.0 -9999.0 -9999.0 -9999.0 -9999.0 -9999.0 -9999.0 -9999.0 -9999.0 -9999.0 -9999.0 -9999.0 -9999.0 -9999.0 -9999.0 -9999.0 -9999.0 -9999.0 -9999.0 -9999.0 -9999.0 -9999.0 -9999.0 -9999.0
245531.97526664185 1673881.7157363973 289268.9133974097 23299.276756440606 661457.1008397606 1121921.1014263558 1327418.3663185772 887829.9649398723 390263.7778228535 579470.1757021281 968889.8705612235 1451689.6340959247 1782361.9606557074 914920.0893918537 404921.0340419218 518203.98465052893 638607.3842881372 1058054.9169406553 1708286.732982995 1594879.4754700596 1634270.887110123 903764.8351174156 824993.2992692895 409808.06590335735 335501.2083296503 1292567.9719299995 205132.85090388037 1498.999634305555 -9999.0 -9999.0 -9999.0 -9999.0 -9999.0 2166427.076058752 84914.50170211322 160249.6121549045 -9999.0 -9999.0 -9999.0 -9999.0 -9999.0 -9999.0 -9999.0 -9999.0 -9999.0 -9999.0 -9999.0 -9999.0 -9999.0 -9999.0 -9999.0 -9999.0 -9999.0 -9999.0 -9999.0 -9999.0 -9999.0 -9999.0 -9999.0 -9999.0 -9999.0 -9999.0 -9999.0
446709.8248435389 168011.7490728632 20320.200971604696 0.0 657.060197849725 21333.842124030743 313088.117972841 1295166.1321312108 1337690.1335244954 1324231.5394276846 512736.573543933 1451791.280727757 1672950.414840658 1891094.3945162974 831178.1966627846 646919.803168023 947621.616027536 1133379.0138598531 1073010.5070434248 2436885.85283329 569187.0890706584 402424.20947823947 78971.36843443809 399805.0249021203 209954.36106467122 183691.74798195914 -9999.0 -9999.0 -9999.0 -9999.0 -9999.0 -9999.0 -9999.0 953696.1773816963 805672.8734740836 141552.25977891358 -9999.0 -9999.0 -9999.0 -9999.0 -9999.0 -9999.0 -9999.0 -9999.0 -9999.0 -9999.0 -9999.0 -9999.0 -9999.0 -9999.0 -9999.0 -9999.0 -9999.0 -9999.0 -9999.0 -9999.0 -9999.0 -9999.0 -9999.0 -9999.0 -9999.0 -9999.0 -9999.0
16843.416800654253 44467.747743702435 54938.448019307456 48795.665884229835 41283.364582596696 14956.353523388927 875768.880709773 1425400.6468024142 1146724.9023685148 946897.1695010493 664692.8530940985 1544938.5262348836 1114912.2869260423 761523.6384383702 538409.5295437931 760197.396786164 754882.3755459355 906795.5251772475 1444869.1130631003 1498858.7977547203 51725.57627596088 216985.28404759002 -9999.0 -9999.0 -9999.0 -9999.0 -9999.0 -9999.0 -9999.0 -9999.0 -9999.0 -9999.0 -9999.0 42718.10662589858 237272.14876579732 -9999.0 0.0 -9999.0 -9999.0 -9999.0 -9999.0 -9999.0 -9999.0 -9999.0 -9999.0 -9999.0 -9999.0 -9999.0 -9999.0 -9999.0 -9999.0 -9999.0 -9999.0 -9999.0 -9999.0 -9999.0 -9999.0 -9999.0 -9999.0 -9999.0 -9999.0 -9999.0 -9999.0
0.0 21975.67400354653 96156.19540812248 153686.99500534646 93901.53698659631 54018.5198814449 19457.616248980015 40806.99421733695 85303.87524996356 508065.53794403013 379531.3090341437 801250.689874524 750344.2795402199 628455.3881223472 631734.0272620391 497154.5331212901 519888.4663347378 230762.57263641825 101994.88029951263 -9999.0 -9999.0 -9999.0 -9999.0 -9999.0 -9999.0 -9999.0 -9999.0 -9999.0 -9999.0 -9999.0 -9999.0 -9999.0 -9999.0 -9999.0 17228.47986777783 -9999.0 -9999.0 -9999.0 -9999.0 -9999.0 -9999.0 -9999.0 -9999.0 -9999.0 -9999.0 -9999.0 -9999.0 -9999.0 -9999.0 -9999.0 -9999.0 -9999.0 -9999.0 -9999.0 -9999.0 -9999.0 -9999.0 -9999.0 -9999.0 -9999.0 -9999.0 -9999.0 -9999.0
9628.197926899082 45826.52504042233 26543.737411533002 2059034.7535755727 3309001.6666416945 2652855.8705586297 29063.604978997 41747.23633447623 294685.09705620824 -9999.0 -9999.0 54431.87770137215 374277.7021800932 712251.5790639798 215641.0863580528 -9999.0 -9999.0 -9999.0 -9999.0 -9999.0 -9999.0 -9999.0 -9999.0 -9999.0 -9999.0 -9999.0 -9999.0 -9999.0 -9999.0 -9999.0 -9999.0 -9999.0 -9999.0 -9999.0 -9999.0 -9999.0 -9999.0 -9999.0 -9999.0 -9999.0 -9999.0 -9999.0 -9999.0 -9999.0 -9999.0 -9999.0 -9999.0 -9999.0 -9999.0 -9999.0 -9999.0 -9999.0 -9999.0 -9999.0 -9999.0 -9999.0 -9999.0 -9999.0 -9999.0 -9999.0 -9999.0 -9999.0 -9999.0
27598.228964421724 30128.604159797975 0.0 88070.88180168835 2856685.396032787 4331457.950081904 1776431.3080961197 5066.684908167341 -9999.0 -9999.0 -9999.0 -9999.0 264750.26025608653 389452.9655151285 -9999.0 -9999.0 -9999.0 -9999.0 -9999.0 -9999.0 -9999.0 -9999.0 -9999.0 -9999.0 -9999.0 -9999.0 -9999.0 -9999.0 -9999.0 -9999.0 -9999.0 -9999.0 -9999.0 -9999.0 -9999.0 -9999.0 -9999.0 -9999.0 -9999.0 -9999.0 -9999.0 -9999.0 -9999.0 -9999.0 -9999.0 -9999.0 -9999.0 -9999.0 -9999.0 -9999.0 -9999.0 -9999.0 -9999.0 -9999.0 -9999.0 -9999.0 -9999.0 -9999.0 -9999.0 -9999.0 -9999.0 -9999.0 -9999.0
0.0 0.0 0.0 42531.0599529309 1940594.2745019654 3546538.0257225437 191646.5457590814 -9999.0 -9999.0 -9999.0 -9999.0 -9999.0 19623.544514357356 306506.6854541635 27959.455230724066 -9999.0 -9999.0 -9999.0 -9999.0 -9999.0 -9999.0 -9999.0 -9999.0 -9999.0 -9999.0 -9999.0 -9999.0 -9999.0 -9999.0 -9999.0 -9999.0 -9999.0 -9999.0 -9999.0 -9999.0 -9999.0 -9999.0 -9999.0 -9999.0 -9999.0 -9999.0 -9999.0 -9999.0 -9999.0 -9999.0 -9999.0 -9999.0 -9999.0 -9999.0 -9999.0 -9999.0 -9999.0 -9999.0 -9999.0 -9999.0 -9999.0 -9999.0 -9999.0 -9999.0 -9999.0 -9999.0 -9999.0 -9999.0
