critload/trunk/input/2010/nh3_spread_man_crops.asc
ncols 720
nrows 360
xllcorner -180.0
yllcorner -90.0
cellsize 0.5
NODATA_value -9999.0
[rows 84 to 111 of 360, columns 378 to 440 of 720]
198817.61744973526 183111.34152577218 37035.27608896632 34769.502217443194 19562.123657415785 0.0 0.0 0.0 0.0 0.0 0.0 0.0 0.0 0.0 236799.8857705534 579159.9233812554 108758.08379515001 190242.2721088375 103857.55979994033 74249.11170285696 65501.406189451336 88766.12040781406 75338.7213668986 107928.20452156517 123938.91877730079 145938.3206616184 136869.2759986673 159949.83155836983 142723.91342949687 0.0 0.0 0.0 0.0 0.0 193012.54827082832 183294.34371286977 136113.79937575443 134154.81324714658 84661.79868368142 97602.55298486474 130264.33876390973 133743.56434741788 105785.84079464513 93781.65075783653 100400.2601238272 76459.49061565209 0.0 97719.29097337238 97848.61027184047 94385.40015684578 106559.77826932646 0.0 94349.04002718943 107345.4558183591 95427.32528456343 83472.87799771104 91739.44301326893 50026.92011727409 87677.62037398266 92377.66617054603 105531.70002190593 87308.3410058191 107636.36224304177
113284.20445580638 0.0 0.0 17955.952679712493 1034.2751444799885 0.0 729.5295031155475 6752.163592350945 0.0 0.0 0.0 0.0 0.0 39028.21664437535 248464.11668986815 110127.64079128738 110605.0609636446 61720.99755042088 85709.10003167097 154605.03864339582 55899.11969939353 154099.97686180015 197022.7544967191 145779.7885011507 129114.5027582968 119215.49786309506 134505.29942314856 132152.93547268928 107537.23853661373 0.0 0.0 0.0 0.0 0.0 96281.56776967512 146927.30691633376 150412.85515682786 153372.23841729216 106956.76867740414 72810.10981403725 134876.56248089753 130084.55897430271 90131.95853821204 107535.73300561865 110799.7056013612 113189.84039569598 127282.44380772466 140003.15026975248 133544.40162875372 115220.7099058411 85072.93218371297 131774.15931794056 127104.49219131548 128694.49067994297 118273.26724602089 95386.73561806146 72134.57763882878 53007.77700292907 69255.93281775563 59955.39946976054 69428.28045500896 98125.33646897472 116508.60456823658
28738.772522286512 32707.615008123244 0.0 0.0 1946.1427191190742 253.5740150645647 5277.320263427718 14808.872227166708 786.7789513009989 0.0 18854.959470777663 31824.59801010047 61030.946109758304 266887.38702912617 281577.91743977927 71495.66866719705 0.0 0.0 100992.89372067612 118263.44396744054 86632.70589124059 120756.71924742525 190085.99999161361 159109.6731156092 168123.4784778989 249746.0854694196 0.0 0.0 0.0 120326.30464457354 131397.18958479384 100137.27503748475 0.0 0.0 0.0 161110.62090333624 56027.44460341567 214657.3299348302 144327.0301404168 135076.45089587278 136484.14334052443 102603.34157066185 0.0 0.0 99033.6700583379 0.0 111312.43545106071 86961.63519433039 71326.61479537078 0.0 0.0 155910.26204168345 87253.87315464366 56812.13108378598 0.0 0.0 26416.33417886012 11605.318716538814 43790.36095886078 81479.20428359504 93575.09237693262 104438.46928957925 119388.13215659403
621.2985745111009 856.5517663394867 457.2241346936763 1992.5401535368014 24912.34641428488 3329.1314716239804 8197.530760535488 105134.23531576939 114530.30089939904 0.0 0.0 0.0 0.0 344730.4507533017 75615.63755018006 97228.88679169858 57632.46123334911 72485.51705114868 94336.90978984308 180515.06910929995 105325.8657193767 70271.83939735385 201219.21363639773 191011.18834510937 333760.97722319944 194192.99893742613 0.0 0.0 0.0 122197.22377684148 111580.48034722243 0.0 0.0 0.0 0.0 0.0 93089.49395927643 199239.20741158686 113761.76593924566 105776.28892229054 142618.42016527156 0.0 135672.5449126814 32960.01504136333 -9999.0 0.0 78465.32606973742 93183.92209535261 135609.99093906063 87004.94400186052 78186.5195144335 77327.73175902556 30375.99513178152 185.0911303660333 -9999.0 -9999.0 -9999.0 5295.525651189796 52610.71086595317 90345.05722805373 95732.47871927341 98767.47082918284 100296.82668273608
33493.29017600657 47238.538038503924 19932.35199837997 37352.704019256395 47639.82100465963 181237.17961857002 274000.41476086434 274763.4126043747 177076.11283322217 151038.42018710467 0.0 0.0 0.0 50618.04964832252 61799.96261422328 74965.82575826882 76490.18865269162 104022.05950083949 123804.11101954643 157729.71200723096 342157.3678504128 349579.31442792877 312295.1796113569 211873.33375438538 189068.9414628627 129576.27849049532 0.0 0.0 0.0 0.0 85257.82283136001 50904.955421715196 0.0 0.0 0.0 0.0 188409.44959247054 307487.7202047549 88105.7951872624 150081.90288433828 170623.73505500832 65213.89788736168 21490.99038958912 -9999.0 -9999.0 -9999.0 -9999.0 0.0 55161.45816696528 97557.86143719916 138572.45288057422 76323.55410833338 0.0 -9999.0 -9999.0 -9999.0 -9999.0 0.0 108235.92792320362 104189.40166701346 92175.3600479517 100076.30865392929 94177.50899706644
125450.57485826932 136748.21055280766 137438.63648670953 122853.58895495815 310012.06563813816 301059.7289228423 143243.75030385572 780.2566378154432 -9999.0 62840.99485911798 14479.293264826692 0.0 0.0 44315.757615260125 0.0 61584.10683494686 78359.77715036359 77395.06136166096 112016.49329137156 134094.19262083626 279918.57346109074 181705.45133065677 238452.75360250298 234247.81228649296 186853.56648462047 91198.6871917066 0.0 0.0 0.0 0.0 0.0 0.0 0.0 0.0 0.0 110261.17318996672 260969.83747018405 330279.5591250524 214194.40617629336 148258.84962008573 87423.43840958434 0.0 -9999.0 -9999.0 -9999.0 -9999.0 -9999.0 0.0 44544.97477712903 95340.79941761716 88360.60581403897 77777.1267417781 74634.67837462168 58813.00937761959 0.0 24822.22003559638 58037.20051411351 104149.50852469158 118673.34498630388 131463.58180897043 152847.6028813482 140085.51101135055 135440.7896797135
44430.664542112536 64855.46077928158 115137.64659645625 124245.48113586001 134421.51224765345 140372.05718170176 187931.3998154182 -9999.0 -9999.0 0.0 0.0 0.0 0.0 0.0 0.0 155785.04227530665 158637.2502739535 220666.05840326854 196040.44765398846 254486.59206839185 189832.48943991752 189528.78499836152 208610.90751556063 232171.54302499435 194423.99960089143 0.0 0.0 93881.01744405813 0.0 62708.062842160114 125625.3592306348 77474.01652944395 164181.57794369807 171042.63767331876 132994.3339896969 168758.60118349263 342564.84634984017 300212.2280772333 298609.7445424653 177686.77003680845 0.0 0.0 -9999.0 -9999.0 -9999.0 -9999.0 -9999.0 -9999.0 0.0 72898.04324214386 0.0 0.0 0.0 -9999.0 -9999.0 -9999.0 19033.132623872072 43900.857925752905 0.0 63230.95475083115 77846.40653114257 88180.20155867007 69606.82699755348
1194.9748844035398 12658.685859529203 2550.102948998941 27590.60390739149 36358.30535475737 100738.42204801239 101551.5892239668 6178.599257228919 -9999.0 -9999.0 -9999.0 -9999.0 0.0 29577.138406665377 0.0 0.0 0.0 0.0 0.0 0.0 0.0 108539.3382454496 154736.32793506994 209063.72662567595 225238.72701060108 0.0 125758.58836253671 188564.2054872937 199721.91178775017 114549.49811868145 197362.53901621356 121919.77413406843 162063.92229055427 215791.82099068494 189901.07645978875 169594.01058320786 253218.468181497 200161.72609823686 347565.91181928647 87874.42261945659 -9999.0 -9999.0 -9999.0 -9999.0 -9999.0 -9999.0 -9999.0 -9999.0 -9999.0 0.0 0.0 -9999.0 -9999.0 -9999.0 -9999.0 -9999.0 -9999.0 -9999.0 0.0 0.0 0.0 0.0 0.0
-9999.0 -9999.0 112250.06560266417 357380.11344477127 146711.10611757624 57155.976140258965 134956.80854552076 273682.05868366204 135637.15712896967 10643.679091676544 -9999.0 -9999.0 0.0 0.0 36639.96828910788 48207.223303778366 123978.08042148461 0.0 0.0 0.0 0.0 0.0 0.0 97448.02380146766 180268.76522826467 0.0 109539.24782795332 67135.18667125315 150018.0770161131 178132.8078433398 251030.64140262088 268940.76607372786 304902.7681423747 295933.4505512567 139783.05084441186 0.0 87412.42219908787 0.0 142997.5363107259 61585.80130888439 -9999.0 -9999.0 -9999.0 -9999.0 -9999.0 -9999.0 -9999.0 -9999.0 -9999.0 -9999.0 -9999.0 -9999.0 -9999.0 -9999.0 -9999.0 -9999.0 -9999.0 -9999.0 -9999.0 -9999.0 0.0 0.0 0.0
-9999.0 -9999.0 13496.343711351983 193376.91119552663 193621.80518893653 271169.0292270273 168136.13162884774 170219.3947751211 258492.56127270212 254130.6146197129 -9999.0 -9999.0 -9999.0 -9999.0 0.0 0.0 53595.81101435984 182844.01364293584 144598.42458928356 0.0 0.0 0.0 0.0 0.0 0.0 145565.65834228788 0.0 0.0 0.0 0.0 82966.09467263473 19635.13105669141 80254.12300854037 65753.9011467771 44668.797976860384 73446.27868482961 0.0 48697.835732631414 35639.19447180537 3394.66981388637 -9999.0 -9999.0 -9999.0 -9999.0 -9999.0 -9999.0 -9999.0 -9999.0 -9999.0 -9999.0 -9999.0 -9999.0 -9999.0 -9999.0 -9999.0 -9999.0 -9999.0 -9999.0 -9999.0 -9999.0 -9999.0 0.0 0.0
11304.124215961347 -9999.0 176.17198780737672 36327.67361657042 360131.7731898748 308756.4115552073 368743.73927324783 111153.75561271432 16503.949866288225 225726.27977117922 20857.387123986784 -9999.0 -9999.0 -9999.0 -9999.0 0.0 0.0 44956.64711189585 88951.33640939294 0.0 0.0 0.0 0.0 99656.49526937958 67438.40425401882 0.0 0.0 0.0 0.0 0.0 0.0 0.0 0.0 0.0 0.0 0.0 63937.38907958567 22897.05502227929 -9999.0 -9999.0 -9999.0 -9999.0 -9999.0 -9999.0 -9999.0 -9999.0 -9999.0 -9999.0 -9999.0 -9999.0 -9999.0 -9999.0 -9999.0 -9999.0 -9999.0 -9999.0 -9999.0 -9999.0 -9999.0 -9999.0 -9999.0 -9999.0 -9999.0
14091.878951992943 12217.212968165008 -9999.0 -9999.0 25258.22891961796 276077.7925539266 467760.58183548326 293761.4191576925 61857.67800958571 142836.45763889188 221838.40194411483 71924.31148234868 -9999.0 -9999.0 -9999.0 -9999.0 -9999.0 -9999.0 0.0 0.0 0.0 0.0 0.0 50286.02200619224 74642.32364419774 119576.13188233868 0.0 0.0 0.0 0.0 98353.98349856773 118821.89919124363 90889.04180653694 121520.24066989389 86752.97673620294 78956.694445327 53205.61534591153 0.0 -9999.0 -9999.0 -9999.0 -9999.0 -9999.0 -9999.0 -9999.0 -9999.0 -9999.0 -9999.0 -9999.0 -9999.0 -9999.0 -9999.0 960.4936101539005 -9999.0 -9999.0 -9999.0 -9999.0 -9999.0 -9999.0 -9999.0 -9999.0 -9999.0 -9999.0
2086.2821606325942 -9999.0 -9999.0 -9999.0 -9999.0 -9999.0 147066.34972638113 356332.0173916472 219285.31422674403 239745.2994820133 83287.48802200971 185453.7485734116 391616.7486695709 148040.2692125207 105.44436230387316 -9999.0 -9999.0 -9999.0 -9999.0 -9999.0 122541.9774566674 0.0 0.0 0.0 0.0 114302.82170608116 111882.90626930186 0.0 0.0 0.0 0.0 0.0 0.0 84614.14863739662 109642.97474693145 440230.278689338 411322.9468631394 13680.44439714631 367.98228101295655 -9999.0 -9999.0 -9999.0 -9999.0 -9999.0 -9999.0 -9999.0 67211.58449390312 3705.21796811028 6674.440115803782 179831.78396277854 14787.974797138922 183886.2442674888 146465.3592439839 164388.67691846946 2526.165114571025 -9999.0 -9999.0 -9999.0 -9999.0 -9999.0 -9999.0 -9999.0 -9999.0
24884.749590536434 51.75999530703042 -9999.0 -9999.0 -9999.0 -9999.0 -9999.0 31523.679077128392 159287.40938266303 172427.52763775253 284556.5454353251 277389.3042435297 269567.9221473137 454569.1759739269 238192.9484889074 55198.19655709665 14774.139131030797 -9999.0 -9999.0 -9999.0 103736.48908351839 1461221.0945977436 0.0 0.0 113206.98889056602 18815.93204549958 49433.25992726286 98324.9540631266 71411.20436144079 59413.9509614265 65726.02746346925 52913.47930901884 67387.9237789729 59657.80757236045 93778.17516569699 489115.8615956757 449764.12518094626 431563.9928930489 19630.599582497114 148998.46474348652 262417.3631339541 2209.920543852848 87605.54097917843 2379.510558083397 26622.657878147056 11760.101403220748 9292.595997563592 194511.89751677384 7770.079380291376 132219.69125595415 88634.53579150348 8518.486187043642 13754.433744249922 224120.81760003616 199504.34705981275 520890.5858178794 2862.0998173290404 564.9681289193281 -9999.0 -9999.0 1250.3257040464352 -9999.0 -9999.0
99495.23614299267 12036.322289804677 -9999.0 -9999.0 -9999.0 -9999.0 -9999.0 -9999.0 -9999.0 -9999.0 76946.08832678049 85959.44295287429 171145.67554899855 163137.4362102303 409536.1142404802 378548.04662558896 319556.31449291285 144168.75268390184 9314.337098501719 -9999.0 386302.63159387006 1784570.7147056924 0.0 0.0 63647.78314053425 61087.95760229685 122849.6873856326 177722.10231862823 65063.702790687414 58153.04771920407 25502.643454882957 55859.651739967645 5858.346743476903 18006.022776356665 636605.5582334236 280404.49114653614 158315.40147550163 1182.6214912608748 -9999.0 1041.209449244018 6044.797895364105 10762.224399132405 249351.57951360373 20193.992567637488 85242.15641628731 50295.83641356538 92114.18026159042 95188.32206857107 13458.66199403872 16951.925479455484 22015.110869135468 222965.56383407538 263660.9339458105 321304.2556128496 17174.20289493041 13689.995186163593 12505.62964055285 90824.47626058903 64324.26650875291 4552.203737320768 3464.168360083442 11021.259166472271 10295.36169894163
158034.71333716315 15491.906761910868 -9999.0 -9999.0 -9999.0 -9999.0 -9999.0 -9999.0 -9999.0 -9999.0 -9999.0 -9999.0 76422.32868535748 77727.50214750684 239555.58657320443 225605.15038188873 27986.007580033107 96930.19913750705 255284.89168035708 -9999.0 0.0 0.0 0.0 14004.563385276588 116347.83297743274 34983.91106256935 54584.374066550845 33740.12669264139 46411.52138227268 22881.157706541828 378.687983152653 -9999.0 -9999.0 3935.090727375838 6375.598325653565 162892.4647843112 212574.7192017205 284774.40875099844 269851.9542685483 12619.98811981448 120370.39759055871 276228.7066662653 13528.195109989138 10816.88174778538 73244.82898378158 9289.88674045598 132386.03182612298 176024.46549462585 13806.95287213357 259912.65502123433 335473.7685737198 234135.44689609244 15687.185827311016 14039.371858121609 13988.840804353486 5033.302255247186 4630.870937075008 7232.45200569916 7616.421320881741 3196.739861051369 7753.809871245679 14840.03434661241 15565.419197207857
134627.26087501325 11255.214778449936 -9999.0 -9999.0 -9999.0 -9999.0 -9999.0 -9999.0 -9999.0 -9999.0 -9999.0 -9999.0 -9999.0 16064.000756746804 243645.02159314288 33528.48538712035 -9999.0 -9999.0 32421.04187117571 -9999.0 -9999.0 8734.818815147753 58595.52879222743 58742.075871764304 26293.700187946193 72326.92298348324 70790.32396490675 42294.545327384585 914.9296619310604 4254.7376451255295 -9999.0 -9999.0 14076.560680588247 -9999.0 218044.88764762797 122618.77973335078 96472.78869139872 199330.39478512117 14701.739676820098 61804.21709414596 4704.7418834561295 125057.03782258734 158611.28890512447 329994.0268605328 232895.01073550928 239774.6486859586 352426.4434981726 283581.559989308 293359.0191564223 365164.1386876794 327473.8106716087 287256.10060965 316362.08927580155 170437.51444281102 9858.653760848276 156760.94402427867 201501.3663084928 5184.3962647726985 5011.387169843729 3170.531605920562 6658.62305460454 7703.882247517643 13266.219732783486
81382.58016636784 7226.289557720946 -9999.0 -9999.0 -9999.0 -9999.0 -9999.0 -9999.0 -9999.0 -9999.0 -9999.0 -9999.0 -9999.0 -9999.0 104773.12090750622 153865.29168195423 63377.22723081456 -9999.0 -9999.0 -9999.0 -9999.0 1261.3529026129481 233.79977555306152 77933.86649849788 40684.68346887402 61005.94729122335 165749.04281206522 64571.629802906406 7116.570746359965 863.9263358307682 -9999.0 -9999.0 -9999.0 21.32939783483593 33553.350891564434 122261.61400945898 224115.17927052348 12914.121895843851 8142.887059550855 8867.280226132134 154834.5725676907 219860.48066996204 287508.6481276324 18158.59665510416 535655.6160901735 429327.1616151901 578718.6517585755 522963.45429660607 411384.7892946799 371424.1132404562 397010.47612953495 503163.40482237266 462647.89394687297 232396.92636241403 261368.79416216037 267760.06494295585 14380.02243903199 97708.23010286031 9359.286024495343 8199.195522101043 8217.131069767609 5566.762151078291 5680.112988841697
-9999.0 -9999.0 -9999.0 -9999.0 -9999.0 -9999.0 -9999.0 -9999.0 -9999.0 -9999.0 -9999.0 -9999.0 -9999.0 13670.686725297568 106957.60258409975 64554.52887945994 16092.290333700868 -9999.0 -9999.0 -9999.0 -9999.0 -9999.0 -9999.0 11151.290059823757 67682.31162960418 11443.563639140359 22045.059687445093 60048.87818188744 42300.96934173053 32884.9221837344 6710.499660444319 774.8460567089969 -9999.0 2329.599132985436 473.0283298896916 119497.14429186807 220084.37340477595 741117.6253679477 179832.7981380407 13962.0382944369 374948.50892564404 226794.5117650917 314040.74632833304 325364.53773226734 251383.96589172352 383047.7493627857 545254.4026164964 616873.8160969423 302557.1470662872 513139.99008524994 380546.13561202516 255900.7179466319 228034.4028923125 211334.46394019472 211823.76701489653 8702.730784681353 165546.79453474857 153499.3437122756 225919.86569787384 139831.4446552268 211777.28810157735 187996.99997668058 113294.33339803574
-9999.0 -9999.0 -9999.0 -9999.0 -9999.0 -9999.0 -9999.0 8444.052417837956 21039.303689719105 1118.556630781123 -9999.0 14145.927816449072 11271.525577093946 30364.855043138898 92223.07769327376 10010.262770426334 -9999.0 -9999.0 -9999.0 -9999.0 -9999.0 -9999.0 1907.2990958481657 2192.138601227603 55386.61683866248 52173.008156282594 30357.167050772707 38057.80208729681 79790.38929747941 59343.02662611923 19330.411291697037 2134.353220137065 -9999.0 3509.41273408498 12042.84185843228 7342.59056080286 241426.9715357949 20994.250258422668 15218.587042721116 16568.844991426333 285988.57933969167 386589.1464009898 290833.69322577066 115362.76479539246 276614.3894468852 369568.6878593888 358805.346789667 570249.2927512609 586527.5347176531 627008.6817842529 461993.9179231533 277555.63558356767 313104.5668520222 184904.49716804753 7473.317757587081 153995.8770353899 222495.8919420002 172185.40993044598 239431.8682788629 47698.73788572543 138057.25568808505 243612.4638523613 390320.52987603407
-9999.0 -9999.0 -9999.0 -9999.0 -9999.0 -9999.0 3748.077240397839 267073.8845423101 277700.56057345757 188564.12658159653 190395.43919513864 184709.72889402602 19093.826927290742 13381.805586144354 6879.936900990044 -9999.0 -9999.0 -9999.0 -9999.0 -9999.0 -9999.0 -9999.0 -9999.0 2318.2635879281993 58876.22811747648 87493.27113745482 28064.97589241058 97360.6498466778 15771.127900990494 15493.85030137881 5372.568767703593 5633.777330718189 2030.0310324601985 -9999.0 1727.2672862158533 6302.944834499279 317777.02881090966 286763.70947072736 21242.730157778555 14689.811206009203 204643.52957355272 166776.60442397135 16829.637920583034 11220.639076959314 6659.581837168946 257446.73890966293 17016.6547600543 639346.5207475655 505648.9190799863 553712.7779316603 550521.1805656332 111818.72765044373 3886.5609194002623 3870.114508408642 5871.0861687780425 9872.68701783575 81233.32182549672 191660.8003660138 303031.50020475005 262016.28527641867 349162.12361869897 282678.31264185056 478713.8805861499
209913.14599395133 332310.4687260459 120339.71094197883 12089.662431435125 9264.21641432739 -9999.0 -9999.0 -9999.0 43336.215625677294 312185.10530141834 248646.38016739258 344038.21904280374 111718.15397010143 -9999.0 -9999.0 -9999.0 -9999.0 -9999.0 -9999.0 -9999.0 -9999.0 -9999.0 -9999.0 -9999.0 -9999.0 68362.76519098182 48004.46740113979 26339.978605804976 8312.807805958499 -9999.0 -9999.0 128.70972584993885 11327.91452893491 1938.132421832698 -9999.0 110.99955942162629 42657.65505520087 7065.557874163213 8311.871265172069 2779.628213913736 9447.535626504317 204311.3457234551 220178.55831489124 19606.68580348795 3123.8214417712443 6004.377372979965 10679.608057583382 252721.0411943738 464068.9567487326 273240.39334100904 6252.647270176885 6579.041775377101 264875.09267676924 939099.8692096387 400459.9116772203 193825.32057539446 213328.58295415665 241318.19049364902 387287.658720362 341830.8524883316 380258.02420695196 551573.8499640287 523636.4176100167
682581.6484508265 986121.6952735375 613554.3960869632 689590.0863189521 47789.3507788427 351.81322210595954 -9999.0 -9999.0 -9999.0 -9999.0 21428.446546678853 267372.0624239619 49178.96213043321 -9999.0 -9999.0 -9999.0 -9999.0 -9999.0 -9999.0 -9999.0 -9999.0 -9999.0 -9999.0 -9999.0 -9999.0 21520.133424359672 13189.275986331782 44255.40737674928 4028.0849818855795 -9999.0 1907.4586337268368 2151.281032479946 1394.4290243585056 295.14950475108793 142.00972670638149 0.0 1272.350079753072 410.12032225168883 5982.217542494024 12754.165764495398 9616.524161300455 11582.06758863358 7099.658055281323 203116.28511871272 179010.67082588945 8879.9370209229 5984.803805929872 9144.020603632323 8540.554347914618 7630.291239860718 17194.2679946519 375156.1289921736 689435.3676533813 446449.40395801666 169631.23635551202 19954.467794746015 398053.1397850627 440292.37769300956 1304661.0477616256 758213.7687833572 765877.8062903028 641816.7853437661 788245.0774292237
725235.3933471746 781315.977210966 640863.4727675496 55779.516478371916 -9999.0 -9999.0 -9999.0 -9999.0 -9999.0 -9999.0 -9999.0 -9999.0 -9999.0 -9999.0 -9999.0 -9999.0 -9999.0 -9999.0 -9999.0 -9999.0 -9999.0 -9999.0 -9999.0 -9999.0 -9999.0 -9999.0 748.5147977523216 3663.4665547460704 2861.6908582115807 -9999.0 -9999.0 -9999.0 2553.1817309653125 -9999.0 -9999.0 -9999.0 -9999.0 8038.864297316313 11035.525111432253 -9999.0 4722.985476848374 4131.924375040065 101751.79461191155 0.0 -9999.0 -9999.0 83504.78776968527 7724.358587273347 9418.952077643702 9691.25644646631 59690.30328427993 -9999.0 -9999.0 3777.1739949931098 770028.537811817 17781.27716866499 1088899.3994019474 1209325.7047691804 652921.1849483205 21203.20485922153 14416.540315370408 1142638.080700908 775656.1011885281
597128.0452590096 717133.2549571632 735802.5383141253 637829.5858390967 -9999.0 -9999.0 -9999.0 -9999.0 -9999.0 -9999.0 54729.33420111779 28190.633507210776 -9999.0 -9999.0 -9999.0 -9999.0 -9999.0 -9999.0 -9999.0 -9999.0 -9999.0 -9999.0 -9999.0 -9999.0 -9999.0 -9999.0 -9999.0 -9999.0 -9999.0 5079.047403049287 3477.0771284575676 -9999.0 -9999.0 -9999.0 -9999.0 -9999.0 1899.764132807677 3533.379193051817 -9999.0 -9999.0 -9999.0 -9999.0 -9999.0 -9999.0 -9999.0 -9999.0 -9999.0 -9999.0 -9999.0 -9999.0 0.0 -9999.0 -9999.0 168812.02163974766 462832.84220702987 19039.578187175972 1220455.9070054318 19055.328759963522 12956.744502419886 20375.549719996776 481670.29380587564 573176.267180751 386338.21519943734
584792.4373534893 723205.2734998749 1213075.0306269496 1194431.277646719 56325.3871652733 -9999.0 -9999.0 -9999.0 -9999.0 -9999.0 -9999.0 -9999.0 -9999.0 -9999.0 -9999.0 -9999.0 -9999.0 -9999.0 -9999.0 -9999.0 -9999.0 -9999.0 -9999.0 -9999.0 -9999.0 -9999.0 -9999.0 -9999.0 -9999.0 43092.371508312135 41307.974459668825 71410.6080379045 139324.88577687176 48901.90483323535 11991.834679713413 -9999.0 1668.0286295608037 -9999.0 -9999.0 -9999.0 -9999.0 -9999.0 -9999.0 -9999.0 -9999.0 -9999.0 0.0 24600.31805819658 188020.17442891793 172034.19392143318 1210.1020446695932 -9999.0 -9999.0 135750.61216679492 20172.471314675488 18653.065377385363 1017590.9803551887 3966.4096571145037 0.0 444.1440511140331 0.0 1102.033611516021 462644.0671296333
557615.7974298373 19846.030163506817 884655.9134444178 441167.1988984666 18837.405445086282 -9999.0 -9999.0 -9999.0 -9999.0 -9999.0 -9999.0 -9999.0 -9999.0 -9999.0 -9999.0 -9999.0 -9999.0 -9999.0 -9999.0 -9999.0 -9999.0 -9999.0 -9999.0 -9999.0 -9999.0 -9999.0 -9999.0 -9999.0 -9999.0 -9999.0 -9999.0 5425.31578993613 -9999.0 -9999.0 -9999.0 -9999.0 -9999.0 -9999.0 -9999.0 -9999.0 -9999.0 -9999.0 -9999.0 -9999.0 -9999.0 -9999.0 6512.554518406011 23517.37631277687 12934.91349588138 805578.6105054724 -9999.0 -9999.0 -9999.0 110218.08119090577 395033.1941121552 687960.992274427 25938.127421021865 1055.4380443139428 30.36066869711057 3.022509161801816 0.0 0.0 424.04080859863905
14458.155466611328 706814.2712792602 208440.14927406466 -9999.0 -9999.0 -9999.0 -9999.0 -9999.0 -9999.0 -9999.0 -9999.0 -9999.0 -9999.0 -9999.0 -9999.0 -9999.0 -9999.0 -9999.0 -9999.0 -9999.0 -9999.0 -9999.0 -9999.0 -9999.0 -9999.0 -9999.0 -9999.0 -9999.0 -9999.0 -9999.0 -9999.0 -9999.0 -9999.0 -9999.0 -9999.0 -9999.0 -9999.0 -9999.0 -9999.0 -9999.0 -9999.0 -9999.0 -9999.0 -9999.0 -9999.0 -9999.0 -9999.0 -9999.0 -9999.0 -9999.0 -9999.0 -9999.0 -9999.0 865.9516264463936 651752.9513097286 2872.558209264212 331.4332220160336 79.58959955792417 0.0 0.0 0.0 0.0 0.0
