critload/trunk/input/2010/nh3_spread_man.asc
ncols 720
nrows 360
xllcorner -180.0
yllcorner -90.0
cellsize 0.5
NODATA_value -9999.0
[rows 54 to 80 of 360, columns 372 to 433 of 720]
0.0 21382.64485161474 9148.572686003863 0.0 0.0 0.0 0.0 0.0 0.0 0.0 0.0 0.0 0.0 0.0 0.0 0.0 0.0 0.0 0.0 0.0 0.0 0.0 11774.934069309751 26267.24223719699 0.0 -9999.0 -9999.0 -9999.0 -9999.0 -9999.0 47794.670013837924 67749.29934898927 67663.35207069629 95231.82579483408 37205.192800351346 22222.503435790197 4107.346265882731 0.0 0.0 2545.068322960091 4050.161463334998 0.0 0.0 8108.8259945434675 4486.66567701485 2504.9355919239842 42866.52057986864 20430.499198374004 10240.688901752243 10383.270442958132 5967.181579733794 0.0 0.0 0.0 0.0 0.0 0.0 0.0 0.0 0.0 0.0 0.0
12574.385911135758 0.0 0.0 0.0 0.0 0.0 0.0 0.0 0.0 0.0 0.0 0.0 0.0 0.0 0.0 0.0 28383.394533988336 12566.480818523627 0.0 0.0 0.0 0.0 45626.56649713226 2248.365470592236 -9999.0 -9999.0 -9999.0 -9999.0 -9999.0 -9999.0 59881.55248937598 47122.87300109725 50934.72291171314 14217.295980644634 0.0 5486.533507847076 0.0 5477.934535070962 0.0 7931.145830351082 0.0 5859.179351555911 15650.294258848098 25359.402605452407 0.0 12685.06794460795 5774.493624260011 0.0 6001.525714783457 33644.40127264186 0.0 0.0 0.0 0.0 0.0 0.0 0.0 0.0 0.0 0.0 0.0 0.0
0.0 0.0 0.0 0.0 0.0 0.0 0.0 0.0 0.0 0.0 7086.981996449467 0.0 15064.380760039377 0.0 28473.658875670106 0.0 0.0 0.0 0.0 0.0 0.0 4122.179365354358 39404.70055454078 -9999.0 -9999.0 -9999.0 -9999.0 -9999.0 -9999.0 -9999.0 283.7007311725435 32908.723933292385 0.0 8947.463571872828 13282.658338935264 0.0 11645.033988302835 0.0 28400.59193588338 939.0460263034053 9319.946401241683 3880.967127935609 14209.444728801787 12381.704712005903 12329.454069456067 793.5306553276984 4637.710599526559 11531.111946761062 0.0 0.0 0.0 0.0 0.0 0.0 0.0 0.0 0.0 0.0 0.0 0.0 0.0 0.0
0.0 0.0 0.0 0.0 0.0 0.0 0.0 0.0 0.0 13995.878431820232 13930.037509082957 0.0 0.0 0.0 15786.950738784233 42688.87105018085 14893.370282071353 0.0 0.0 0.0 11990.179900029547 8796.934605185841 50899.012622520975 -9999.0 -9999.0 -9999.0 -9999.0 -9999.0 -9999.0 -9999.0 5279.2005688745985 62119.722605262796 52669.66690303403 81619.61143617213 77805.35516420941 48905.04011934337 46600.42479574387 18485.089740503983 19300.23362990295 23707.93062714099 9953.677150369958 0.0 11581.383301336395 1010.3235295484142 11060.278361163175 0.0 0.0 0.0 0.0 -9999.0 -9999.0 0.0 0.0 0.0 0.0 0.0 0.0 0.0 0.0 0.0 0.0 0.0
0.0 0.0 0.0 0.0 0.0 0.0 0.0 0.0 0.0 137785.55383782997 257184.86722388002 69751.42704475035 73556.14722829386 11617.68300551791 16037.892047467501 0.0 15883.414399004007 9850.28610667425 0.0 28303.270406861535 15241.061184966044 23228.362484988334 144992.2038816733 5720.235363654087 0.0 -9999.0 -9999.0 -9999.0 -9999.0 -9999.0 11136.991388020382 93891.50320743702 116619.76741966048 313618.2066986129 325153.18874044216 122499.39818433241 38248.16372873669 120212.82742126806 166710.9527967451 132512.68153221943 70843.74851141601 104683.45680613368 47293.95127745721 40183.24749776065 0.0 0.0 0.0 77815.5122097025 0.0 0.0 -9999.0 -9999.0 -9999.0 0.0 0.0 0.0 0.0 0.0 0.0 0.0 0.0 0.0
4508.529018942951 0.0 0.0 0.0 0.0 0.0 0.0 0.0 57841.13868270136 18188.687707501063 336214.4953663174 28831.12738386199 54683.10973929688 0.0 0.0 13626.30661763927 0.0 0.0 44375.00474349065 95495.6285374148 62722.77681401824 0.0 33846.5851391341 45191.941923837236 28726.445523891434 8990.63139610328 -9999.0 40507.181067929356 12073.734678537528 -9999.0 -9999.0 2972.743880655869 53348.076763827106 140467.0843189836 167514.85042369005 68445.4102995194 94856.78900594247 87120.24071400317 50646.61444186727 54547.44288665348 11707.125312727194 6423.263322006169 -9999.0 -9999.0 -9999.0 0.0 0.0 60454.445596498306 0.0 0.0 678.057902011621 0.0 0.0 0.0 0.0 0.0 0.0 0.0 0.0 0.0 0.0 0.0
0.0 0.0 0.0 0.0 0.0 0.0 0.0 31569.913443603764 63644.380343303346 174371.38115554347 420139.8436164427 21907.63289100051 13780.410891591486 20215.412987922842 0.0 22499.507759007003 0.0 21895.01753562738 13181.972488937423 19427.458869059814 87902.6524153687 105535.67461862395 142105.47644571832 234845.1077881761 54527.14877009168 66739.87814691867 -9999.0 -9999.0 -9999.0 -9999.0 -9999.0 -9999.0 -9999.0 4684.02689758304 21992.11382022799 7721.5925555455615 -9999.0 0.0 -9999.0 1110.4624064064683 19798.319223752023 5459.882399133286 -9999.0 -9999.0 0.0 0.0 0.0 0.0 74391.47770873884 0.0 81959.3766206882 0.0 0.0 0.0 0.0 0.0 0.0 0.0 0.0 0.0 0.0 0.0
19313.832367533934 0.0 0.0 0.0 13970.617107206042 13970.617107193653 0.0 76718.24636290298 410902.63403849717 204727.57984005698 315270.9713596803 14853.597911662928 0.0 20814.463183771226 52162.85525208674 48190.26809662901 78918.70743412386 34130.22555384746 140190.38725274484 53542.15845725759 62335.56739732316 94487.47452824541 66344.24232713431 118594.86393524532 227027.8765994375 21893.976174351148 -9999.0 -9999.0 -9999.0 -9999.0 -9999.0 -9999.0 -9999.0 7057.322114108987 19218.004335571404 17496.293204246977 98620.62429046133 100701.47790969629 0.0 65673.7212034125 166610.77137980386 19021.741886928383 144194.01457893156 130561.72284723294 0.0 0.0 0.0 0.0 0.0 0.0 0.0 0.0 0.0 0.0 0.0 0.0 0.0 0.0 0.0 0.0 0.0 0.0
31606.70254758837 12955.102413735593 15196.972544714781 23204.79556207455 12413.075427104377 40546.349974582874 0.0 18870.40668269362 -9999.0 -9999.0 12910.04604387737 0.0 30376.477321621955 9408.492335370032 49490.645197011436 67975.99827882003 43807.893454076504 32221.767150310283 42770.71617007328 24064.23573925808 27134.00067504186 90455.43268719582 60221.26235372189 24353.25408073158 -9999.0 -9999.0 -9999.0 -9999.0 -9999.0 -9999.0 -9999.0 -9999.0 17266.07527870315 39520.33201688397 0.0 0.0 69897.77643711746 65441.91336511597 60039.10857034291 99402.98152687785 142454.82328282215 277200.75899619603 39361.951416157666 0.0 0.0 0.0 0.0 0.0 0.0 0.0 0.0 0.0 0.0 0.0 0.0 0.0 0.0 0.0 0.0 0.0 0.0 92414.40254099561
25661.6225011922 54300.452941883275 26295.739721659993 0.0 28189.780715963694 62617.227474215535 -9999.0 -9999.0 -9999.0 -9999.0 0.0 6319.798079919741 0.0 137517.64883560222 180253.46233127313 129327.82931645928 27450.892903908865 44370.60648442315 111017.59018581457 79271.84433949302 38031.39803846614 23914.444040435228 -9999.0 -9999.0 -9999.0 -9999.0 -9999.0 -9999.0 -9999.0 -9999.0 -9999.0 0.0 17789.036519786663 23751.534793285184 0.0 2582.362821278293 20209.847704556767 27401.703026895153 72014.16844056535 137609.55469464767 77768.82164525709 207404.947263393 29587.76965951924 0.0 92603.65464374359 0.0 0.0 0.0 0.0 0.0 0.0 0.0 0.0 0.0 0.0 98884.14587643367 0.0 0.0 0.0 0.0 0.0 0.0
-9999.0 -9999.0 -9999.0 -9999.0 -9999.0 -9999.0 -9999.0 62226.58629292164 540537.8102338057 -9999.0 -9999.0 24429.37153617102 14405.498198100671 0.0 0.0 0.0 73504.56394921058 14953.902112761178 14316.63165935396 56573.3573103163 43767.96561065776 67507.64561702746 -9999.0 -9999.0 73561.91552246407 90755.66999764615 18306.811020464505 -9999.0 -9999.0 -9999.0 -9999.0 3620.1326835955897 14783.435776607734 4951.502072241128 -9999.0 -9999.0 0.0 37586.244146360455 63032.91968868994 21099.026354671652 0.0 59816.41884080059 84245.52990683586 104659.75215144474 109605.71183300759 86099.6247201053 0.0 0.0 0.0 0.0 0.0 0.0 0.0 0.0 0.0 0.0 0.0 0.0 0.0 0.0 0.0 89169.96417163979
-9999.0 -9999.0 -9999.0 -9999.0 -9999.0 455028.9127481281 493658.75539006706 758374.3700434384 716269.455215026 164839.02882786273 19772.678619547703 6171.864406284479 94006.56169047023 28061.633024122566 0.0 0.0 24833.38621395314 0.0 0.0 15168.633134933692 56932.287774896875 68573.41792397917 22303.42167085955 -9999.0 88465.09834885763 62871.60201711709 -9999.0 -9999.0 -9999.0 -9999.0 11255.10125399751 10251.242011590777 17887.98878865564 48547.76904627417 26478.169480661323 -9999.0 9568.19704618884 0.0 0.0 19826.89938471334 0.0 10787.268040735324 0.0 0.0 100913.17365420717 82753.69069196048 0.0 0.0 0.0 0.0 0.0 0.0 0.0 0.0 0.0 0.0 105999.96217357792 105217.281189013 96648.8743752976 0.0 102311.53747052077 88239.65813197047
-9999.0 -9999.0 -9999.0 -9999.0 501967.10486850305 557392.4893519056 581395.8073574508 561766.2702040268 647181.0404661412 -9999.0 -9999.0 -9999.0 19026.401304387608 128963.08781334305 69495.8044611092 17819.15793845112 13066.669960574969 44748.530420792405 12899.974935960205 49658.70925437914 113949.09056764908 104935.09760282836 -9999.0 -9999.0 11263.66279959906 -9999.0 -9999.0 -9999.0 -9999.0 -9999.0 63127.46998012571 80909.92387161337 78140.61096844327 122619.03338051603 218993.6893433127 16794.235287251522 103620.94832443728 23387.473243585115 68760.10004648034 51214.67170793357 0.0 43867.71483470827 0.0 139562.3388438402 93284.979532006 115368.08098837933 0.0 0.0 84191.97909696391 0.0 0.0 0.0 0.0 0.0 0.0 0.0 0.0 0.0 0.0 0.0 0.0 0.0
-9999.0 -9999.0 -9999.0 -9999.0 371552.0199850302 483846.0746446095 461770.48759630584 933322.4362788724 816554.9556670763 520335.26610046066 -9999.0 -9999.0 327146.3386770925 211547.67763256351 146311.56676405272 195205.26144270884 158035.41364346992 164544.1755301987 108396.29770121814 86165.75334619885 50895.50763197306 10034.742595477266 -9999.0 -9999.0 -9999.0 -9999.0 -9999.0 -9999.0 -9999.0 -9999.0 93003.08974651508 0.0 0.0 199311.81868814345 0.0 176332.9344507829 212452.11455353774 192811.68591455312 183036.9475797131 10578.06853676877 48955.32553869232 48896.50505554201 10370.562374443452 9904.144292238754 0.0 73669.22932593928 0.0 0.0 107641.24507835961 119193.28160446929 0.0 0.0 0.0 0.0 0.0 0.0 110146.07951355315 130567.77255236446 104171.64544784909 104804.80680929229 105439.2191499579 0.0
-9999.0 -9999.0 -9999.0 -9999.0 479540.6128758523 412412.92671384366 572390.0638686299 861656.1860082455 388019.9107712478 88240.17400782554 596930.8549649811 814305.6818773228 1082746.0430935305 102845.02675012982 329791.149688552 284405.82617380435 168378.39440032668 -9999.0 -9999.0 -9999.0 -9999.0 -9999.0 -9999.0 -9999.0 -9999.0 -9999.0 -9999.0 -9999.0 -9999.0 -9999.0 217409.18557185834 0.0 0.0 0.0 0.0 197049.9330999872 0.0 0.0 0.0 0.0 0.0 185461.17365960102 0.0 293157.4137677959 340185.79019494704 0.0 0.0 0.0 0.0 0.0 0.0 0.0 106851.68519376559 0.0 0.0 86323.74912012042 85627.27721352069 91800.64697294644 0.0 0.0 0.0 0.0
-9999.0 -9999.0 -9999.0 -9999.0 55037.83820840193 439487.005447668 688050.1992252559 512881.98184644314 1012582.4172880598 920050.6936772784 423293.035733221 861833.7208361613 479259.06867458817 11113.376216161432 100475.16795314728 60733.47040014174 39113.438184895356 146927.2407848047 0.0 -9999.0 -9999.0 -9999.0 -9999.0 -9999.0 -9999.0 -9999.0 -9999.0 -9999.0 -9999.0 0.0 130750.75959703288 269083.544767088 0.0 214229.9315763341 178184.86413154294 0.0 0.0 0.0 0.0 0.0 158296.17789025564 249197.65410054807 0.0 308198.0167796414 0.0 0.0 297075.3091697745 344250.8361524128 381386.044304591 408644.83037858247 141010.43558760686 0.0 98138.33855815185 0.0 0.0 0.0 102429.37313571683 95078.34554582741 91953.15297378576 0.0 0.0 0.0
-9999.0 -9999.0 -9999.0 -9999.0 6854.385125266627 417198.3519151539 273520.079559987 463052.1489335933 56877.23153658487 148754.9401635343 503633.26168380387 530138.2396317096 205263.188965092 0.0 26040.78822206267 27864.81946227148 -9999.0 -9999.0 -9999.0 -9999.0 -9999.0 73067.73374933781 171947.0579553967 0.0 261901.50062576478 0.0 -9999.0 18213.483472460855 280249.6832777271 285437.69670536637 289276.7519651389 264520.0028974278 298911.2041987301 206290.5890648685 181078.6904322344 0.0 0.0 159429.8029762949 0.0 0.0 0.0 0.0 0.0 0.0 0.0 0.0 0.0 0.0 342460.09009935753 381090.7440482294 155886.10257147078 152761.37798335525 149801.7857620643 0.0 0.0 101264.15009091694 0.0 0.0 0.0 115775.66930641414 0.0 117907.83067924465
-9999.0 -9999.0 -9999.0 -9999.0 -9999.0 248268.36838313303 770667.0832743736 863982.0458564186 599681.2896003532 286893.4448558565 81430.57190538822 197722.34895692967 304257.0510343361 315996.29092845944 205190.94293915777 154797.35160162955 0.0 46883.84901590893 114704.756335935 183416.24452104914 266991.8020425759 0.0 0.0 0.0 365128.92347528855 400651.59936755785 298598.88839816104 411292.25647401996 377631.6383749051 417084.9906314954 385304.5805424687 329600.88102260634 273539.6671572075 0.0 0.0 0.0 0.0 0.0 0.0 0.0 0.0 0.0 0.0 0.0 0.0 0.0 0.0 380881.44479984976 521024.03104446665 331984.9528471838 467935.8232146813 100114.9920543053 113113.41307664054 132425.4525815226 0.0 0.0 128653.168387819 102463.4500129362 86880.54657236539 109154.587919031 124397.42273306355 162537.37960038215
-9999.0 -9999.0 372983.05003164895 485876.5118069901 6448.740093208566 717945.5061817452 1490742.418335485 786667.5255928067 533977.6527012101 359989.1046843139 363341.4613779918 344825.74684813246 410833.8873615345 339843.3481238267 415949.52998833265 349583.70073555724 102598.89370163101 653044.8963856009 0.0 0.0 0.0 0.0 0.0 0.0 0.0 455438.26770222565 331429.5417846586 0.0 0.0 0.0 0.0 0.0 0.0 0.0 0.0 218092.1212557268 0.0 269977.4506743053 0.0 0.0 0.0 0.0 262567.57129757287 284094.0638606947 0.0 0.0 0.0 0.0 415818.6122455824 291870.2334151152 0.0 287706.3389695541 327450.4453604765 122041.39093513523 115944.30579902808 141161.30377832742 120763.96601324383 142008.37061048922 117609.89786268017 95485.09374217389 122813.60575559767 100789.43452992607
4036108.7109601526 2724218.897966477 1273144.1338160543 720221.8285528629 892639.3712309002 820060.2805265866 545233.7753670721 559972.0420267563 498756.29852093075 414573.0067472672 487575.06120751123 573795.8010202306 313190.18700741226 255875.93984955762 190607.35160509343 226650.61101893033 258665.4747156351 818805.2333051923 0.0 0.0 0.0 0.0 347511.57731953764 450150.52114497975 526839.5280307857 728135.1431096254 236302.78421381878 270625.5074886511 342439.63745623676 0.0 424765.4641911612 434920.6108348443 0.0 0.0 0.0 0.0 318402.16733006143 289144.9716587451 0.0 0.0 313667.7289189336 320158.55383994564 290670.5645111922 0.0 0.0 0.0 0.0 332706.4512738021 396053.77294095606 0.0 0.0 293833.2558292017 340997.9289169441 119830.0877501886 148688.97116163233 131496.11117171502 0.0 143397.19462801836 102498.98195966924 100819.4297318971 115874.3189255961 116375.6016297844
2689690.0912559647 1247826.28569972 360361.47943236004 332314.8223985339 420531.916391172 354829.0284575114 669829.6513949316 391877.63446361123 239859.05174763984 233560.5713366841 484121.16558114695 512147.45286001527 168013.83225706682 334391.8364777325 211976.42424727432 273746.1381958898 851866.0300926459 590077.2336745549 0.0 439769.0592677623 601727.5059836796 495411.5397704905 251672.62565950732 295156.32658919616 327044.3667700407 565204.9328523816 564138.6598771666 785783.2636799322 284508.2540762509 0.0 429194.43168586155 487883.98312821286 351823.65895946336 0.0 0.0 0.0 0.0 0.0 0.0 0.0 0.0 0.0 0.0 0.0 0.0 0.0 0.0 0.0 508736.02645703487 441600.8107511803 0.0 100293.36379746084 106593.36173610826 116339.8267297265 131758.62410774134 146466.65057584594 0.0 140889.5953139798 132634.71741433657 112823.53795643502 105065.68664033833 111104.51548649502
2794742.445608689 1975082.4787682728 436918.4909451591 437058.8614062197 520904.90103693673 678868.305799127 684400.8524503016 590479.0045149475 688173.6110064656 673668.1428248322 566218.6831419499 462192.5155338902 209937.35910004735 93283.67106645947 57439.303326616406 23918.74306094792 390070.2631021894 0.0 0.0 380138.1307758889 451416.0863379101 807693.2712099989 0.0 298989.67795423244 413596.43084337 788833.7975482438 634253.340777711 791708.2529183052 337196.11064400856 0.0 0.0 0.0 0.0 339467.87110006635 381124.0871474674 505825.2781703656 394602.979180448 0.0 294980.93769277516 380895.9686916912 408752.8031817361 384998.71460491454 423615.24944814685 367193.00101105234 0.0 443361.8867294006 395547.1681691919 0.0 354945.09808464337 398482.59698632394 382174.6138822308 108527.62666772418 110897.27050879103 139342.96507026232 180891.37522927555 174290.048101926 114839.86670335106 115153.26246538272 135422.67442711547 112129.0519112946 111156.67874965162 108828.32832026061
894656.998670317 565912.3382295445 413876.9927080902 685762.7238836889 851905.2159447973 686543.0629119013 450209.4736668267 325959.6102940394 263096.4862304486 224487.99423898372 627088.0764359523 530630.3974884419 316023.60505042947 247225.7884981719 146222.21549614158 143060.42239070297 0.0 0.0 0.0 549688.476580904 554472.8281140843 0.0 578909.771463766 659129.6131292898 308150.07154366653 354761.57118852105 0.0 539891.5540625807 380808.97349239595 336631.96723176684 0.0 339519.720859383 0.0 404524.2321600878 480057.63125884207 366139.8030283718 421394.7579195744 176675.7249344843 130131.49775086972 159511.0389245447 172279.09895731256 141985.20755459624 0.0 0.0 0.0 0.0 0.0 0.0 0.0 199285.84519725398 147225.13671962277 193937.29819087495 129262.61908830461 152877.10286711922 164049.72404328684 104914.03557325761 171192.5370668094 111147.81527042126 106856.17342292883 114219.54104515388 129644.33951986565 115789.24991191529
798867.7487132829 452578.0885592963 651441.2045102882 614593.4609589367 340346.09737364366 327616.80489906523 402299.24189995544 194720.61580222478 252639.15004929205 287536.1316961113 311119.5503466774 113905.85639234004 140043.4315641851 85396.30852298049 352050.06310047425 75748.4145755728 337441.2460599918 786267.5171993461 387563.7935055949 328231.3273661278 660372.333627833 608587.9630732841 581574.1923092388 492897.8667501212 287913.15888786037 578186.1345368237 736648.758166063 545610.3320276667 386034.79519233364 0.0 256440.09327204517 0.0 0.0 0.0 319447.3518968921 104548.1995449543 149950.1799413452 124192.94840445822 135974.04900060798 174991.28043709384 163421.26312553434 127551.74977473693 0.0 0.0 0.0 106519.75460491079 0.0 169896.1142214192 0.0 178987.02972126898 156978.435503759 180803.2074817542 183031.59244580742 229356.8196335317 144579.30347554304 161856.4909523869 170414.48281863963 99513.70872640378 90923.3824903014 120997.26253375334 131656.9953197363 128192.66425186474
489478.15148007433 719945.4939731873 844099.7352662898 678935.0665516097 529855.372588631 450503.43981235253 448930.5205261638 416896.7082185797 395600.1619884357 249663.7242888119 171724.3734637337 360722.67563874525 282657.26885862136 348172.9780020713 221122.1157971958 201547.18244547473 0.0 512333.2829163247 0.0 0.0 286213.56872312515 324941.7556475288 441504.26007811335 553992.0030499054 482932.62318520306 451843.5906202952 734252.6802808092 477824.1346289853 463771.843553244 639695.3491312242 501190.6339841022 632915.2025155309 462789.8426824934 0.0 340176.0777439855 419853.4569032157 128234.11908310337 79162.0577286234 93631.78934432761 118212.48175208723 148773.64914079086 102081.14501137061 87955.70782937064 91664.19804417998 97536.38270619226 96786.15462024437 126318.05741515473 128410.60796260009 177410.74790229084 162128.74800797494 138390.0535143435 138782.5246307003 137060.23327901948 117927.90843696953 132957.1895258056 130903.0523713074 118706.91504174667 111072.68531005317 83007.65316775966 104326.81866718955 133836.86194599624 118212.43869141511
602994.368536719 530370.3471521337 467821.7578660053 530434.1321609695 653825.3306240423 826092.3090694946 791106.4535790642 382175.1133544425 557329.6257756245 543166.9180883064 437922.5179947769 358496.52503981366 266272.77988542244 0.0 0.0 340824.5415318799 370480.9749189812 306467.5689156591 211046.85301833512 255973.08803762446 246346.15432078872 0.0 0.0 453687.6382515847 591568.6262735885 795729.8105772372 823978.6031494623 730700.3471799679 517258.4496767698 573472.836903793 571666.6358443063 768968.5232729332 590696.5202706882 430654.0036823411 625657.8984921259 145791.89316583239 194106.03862032478 162016.38976852095 116166.80366410478 146903.06607404788 86909.71870461055 93506.15909660597 81769.736295921 97205.56093280505 74245.42511278161 87960.86921650599 83809.97121364478 113404.848695942 154852.7992118923 167836.62488832342 145585.0127732929 155167.73030422535 159750.3780842888 120794.37816732502 126949.86896474498 135259.15774665127 134507.8002142926 132693.876871216 95380.29402860081 146135.0887637451 150478.76864112428 142192.80859947787
882297.5825411023 570173.2181331294 596022.4251473635 491999.73077612126 782357.5636918051 564583.6062920089 434771.1420506157 487527.1925787504 684428.8370753786 758736.633381769 469325.90439394605 499323.76876042894 134255.87383272068 0.0 378121.1925185016 0.0 390612.8106788629 134901.0994444827 226550.7073796626 252179.40769215667 223750.16550319642 340412.35851205105 268078.8148843551 284882.3960555246 371184.08776684443 447812.50361693674 0.0 389722.91409127775 0.0 303309.83862366446 0.0 463745.4975965753 0.0 411329.53727622575 174036.3291446476 171775.14603147894 129252.5506230661 172952.17007376434 160899.9485580139 131662.74457779026 143525.41370941588 143356.08112542203 137055.49945770894 138575.18328035247 111912.93122757839 127342.01310864415 95217.3657433534 137138.99874437356 172525.30164172399 157509.9196899894 122240.83159645188 145062.13128573252 175304.6333541054 115455.78227825197 160448.474683727 157115.28297371897 170924.48198747393 116767.04040510757 136297.65157984488 149305.2317222599 0.0 180339.25644040565
