critload/trunk/input/2010/nh3_spread_man.asc
ncols 720
nrows 360
xllcorner -180.0
yllcorner -90.0
cellsize 0.5
NODATA_value -9999.0
[rows 81 to 107 of 360, columns 372 to 433 of 720]
829844.2889019122 641043.0473010432 982414.6155362378 372596.1411105412 748130.7452236167 670732.615662029 408447.36435109336 441238.29952865874 554488.0275983231 570597.7497175108 578183.5303047266 377268.0406870949 503288.8987498046 244825.25513430435 0.0 351822.3247460721 472723.64114171616 192549.6198876839 0.0 118643.31520777204 224705.01754536646 434972.8824289502 419908.6491607451 478585.0908206445 0.0 0.0 0.0 0.0 0.0 0.0 0.0 0.0 0.0 0.0 128022.38771675066 176109.7369161992 183285.63128651632 168532.20328266363 136437.00480176465 150785.26225192109 122342.20401921518 0.0 125991.25531645695 103198.86432283324 114332.40314330239 96328.81512597129 92833.99100211855 87672.62841551783 111200.29551295764 123890.83224398256 128415.59834132373 160716.11699438197 123464.29158280126 63829.37293587634 0.0 191556.53277335048 167158.50250436855 171427.56505809748 190107.60031659092 96570.43170243764 261982.4599765449 0.0
703660.1997717066 819116.023437394 591836.3065930281 501382.1735415153 435993.2614262955 579307.8404098244 575676.2632282241 577071.1053925399 1022464.3002215831 735242.4442034997 557099.6456419204 752070.2360643868 665517.6568572944 527638.0613588467 464155.02131759643 313994.68281822035 0.0 0.0 610290.3758312663 532939.5353408939 763069.0697324766 558741.5853934698 409571.37646648247 240672.25540363337 216252.0273137397 0.0 0.0 0.0 0.0 0.0 279511.6181261688 305446.67400333635 172265.3522707877 0.0 0.0 0.0 0.0 191546.4561049869 162135.83417204616 149739.34436600227 75326.7618890521 0.0 203878.57812236427 137402.08380299332 142862.94967112338 148499.54528857765 180361.3709725728 148198.79882945877 114532.63705108836 144123.79691908878 122433.83195870707 139765.44883052917 129047.28696617504 122144.4932559905 0.0 140971.62234329386 0.0 161393.44373909594 191166.0328368079 151882.8352295739 0.0 0.0
886215.5943040334 545909.5787563631 64591.30528850845 764703.7244688116 269197.45628080366 773115.6479407486 658056.5471496837 696036.6113811339 1115256.9887877444 709960.432917064 525145.6378417875 484063.4724672992 868570.7024706348 927784.5520707224 740085.8833634809 699119.1184552399 801551.0820934223 504752.6666905036 379919.34112016426 618290.8046036027 624991.3190976356 931812.5420250872 427186.65289052215 355729.8821950526 259084.59826455437 176196.60151990526 298431.1111592709 330343.7085019836 0.0 201975.67517105033 195734.60792473168 153077.73293491633 204211.5918587295 161662.63960893409 0.0 0.0 0.0 0.0 139534.7771779909 197235.29944410472 187811.25962521957 400674.16203509696 180293.74302319717 140094.3908435305 148947.36350969304 190950.98472440703 163972.95545481506 149266.15724679612 144522.81001003995 128868.65159720137 150538.4095377755 132760.5851184398 104037.31572449605 93770.73172664149 0.0 0.0 0.0 177697.6187328801 166483.18767393904 213650.60845156235 234161.92422415805 229325.731446633
642146.3899208729 387982.00704524736 418061.379640769 521519.799074159 526334.3466829794 928220.7946133423 731553.5101503889 1263035.935097807 1105704.171630558 1082303.415379087 492625.1563188508 446780.8553124286 550106.8341031193 0.0 440567.08775745594 257550.31446084726 267287.79938471963 179761.35906367796 120514.94228293431 90290.10250819605 457666.63432832964 948713.5536226663 180002.0174517447 443723.3697037583 469979.8777924682 280288.62031483516 521997.9159735666 201618.51955447596 195951.3613483759 357559.8317533727 232012.96127519014 688143.6826736992 582030.1348319523 209308.0578152596 238876.8726821771 0.0 0.0 0.0 0.0 0.0 406600.06219426764 344736.52742133907 195282.75274656003 142547.49967925996 88250.56772147988 128890.63161167812 154670.6900914498 161766.6562581104 108250.72886349433 94533.79518299212 119856.45348344336 76793.3429194234 0.0 98942.54051732588 174638.40677305154 130827.0340699322 120238.96073227916 0.0 136428.45374470807 165342.90651191873 148723.75473038168 145797.18129687983
599863.9880008517 677538.1314107615 1163998.7801226755 1140606.3009317224 845714.73178256 498649.09534850664 609533.4631812049 0.0 0.0 238761.0738762712 30023.37452951645 0.0 26334.308107299956 124777.23153961993 0.0 0.0 0.0 0.0 269292.7096646199 382322.2380319907 686524.0737309929 209772.4472461915 181574.3770967385 343859.49618502747 589356.4414551706 505544.8611549997 314545.7856348866 524359.4401910218 295700.63103887707 155089.767456675 175048.7413269609 245030.59387542808 320935.76728448656 397659.0681724299 338920.4839865697 0.0 0.0 0.0 0.0 0.0 374743.3628310763 450662.92711737216 696677.5397134619 191365.8262448317 175550.82788009546 120132.54332639751 192774.56366775522 135797.23045611233 90381.50569909756 107752.98402072533 170310.02636694585 130903.19916808445 131661.9177456278 141431.17735013404 138780.10640967358 173432.98428747125 106717.2235398411 152266.76129727653 221523.33579790447 130674.75653021107 118948.10518534057 95789.72311112576
616458.2074580495 1639202.703808022 843963.6119996125 173016.3011886187 332878.3893356741 586934.537691674 455677.61053987505 419714.0891605693 0.0 621428.4406553663 402261.8174944755 385804.98124854645 638529.4757232695 233841.16147803282 61305.947858812346 0.0 267935.0536485099 277641.7763970775 345896.2500512223 730878.0096985908 778160.9763046632 257603.6688704374 0.0 0.0 163190.36641627335 213702.16171986185 251746.2339291306 256111.77361133345 323023.76994581777 192512.92633645365 357182.4634521949 458222.7334575227 0.0 0.0 0.0 210627.13563159818 146143.51487554592 267972.6915228587 0.0 0.0 0.0 652060.6311266199 531723.3569883944 734938.3769723631 238388.93369893002 163017.7746360813 230914.95647545508 173695.8119030543 0.0 0.0 101668.28451380914 0.0 153696.72192760787 112125.07246622545 152863.71202500258 0.0 0.0 181602.90453572982 263111.2979241086 270528.7620683256 0.0 0.0
306171.4135274647 268771.08864904474 583340.8717017956 621938.9915831584 596300.3399028634 99075.00352654756 371267.19329842116 527486.8564570007 477592.14529369166 628581.895457382 177390.85756320218 449646.1218199993 433813.2467596779 324652.79339057876 330560.62406644796 0.0 0.0 0.0 0.0 772276.0304913542 220161.396371433 210908.71478321275 309443.1232177444 166429.6546667161 335672.70502399607 335969.1486011825 803174.0545511979 287488.41606283636 340030.7450276419 246283.76299458282 423255.2731910896 378378.13837939675 0.0 0.0 0.0 301061.7942142703 453807.362562873 0.0 0.0 0.0 0.0 0.0 732886.1807385619 527480.4480709496 184116.70170160447 269080.3258646771 258010.43225653516 0.0 194121.22208810397 41064.015079620825 -9999.0 0.0 104115.52918680951 178438.10029957036 151282.28913164153 145457.18030000868 125058.8247226378 193516.3879629528 30491.797116013833 190.0873712777532 -9999.0 -9999.0
127284.35451172495 120201.50272615696 732101.3069401191 654361.5920801304 345923.7779183056 346136.4560714095 191301.47143297805 269880.7110969364 296071.5786182379 318690.1943088969 470988.79583744233 301164.0793058427 327063.21304806555 282872.1187173906 189627.28664069265 641584.9366878404 0.0 0.0 0.0 224360.07995825916 198892.64115637654 217616.32701548224 176458.75276807143 171274.54993782463 228310.41268007684 290733.2161587987 428246.5001211349 353660.16663062375 333704.13429208566 219706.05140749225 240963.95448188562 270731.3539786845 0.0 0.0 0.0 0.0 413998.89651122806 457666.5703316597 0.0 0.0 0.0 0.0 322547.815119792 621284.3359896729 297168.60349664965 186633.0528334995 196700.76249924963 85967.60502743631 22678.139181832794 -9999.0 -9999.0 -9999.0 -9999.0 0.0 162519.13636565412 243806.6813383248 265625.6092568684 168382.56663209514 0.0 -9999.0 -9999.0 -9999.0
28673.19955223942 381354.53696965583 459681.32194571337 368084.4836426681 376571.7549390082 140936.85396485584 127369.33823744318 136748.2408405072 137438.6667087985 122853.60577366929 331014.5864563199 351704.4498171715 184071.90542366018 5441.210329620933 -9999.0 236352.89506161233 132696.88531640213 0.0 0.0 148407.66889726266 0.0 206323.2700791697 190651.98879221728 217194.32462708792 183295.35948429088 187418.5682644421 651256.6452132273 501983.6336637572 402474.1085916911 247057.66573400062 194755.00079062572 459661.99577788287 0.0 0.0 0.0 0.0 0.0 0.0 0.0 0.0 0.0 319043.0719641824 517685.55156365916 644980.507063647 416676.1849612623 885977.2551513729 792654.0912787057 0.0 -9999.0 -9999.0 -9999.0 -9999.0 -9999.0 0.0 169629.17853390233 225119.4056703 164679.50892839927 125004.8969274584 130122.66263226821 164188.47838372993 0.0 46861.78133098976
239846.0586143246 223313.5903320743 483654.05387398956 339980.3377843843 344675.6667780136 344956.1086207982 176256.1075776745 168351.14244581858 189944.35813669226 150677.78528642093 138874.55663298574 142530.94634999952 213772.69180064794 -9999.0 -9999.0 0.0 0.0 0.0 0.0 0.0 0.0 325616.7070701721 306357.67501525604 351949.1597608628 340228.1991662448 442121.3884009203 358544.00061340106 324067.0374555281 380272.25161358475 414213.32885067345 649800.3986018936 0.0 0.0 612334.5703340328 0.0 639355.2753187871 762766.9151677028 706496.4326918196 259532.18725565355 643476.4247425371 292604.4002381441 355560.54154797347 565624.3701370653 671949.1585208008 422138.08133241953 449648.09446418175 0.0 64422.87259133488 -9999.0 -9999.0 -9999.0 -9999.0 -9999.0 -9999.0 0.0 158404.0087060931 0.0 0.0 0.0 -9999.0 -9999.0 -9999.0
230941.11493620428 455997.60791748075 526976.8581341605 385059.7482962733 467014.877555129 91272.13773675515 186417.4780879493 259121.24072833388 189788.81878065097 151529.37274816455 144398.44443357483 175608.29342291522 127265.30246780737 9962.403779150576 -9999.0 -9999.0 -9999.0 -9999.0 0.0 232539.34619383264 0.0 0.0 0.0 0.0 0.0 0.0 0.0 126096.72564410778 266028.5258521967 310420.3892265676 345761.45900384046 0.0 834854.2309561167 529147.322915809 356747.1313622274 763601.0362412911 511445.5758644711 540774.618345555 687271.1844153291 328478.8526599391 321629.72077245195 551439.5984576135 654207.0172823883 558569.4159792021 356571.18295029004 198506.3352986878 -9999.0 -9999.0 -9999.0 -9999.0 -9999.0 -9999.0 -9999.0 -9999.0 -9999.0 0.0 0.0 -9999.0 -9999.0 -9999.0 -9999.0 -9999.0
73685.46096958072 98935.86111213418 159941.291689282 182038.7162783931 62016.76359790336 -9999.0 -9999.0 -9999.0 295488.7415267319 522873.526621766 323382.36733507167 177689.74453427986 476694.9771801949 286005.59270942054 147667.60118006024 15882.077544135604 -9999.0 -9999.0 0.0 0.0 216808.07400551144 183728.65446374827 421905.19101677445 0.0 0.0 0.0 0.0 0.0 0.0 240335.51946055284 436445.5613273796 0.0 609259.4524107365 224259.9068302816 429557.53026702756 314985.96246171056 667670.6633788672 725006.1868662493 611886.7657954013 684621.2549588457 336266.2595646746 0.0 341611.004550867 0.0 244720.825555016 136561.03003938688 -9999.0 -9999.0 -9999.0 -9999.0 -9999.0 -9999.0 -9999.0 -9999.0 -9999.0 -9999.0 -9999.0 -9999.0 -9999.0 -9999.0 -9999.0 -9999.0
220326.51573744914 116615.15657862983 -9999.0 -9999.0 -9999.0 -9999.0 -9999.0 -9999.0 48307.73372512946 421742.78151637217 355248.2754021549 423727.3993794186 308796.2045024849 346007.4376709276 323421.53147851856 261275.19387555833 -9999.0 -9999.0 -9999.0 -9999.0 0.0 0.0 181588.89138897296 679425.0313577115 565917.719696943 0.0 0.0 0.0 0.0 0.0 0.0 315487.0892074607 0.0 0.0 0.0 0.0 330635.0728196702 202656.2328611789 208314.15104059686 169024.19081614702 193262.09727476898 412855.4682030791 0.0 338155.91189030046 83098.81239959953 12147.618890326516 -9999.0 -9999.0 -9999.0 -9999.0 -9999.0 -9999.0 -9999.0 -9999.0 -9999.0 -9999.0 -9999.0 -9999.0 -9999.0 -9999.0 -9999.0 -9999.0
-9999.0 -9999.0 -9999.0 -9999.0 -9999.0 1063.2364419586158 31131.460295654793 -9999.0 29144.341955167525 166454.41714473386 582041.0260757662 409193.43922966096 611842.308194671 203633.19864295423 97773.34093895095 287724.5331404344 25411.563422569052 -9999.0 -9999.0 -9999.0 -9999.0 0.0 0.0 489958.9053292418 641012.4634098592 0.0 0.0 0.0 0.0 863515.8298161894 696909.0582945221 0.0 0.0 0.0 0.0 0.0 0.0 0.0 0.0 0.0 0.0 0.0 157767.0607331453 122027.91099534942 -9999.0 -9999.0 -9999.0 -9999.0 -9999.0 -9999.0 -9999.0 -9999.0 -9999.0 -9999.0 -9999.0 -9999.0 -9999.0 -9999.0 -9999.0 -9999.0 -9999.0 -9999.0
-9999.0 -9999.0 -9999.0 -9999.0 -9999.0 13137.849317129876 80749.47656252452 80478.18183179405 -9999.0 -9999.0 81774.47300066976 445201.1336681831 694652.4426125087 394443.86658052006 349799.9653781172 329041.46833014715 266151.99331638054 104845.99362541921 -9999.0 -9999.0 -9999.0 -9999.0 -9999.0 -9999.0 0.0 0.0 0.0 0.0 0.0 973972.7791860552 610640.910659296 228432.38682044952 0.0 0.0 0.0 0.0 241783.79825976084 228474.86960819215 208194.34855160848 240217.49248571746 218675.58274101216 144372.10547657055 179545.91170605534 0.0 -9999.0 -9999.0 -9999.0 -9999.0 -9999.0 -9999.0 -9999.0 -9999.0 -9999.0 -9999.0 -9999.0 -9999.0 -9999.0 -9999.0 1029.3985219096398 -9999.0 -9999.0 -9999.0
-9999.0 -9999.0 -9999.0 -9999.0 -9999.0 63604.48479512737 43796.44835851063 -9999.0 -9999.0 -9999.0 -9999.0 -9999.0 279420.36631705676 633291.3346211929 307925.2640702394 535570.4145564255 209342.33486915816 411550.6665274628 475571.35159539274 455639.00361802534 3686.395787429297 -9999.0 -9999.0 -9999.0 -9999.0 -9999.0 135181.76643024583 0.0 0.0 0.0 0.0 361117.57070602395 364426.42675064586 0.0 0.0 0.0 0.0 0.0 0.0 184698.46097941787 262929.0526775883 454065.5801406262 438287.90770353505 15469.755663899728 833.1266651099346 -9999.0 -9999.0 -9999.0 -9999.0 -9999.0 -9999.0 -9999.0 93637.31273000952 5235.06546836049 6924.791225019364 196804.0724229456 15333.45436958196 217312.6158862294 204408.7832017974 182609.84699807773 2714.4135763426157 -9999.0
-9999.0 -9999.0 -9999.0 -9999.0 -9999.0 12464.901148443158 428231.0484823141 33748.69525848118 -9999.0 -9999.0 -9999.0 -9999.0 -9999.0 77944.3714774968 306818.47056148405 390344.2487749758 442618.40307461744 445729.11862775305 324282.09767030075 514524.00203889137 691378.2490728715 247851.95380433617 17303.594250138987 -9999.0 -9999.0 -9999.0 113349.25377103637 1522926.6519361462 0.0 0.0 167630.24522221362 190778.2396966969 172983.4550380048 306999.16876814683 147203.6050274052 108612.52119349047 120881.73452104005 119769.65961115039 115466.33117524347 124012.70015387799 153664.10137458087 494356.68571547675 451326.8835951542 438570.3368511079 20889.252363676973 189606.72457808387 269978.6298458775 3037.2106371264526 113966.68571121177 2784.0104195465706 45460.534682368496 13239.826670473378 11236.85861056123 234029.12906989484 8586.583527497345 194414.40664350078 160588.34601906402 9285.880364052531 15819.521579560049 277773.70565751725 271054.2694971836 562354.7374513116
-9999.0 -9999.0 -9999.0 -9999.0 385705.05854814587 584315.9541482027 433169.7297193638 245014.2149584211 -9999.0 -9999.0 -9999.0 -9999.0 -9999.0 -9999.0 -9999.0 -9999.0 242461.73183379305 328853.76160241803 317918.92905786005 314679.7875067052 621541.2354282807 943248.3474480796 848585.2848777334 496916.965484948 12705.47184648313 -9999.0 395969.52628411714 1813529.884994698 0.0 0.0 121627.87855603536 132301.09059721176 169906.83118321054 260244.50837095623 183081.40071110032 134857.88959039457 64348.182329831776 103333.74976850406 20195.771886492425 64879.001707360265 680367.3241087523 327450.01495822094 203501.15898220259 1483.4637390640455 -9999.0 1294.7080093277705 7400.584782130547 12673.750721776501 324092.4025954816 21869.754724127983 151991.79881414567 93494.22956090386 154653.20208985373 170577.9152817133 15340.9382521169 17466.07773116573 22226.180739106574 252735.4400434103 294034.00932082353 344047.29713867966 17468.758946317117 14597.72613503326
-9999.0 -9999.0 -9999.0 -9999.0 36811.0186317564 713856.3720042321 565941.7981089972 242009.24192615104 -9999.0 -9999.0 -9999.0 -9999.0 -9999.0 -9999.0 -9999.0 -9999.0 -9999.0 -9999.0 243957.42667388124 389419.35748758004 745612.5412747343 409080.01657941873 96823.38324017901 647897.8746504444 767868.8252102875 -9999.0 0.0 0.0 0.0 71225.18128277463 211807.12876022104 103841.99488243085 135686.76486119285 53057.16474212231 141572.89395046106 140838.28816923575 16819.733364558244 -9999.0 -9999.0 35845.833840117375 7065.720062302259 220117.1543243362 253599.07520747304 328802.4752595186 302951.3298405503 14062.169491560322 160338.72954368388 303892.52196228853 16484.635857812515 12790.857725647686 163535.476555229 9985.509216543653 171021.40051442495 223790.3863248645 14539.774058224246 326695.1313575231 372976.4105326201 285902.84745516814 16300.425334643534 14475.96737687974 14257.454456153577 5595.6460538912515
-9999.0 -9999.0 -9999.0 -9999.0 39036.83477514207 560108.1219746904 529356.4050243977 193074.80654381428 -9999.0 -9999.0 -9999.0 -9999.0 -9999.0 -9999.0 -9999.0 -9999.0 -9999.0 -9999.0 -9999.0 187127.5046725939 546938.9596028132 154402.84122196175 -9999.0 -9999.0 193095.8909633598 -9999.0 -9999.0 21383.142272020115 107946.17068460351 145025.2386340467 97392.93630425938 152312.07018302832 159714.0687549339 111724.35094748152 4118.2244743115 15652.380999964285 -9999.0 -9999.0 46139.03332662841 -9999.0 292365.97340943286 190196.06013261003 150109.9554275715 228845.09891411662 16777.429920868708 127111.03636366592 6541.120798678896 222089.4992323221 201967.21409150315 365779.58918869216 263690.2182621283 279967.84166586323 392255.5997579087 344546.56353843 351237.8964089395 424088.36738460197 362479.6600718951 340479.3825889837 365760.3468703788 219921.3344479247 10736.25906894016 243791.36234783242
-9999.0 -9999.0 -9999.0 -9999.0 125972.29302889682 533636.9452290536 322741.13678009086 72885.70978798077 -9999.0 -9999.0 -9999.0 -9999.0 -9999.0 -9999.0 -9999.0 -9999.0 -9999.0 -9999.0 -9999.0 -9999.0 324209.8859800221 371161.0989587245 128036.51992959101 -9999.0 -9999.0 -9999.0 -9999.0 3871.6457733126044 1118.2158297685967 152093.47758327928 126379.6978356895 119531.89338540322 225194.7296560746 220490.21120021946 29648.096905961727 2424.4690390737283 -9999.0 -9999.0 -9999.0 1962.1227034912818 161508.00257213326 175293.39106768588 274508.26373667805 13530.666078131468 8889.394917807665 9544.261891232729 208489.0631025203 306517.8435816746 334837.0583549147 18752.043855495114 565649.2515433541 429327.16298003594 578718.6534632128 522963.45498024597 457099.3574709958 436550.6920071071 458098.21135927766 548609.1826097812 514257.0433275554 280074.5427860769 323677.7927029743 357199.3980651235
-9999.0 -9999.0 -9999.0 -9999.0 -9999.0 62090.39367357113 -9999.0 -9999.0 -9999.0 -9999.0 -9999.0 -9999.0 -9999.0 -9999.0 -9999.0 -9999.0 -9999.0 -9999.0 -9999.0 41028.55038009984 542813.2664088252 178778.78187397495 22632.23671642451 -9999.0 -9999.0 -9999.0 -9999.0 -9999.0 -9999.0 34354.832352598794 154918.69764637636 105792.62185886344 148031.17853481736 212276.14472553338 169335.48659616912 132428.84828082583 25922.96895841161 8523.243235229605 -9999.0 17231.107404485923 704.0781442662276 146385.83109524474 275810.15844125114 770667.194149125 217009.9604047306 14529.193237524729 434575.2309187614 283722.9245920648 355321.7924875121 378244.5812513853 283320.4684955091 435676.88026939036 545254.4029585706 623500.5097126551 311745.5907516576 513139.9907725097 441925.3746519428 319744.7727013124 266435.46419283113 313801.26437942777 290933.7107219811 10644.388379480144
-9999.0 -9999.0 -9999.0 -9999.0 -9999.0 -9999.0 -9999.0 -9999.0 -9999.0 -9999.0 -9999.0 -9999.0 -9999.0 90630.57485700172 209659.7915193633 13431.368420287381 -9999.0 130244.64643219601 173214.9471660822 300315.9279187525 310385.385989187 10179.28841644884 -9999.0 -9999.0 -9999.0 -9999.0 -9999.0 -9999.0 6215.6697479076765 5593.880361731839 85590.29513088327 173794.27645367396 184854.20468214882 177960.44722123045 264873.51716115023 273193.84105789126 116796.53821767731 12828.64699810599 -9999.0 23566.687000080434 76539.73712010909 7916.964706815976 271845.2937650219 21433.75993615781 15455.884879790576 16971.706718791636 325582.9835480318 412725.6123107394 310684.52857060457 154530.78958984095 305077.0741080029 388520.15093862393 376162.29828423704 586814.173940404 603855.9024767915 636668.5256443024 474808.97160738305 308219.164415388 372776.7766592534 223065.67739591832 8366.175623243187 191979.52862020698
-9999.0 -9999.0 -9999.0 -9999.0 -9999.0 -9999.0 -9999.0 -9999.0 -9999.0 -9999.0 -9999.0 -9999.0 29311.810453056933 765614.3789304958 848006.535943792 516415.23720899085 565567.381526544 805570.8780140121 308408.0191010785 98943.95258750359 24202.218986749245 -9999.0 -9999.0 -9999.0 -9999.0 -9999.0 -9999.0 -9999.0 -9999.0 8035.194367563867 81662.3089051297 239079.36885037652 164018.48649249767 279865.35872789175 152296.6327612 68357.38546979468 31378.126341775045 36113.8420065675 14478.411381714366 -9999.0 21135.863504604225 28595.914546232652 335859.36796258524 330803.3726979657 21917.180226768403 15224.405071732288 228796.04312969488 195145.28556817805 17443.44675911326 11722.787152331024 7222.473272922034 284882.8957247428 17773.660788490273 639346.5223954282 522964.53096413385 556873.8815006763 579882.4885780001 170788.8806220007 4584.512916825921 4484.53200235109 6360.51677092473 10277.316893458248
453.89962817564947 42.90838473141191 565.4948409440648 0.0 -9999.0 6608.685808385404 236656.30932339106 348700.433873297 123575.02736219126 12266.284700064281 10741.297699692683 -9999.0 -9999.0 -9999.0 107312.99691344207 434349.950446537 963462.5225064546 921353.3827194383 366195.42600864224 -9999.0 -9999.0 -9999.0 -9999.0 -9999.0 -9999.0 -9999.0 -9999.0 -9999.0 -9999.0 -9999.0 -9999.0 198154.5301245986 162270.38777684694 215484.90830753895 54115.966035904756 -9999.0 -9999.0 1453.146196416932 42240.55200792935 17525.081603586354 -9999.0 5303.964516765719 57292.67648774277 7645.994713045034 9186.655645462419 3294.047783240695 10288.852381691837 241846.42721703905 264143.9283224118 20528.056687310604 3700.976990396945 6488.63925672571 11302.605041439152 286211.5319570851 468759.80209731334 324811.83989948087 6636.612931627704 7033.055652978957 357456.84834413166 960733.8213824502 455636.3047254865 215151.20257161793
549544.3743754497 886792.5056265711 1115061.6401996673 846447.3297405423 822372.7869107998 525176.5622486948 702139.9598339205 1007809.8548362855 654919.3958094075 721642.0407127977 51943.20261544733 366.811664558815 -9999.0 -9999.0 -9999.0 -9999.0 33711.54974096314 322088.38518990856 116121.57615848527 -9999.0 -9999.0 -9999.0 -9999.0 -9999.0 -9999.0 -9999.0 -9999.0 -9999.0 -9999.0 -9999.0 -9999.0 45551.24446197695 102457.20631999215 204778.06513466587 22794.62754593684 -9999.0 13212.204668766428 13063.78114697071 19389.347885938754 2990.1265269332307 6288.860526479249 0.0 1676.104518710967 751.6503626275606 7736.740808527872 13298.846208154237 10237.27468114654 12250.718300682911 7612.007260358482 225738.4217133542 190006.98724719512 9418.967706891133 6525.808811150145 9785.593566529573 9133.358753115459 8627.11551487038 17799.43138591191 392242.5537569522 699576.3071153704 476707.7855475286 207874.61125544482 22597.168720112735
1332694.0593054956 1290005.848552923 1419069.7174673944 1061238.7611636892 990491.7616908386 888524.2820133981 792641.1691436691 839997.2810048827 721567.1081576394 64119.193977331015 -9999.0 -9999.0 -9999.0 -9999.0 -9999.0 -9999.0 -9999.0 -9999.0 -9999.0 -9999.0 -9999.0 -9999.0 -9999.0 -9999.0 -9999.0 -9999.0 -9999.0 -9999.0 -9999.0 -9999.0 -9999.0 -9999.0 5026.4236742294215 16047.959994458532 15590.625166479695 -9999.0 -9999.0 -9999.0 4919.607915352528 -9999.0 -9999.0 -9999.0 -9999.0 74734.93480067457 77372.82713025782 -9999.0 4962.6849912985 4550.575840408833 124595.97555517682 0.0 -9999.0 -9999.0 112799.4895195184 8092.608172448049 9844.780709295765 9926.011310798709 60870.18948100647 -9999.0 -9999.0 3869.6046340929124 819150.0953769556 18297.10126729234
