critload/trunk/input/2010/nh3_spread_fe_crops.asc
ncols 720
nrows 360
xllcorner -180.0
yllcorner -90.0
cellsize 0.5
NODATA_value -9999.0
[rows 112 to 139 of 360, columns 126 to 188 of 720]
110903.77663126284 329740.2613887271 9025.287231793201 1345.2055536331554 345855.5135291769 212346.27194359602 97558.83291347773 175846.83626607116 20765.31764099653 127749.20461348079 87590.40531663959 35076.59660164259 24644.567511431356 8523.666661725398 21403.399313371967 772.1244302629755 2925.133824868617 0.0 0.0 50.89847253860238 26199.031786912336 137.76484945884425 1258.4579958787099 2173.7615753102286 1929.402348864517 10046.513431609783 22516.463415856142 238476.9883249601 844198.0750180475 888117.368753274 1015930.0013943376 507260.8620304381 214230.189361217 176804.55895631088 336814.1586250133 247665.4654244044 134227.54442315607 80353.19591940781 86256.26164601838 622915.9397698974 460001.76648292906 865365.4053663069 947210.2022322675 1034322.996644665 699354.7587813733 562277.6521392098 545235.0648070843 80118.93162413313 0.0 16977.936911370125 449899.1421459628 998705.4857293422 1905855.414934572 1599258.7635736617 604664.222459082 733889.1748116764 2002375.6964332259 607205.145347633 250461.46453039104 343429.4280703906 511585.5488627151 761953.1933546736 744471.386867355
71693.50638030133 45353.411176968264 354511.73125755857 408885.4133088901 182027.2409503693 0.0 3099.566307175631 127805.86010554152 236205.64068956624 384241.6143585274 492054.1904950483 287716.2223661325 58372.81819255072 59592.63629822572 43942.529044047245 1916.231556592473 3996.1534374708513 318.9393251085716 264.19359199940493 11714.681627762722 48.34961835243763 31439.730889936614 11949.229473187841 23722.393069358783 48325.65125139329 314344.98302359047 7901.30238519196 183891.6385856091 688170.9426079462 795343.6007815115 640801.8639854634 204199.00060748038 127530.57266477468 171188.08484512955 572247.7697559166 146517.7231745015 143120.87279251133 0.0 68412.1843878888 216165.80381367978 518936.86395077425 552075.4699715286 951668.1939039306 906002.3716838888 690130.6410461059 280289.0643056554 640986.8865880496 11414.03335473774 13615.71661582354 0.0 312660.5242936664 1040230.6604773602 1731180.1018848007 1408220.1007172614 474985.23494591867 196874.51514956265 1308717.5841255626 644155.6688006438 317026.68546137377 113808.40189378572 587963.9913041012 724397.7762349716 110989.42887488217
12105.83502065698 11702.841443664523 830041.6410139293 1051946.6935285458 924800.2358954482 272883.51426794264 220636.46372030137 70094.62876655166 180910.79650740974 110426.541214793 806903.8430221087 210668.02115498204 130901.86333134588 99941.1161469615 138592.97014822715 15530.278769742368 13448.839511673335 0.0 6487.050423712176 126545.8451220122 5561.014865200503 5189.415950241189 14210.611474332232 13614.36613461737 22502.11604932295 143685.54583692938 2026.0188900927474 154333.79979398774 1093494.400874303 714090.9561249239 583436.1543658056 176997.32068900374 361279.3340573578 327536.6798305217 514877.51151029853 61233.35265915285 11534.535767142143 51282.89083280617 67972.96416387179 116210.68363367357 182865.07994381536 556677.0428225622 709914.3216002986 634297.3795763123 325088.70354697417 54092.27650553453 441169.56405764696 12320.114779981044 27134.187517307448 226867.12699045977 764929.3401474686 823513.7898872471 1117549.1983181299 1553905.7035315242 552698.4832584019 252935.93982483327 210987.2780953766 489933.10379062704 570895.4685884161 202656.90774311064 866204.0181873566 601020.234888912 371823.97074423503
20921.3681724856 2644.525840765227 690.6284002921399 959836.482034396 408298.64975201635 0.0 0.0 0.0 0.0 1380.2322096834816 7759.075053680782 149852.85943318624 22190.977279874674 45844.6330672577 83817.96064788294 67584.2722953346 30949.740608965956 393.41724808470923 117819.60825455439 6114.79288176926 265807.4973222007 696.443020126025 0.0 2595.3861532923643 0.0 91034.52602671634 6061.877590727264 2585.3822712526007 33262.7768073818 41333.06778122232 165868.9234562972 228431.57349805397 350051.99013767514 277551.9034922806 192604.3877208496 137665.79855983332 306812.75152311195 250938.57034571748 88097.23900579427 177694.41549766052 427999.1224170211 321264.1253445131 641154.1717162487 569804.7011364632 288286.00924564525 100414.33632118949 338978.8714549755 107769.78010653373 1161.158005080015 278315.60097511706 957162.7771174595 492221.7371848096 758384.081722846 1104703.0426401491 280494.16015939973 164522.50784520723 119785.17111976197 130.20274769064184 387473.2492948669 1111047.3624051728 1659535.0732163105 1296711.3471787137 541364.4688974519
8384.239261566965 61160.84102144627 3224.291865206128 0.0 5185.205799813617 0.0 0.0 0.0 31650.578424887957 2812.7703889733293 6042.34620602897 75360.22583843808 52108.90842128406 23594.92145090725 64445.18795846736 85957.85403972527 2251.8256493149975 9495.224393316435 59762.062815557074 464.4345621631949 63913.402680749525 139918.14580822788 618.080970066971 114649.47159237841 3741.2707147285437 0.0 1345.8718142346468 8776.209747437384 6456.858386365169 27618.991720822076 402144.5937426206 195741.61340595607 181308.9220010726 301699.9503900561 192868.219208419 143203.2878143152 609947.1070748462 378328.33977575385 162672.25424141568 434095.95213579404 315800.4296992316 173283.20315968632 447338.51111595676 183197.32821585928 42516.61003190737 31305.90984692252 309.1090375738383 477392.6198410245 221126.3890705807 33871.65355923637 758521.5767592216 482243.73986403615 97452.09908893242 332552.5239326083 358356.8231790577 253714.85584830263 43660.24879523812 5125.516266912462 3888.5144348788995 74106.05122408613 79763.09630952428 560719.0165290826 752084.464854383
0.0 50082.02833025302 75492.6494044738 0.0 0.0 -9999.0 0.0 0.0 0.0 36508.191779412 3072.770440098879 822372.8729849434 706606.2562790219 823888.8462349051 51121.15555615814 5301.576655292704 6658.310437150561 93191.94456836255 27896.804154630292 644.3813441814613 1145.3795547405118 157801.38798123336 279318.18738946 1080.6652766218594 21228.45800599755 54.426025349779465 127705.55548444741 58896.02145321958 14541.42828482376 28331.564307867557 374891.93172094936 94174.87934054506 171092.42403874444 377883.50927993393 234759.57720932126 185575.78743679792 343892.2926289883 47410.697335161225 45889.01240396139 792603.0559356017 705791.9086786959 331883.0103055713 446651.2879683995 139347.0569216891 7157.134707840886 0.0 0.0 0.0 299036.8146634389 831902.0801560126 372231.63575684896 210163.15911735842 71997.65984685748 393969.9288479796 202398.27857367383 261554.5164677349 19453.69424570314 40763.606243694005 301873.81151483033 603442.0147461178 174689.88912315707 1016354.6692429235 1733002.15059716
-9999.0 31865.531365527117 117031.87931549347 0.0 0.0 -9999.0 -9999.0 12014.912292658055 241153.21908542694 371905.38840761036 113288.60889239158 63299.37836887011 37503.61335694806 10648.685959071065 72606.97473640062 13286.61421204841 95658.32867757944 34715.357428715346 28779.565689028484 32844.95230873969 35931.53606490158 14245.052556074465 9985.421674565376 2150.9626690897894 4430.438904365577 1355.7659044965947 20301.63709526342 78582.39735426976 20904.28632882998 15918.13588614171 128027.26953714286 127090.0972241854 123521.60281868861 118384.2989601488 88026.94048919792 225252.44891093214 107303.30384403371 3743.086843128751 289724.59845558816 811836.9223420045 540737.385230917 376125.3165001526 197028.08312475806 65467.473296747674 11419.362927388118 5006.325660208793 46501.66184551189 165795.2626826102 259746.0827299759 1031075.9732703241 875393.3774031746 750177.1722006504 135811.05348119818 250874.3729375136 235485.7070551769 72807.08165663762 276702.1371891281 650207.4369381872 620831.4028949483 219471.48333394685 78009.5803748851 114711.80158214219 165608.4741761212
-9999.0 -9999.0 51314.149860631536 207.76421681436076 0.0 -9999.0 -9999.0 -9999.0 0.0 22084.750797342207 24431.855965948376 55144.20991500953 24748.168641178927 135603.68396324644 25651.783754852553 11952.146964922547 17996.889819351538 612189.5820729894 33135.339033134 14965.518211945564 67577.311611157 17457.089197873665 0.0 0.0 16905.184067945822 203.01030329708175 673.9693635321617 680.8252307755471 277.2190684831768 770.5560031433021 2046.549745355568 131616.4621789021 139964.74143089989 120323.1150564521 142643.46655959653 130980.14758754642 313616.99348731403 74147.9486353433 142988.33934925302 368938.7458386447 246598.17180312236 576003.3648487829 362990.92479675164 48540.334084491464 174624.4680609166 187995.14394922263 188815.60258448464 716085.1007062597 1116054.4076886296 1228779.277503557 891439.8531782775 679122.2923781675 523929.3151126354 37994.343607860494 14632.6670834356 3048.5677740889814 19774.498139082167 108930.46641538899 408644.1454775484 6127.516120097091 2213.6518863601605 1768.9366851522414 19777.708078396616
-9999.0 -9999.0 0.0 0.0 0.0 0.0 0.0 -9999.0 0.0 0.0 0.0 645.8716034893873 1126074.7505910231 1153663.692602253 1231453.0203126413 1196719.9161257271 148024.46497640788 209601.4193876026 26677.38978749049 12633.521732447034 34705.54657894715 0.0 0.0 0.0 61419.795035683885 60749.91271940703 352.7074155792952 0.0 0.0 0.0 352.3270024214258 0.0 92201.20514729928 29112.93916895286 42821.39184987868 133682.09571018026 68101.08356910874 217487.71052274978 345259.68975610734 288693.7654068 512785.74952063453 807760.8536664221 719469.3500858232 148194.31824005092 368236.2090529181 530194.2327169629 0.0 23478.89354318842 108490.44099632035 601200.8309152776 280078.30174358387 29676.81097001787 153641.77520386913 3216.8751397773376 17887.801083470233 0.0 -9999.0 -9999.0 -9999.0 -9999.0 -9999.0 -9999.0 -9999.0
-9999.0 -9999.0 -9999.0 0.0 0.0 0.0 0.0 -9999.0 -9999.0 0.0 128933.15604913636 21660.13926943026 171628.49426252084 48644.40752131847 1159282.0475150156 1187451.3688413631 709960.174286313 137169.65069687096 697056.8239000366 26474.811172762802 0.0 37748.50865361057 0.0 13067.17928415728 15078.85632083199 24529.54941311787 55.48690024811363 0.0 0.0 3485.492745367079 0.0 26035.77694136153 212866.91766469573 142884.42251606833 347518.41068262653 269490.46178979886 259467.91831009986 647605.7434897391 459461.4357900096 389942.12299138756 590837.6918877781 1317932.836401686 811334.5872853227 706505.8062878873 13935.987534399483 -9999.0 -9999.0 -9999.0 -9999.0 -9999.0 -9999.0 0.0 0.0 2818.712039010271 0.0 0.0 -9999.0 -9999.0 -9999.0 -9999.0 -9999.0 -9999.0 -9999.0
-9999.0 -9999.0 -9999.0 -9999.0 -9999.0 0.0 0.0 0.0 -9999.0 0.0 471857.1458770324 199331.21673021905 837.6092943822139 1309076.2062835703 1088744.504768806 720616.06776291 60477.99872274953 343921.886761059 913280.8683887379 1228001.8744733362 1253487.9314556548 50640.27427008561 157805.89629481413 11120.25360689883 54652.42539648419 0.0 365.1972399686678 0.0 0.0 0.0 1740.290591532812 22036.640950464604 197473.30562952108 256070.20005961225 408251.99120662705 265537.2812532886 146344.5238653042 290601.4844214766 517637.1903541175 598004.7521001565 858547.203169285 687768.3400743136 225889.7770250205 9510.804787740188 -9999.0 -9999.0 -9999.0 -9999.0 -9999.0 -9999.0 -9999.0 -9999.0 -9999.0 -9999.0 -9999.0 -9999.0 -9999.0 -9999.0 -9999.0 -9999.0 -9999.0 -9999.0 -9999.0
-9999.0 -9999.0 -9999.0 -9999.0 -9999.0 868.7958475340131 0.0 0.0 0.0 -9999.0 2704.398950672132 60875.37717619608 264453.9629891572 4208.30204067247 742403.6540967616 525762.7782465459 149603.5535649762 155318.3073721385 242969.78338203143 1003902.1114713858 129735.25146609546 21329.5567857804 273667.8056609025 434467.97334974766 0.0 0.0 0.0 0.0 0.0 0.0 13555.537014491885 7208.706441539219 237492.04970387855 147824.33459714975 355478.7255586307 147801.77023318977 89725.46815695513 131115.81177013126 515574.18378637347 562141.5038844647 178019.74412451594 6071.080478930654 -9999.0 -9999.0 -9999.0 -9999.0 -9999.0 -9999.0 -9999.0 -9999.0 -9999.0 -9999.0 -9999.0 -9999.0 -9999.0 -9999.0 -9999.0 -9999.0 -9999.0 -9999.0 -9999.0 -9999.0 -9999.0
-9999.0 -9999.0 -9999.0 -9999.0 0.0 0.0 2148.892375121549 0.0 0.0 0.0 -9999.0 -9999.0 16522.101663328096 454043.3846181711 1240431.1049080228 971450.0693420826 309952.63727076794 265792.9265569532 275456.61840352317 664600.8298975755 1007635.0832464029 15762.453814843235 20343.39272857605 186850.44930012975 14489.970753615735 0.0 0.0 0.0 0.0 0.0 58310.09147445303 113829.07614692883 15258.595705636599 2601.6008421208057 78235.60933846967 153611.6925389101 221676.4401641242 210228.9429914703 1208713.2498466442 369284.9412434271 0.0 -9999.0 -9999.0 -9999.0 -9999.0 -9999.0 -9999.0 -9999.0 -9999.0 -9999.0 -9999.0 -9999.0 -9999.0 -9999.0 -9999.0 -9999.0 -9999.0 -9999.0 -9999.0 -9999.0 -9999.0 -9999.0 -9999.0
-9999.0 -9999.0 -9999.0 -9999.0 -9999.0 0.0 0.0 2814.227609174943 0.0 1469.2045862827931 -9999.0 -9999.0 0.0 947981.1271846249 1165697.9150971135 336727.5933005006 168597.82381980214 475705.9329274765 298396.4569917144 100784.33947302967 140656.0312911484 27330.769904645513 13480.052069966081 120406.11095296885 129089.64678690134 0.0 0.0 0.0 0.0 52454.1033336324 151754.032812779 94994.5128972435 48116.40022497346 225744.6213826189 37206.51289646711 304974.4846052431 316442.9521444644 342219.8005229197 432391.83809310704 24093.837699048578 -9999.0 -9999.0 -9999.0 -9999.0 -9999.0 -9999.0 -9999.0 -9999.0 -9999.0 -9999.0 -9999.0 -9999.0 -9999.0 -9999.0 -9999.0 -9999.0 -9999.0 -9999.0 -9999.0 -9999.0 -9999.0 -9999.0 -9999.0
-9999.0 -9999.0 -9999.0 -9999.0 -9999.0 -9999.0 0.0 0.0 0.0 440.6889084313614 1473.5399871621248 -9999.0 -9999.0 -9999.0 748078.4036683949 278891.0230879374 212888.36872178692 370099.672802493 283814.7635007584 81636.18793876165 505942.58794170024 189057.00542448432 327086.996204527 235589.92087666327 0.0 123680.9647632404 8625.401580149031 0.0 965.1327625850414 8053.176564786551 14575.196064936288 47260.225689555795 40034.72391742201 38588.75133885578 51013.672858165024 309560.0668587277 151328.75479305617 307105.0002262086 391301.64571388497 17067.327374777924 -9999.0 -9999.0 -9999.0 -9999.0 -9999.0 -9999.0 -9999.0 -9999.0 -9999.0 -9999.0 -9999.0 -9999.0 -9999.0 -9999.0 -9999.0 -9999.0 -9999.0 -9999.0 -9999.0 -9999.0 -9999.0 -9999.0 -9999.0
-9999.0 -9999.0 -9999.0 -9999.0 -9999.0 -9999.0 -9999.0 -9999.0 0.0 0.0 0.0 0.0 -9999.0 -9999.0 -9999.0 370210.80802988086 493581.1003584088 114908.9686225115 69808.98659799281 215765.46082483453 32623.149160735327 53853.6097071839 296713.24936397927 7147.359578731336 11397.653996437073 114912.27359579553 63917.9976410485 125829.94030492584 5078.872773095135 0.0 0.0 6509.178434173401 2677.3045432010867 67493.82138221854 266924.8326501398 231949.60219494527 452315.19044448936 1389185.4814192331 1942849.0143591943 164749.30648219687 -9999.0 -9999.0 -9999.0 -9999.0 -9999.0 -9999.0 -9999.0 -9999.0 -9999.0 -9999.0 -9999.0 -9999.0 -9999.0 -9999.0 -9999.0 -9999.0 -9999.0 -9999.0 -9999.0 -9999.0 -9999.0 -9999.0 -9999.0
-9999.0 -9999.0 -9999.0 -9999.0 -9999.0 -9999.0 -9999.0 -9999.0 -9999.0 1073.1839695106958 0.0 0.0 -9999.0 -9999.0 -9999.0 921087.2402411592 1133189.736323904 871891.8439868516 144901.31255695573 376665.81840284594 41455.38763118122 0.0 148754.93554534906 69625.3642837223 25783.755390956077 4352.49670533103 171298.78896499076 784864.3801719052 98350.95695089348 66665.35642382251 7014.204378983748 26117.636870966126 22440.157375721777 183463.15260272071 279903.3290905281 38842.562044345126 252598.1193266496 1030450.9914939143 1719341.5050271067 285368.5379574168 -9999.0 -9999.0 -9999.0 -9999.0 -9999.0 -9999.0 -9999.0 -9999.0 -9999.0 -9999.0 -9999.0 -9999.0 -9999.0 -9999.0 -9999.0 -9999.0 -9999.0 -9999.0 -9999.0 -9999.0 -9999.0 -9999.0 -9999.0
-9999.0 -9999.0 -9999.0 -9999.0 -9999.0 -9999.0 -9999.0 -9999.0 -9999.0 0.0 232506.6494427091 2242.968667108847 0.0 -9999.0 -9999.0 -9999.0 81849.74225089792 737711.3001830394 429419.11276995385 79573.1205080875 53004.89333383151 0.0 103224.29387843832 158912.1566641395 54680.620309203725 40995.770343433316 40814.586791457186 144128.84660759763 2512.6844785231947 31168.38117146415 30713.45380122195 7801.346156261743 116921.67413304251 25701.698978254703 328803.22978483007 11756.846840794482 755453.1314257844 337853.9671555278 742072.4976061415 3570.062692410489 -9999.0 -9999.0 -9999.0 -9999.0 -9999.0 -9999.0 -9999.0 -9999.0 -9999.0 -9999.0 -9999.0 -9999.0 -9999.0 -9999.0 -9999.0 -9999.0 -9999.0 -9999.0 -9999.0 -9999.0 -9999.0 -9999.0 -9999.0
-9999.0 -9999.0 -9999.0 -9999.0 -9999.0 -9999.0 -9999.0 -9999.0 -9999.0 0.0 62715.98821724324 0.0 0.0 -9999.0 -9999.0 -9999.0 -9999.0 101.16167832145109 820344.5928275267 419752.6801920099 133106.84098369305 95457.87646413443 8406.937804267967 132883.84901651906 209570.89639424035 87948.32728226314 45767.585499135894 78399.7926079707 27129.802132856716 0.0 2467.975983603065 7139.895294922596 29893.35099645374 115010.80588606425 170785.13308049514 161617.8349966399 49848.73274096329 504069.53583102534 287163.4159179642 -9999.0 -9999.0 -9999.0 -9999.0 -9999.0 -9999.0 -9999.0 -9999.0 -9999.0 -9999.0 -9999.0 -9999.0 -9999.0 -9999.0 -9999.0 -9999.0 -9999.0 -9999.0 -9999.0 -9999.0 -9999.0 -9999.0 -9999.0 -9999.0
-9999.0 -9999.0 -9999.0 -9999.0 -9999.0 -9999.0 -9999.0 -9999.0 -9999.0 -9999.0 0.0 0.0 0.0 30323.380627116832 0.0 -9999.0 -9999.0 -9999.0 -9999.0 624139.531193162 393178.9252408981 31403.134595092706 10415.378060138504 0.0 245695.02106195968 183028.92062880605 166570.30743675394 131757.23457297942 3325.6481037796098 389.1688050629627 241.29836761923735 45.40284917510933 6541.236016648885 14387.925042312954 10159.82817034825 261616.2234428198 251563.75764757144 249549.46163831037 190677.4626514874 -9999.0 -9999.0 -9999.0 -9999.0 -9999.0 -9999.0 -9999.0 -9999.0 -9999.0 -9999.0 -9999.0 -9999.0 -9999.0 -9999.0 -9999.0 -9999.0 -9999.0 -9999.0 -9999.0 -9999.0 -9999.0 -9999.0 -9999.0 -9999.0
-9999.0 -9999.0 -9999.0 -9999.0 -9999.0 -9999.0 -9999.0 -9999.0 -9999.0 -9999.0 -9999.0 -9999.0 0.0 1710.1048707509672 1870.8862369844837 0.0 -9999.0 -9999.0 -9999.0 -9999.0 471771.98367712816 222662.0109204305 9304.274872011347 17625.61154178223 89419.78699155609 143800.23442242722 73506.5394350525 106017.34178553947 40012.4869294961 51086.696818593045 4157.363719554782 7823.851865370342 40706.09476565319 4529.105646916571 10555.10892507725 268160.4369922521 186041.48912750732 130585.81111179799 118201.62227356723 -9999.0 -9999.0 -9999.0 -9999.0 -9999.0 -9999.0 -9999.0 -9999.0 -9999.0 -9999.0 -9999.0 -9999.0 -9999.0 -9999.0 -9999.0 -9999.0 -9999.0 -9999.0 -9999.0 -9999.0 -9999.0 -9999.0 -9999.0 -9999.0
-9999.0 -9999.0 -9999.0 -9999.0 -9999.0 -9999.0 -9999.0 -9999.0 -9999.0 -9999.0 -9999.0 -9999.0 -9999.0 8615.643803208286 215190.55741014227 12207.060568641116 -9999.0 -9999.0 -9999.0 -9999.0 14881.141710356487 390038.6116998453 198497.42077941168 341012.351498069 96060.63490603447 14364.151952354598 137907.46212790732 143655.17988158856 383646.32166259363 248739.69796903618 761.04907696461 4337.102236751932 10606.291491781021 2923.2900195757356 16727.148974480722 116519.23282594304 214694.90101285683 144734.40114887507 152108.53933056665 -9999.0 -9999.0 -9999.0 -9999.0 -9999.0 -9999.0 -9999.0 -9999.0 -9999.0 -9999.0 -9999.0 -9999.0 -9999.0 -9999.0 -9999.0 -9999.0 -9999.0 -9999.0 -9999.0 -9999.0 -9999.0 -9999.0 -9999.0 -9999.0
-9999.0 -9999.0 -9999.0 -9999.0 -9999.0 -9999.0 -9999.0 -9999.0 -9999.0 -9999.0 -9999.0 -9999.0 -9999.0 -9999.0 21496.229540403427 -9999.0 -9999.0 -9999.0 -9999.0 -9999.0 -9999.0 -9999.0 415576.9083960669 275466.6806510391 334020.8455201084 35342.59488829635 63239.30481976127 66969.84025757977 377494.1904833966 437487.5258777953 10833.28328361922 39496.33432532625 130997.68618193203 1984.98433271566 37675.98943720787 322649.5265336297 736274.7113799863 583426.2534432127 186216.8683597055 -9999.0 -9999.0 -9999.0 -9999.0 -9999.0 -9999.0 -9999.0 -9999.0 -9999.0 -9999.0 -9999.0 -9999.0 -9999.0 -9999.0 -9999.0 -9999.0 -9999.0 -9999.0 -9999.0 -9999.0 -9999.0 -9999.0 -9999.0 -9999.0
-9999.0 -9999.0 -9999.0 -9999.0 -9999.0 -9999.0 -9999.0 -9999.0 -9999.0 -9999.0 -9999.0 -9999.0 -9999.0 -9999.0 -9999.0 -9999.0 -9999.0 -9999.0 -9999.0 -9999.0 -9999.0 -9999.0 164326.06950401163 764420.6069099959 286552.12033170986 207979.3219189916 52418.37743108754 87745.57271133263 109101.25065777787 414506.1578772726 117514.28939773851 39132.673466289154 67135.4963627423 82276.1169670087 83490.43007509067 373913.7892822448 881015.6730336411 986909.2235292189 177491.3099154581 -9999.0 -9999.0 -9999.0 -9999.0 -9999.0 -9999.0 -9999.0 -9999.0 -9999.0 -9999.0 -9999.0 -9999.0 -9999.0 -9999.0 -9999.0 -9999.0 -9999.0 -9999.0 -9999.0 -9999.0 -9999.0 -9999.0 -9999.0 -9999.0
-9999.0 -9999.0 -9999.0 -9999.0 -9999.0 -9999.0 -9999.0 -9999.0 -9999.0 -9999.0 -9999.0 -9999.0 -9999.0 -9999.0 -9999.0 -9999.0 -9999.0 -9999.0 -9999.0 -9999.0 -9999.0 -9999.0 4027.7346302463066 1042304.5760211304 355214.0073557107 708059.4605311482 83344.59549211021 277111.9554200935 544976.7387702685 390096.6605855181 88795.79353864524 76272.41328392501 53527.36456734135 47250.62682760706 195204.92884567357 364759.12421334686 1405132.146671325 1426694.541682542 545737.7514041367 0.0 -9999.0 -9999.0 -9999.0 -9999.0 -9999.0 -9999.0 -9999.0 -9999.0 -9999.0 -9999.0 -9999.0 -9999.0 -9999.0 -9999.0 -9999.0 -9999.0 0.0 92658.69141946839 39029.7880373551 1056.997810722754 -9999.0 -9999.0 -9999.0
-9999.0 -9999.0 -9999.0 -9999.0 -9999.0 -9999.0 -9999.0 -9999.0 -9999.0 -9999.0 -9999.0 -9999.0 -9999.0 -9999.0 -9999.0 -9999.0 -9999.0 -9999.0 -9999.0 -9999.0 -9999.0 -9999.0 -9999.0 209746.46263590048 621435.2589036695 565526.9287773692 634925.4197410137 386590.79313939996 158431.59067319302 377516.42874621204 210101.45186754817 155942.00397955766 236751.15385363993 92778.42260139524 35007.53180372168 221204.1876740048 916991.1693112545 1361306.824097153 1105423.5274980331 105808.79827380706 -9999.0 -9999.0 -9999.0 -9999.0 -9999.0 -9999.0 -9999.0 -9999.0 -9999.0 -9999.0 -9999.0 -9999.0 -9999.0 4324.1854896865825 15437.159330690483 362919.2946242056 285586.82214281603 848621.3181370735 532778.0114769926 7833.371419632608 34605.07322210669 -9999.0 -9999.0
-9999.0 -9999.0 -9999.0 -9999.0 -9999.0 -9999.0 -9999.0 -9999.0 -9999.0 -9999.0 -9999.0 -9999.0 -9999.0 -9999.0 -9999.0 -9999.0 -9999.0 -9999.0 -9999.0 -9999.0 -9999.0 -9999.0 -9999.0 250165.48740049536 310049.1914532172 325602.67550659267 594321.0270546351 679022.2660888954 467955.0130978411 244685.21775685606 662255.9306879774 594566.3212359857 481796.3703159292 216115.84796644747 101404.63988202323 285334.7556350157 49820.55004636189 529072.0221869723 882849.7779173722 862732.6946544398 -9999.0 -9999.0 -9999.0 -9999.0 -9999.0 -9999.0 -9999.0 -9999.0 -9999.0 -9999.0 -9999.0 -9999.0 -9999.0 160683.01662025682 345882.94369194994 383862.8496574699 99857.89201538952 294920.2482195975 82022.54735890201 13382.181446911967 18865.284455847242 -9999.0 -9999.0
-9999.0 -9999.0 -9999.0 -9999.0 -9999.0 -9999.0 -9999.0 -9999.0 -9999.0 -9999.0 -9999.0 -9999.0 -9999.0 -9999.0 -9999.0 -9999.0 -9999.0 -9999.0 -9999.0 -9999.0 -9999.0 -9999.0 22121.017186865065 462337.3906780721 407609.92296311684 462063.5023529999 228562.55960619423 294339.5703890073 566131.5590404485 767068.0297605915 765062.3610522549 704182.8348313454 423403.6932230783 367580.24659953883 268173.51798872964 509708.8993295596 88057.24401438037 143654.24684329625 525055.8086074133 1338220.9563025571 573802.7897043246 -9999.0 -9999.0 -9999.0 -9999.0 -9999.0 -9999.0 -9999.0 -9999.0 -9999.0 -9999.0 -9999.0 -9999.0 272831.64405737125 73546.60811046795 242758.7930757922 37753.73646314857 29673.520922026462 8048.8351815142405 4882.637829739209 -9999.0 -9999.0 -9999.0
