critload/trunk/input/2010/nh3_spread_man_grass_ext.asc
ncols 720
nrows 360
xllcorner -180.0
yllcorner -90.0
cellsize 0.5
NODATA_value -9999.0
[rows 84 to 111 of 360, columns 504 to 566 of 720]
45.10883603063398 45.108849597313686 41.99796534814321 41.98301219689718 41.98302853860882 41.97309207759077 43.64531080507684 41.96842544718108 40.441292150308485 43.656034847623495 43.613054952895276 43.637249863867304 43.634537525871245 40.4089151708296 41.97555463520975 43.13702588206571 44.862152716137096 40.35256761878685 51.575133190959455 0.0 0.0 40.221878629061756 31.919356054346046 0.0 19.74685243643012 39.28375195122566 67.3505597761613 5.819062873703931 7.346652155380172 8.308872918330158 5.640402369435261 5.273363676697564 3.4126026111270904 3.0590296909346066 2.417330586510427 0.0 32.271687743456965 58.19307019779734 44.559730894846375 84.4686651839751 0.0 0.0 0.0 0.0 45.90774072365696 60.9250285850819 62.8734199847896 66.58703082541011 44.54465560482043 61.61217762915582 0.0 15.089399212584933 39.50253705489488 41.80279026927013 34.818985033159905 38.21439438933556 44.33629699366207 44.31823247551579 61.50527261098668 61.63307454773912 44.5159806795825 44.14558474491966 44.54705490626787
40.833229773577564 44.03877735365924 44.08143465993585 44.07611766132854 42.367147559515395 40.84065516575902 60.99538301213758 58.611663122168444 58.648545384530046 60.969528731474476 61.01749146563341 61.032269264917765 44.09478642898513 42.36714467633091 40.6155259179166 44.05481517896482 43.930767550513636 36.101255170642425 20.792851136007414 0.0 0.0 24.70017920734592 30.685270876752977 34.407407807927925 34.0807030575496 41.16199748208962 36.12342905844915 0.0 0.0 6.093422123730913 4.979740848088942 6.807020954885852 8.501110159384023 4.311781799077039 4.029122749400692 3.0560873978424503 3.3322524159274205 36.96186315568549 39.140881948059885 62.249751480412975 10.163907307233515 91.63350549049588 72.52682867528553 62.483576690912116 44.31599521627324 62.4689172703809 58.48753219519197 60.4689364940511 72.51476123865422 44.97570354901553 44.976038736457035 62.23429385502266 62.25053035982967 62.240734268233965 44.96246090308188 35.85860059867501 11.892570878375974 0.0 37.224369311389246 63.12161449986479 39.111651886885525 35.624051519578 44.808508929660086
44.48481218200963 44.48746330693974 59.18126398621982 44.47425381391366 64.96969276828536 32.28328263411048 33.73218281863465 26.230337459703716 29.374621039139335 40.14987603556603 45.438367691030805 39.653447418123214 48.66237852246724 28.38031760244591 52.012607008661405 61.55380671212561 39.17982533432554 31.571608916937734 0.0 0.0 47.85712003511893 33.21510583140872 1.1339932011066223 0.0 0.0 0.0 0.0 6.459115548656563 6.50591994817078 9.001961167425359 8.513696255418635 7.954486845489798 8.790581608742883 5.776469434164663 6.1314431192043735 4.557220893366216 5.197310553310509 5.26744447933345 61.082676436448594 39.450562488528554 39.50038256493433 61.03343544544306 90.81463692599398 62.710224673147785 73.19675947876159 73.20871639362353 65.05646963057067 52.25835036574072 62.74277197557015 48.95899418062259 45.15049152174115 45.36455188501395 45.397796287267376 62.82942284179687 45.35748542817634 45.39973651507629 0.0 0.0 5.484640184221785 13.04971333331166 0.0 59.21721732437995 62.75681104851465
62.1403723085894 62.129509317640355 57.369866770270384 34.90751705998551 3.0858117788625217 3.4858438183002316 6.036104235954931 11.075321792547115 36.40406803659278 54.9501699949738 37.537178146727086 0.0 33.60284079321496 34.01345561055459 74.03590190782721 66.87823224009351 59.757964557259726 64.0513702192371 32.21336248988285 7.937802771598603 66.0171728384835 3.613056934925348 3.1039377887833277 5.452712188629315 0.0 4.0276808740275385 2.526258281033719 2.0176797077948696 2.8339332989621644 6.546906388756491 8.068417186204949 9.097590638505183 8.589142913916 8.982808727123407 8.991471829354266 6.366719101652399 6.101009022603453 4.896490950490767 57.329372568124356 39.712468207319915 67.71682873523947 49.43801004270659 63.41348125787081 63.12825612833537 30.123487607497577 36.842240505454676 13.911991992516763 44.93464475559378 63.36037144697999 49.43649645481082 73.79170096433677 71.82517577830804 38.406031833720554 49.42142295408007 68.48351113522607 45.8110051254764 45.797426288756306 45.779737949824565 92.16956430385085 63.41222296348669 63.389982000612974 63.345643695917644 68.39862853192575
62.6643852307555 62.69677314507085 55.47042849501174 -9999.0 13.622722142877016 26.901798135281314 3.2018807127130184 7.961876567350898 30.246528541981565 21.697026075879048 38.56573891963751 62.73637107841195 58.11165997054708 44.66865489232949 37.423497054281896 44.013123189495204 0.0 53.79382989810288 0.0 29.627808698897375 45.35003482853585 0.0 7.088915787576117 6.813186507820476 9.18217000084084 5.1030263483430405 1.5267164844025267 0.5070388547917031 0.0 1.008236732068717 4.389502058881425 7.135624587056261 9.180802173356648 9.177290348636204 7.626097541663833 7.634300743182498 5.5823839483786974 0.0 0.0 8.481373771592924 2.4718363311457003 25.761020239892886 60.11297327820766 91.7039723577135 41.503901652016054 47.71914660208595 51.84040819481931 66.24845640654385 74.48392265855534 37.390931447882416 69.79094897847519 42.97720247055725 24.973557507951803 71.64790471538726 61.889913659764765 72.49645631759714 64.17304247934022 74.49928823661557 69.10385232972769 69.10540863211368 69.08906220248716 69.07874721203378 69.10107513948014
60.73258728156433 60.8039381834526 60.83245579841326 33.220937494704565 37.08091061813298 63.092553875312845 36.641342541281155 15.421039059642446 21.820265431297003 0.0 0.0 0.0 0.0 0.0 52.6112953597912 49.56293411122703 46.05604564708612 33.206872629508545 38.13128672042708 0.0 41.094227218275364 3.088141420407514 0.0 0.0 0.0 0.0 3.0840765358638373 0.44561840622894816 0.6586783951410347 1.3614714473835396 5.779959823957186 6.122699787455134 7.705453664556593 4.099413027028885 5.1254004622435785 4.621480172425576 5.644509772709965 9.758345513828516 49.185801250912164 0.0 11.612489475000581 14.515611843750728 2.9031223687501453 26.073006200031614 63.66948055659354 43.46634157941856 60.74520843509862 78.0748249499667 95.44623662268103 69.64085091524186 69.66141007242831 50.304327835421525 50.33234472825743 50.31866932227869 73.14897626514794 71.03823853038746 52.27657128762192 52.40906454841322 58.12737108346874 104.13087297863724 104.12297298956221 104.13087297863724 75.23648677600555
0.0 0.0 63.7814077507786 66.28608243581616 46.70840412840706 0.0 0.0 0.0 0.0 0.0 0.0 0.0 0.0 0.0 45.88736345573311 32.88518823250582 0.0 0.0 5.12609724286839 0.0 2.751897281576033 5.40099045079013 2.080350660512424 5.631968969167336 3.9426926785825467 4.48185182383351 3.2386108309527866 3.1358648907982762 4.493130540540201 3.6755939479707718 5.529381191889142 8.807499369476648 6.171536788713695 4.670770986545752 3.118813235686404 0.0 0.0 0.0 0.0 0.0 0.0 0.0 0.0 0.0 0.0 87.52366364791231 60.476851997363894 93.33423869453397 61.23133805648003 69.92998279699118 40.87128684626505 54.80824571086653 65.32370997678984 58.972385623462095 69.56509095329892 63.25042036059525 46.26815822438423 96.25734696418385 54.75362294659502 65.32264577684278 75.89068604618437 75.89683252820039 73.78099655269264
0.0 0.0 0.0 0.0 0.0 0.0 0.0 0.0 0.0 0.0 0.0 0.0 0.0 0.0 48.96608143022479 0.0 0.0 0.0 0.0 8.25807395284663 0.0 0.0 3.2652927818640687 2.651795404718707 2.7638107049186766 3.821610422744704 3.4840748467488227 6.896871209499937 7.377978938642056 5.314595044256976 4.083636154677057 7.165845373958279 7.993901181871524 4.602703881430084 6.282150880773786 5.845907490144281 2.0693125927489957 0.0 0.0 0.0 0.0 0.0 0.5101868469182451 0.0 0.0 0.0 0.0 0.0 0.0 0.0 8.801905899507046 49.92480682730571 38.265351853381915 42.53414874133198 44.580675099656446 33.94411020737809 29.694307954367723 5.873503893825078 52.91166316753474 55.89844357270735 50.961408109014336 50.96140810893991 42.503024625354
0.0 0.0 0.0 0.0 0.0 0.0 0.0 0.0 0.0 5.347574497417014 41.53481722051063 0.0 0.0 0.0 12.285907074540685 101.25595717699872 69.21085503208343 0.0 0.0 0.0 5.956997233192135 0.0 6.596790755318781 3.0832721544578607 3.0852353619409105 3.321446529769594 2.808078325727524 0.0 0.0 0.0 0.0 0.0 0.0 3.420103290946647 3.2592014681789117 0.0 9.154141881961635 1.7994805431421361 1.4081897078862833 0.0 6.106514573109106 3.4372103574797097 4.922128967056023 5.513213466474736 0.0 0.0 0.0 0.0 0.0 0.0 0.0 0.0 0.0 56.34704482272361 0.0 0.0 23.80114132357188 14.874684506940898 0.0 0.0 8.607418792162871 0.0 15.053124036589097
0.0 0.0 0.0 0.0 0.0 4.886755564669775 1.7511574141600026 8.855706497781894 0.0 36.760275123124515 21.21623127763713 10.608887574449465 0.0 0.0 0.0 0.0 0.0 0.0 0.0 0.0 0.0 5.2761922284293865 3.599726181697291 0.0 0.0 0.0 0.0 0.0 0.0 0.0 0.0 4.01700924156699 1.3467627750472806 3.4870048806302907 3.90625368088728 3.909180870300284 3.5501109639395314 0.3770856374458309 0.0 0.0 1.3305502797561675 4.313019721896801 5.542985810839885 5.154827622013656 5.928177640125004 4.622363327332354 0.0 0.0 0.0 0.0 0.0 0.0 0.0 0.0 0.0 0.0 104.75105708777588 89.826995412218 77.88650296297563 86.85285765490069 77.84030600064284 69.21802771486122 67.05695579966638
0.0 3.82328513774425 4.153282850989079 6.293063888396194 146.57199512978855 130.31656326841374 132.51171481171968 53.058936598927694 49.43310883430438 74.2200800915054 260.4009740915553 143.88873624209157 361.78014146284687 327.3276435222203 0.0 0.0 0.0 0.0 0.0 0.0 3.408824460757252 3.3806172535971135 0.0 6.441172906507875 5.975175134071555 3.3461878604841457 3.338540946402953 3.7628550759020674 4.927895986726058 3.9686916134932377 0.0 3.3740390423155486 4.383672417638105 1.5883781638417613 2.5325943351849523 2.326959165340504 0.9583089861012719 0.0 0.0 0.0 0.0 0.4839608251185935 2.4031499114910284 2.0213628881011743 1.0390402778086887 6.342027214630461 0.0 0.0 0.0 0.0 0.0 0.0 0.0 33.27874336388214 0.0 0.0 75.4241968526819 69.39007688150639 75.34305124612993 60.239544507220955 54.290570425948054 81.4470895629149 30.12933478363599
0.0 0.0 0.0 0.0 0.0 45.072034561327925 55.77444145159856 76.07586538356104 63.11941453605999 48.77171792454359 94.78847321739364 50.230688346091675 48.596510050168504 36.46570900662301 54.64086501521704 87.12225172340862 0.0 1.5893855080462422 2.108760649470881 2.739821203914879 2.9445639334251883 6.85537065148703 5.75474316929901 5.418455936015527 3.970970061301389 5.055613158062384 6.140790886229022 5.063841754393791 3.235929033506154 6.0346717244172545 4.565520570460391 1.4441199237756501 1.6163284747883542 0.0 0.0 0.0 0.0 0.0 0.0 0.0 0.0 0.0 0.0 0.0 0.0 0.0 0.0 0.0 3.734808142181406 1.4921532781815103 0.0 0.0 0.0 0.0 0.0 0.0 0.0 0.32912919164154275 1.5576780270802484 1.9882480164017746 42.49665938432953 57.73349904529949 51.77590048812009
111.83444105899028 181.18877722640573 135.10339113994144 201.81169643380082 208.65841240518662 97.66672120127808 0.0 0.0 0.0 113.90704187381847 138.33316653000185 149.75423984828575 150.34359641986674 62.709740397377125 1.4945720061019445 2.915939102316909 3.2662110752168965 4.135039566165569 6.319784176546643 2.138427253521999 2.3178742213016963 0.978979111497613 3.6163053704767774 0.0 1.4790258445557996 2.302048902946276 0.557929447830954 2.6422747027974847 3.4878497099777377 0.8858127537600069 0.0 0.0 0.0 0.0 0.0 0.0 0.0 0.0 0.0 0.0 0.0 0.0 0.0 0.0 0.0 0.0 0.0 0.0 0.0 0.0 0.0 0.0 0.0 7.032261714125208 0.0 0.0 10.029157731294733 5.66375112651419 4.876159607834412 1.6652243378946923 0.5029566854225941 7.541740845204399 6.528654177975692
0.0 0.0 0.0 0.0 0.0 0.0 0.0 239.36864930873327 0.0 0.0 114.21781351131318 65.24043485371936 63.49373467960196 4.344804211940875 3.0736274372272074 2.345238419981897 3.620186543578182 5.0819866603676145 0.5487031358609629 0.0 1.2873647010641525 0.0 3.641615872991387 3.8228419635538033 1.0081329045507177 0.0 0.0 1.9765510529059376 3.942558520566355 0.0 0.0 0.0 0.0 0.0 0.0 0.0 0.0 0.0 0.0 0.0 0.0 0.0 0.0 0.0 0.0 0.0 0.0 0.0 0.0 0.0 0.0 0.0 0.0 8.601399608620596 6.5824467115723735 3.547864252645869 4.051476787081084 1.6892386470510867 7.073794570358784 4.012313950608029 6.06980438560217 8.589135710174627 11.129785057480573
0.0 0.0 116.35545843864288 0.0 217.1141276645171 151.3613422668634 196.6676433601331 178.8374778236049 204.15237601580716 3.019737094662871 4.015340174726413 4.274293866122018 6.799147210117874 9.399753109415999 9.199097916730068 5.479571432836484 0.0 6.724476868219519 4.2993093348428895 1.9467594134284176 0.0 1.049040904415871 0.0 0.0 0.0 0.0 0.0 0.0 0.0 1.93539741576596 2.377762677258353 2.1871001136021833 0.0 0.0 0.0 0.0 0.0 0.0 0.0 0.0 0.0 0.0 0.0 0.0 0.0 0.0 0.0 1.3039237990534644 1.8307727780273448 2.703175227225704 0.0 0.0 3.052321153986047 4.07776586801424 3.8249568770945386 1.5242454599332893 0.6750101675620513 1.0124232628623742 3.0615248802645274 1.0145346897950023 3.3815012801677455 5.726501025636864 9.1641150444286
217.9147575883775 208.5285951945009 234.5161411548947 0.0 0.0 4.3118723201612195 4.309522960996281 5.596481638537318 5.58674475742293 7.758351982236784 6.38242775013242 8.339511683591624 8.904239934770318 6.677481826616417 2.580805836623457 1.4005704340184761 3.795502170862002 2.5296863502821707 0.4970977313907776 0.0 0.0 0.0 0.0 0.0 0.0 0.0 0.0 0.0 0.0 0.0 0.0 0.0 0.0 0.0 0.0 0.0 0.0 0.0 0.0 0.0 0.0 0.0 0.0 0.0 0.0 2.9579233000962093 0.0 3.883575543618451 3.632512689613267 2.321171685375603 6.606778180868462 4.204132634519843 1.3277072440393893 5.366664077723383 4.576660538280265 2.3643218903749483 0.5144837850153019 2.7182959946075105 3.0624737698949724 3.065809764740819 5.106206265392567 9.258802820115266 9.76253671951159
116.05401472768364 140.47683927294935 238.25649783618456 207.4054441188472 5.684950635740508 6.653678662479662 6.719868590571295 5.308595681786902 4.66935309718181 2.7377126313662403 3.090579521719838 2.1956356283274787 3.4867170295855003 4.857283915350192 4.6448563751317185 0.9195456411351399 0.0 0.0 0.0 0.0 0.0 0.0 0.0 0.0 0.0 0.0 0.0 0.0 0.0 0.0 0.0 0.0 0.0 0.0 0.0 1.547168679126905 1.0308258276328701 2.8070017067031485 0.0 0.0 0.0 0.0 0.0 0.0 1.4812512880770483 0.0 0.0 0.0 9.311287738845285 8.492208636006422 13.013696110908944 9.21926208352835 8.502686208828402 6.407236444533253 4.440699295517479 3.056561117810931 0.0 0.0 3.0975959786463676 7.246091489318915 6.854365076071495 11.375805983028442 6.1989502053638335
164.8666440744571 117.85399690064712 51.78104503382612 0.0 3.4024199069047008 6.215557205975363 3.96493610850132 3.967451136452816 3.7402596367223064 4.3043749391766175 1.8787223800014308 6.030183037788652 2.929263431712785 0.0 0.0 0.0 0.0 0.0 0.0 0.0 0.0 0.0 0.0 0.0 0.0 0.0 0.0 0.0 0.0 0.0 0.0 1.5527274477711748 1.5911704933567024 5.570549364150015 5.090704772274786 4.514750920094828 0.0 0.0 0.0 0.0 0.0 0.0 0.0 0.0 0.0 0.0 0.0 5.076278907228817 4.361511260908337 0.0 5.937371777516732 10.44805800987605 14.053976696462563 9.203872006010036 13.192592081168188 15.458983416776308 7.612486079757005 11.719405214536065 3.127136925240936 2.0872653420861558 4.678653549272258 4.684948743299985 4.324326861793711
19.332064505387926 0.0 0.0 73.64814940555135 3.0471563842769984 5.703287617059125 2.8673497425842602 5.355457507861624 3.1679611946470843 1.3763701816722287 4.091052901412806 3.023294761722336 0.0 0.0 0.0 0.0 0.0 0.0 0.0 0.0 0.5704469180711723 0.0 0.0 0.0 0.0 0.0 0.0 0.5711909352596285 0.0 1.139729987180078 2.2225678690261472 1.7056017770726204 3.9764034834065836 2.6395686315045195 2.644490567940259 3.17079797280167 0.0 0.0 0.0 0.7509437831706927 0.0 0.0 0.0 0.0 0.0 0.0 0.3958563434611986 0.9208475668797967 3.517290342007853 1.3059621419605625 0.0 0.0 0.0 0.0 0.0 16.01555800213252 0.0 0.0 17.66538691685336 14.724631317017316 6.349342305563683 5.5978852210511505 8.694759668857188
20.24801493999639 22.8607883623607 20.645260773713343 0.0 0.0 185.2737485520934 4.402015089325653 7.459993702067925 7.047267012983123 2.9759998636162623 0.0 1.9640061019943356 0.0 0.0 0.0 0.0 0.0 0.0 0.0 1.7146169345469873 0.571112614244298 1.1394774492193358 0.0 0.0 0.0 0.575139884662227 2.707446873376218 3.611804142745149 0.0 1.1496248447258217 2.875044498718696 4.591934948892434 2.293335966250244 3.456235402162975 4.987357535988251 7.444445438433386 1.3525072014508708 1.5335053940590146 0.6628635303874448 0.0 0.0 0.0 0.0 0.0 0.1320131166226579 0.13275594351128395 0.3975341997201922 0.0 0.0 0.0 0.0 0.0 0.0 0.0 0.0 0.0 2.206831936720831 0.0 0.0 0.0 11.959716939586658 8.511348746072056 3.957218529096033
27.554488585328333 0.0 30.442395871129353 37.37559222852261 0.0 74.45693107953409 8.572067083594739 9.806839004465857 10.391563187968208 2.1496876026327216 1.7343267911692892 1.6992277313586905 1.846585180189474 1.0594191849570491 0.0 0.7162685113728422 3.5223070058845907 0.0 0.0 1.7325952734276338 0.38184477522955784 2.209756033671466 2.2932139239296174 2.1837962094439307 2.8926287667365638 1.7273817024491314 0.0 0.5790454233312674 4.628473875569687 4.297782790438202 5.0266972218352635 0.0 0.0 4.25239063827927 4.507670857934442 6.954429862832971 10.40203841263707 1.4688199713435408 1.3355880600918661 0.40086079383425144 0.13387012383708474 0.0 0.0 0.0 0.0 0.0 0.5334737256149666 0.9327327070837711 0.8032256522687733 0.0 0.5990451835760628 0.0 0.0 0.0 0.0 0.0 1.0761521202380664 1.0156809828556637 0.0 0.0 0.0 0.0 0.0
37.58410975911003 35.18033187786332 0.0 463.144170330533 0.0 2.319656137630475 4.647987316585089 6.167685936597777 9.881797600349831 9.268791484680529 4.4889854131184865 1.9251955035018224 2.1697350568031206 0.7660268831240444 1.0552669383388258 1.8752665209504435 2.0455860806512054 0.4939782161868897 1.0197350134576684 0.6856314582415458 0.38477356214723824 5.102789081758918 4.657475426667444 8.717271842102779 9.297594605253959 7.567523578520977 7.464783508968544 4.270482849743471 5.0595141093703075 6.223358880951199 6.610729198510101 5.835563020032684 6.429876566248715 7.625261372892197 7.265296926968959 7.3928001788990265 6.787003100288449 6.609875290241052 1.4386934343674136 1.6216458413389017 0.3742889244555262 0.8063524793430833 1.0769776394684498 0.13461476593812943 0.0 0.0 0.0 0.1344663085732872 0.9387335069884388 0.9107483105637666 1.3371269742069114 1.6107979656258977 1.3315087031843857 1.2597903079448582 0.0 0.0 0.0 0.0 0.0 0.0 2.0471123382376395 13.846565270154844 14.549403670298451
809.5922602460938 2989.933416946303 3964.0450023886087 0.0 0.0 0.0 8417.170891480853 2.9645253372498392 5.445749355334777 7.9741283865889905 6.579593170235203 6.010935316867199 7.613655005043007 8.032991130247952 6.345109104433705 0.0 0.0 1.7275375658081469 4.251804034626415 6.090968215624259 3.4853502841309343 4.312806634857485 7.034200636185633 6.889021424942565 5.796877458031134 5.803964273154971 4.304831571714444 5.858464787067183 6.256739050160523 0.0 0.0 0.0 0.0 0.0 0.0 0.0 7.437620965279064 0.0 1.3567255017741342 2.1640192061187626 1.7321251443390167 0.8796207960486784 0.8102304559944112 0.4055331503604848 0.2710337779204617 0.6781127090938351 0.4066632175457395 0.0 0.0 2.420546810083025e-07 0.541501734654715 1.2165481150770767 1.5811875251134522 0.0 0.0 0.0 0.0 0.0 2.129781464490435 2.482647538686115 3.1911198856767777 14.19020875221358 15.231700872078832
7290.8419959523435 0.0 2405.4780568333913 5856.2407219047145 11682.568836973263 4796.931968060769 0.0 0.0 3.338671135114867 4.882053663656688 6.0656124201893 6.29437994864254 5.909651793686716 5.903559053297726 5.111452751498735 8.714386914711705 7.619842718894978 8.21581035845629 5.412876469556911 7.009675983293919 5.1111863039937155 5.462028395396449 4.328955099148585 5.122794134558623 6.31042036667453 6.307899837464101 6.26976363658664 0.0 0.0 0.0 0.0 0.0 0.0 0.0 0.0 0.0 0.0 0.0 0.0 0.0 1.4575597165708092 1.4566852253842961 0.0 0.845003449611716 0.7607193833256356 1.4915688193537755 1.2226349801450151 0.0 0.0 0.0 0.0 1.4553985121365491 0.0 1.18629383786797 0.0 0.0 0.0 0.0 0.0 3.3721575890745075 3.3180597332852635 2.229398856162276 15.841287978364283
2577.214721779205 7326.045427950994 7074.26418959215 20168.023056963586 11828.386816760481 5796.738717038627 5740.909014135385 2984.620212924722 451.5295761914944 0.0 0.0 5.467362988869076 0.0 65514.723747039396 65500.078415753975 0.0 3.563597514253064 4.755362451517949 4.759792434411499 0.0 0.0 0.0 6.342959129532924 7.930989902534209 7.133865115240145 6.731771337053184 0.0 0.0 0.0 0.0 0.0 0.0 0.0 0.0 0.0 0.0 0.0 0.0 0.0 0.0 0.0 0.0 0.0 1.2824814651966783 1.3754011513970161 1.3739621991162876 1.4679786122353962 1.4679793950379092 0.0 0.0 0.0 0.0 1.4443072326443764 1.5592131546550325 1.5572645876525708 0.0 0.0 0.0 0.0 0.0 1.8423252142733315 14.63884631490895 12.49000865376977
0.0 0.0 0.0 17569.17771845142 12207.233606995522 2815.178783917809 2995.7690871721456 5484.380311709641 2743.5316367975906 0.0 0.0 4691.1844885781375 75094.53413035274 0.0 84738.19877266501 88405.91289321151 65883.79941587131 0.08623978606815338 0.09176525476854852 0.0 0.0 0.2099804364376358 0.20187306282393164 0.22232696331522775 0.19211216947226917 0.1899316123399541 0.2114322567436258 0.21150147271280734 0.21142233424014484 0.24667791052401855 0.19924925275700972 0.0 0.0 0.0 0.0 0.0 0.0 0.0 0.0 0.0 0.0 0.0 0.0 1.569685802789782 0.0 1.5689290531861004 0.0 1.660825886986346 1.569097897750461 1.569700114033385 0.0 0.0 1.5701630616530111 0.0 0.0 0.0 1.994209672945101 0.0 0.0 0.0 8.76901815253384 13.245831103159897 10.113768701758854
0.0 0.0 0.0 45125.53878961353 0.0 12231.249787484483 0.0 0.0 3048.7096352201047 0.0 2949.4905444097785 4501.3163275052375 28262.082517405153 80396.09482286344 89876.46043567329 89917.24906647915 0.21935054357931044 0.18364759872616926 0.24788643850183106 0.15802776812774075 0.0 0.23570735037790053 0.0 0.0 0.0 0.2606643836048104 0.0 0.0 0.0 0.0 0.0 0.0 0.0 0.0 0.0 0.0 0.0 0.0 0.0 0.0 0.0 0.0 1.5797826553596692 0.0 1.6700671761465673 1.6720342594403228 0.0 0.0 0.0 1.761618041178103 0.0 0.0 0.0 0.0 0.0 0.9242848951196179 0.0 0.0 0.0 0.0 8.581559971697283 8.47953281690583 9.816661238360984
0.0 0.0 0.0 0.0 0.0 0.0 14872.47096748874 7447.668307634996 3133.483452480422 2892.848882987909 6762.433510899041 11978.968158950696 0.0 23681.89918559701 71455.0842692109 0.0 0.21113615106610284 0.21116878110652948 0.0 0.20304070976699132 0.15885150058949776 0.21235795555784862 0.0 0.0 0.0 0.2624532595863643 0.0 0.0 0.0 0.0 0.0 0.0 0.0 0.0 0.0 0.0 0.0 0.0 0.0 0.0 1.58819299925371 1.4004895022034194 0.9388191478359125 0.0 0.0 0.0 0.0 0.0 0.0 0.0 0.0 0.0 0.0 0.0 0.0 0.0 0.0 0.0 12.455717948516174 8.321057204493156 7.963924014516939 349.24536553133754 8.872794463031628
