critload/trunk/input/2010/nle_ag.asc
ncols 720
nrows 360
xllcorner -180
yllcorner -90
cellsize 0.5
NODATA_value -1
[rows 132 to 164 of 360, columns 296 to 369 of 720]
-1.0 -1.0 -1.0 -1.0 -1.0 -1.0 -1.0 -1.0 -1.0 -1.0 -1.0 -1.0 -1.0 -1.0 -1.0 -1.0 -1.0 -1.0 -1.0 -1.0 -1.0 -1.0 -1.0 -1.0 -1.0 -1.0 -1.0 -1.0 -1.0 -1.0 -1.0 -1.0 0.0 0.0 0.0 0.0 0.0 0.0 0.0 0.0 0.0 0.0 0.0 0.0 0.0 0.0 0.0 0.0 0.0 0.0 0.0 0.0 0.0 0.0 0.0 0.0 0.0 0.0 0.0 0.0 0.0 0.0 0.0 0.0 0.0 0.0 0.0 0.0 0.0 0.0 0.0 0.0 0.0 0.0
-1.0 -1.0 -1.0 -1.0 -1.0 -1.0 -1.0 -1.0 -1.0 -1.0 -1.0 -1.0 -1.0 -1.0 -1.0 -1.0 -1.0 -1.0 -1.0 -1.0 -1.0 -1.0 -1.0 -1.0 -1.0 -1.0 -1.0 -1.0 -1.0 -1.0 -1.0 0.0 0.0 0.0 0.0 0.0 0.0 0.0 0.0 0.0 0.0 0.0 0.0 0.0 0.0 0.0 0.0 0.0 0.0 0.0 0.0 0.0 0.0 0.0 0.0 0.0 0.0 0.0 0.0 0.0 0.0 0.0 0.0 0.0 0.0 0.0 0.0 0.0 0.0 0.0 0.0 0.0 0.0 0.0
-1.0 -1.0 -1.0 -1.0 -1.0 -1.0 -1.0 -1.0 -1.0 -1.0 -1.0 -1.0 -1.0 -1.0 -1.0 -1.0 -1.0 -1.0 -1.0 -1.0 -1.0 -1.0 -1.0 -1.0 -1.0 -1.0 -1.0 -1.0 -1.0 -1.0 -1.0 0.0 0.0 0.0 0.0 0.0 0.0 0.0 0.0 0.0 0.0 0.0 0.0 0.0 0.0 0.0 0.0 0.0 0.0 0.0 0.0 0.0 0.0 0.0 0.0 0.0 0.0 0.0 0.0 0.0 0.0 0.0 0.0 0.0 0.0 0.0 0.0 0.0 0.0 0.0 0.0 0.0 0.0 0.0
-1.0 -1.0 -1.0 -1.0 -1.0 -1.0 -1.0 -1.0 -1.0 -1.0 -1.0 -1.0 -1.0 -1.0 -1.0 -1.0 -1.0 -1.0 -1.0 -1.0 -1.0 -1.0 -1.0 -1.0 -1.0 -1.0 -1.0 -1.0 -1.0 -1.0 0.0 0.0 0.0 0.0 0.0 0.0 0.0 0.0 0.0 0.0 0.0 0.0 0.0 0.0 0.0 0.0 0.0 0.0 0.0 0.0 0.0 0.0 0.0 0.0 0.0 0.0 0.0 0.0 0.0 0.0 0.0 0.0 0.0 0.0 0.0 0.0 0.0 0.0 0.0 0.0 0.0 0.0 0.0 0.0
-1.0 -1.0 -1.0 -1.0 -1.0 -1.0 -1.0 -1.0 -1.0 -1.0 -1.0 -1.0 -1.0 -1.0 -1.0 -1.0 -1.0 -1.0 -1.0 -1.0 -1.0 -1.0 -1.0 -1.0 -1.0 -1.0 -1.0 -1.0 -1.0 -1.0 0.0 0.0 0.0 0.0 0.0 0.0 0.0 0.0 0.0 0.0 0.0 0.0 0.0 0.0 0.0 0.0 0.0 0.0 0.0 0.0 0.0 0.0 0.0 0.0 0.0 0.0 0.0 0.0 0.0 0.0 0.0 0.0 0.0 0.0 0.0 0.0 0.0 0.0 0.0 0.0 0.0 0.0 0.0 0.0
-1.0 -1.0 -1.0 -1.0 -1.0 -1.0 -1.0 -1.0 -1.0 -1.0 -1.0 -1.0 -1.0 -1.0 -1.0 -1.0 -1.0 -1.0 -1.0 -1.0 -1.0 -1.0 -1.0 -1.0 -1.0 -1.0 -1.0 -1.0 -1.0 0.0 0.0 0.0 0.0 0.0 0.0 0.0 0.0 0.0 0.0 0.0 0.0 0.0 0.0 0.0 0.0 0.0 0.0 0.0 0.0 0.0 0.0 0.0 0.0 0.0 0.0 0.0 0.0 0.0 0.0 0.0 0.0 0.0 0.0 0.0 0.0 0.0 0.0 0.0 0.0 0.0 0.0 0.0 0.0 0.0
-1.0 -1.0 -1.0 -1.0 -1.0 -1.0 -1.0 -1.0 -1.0 -1.0 -1.0 -1.0 -1.0 -1.0 -1.0 -1.0 -1.0 -1.0 -1.0 -1.0 -1.0 -1.0 -1.0 -1.0 -1.0 -1.0 -1.0 -1.0 -1.0 0.0 0.0 0.0 0.0 0.0 0.0 0.0 0.0 281.95882322 0.0 0.0 21.957665335 0.0 0.0 0.0 0.0 0.0 0.0 0.0 0.0 0.0 0.0 0.0 0.0 0.0 0.0 0.0 0.0 0.0 0.0 0.0 0.0 0.0 0.0 0.0 0.0 0.0 0.0 0.0 0.0 0.0 0.0 0.0 0.0 0.0
-1.0 -1.0 -1.0 -1.0 -1.0 -1.0 -1.0 -1.0 -1.0 -1.0 -1.0 -1.0 -1.0 -1.0 -1.0 -1.0 -1.0 -1.0 -1.0 -1.0 -1.0 -1.0 -1.0 -1.0 -1.0 -1.0 -1.0 -1.0 -1.0 -1.0 -1.0 0.0 0.0 0.0 0.0 0.0 0.0 0.0 0.0 0.0 0.0 0.0 0.0 0.0 0.0 0.0 0.0 0.0 0.0 0.0 0.0 0.0 0.0 0.0 0.0 0.0 0.0 0.0 0.0 0.0 0.0 0.0 0.0 0.0 0.0 0.0 0.0 0.0 0.0 0.0 0.0 0.0 0.0 0.0
-1.0 -1.0 -1.0 -1.0 -1.0 -1.0 -1.0 -1.0 -1.0 -1.0 -1.0 -1.0 -1.0 -1.0 -1.0 -1.0 -1.0 -1.0 -1.0 -1.0 -1.0 -1.0 -1.0 -1.0 -1.0 -1.0 -1.0 -1.0 -1.0 -1.0 -1.0 0.0 0.0 0.0 0.0 0.0 0.0 525.800227637 0.0 0.0 0.0 0.0 0.0 0.0 0.0 0.0 0.0 0.0 0.0 0.0 0.0 0.0 0.0 0.0 0.0 0.0 0.0 0.0 0.0 0.0 0.0 0.0 0.0 0.0 0.0 0.0 0.0 0.0 0.0 0.0 0.0 0.0 0.0 0.0
-1.0 -1.0 -1.0 -1.0 -1.0 -1.0 -1.0 -1.0 -1.0 -1.0 -1.0 -1.0 -1.0 -1.0 -1.0 -1.0 -1.0 -1.0 -1.0 -1.0 -1.0 -1.0 -1.0 -1.0 -1.0 -1.0 -1.0 -1.0 -1.0 -1.0 -1.0 0.0 0.0 0.0 0.0 0.0 0.0 0.0 0.0 0.0 0.0 0.0 0.0 0.0 0.0 0.0 0.0 0.0 0.0 0.0 0.0 0.0 0.0 0.0 0.0 0.0 0.0 0.0 0.0 0.0 0.0 0.0 0.0 0.0 0.0 0.0 0.0 0.0 0.0 0.0 0.0 0.0 0.0 0.0
-1.0 -1.0 -1.0 -1.0 -1.0 -1.0 -1.0 -1.0 -1.0 -1.0 -1.0 -1.0 -1.0 -1.0 -1.0 -1.0 -1.0 -1.0 -1.0 -1.0 -1.0 -1.0 -1.0 -1.0 -1.0 -1.0 -1.0 -1.0 -1.0 -1.0 -1.0 0.0 0.0 0.0 0.0 0.0 0.0 0.0 0.0 0.0 22683.3506942 0.0 58684.625849 0.0 0.0 0.0 0.0 0.0 0.0 0.0 0.0 0.0 0.0 0.0 0.0 0.0 0.0 0.0 0.0 0.0 0.0 0.0 0.0 0.0 0.0 0.0 0.0 0.0 0.0 0.0 0.0 0.0 0.0 0.0
-1.0 -1.0 -1.0 -1.0 -1.0 -1.0 -1.0 -1.0 -1.0 -1.0 -1.0 -1.0 -1.0 -1.0 -1.0 -1.0 -1.0 -1.0 -1.0 -1.0 -1.0 -1.0 -1.0 -1.0 -1.0 -1.0 -1.0 -1.0 -1.0 -1.0 -1.0 0.0 0.0 0.0 0.0 0.0 0.0 0.0 0.0 0.0 140207.476076 1.09329026188 0.0 0.0 0.0 0.0 0.0 0.0 0.0 0.0 0.0 0.0 0.0 0.0 0.0 0.0 0.0 0.0 0.0 0.0 0.0 0.0 0.0 0.0 0.0 0.0 0.0 0.0 0.0 0.0 0.0 0.0 0.0 0.0
-1.0 -1.0 -1.0 -1.0 -1.0 -1.0 -1.0 -1.0 -1.0 -1.0 -1.0 -1.0 -1.0 -1.0 -1.0 -1.0 -1.0 -1.0 -1.0 -1.0 -1.0 -1.0 -1.0 -1.0 -1.0 -1.0 -1.0 -1.0 -1.0 -1.0 -1.0 0.0 0.0 0.0 0.0 0.0 0.0 0.0 153886.61192909998 0.0 68.3989126245 0.0 0.0 0.0 0.0 0.0 0.0 0.0 0.0 0.0 0.0 0.0 0.0 0.0 0.0 0.0 0.0 0.0 0.0 0.0 0.0 0.0 0.0 0.0 0.0 0.0 0.0 0.0 0.0 0.0 0.0 0.0 0.0 0.0
-1.0 -1.0 -1.0 -1.0 -1.0 -1.0 -1.0 -1.0 -1.0 -1.0 -1.0 -1.0 -1.0 11047.94480237 -1.0 -1.0 -1.0 -1.0 -1.0 -1.0 -1.0 -1.0 -1.0 -1.0 -1.0 -1.0 -1.0 -1.0 -1.0 -1.0 -1.0 0.0 0.0 0.0 0.0 0.0 19787.6585239 0.0 0.0 417160.427727 133880.280976 0.0 0.0 0.0 0.0 0.0 0.0 0.0 0.0 0.0 0.0 0.0 0.0 0.0 0.0 0.0 0.0 0.0 0.0 0.0 0.0 0.0 0.0 0.0 0.0 0.0 0.0 0.0 0.0 0.0 0.0 0.0 0.0 0.0
-1.0 -1.0 -1.0 -1.0 -1.0 -1.0 -1.0 -1.0 -1.0 -1.0 -1.0 -1.0 -1.0 88688.0997742 599.401711839 378.272660856 -1.0 -1.0 0.0 -1.0 -1.0 -1.0 -1.0 -1.0 -1.0 -1.0 -1.0 -1.0 -1.0 -1.0 -1.0 265103.563392 239914.303234 97669.4808447 27719.9018279 5582.78461524 0.0 36240.7672142 0.0 0.0 370.67588455 317439.769687 445611.97320238 443500.74200140004 57213.1427545 0.0 0.0 0.0 0.0 0.0 0.0 0.0 0.0 0.0 0.0 0.0 0.0 0.0 0.0 0.0 0.0 0.0 0.0 0.0 0.0 0.0 0.0 0.0 0.0 0.0 0.0 0.0 0.0 0.0
-1.0 -1.0 -1.0 -1.0 -1.0 -1.0 -1.0 -1.0 -1.0 -1.0 -1.0 -1.0 -1.0 -1.0 -1.0 -1.0 -1.0 -1.0 52.2160613299 -1.0 -1.0 -1.0 -1.0 -1.0 -1.0 -1.0 -1.0 -1.0 -1.0 -1.0 -1.0 186251.782175 39562.5858969 0.0 0.0 187.973912528 0.0 0.0 0.0 0.0 174726.96243277 0.0 209597.440945 44.6851173238 0.0 0.0 0.0 0.0 0.0 0.0 0.0 0.0 0.0 0.0 0.0 0.0 0.0 0.0 0.0 0.0 0.0 0.0 0.0 0.0 0.0 0.0 0.0 0.0 0.0 0.0 0.0 0.0 0.0 0.0
-1.0 -1.0 -1.0 -1.0 -1.0 -1.0 -1.0 -1.0 -1.0 -1.0 -1.0 -1.0 -1.0 -1.0 -1.0 -1.0 -1.0 -1.0 -1.0 -1.0 -1.0 -1.0 -1.0 -1.0 -1.0 -1.0 -1.0 -1.0 -1.0 -1.0 1948.33108054 0.0 15417.301376 6710.81497415 2721.96652728 1462.53113391 162358.98453 0.0 0.0 146097.790146 0.0 0.0 0.0 0.0 0.0 0.0 31.8489325008 0.0 0.0 0.0 220992.586091 0.0 0.0 0.0 0.0 0.0 0.0 0.0 0.0 0.0 0.0 0.0 0.0 0.0 0.0 0.0 0.0 0.0 0.0 0.0 0.0 0.0 0.0 0.0
-1.0 -1.0 -1.0 -1.0 -1.0 -1.0 -1.0 -1.0 -1.0 -1.0 -1.0 -1.0 -1.0 -1.0 -1.0 0.0 70429.4380242 519.081902927 -1.0 -1.0 -1.0 -1.0 -1.0 -1.0 -1.0 -1.0 -1.0 -1.0 -1.0 0.0 83651.7964422 23663.727133 0.0 0.0 17.5663376855 206.950180837 123.646473831 0.0 0.0 0.0 0.0 0.0 0.0 0.0 0.0 0.0 0.0 0.0 0.0 0.0 0.0 0.0 0.0 0.0 0.0 0.0 0.0 0.0 0.0 0.0 0.0 0.0 0.0 0.0 0.0 0.0 0.0 0.0 0.0 0.0 0.0 0.0 0.0 0.0
-1.0 -1.0 -1.0 -1.0 -1.0 -1.0 -1.0 -1.0 -1.0 -1.0 -1.0 -1.0 -1.0 -1.0 12357.4841407 5173.3041573505 6176.60887599 -1.0 -1.0 -1.0 -1.0 -1.0 -1.0 -1.0 -1.0 -1.0 -1.0 -1.0 -1.0 0.0 560774.728659 16978.5704887 0.0 0.0 0.0 0.0 0.0 0.0 0.0 0.0 0.0 0.0 0.0 0.0 0.0 123129.295567 5376.30291163 58835.9804501 5593.57343597 4461.65793001 0.0 0.0 0.0 0.0 0.0 0.0 4149.50924897 0.0 25.3834358897 0.0 0.0 0.0 0.0 0.0 0.0 0.0 0.0 4200.05107093 2032.76277487 0.0 0.0 0.0 0.0 0.0
-1.0 -1.0 -1.0 -1.0 -1.0 -1.0 -1.0 -1.0 -1.0 -1.0 -1.0 -1.0 -1.0 -1.0 -1.0 -1.0 -1.0 -1.0 -1.0 -1.0 -1.0 -1.0 -1.0 -1.0 -1.0 -1.0 -1.0 -1.0 -1.0 -1.0 267264.596729 4115.29882861 35999.4121383 0.0 0.0 0.0 0.0 0.0 0.0 3788.26861575 613.955215359 0.0 0.0 0.0 0.0 0.0 1203.22424446 0.0 0.0 0.0 0.0 0.0 0.0 0.0 0.0 0.0 5430.72425477 844.29081199 0.28378733574 0.0 0.0 0.347571040032 0.0 0.0 0.0 0.0 3065.5301486 1722.03192035 13464.5508432 567.780627258 0.0 773.2016098 608.115788999 0.0
-1.0 -1.0 -1.0 -1.0 -1.0 -1.0 -1.0 -1.0 -1.0 -1.0 -1.0 -1.0 -1.0 -1.0 -1.0 -1.0 -1.0 -1.0 -1.0 -1.0 -1.0 -1.0 -1.0 -1.0 -1.0 -1.0 -1.0 -1.0 -1.0 -1.0 88983.6962972 2899145.2439805 1316439.117135 2070554.3529939998 1821764.099752 0.0 0.0 0.0 0.0 0.0 10729.17769791 43758.387038149995 1578.83475694 0.0 0.0 233.548540605 725.761391709 0.0 23526.010561 0.0 0.0 0.0 0.0 0.0 0.0 0.0 18970.7798103 4889.97689568 1973.57934597 105.842881611 5067.11021006 0.0 924.666832256 3075.59822388 0.0 0.0 7709.16602359 1490.08087225 2957.78921103 8635.72745698 18395.5630569 21357.7096123 36597.3692688 6709.08281886
-1.0 -1.0 -1.0 -1.0 -1.0 -1.0 -1.0 -1.0 -1.0 -1.0 -1.0 -1.0 -1.0 -1.0 -1.0 -1.0 -1.0 -1.0 -1.0 -1.0 -1.0 -1.0 -1.0 -1.0 -1.0 -1.0 -1.0 -1.0 -1.0 -1.0 3995012.346644 4174745.931199 1285584.278774 179429.088942 104262.4623132 0.0 1360426.3264879999 98083.11063802299 0.0 66153.9231021255 125429.9528306512 289062.22925543995 243475.03131804502 121.222414913 167695.52243891 10580.7463352 5338.71840231 26600.6966037 25875.2709269 0.0 0.0 0.0 0.0 0.0 0.0 0.0 0.0 0.0 13030.1617036 20735.1451645 119354.684963 70355.2603011 2413.19318118 0.0 2628.84013497 123266.267271 55147.2476051 49576.8813646 42206.0344246 48666.6752651 90664.3569643 135660.455529 0.0 0.0
-1.0 -1.0 -1.0 -1.0 -1.0 -1.0 -1.0 -1.0 -1.0 -1.0 -1.0 -1.0 -1.0 -1.0 -1.0 -1.0 -1.0 -1.0 -1.0 -1.0 -1.0 -1.0 -1.0 -1.0 -1.0 -1.0 -1.0 -1.0 -1.0 -1.0 1026291.554919 180868.5159678 2604773.216097 297635.5020113 277496.6853992 318957.6059582 1498679.6879679998 17402.92650098 18383.90025642276 170259.717786847 138195.25404909 0.0 369713.797175 132262.44358284402 354039.51482569997 302511.7961018 193441.10500860002 154293.9674845 10373.3381562 76946.6634481 85785.4550624 34002.7209276 99176.4177123 52575.8234353 39317.2847132 262742.339594 0.0 0.0 14258.5574259 231376.351805 12563.0056128 178632.398436 19939.8258615 23124.0188837 205034.853184 39643.0452578 108610.396609 0.0 201037.827067 171471.27548 193749.422325 355084.845 0.0 0.0
-1.0 -1.0 -1.0 -1.0 -1.0 -1.0 -1.0 -1.0 -1.0 -1.0 -1.0 -1.0 -1.0 -1.0 -1.0 -1.0 -1.0 -1.0 -1.0 -1.0 -1.0 -1.0 -1.0 -1.0 -1.0 -1.0 -1.0 -1.0 -1.0 -1.0 498827.933091 373188.139319 412237.4036712 458868.4316147 571154.7240289999 657633.1712874 698986.93233 217604.513754 338572.504079 283250.886668 484181.81316689996 175767.5764859578 424545.258933 413095.87078675 241020.34090698 348289.889389 265004.2327686 279394.780805 1208149.2648749999 152299.2624368 198362.3379283 109853.181373 75490.2209102 69204.0796541 356400.149058 362507.115662 0.0 21503.0174451 143348.560538 0.0 0.0 0.0 0.0 40476.7374139 63274.4639988 34710.6622405 9501.81801908 0.0 74595.2439014 0.0 0.0 0.0 0.0 0.0
-1.0 -1.0 -1.0 -1.0 -1.0 -1.0 -1.0 -1.0 -1.0 -1.0 -1.0 -1.0 -1.0 -1.0 -1.0 -1.0 -1.0 -1.0 -1.0 -1.0 -1.0 -1.0 -1.0 -1.0 -1.0 -1.0 -1.0 -1.0 -1.0 -1.0 -1.0 105605.55822692 248303.1446341 328631.5137249 611797.5360853999 432064.608626 334114.442022 311004.17677 289310.706181 502001.793572 406189.2257568 495905.723484 404462.368154 525957.262405 401775.099894 400759.408552 387316.6919333 1025873.560966 1313486.642552 929726.2874980001 1822187.308657 910317.8986879999 230792.941645 0.0 0.0 0.0 102883.491438 0.0 0.0 0.0 0.0 0.0 0.0 0.0 0.0 1440.29660318 28200.0265078 192487.270632 2384.77579318 0.0 9308.50492103 0.0 1252.18802213 0.0
-1.0 -1.0 -1.0 -1.0 -1.0 -1.0 -1.0 -1.0 -1.0 -1.0 -1.0 -1.0 -1.0 -1.0 -1.0 -1.0 -1.0 -1.0 -1.0 -1.0 -1.0 -1.0 -1.0 -1.0 -1.0 -1.0 -1.0 -1.0 -1.0 -1.0 0.0 56435.17709 32439.4964869 315174.84326518996 1167152.367643 594409.262378 116659.448474 132588.194614 218602.42156 446882.685859 423100.640818 449978.590522 622658.579275 531956.790481 527304.001855 327511.105546 1134791.484248 612699.410352 1240409.9983 1693779.5180890001 1579133.820355 254538.7717347 18256.2055594 0.0 0.0 0.0 0.0 0.0 0.0 0.0 0.0 0.0 0.0 0.0 0.0 0.0 0.0 71445.1372614 261657.6001015 94063.3416908 0.0 0.0 6363.1822316 5904.88213351
-1.0 -1.0 -1.0 -1.0 -1.0 -1.0 -1.0 -1.0 -1.0 -1.0 -1.0 -1.0 -1.0 -1.0 -1.0 -1.0 -1.0 -1.0 -1.0 -1.0 -1.0 -1.0 -1.0 -1.0 -1.0 -1.0 -1.0 -1.0 -1.0 -1.0 -1.0 -1.0 -1.0 22620.11029066 113889.2498698 836150.737141 818782.0760000001 893321.29398 583174.768784 557632.8279810001 390570.795463 496171.272746 642996.752602 553538.51958 475840.78597 520482.776953 546419.040658 1153401.7363159999 367844.344802 443719.431623 1425598.5346050002 2150780.260247 1766467.375136 770353.276465 0.0 0.0 0.0 15296.1573933 0.0 0.0 0.0 90901.9368693 122358.106449 30954.7520589 0.0 0.0 87697.6900346 96361.5495809 187113.196913 585452.952053 77019.6104126 178824.109387 29564.0969601 699878.117427
-1.0 -1.0 -1.0 -1.0 -1.0 -1.0 -1.0 -1.0 -1.0 -1.0 -1.0 -1.0 -1.0 -1.0 -1.0 -1.0 -1.0 -1.0 -1.0 -1.0 -1.0 -1.0 -1.0 -1.0 -1.0 -1.0 -1.0 -1.0 -1.0 -1.0 -1.0 -1.0 -1.0 -1.0 7954.27284129 125531.896738 914148.849891 815171.6296399999 541741.855501 530995.3833359999 546611.758494 566538.276453 400063.22593 512277.537621 510953.4273207 449233.39934 440002.6731588 297343.459047 179970.706134 210792.52073268002 292925.061236 281904.976192 391251.813951 325702.2988733 1328242.2820330001 79747.41910592 119298.71110645999 10099.3810054 158821.29556 11489.9974081 0.0 0.0 0.0 0.0 0.0 706471.086107 195474.603364 184899.06328 206010.342742 176454.14879 161028.685292 328301.5803484 252666.8995231 0.0
-1.0 -1.0 -1.0 -1.0 -1.0 -1.0 -1.0 -1.0 -1.0 -1.0 -1.0 -1.0 -1.0 -1.0 -1.0 -1.0 -1.0 -1.0 -1.0 -1.0 -1.0 -1.0 -1.0 -1.0 -1.0 -1.0 -1.0 -1.0 -1.0 -1.0 -1.0 -1.0 -1.0 -1.0 -1.0 -1.0 99351.30416249999 634194.413665 180019.816929 215739.382851 240570.411932 279172.876474 448281.1428856 509390.549585 392799.38451499 341772.720865 99406.0267769 225285.43465453997 243975.07645373 219484.513816285 278333.7580787 310008.010418 329892.292089 72091.05386449 61651.897804721426 6065.39697643 0.78351907876 0.0 0.0 81366.5413555 0.0 0.0 0.0 0.0 0.0 1094211.066708 978583.5420459999 737431.111878 86051.9517299 193120.723823 313914.556242 500482.47067335004 720833.6991899 418748.48626100004
-1.0 -1.0 -1.0 -1.0 -1.0 -1.0 -1.0 -1.0 -1.0 -1.0 -1.0 -1.0 -1.0 -1.0 -1.0 -1.0 -1.0 -1.0 -1.0 -1.0 -1.0 -1.0 -1.0 -1.0 -1.0 -1.0 -1.0 -1.0 -1.0 -1.0 -1.0 -1.0 -1.0 -1.0 -1.0 -1.0 -1.0 820414.157213 257009.31764589998 225055.999278 244578.990001 193089.687846 299573.629524 635737.892179 298178.303378 267291.587138 115260.305645 213324.846937 179565.74823467003 228033.49651672 206592.54348624 216957.6889207 392486.20507100003 276590.2023176 193201.1098979 0.0 0.0 32783.2876366 0.0 16004.8599533 21359.0426584 0.0 70162.627295 6292.67451844 249887.736516 641271.8548916001 876880.576457 102539.320298 67508.5470222 155129.368849 589057.454013 900117.682983 890285.435751 1073881.848244
-1.0 -1.0 -1.0 -1.0 -1.0 -1.0 -1.0 -1.0 -1.0 -1.0 -1.0 -1.0 -1.0 -1.0 -1.0 -1.0 -1.0 -1.0 -1.0 -1.0 -1.0 -1.0 -1.0 -1.0 -1.0 -1.0 -1.0 -1.0 -1.0 -1.0 -1.0 -1.0 -1.0 -1.0 -1.0 -1.0 -1.0 203117.734603 271409.4289863 191922.153319 173218.8492841 291667.0505469 375244.30061389995 997295.386723 903942.088786 679832.239313 197546.855621 289427.12854 227225.23758353 243537.8413462 213405.80358788001 209220.08359833 288231.94791553 252940.65197652 152585.29481798998 170267.451721285 53260.7207827 156278.586528557 107329.83504714849 145204.777749 0.0 162072.306253 176498.407769 105133.785608 191683.965212 310498.67356 1059620.844637 127025.478052 75376.5912684 688930.558314 1050157.18994 760266.133405 1046183.622316 1098175.481107
-1.0 -1.0 -1.0 -1.0 -1.0 -1.0 -1.0 -1.0 -1.0 -1.0 -1.0 -1.0 -1.0 -1.0 -1.0 -1.0 -1.0 -1.0 -1.0 -1.0 -1.0 -1.0 -1.0 -1.0 -1.0 -1.0 -1.0 -1.0 -1.0 -1.0 -1.0 -1.0 -1.0 -1.0 -1.0 -1.0 -1.0 22754.1313745 314334.3292839 272967.3649667 249996.6001811 201836.748464 321736.9589066 59308.6140019 69349.2935301 717669.679545 878495.0813460001 869400.920844 259517.0162677 241660.44569219998 196992.08382876 171727.79436811002 267727.3926741 288746.0372391 189950.114693681 300200.02737559995 196012.65015171 239396.23297933998 262784.95806571 236937.608529 367809.000118 258374.848542 195116.297598 165669.762797 201658.643558 377110.8472507 751873.353012 198085.806468 155581.93910673002 722970.4305138 1118217.9425889999 709155.813658 1174028.167835 1112044.200932
-1.0 -1.0 -1.0 -1.0 -1.0 -1.0 -1.0 -1.0 -1.0 -1.0 -1.0 -1.0 -1.0 -1.0 -1.0 -1.0 -1.0 -1.0 -1.0 -1.0 -1.0 -1.0 -1.0 -1.0 -1.0 -1.0 -1.0 -1.0 -1.0 -1.0 -1.0 -1.0 -1.0 -1.0 -1.0 -1.0 -1.0 -1.0 188442.1896447 259081.1236409 321508.020202 341069.4013704 297822.613419 78711.3147426 48126.0027184 91073.7327652 1258851.5712509998 115916.677573 88857.4895234 120386.072671 369445.58400699997 343508.790145 351133.749234 327890.7052006 268420.6884815 247170.981364 313473.805056 340808.31711199996 343972.854095 302781.852949 373207.911035 331891.314982 266208.783405 203437.802237 95327.3077077 553273.19841 1281377.958994 788786.1815249999 828277.221651 921661.582407 1246488.7996130001 1162581.87091 1218631.4079109998 1186101.4896900002
