critload/trunk/input/2010/nle_ag.asc
ncols 720
nrows 360
xllcorner -180
yllcorner -90
cellsize 0.5
NODATA_value -1
[rows 33 to 65 of 360, columns 370 to 443 of 720]
-1.0 -1.0 -1.0 -1.0 -1.0 -1.0 -1.0 -1.0 -1.0 -1.0 -1.0 -1.0 -1.0 -1.0 -1.0 -1.0 -1.0 -1.0 -1.0 -1.0 -1.0 -1.0 -1.0 -1.0 -1.0 -1.0 -1.0 -1.0 -1.0 -1.0 -1.0 -1.0 -1.0 -1.0 -1.0 -1.0 -1.0 -1.0 -1.0 -1.0 -1.0 -1.0 -1.0 -1.0 -1.0 -1.0 -1.0 -1.0 -1.0 -1.0 -1.0 -1.0 -1.0 -1.0 -1.0 -1.0 -1.0 -1.0 -1.0 -1.0 -1.0 -1.0 -1.0 -1.0 -1.0 -1.0 -1.0 -1.0 -1.0 -1.0 -1.0 -1.0 -1.0 -1.0
-1.0 -1.0 -1.0 -1.0 -1.0 -1.0 -1.0 -1.0 -1.0 -1.0 -1.0 -1.0 -1.0 -1.0 -1.0 -1.0 -1.0 -1.0 -1.0 -1.0 -1.0 -1.0 -1.0 -1.0 -1.0 -1.0 -1.0 -1.0 -1.0 -1.0 -1.0 -1.0 -1.0 -1.0 -1.0 -1.0 -1.0 -1.0 -1.0 -1.0 -1.0 -1.0 -1.0 -1.0 -1.0 -1.0 -1.0 -1.0 -1.0 -1.0 -1.0 -1.0 -1.0 -1.0 -1.0 -1.0 -1.0 -1.0 -1.0 -1.0 -1.0 -1.0 -1.0 -1.0 -1.0 -1.0 -1.0 -1.0 -1.0 -1.0 -1.0 -1.0 -1.0 -1.0
-1.0 -1.0 -1.0 -1.0 -1.0 -1.0 -1.0 -1.0 -1.0 -1.0 -1.0 -1.0 -1.0 -1.0 -1.0 -1.0 -1.0 -1.0 -1.0 -1.0 -1.0 -1.0 -1.0 -1.0 -1.0 -1.0 -1.0 -1.0 -1.0 -1.0 -1.0 -1.0 -1.0 -1.0 -1.0 -1.0 -1.0 -1.0 -1.0 -1.0 -1.0 -1.0 -1.0 -1.0 -1.0 -1.0 -1.0 -1.0 -1.0 -1.0 -1.0 -1.0 -1.0 -1.0 -1.0 -1.0 -1.0 -1.0 -1.0 -1.0 -1.0 -1.0 -1.0 -1.0 -1.0 -1.0 -1.0 -1.0 -1.0 -1.0 -1.0 -1.0 -1.0 -1.0
-1.0 -1.0 -1.0 -1.0 -1.0 -1.0 -1.0 -1.0 -1.0 -1.0 -1.0 -1.0 -1.0 -1.0 -1.0 -1.0 -1.0 -1.0 -1.0 -1.0 -1.0 -1.0 -1.0 -1.0 -1.0 -1.0 -1.0 -1.0 -1.0 -1.0 -1.0 -1.0 -1.0 -1.0 -1.0 -1.0 -1.0 -1.0 -1.0 -1.0 -1.0 -1.0 -1.0 -1.0 -1.0 -1.0 -1.0 -1.0 -1.0 -1.0 -1.0 -1.0 -1.0 -1.0 -1.0 -1.0 -1.0 -1.0 -1.0 -1.0 -1.0 -1.0 -1.0 -1.0 -1.0 -1.0 -1.0 -1.0 -1.0 -1.0 -1.0 -1.0 -1.0 -1.0
-1.0 -1.0 -1.0 -1.0 -1.0 -1.0 -1.0 -1.0 -1.0 -1.0 -1.0 -1.0 -1.0 -1.0 -1.0 -1.0 -1.0 -1.0 -1.0 -1.0 -1.0 -1.0 -1.0 -1.0 -1.0 -1.0 -1.0 -1.0 -1.0 -1.0 -1.0 -1.0 -1.0 -1.0 -1.0 -1.0 -1.0 -1.0 0.0 -1.0 0.0 0.0 0.0 -1.0 0.0 0.0 0.0 -1.0 -1.0 -1.0 -1.0 -1.0 -1.0 -1.0 -1.0 -1.0 -1.0 -1.0 -1.0 -1.0 -1.0 -1.0 -1.0 -1.0 -1.0 -1.0 -1.0 -1.0 -1.0 -1.0 -1.0 -1.0 -1.0 -1.0
-1.0 -1.0 -1.0 -1.0 -1.0 -1.0 -1.0 -1.0 -1.0 -1.0 -1.0 -1.0 -1.0 -1.0 -1.0 -1.0 -1.0 -1.0 -1.0 -1.0 -1.0 -1.0 -1.0 -1.0 -1.0 -1.0 -1.0 -1.0 -1.0 -1.0 -1.0 -1.0 -1.0 -1.0 0.0 0.0 0.0 0.0 0.0 0.0 0.0 0.0 0.0 0.0 0.0 0.0 0.0 0.0 0.0 0.0 0.0 0.0 -1.0 -1.0 -1.0 -1.0 -1.0 -1.0 -1.0 -1.0 -1.0 -1.0 -1.0 -1.0 -1.0 -1.0 -1.0 -1.0 -1.0 -1.0 -1.0 -1.0 -1.0 -1.0
-1.0 -1.0 -1.0 -1.0 -1.0 -1.0 -1.0 -1.0 -1.0 -1.0 -1.0 -1.0 -1.0 -1.0 -1.0 -1.0 -1.0 -1.0 -1.0 -1.0 -1.0 -1.0 -1.0 -1.0 -1.0 -1.0 -1.0 0.0 0.0 0.0 0.0 0.0 0.0 0.0 0.0 0.0 0.0 0.0 0.0 0.0 0.0 0.0 0.0 0.0 0.0 0.0 0.0 0.0 0.0 0.0 0.0 0.0 0.0 -1.0 -1.0 -1.0 -1.0 -1.0 -1.0 -1.0 -1.0 -1.0 -1.0 -1.0 -1.0 -1.0 -1.0 -1.0 -1.0 -1.0 -1.0 -1.0 -1.0 -1.0
-1.0 -1.0 -1.0 -1.0 -1.0 -1.0 -1.0 -1.0 -1.0 -1.0 -1.0 -1.0 -1.0 -1.0 -1.0 -1.0 -1.0 -1.0 -1.0 -1.0 -1.0 -1.0 -1.0 -1.0 -1.0 0.0 0.0 23272.86017349 0.0 0.0 0.0 0.0 0.0 0.0 0.0 0.0 0.0 0.0 0.0 0.0 0.0 0.0 0.0 0.0 0.0 0.0 0.0 0.0 0.0 0.0 0.0 0.0 0.0 0.0 99.4690437414 0.0 0.0 -1.0 -1.0 -1.0 -1.0 -1.0 -1.0 -1.0 -1.0 -1.0 -1.0 -1.0 -1.0 -1.0 -1.0 -1.0 -1.0 -1.0
-1.0 -1.0 -1.0 -1.0 -1.0 -1.0 -1.0 -1.0 -1.0 -1.0 -1.0 -1.0 -1.0 -1.0 -1.0 -1.0 -1.0 -1.0 -1.0 -1.0 -1.0 20313.33967426 25052.28864559 0.0 0.0 0.0 0.0 0.0 0.0 0.0 0.0 0.0 0.0 0.0 0.0 0.0 0.0 0.0 0.0 0.0 0.0 0.0 0.0 0.0 0.0 1115.59242616 0.0 0.0 0.0 0.0 0.0 0.0 0.0 0.0 0.0 0.0 209.865992803 0.0 0.0 0.0 225.347060129 0.0 0.0 -1.0 -1.0 -1.0 -1.0 -1.0 -1.0 -1.0 -1.0 -1.0 -1.0 -1.0
-1.0 -1.0 -1.0 -1.0 -1.0 -1.0 -1.0 -1.0 -1.0 -1.0 -1.0 -1.0 -1.0 -1.0 -1.0 -1.0 -1.0 -1.0 0.0 23650.1670524 11589.468727626001 0.0 2352.49406023 20357.2664444 0.0 0.0 0.0 0.0 0.0 0.0 0.0 0.0 0.0 0.0 0.0 0.0 0.0 0.0 0.0 0.0 0.0 0.0 0.0 0.0 0.0 0.0 0.0 0.0 0.0 0.0 0.0 0.0 0.0 0.0 0.0 0.0 165.167066716 0.0 0.0 0.0 865.236998784 681.070491736 1335.92283744 1754.70034807 1799.87182585 0.0 0.0 -1.0 -1.0 -1.0 -1.0 -1.0 -1.0 -1.0
-1.0 -1.0 -1.0 -1.0 -1.0 -1.0 -1.0 -1.0 -1.0 -1.0 -1.0 -1.0 -1.0 -1.0 -1.0 -1.0 0.0 0.0 0.0 0.0 0.0 4728.00150002 2378.86690263 0.0 0.0 0.0 0.0 0.0 0.0 0.0 0.0 0.0 0.0 0.0 0.0 0.0 0.0 0.0 0.0 0.0 0.0 0.0 0.0 0.0 0.0 0.0 0.0 0.0 0.0 0.0 0.0 0.0 64.3340920363 0.0 0.0 0.0 375.007049985 0.0 0.0 0.0 0.0 0.0 0.0 1374.76365541 1822.87836944 1870.22645575 1845.37294916 1146.20869194 0.0 0.0 -1.0 -1.0 -1.0 -1.0
-1.0 -1.0 -1.0 -1.0 -1.0 -1.0 -1.0 -1.0 -1.0 -1.0 -1.0 -1.0 -1.0 -1.0 -1.0 0.0 0.0 -1.0 -1.0 0.0 6448.78422906 0.0 0.0 0.0 0.0 0.0 0.0 0.0 0.0 0.0 0.0 0.0 0.0 0.0 0.0 0.0 0.0 0.0 0.0 0.0 0.0 0.0 0.0 0.0 0.0 0.0 0.0 0.0 0.0 0.0 0.0 0.0 0.0 0.0 0.0 106.94032645 111.125700914 2023.58430782 0.0 0.0 0.0 0.0 0.0 0.0 0.0 1957.17443362 1834.4273601 1902.08883192 0.0 0.0 0.0 0.0 0.0 -1.0
-1.0 -1.0 -1.0 -1.0 -1.0 -1.0 -1.0 -1.0 -1.0 -1.0 -1.0 -1.0 -1.0 -1.0 -1.0 -1.0 -1.0 -1.0 7950.01760923 13589.1377772 0.0 0.0 0.0 0.0 0.0 0.0 0.0 0.0 0.0 0.0 0.0 0.0 0.0 0.0 0.0 0.0 0.0 0.0 0.0 0.0 0.0 0.0 0.0 0.0 0.0 0.0 0.0 0.0 0.0 0.0 0.0 0.0 0.0 0.0 43.0028428266 0.0 0.0 0.0 0.0 0.0 0.0 0.0 0.0 0.0 711.939076782 0.0 1963.83985499 0.0 0.0 0.0 0.0 0.0 0.0 -1.0
-1.0 -1.0 -1.0 -1.0 -1.0 -1.0 -1.0 -1.0 -1.0 -1.0 -1.0 -1.0 -1.0 -1.0 -1.0 -1.0 7170.51407034 15072.67132379 0.0 0.0 0.0 0.0 0.0 0.0 0.0 0.0 0.0 0.0 0.0 0.0 0.0 0.0 0.0 0.0 0.0 0.0 0.0 0.0 0.0 0.0 0.0 0.0 0.0 0.0 0.0 0.0 0.0 0.0 0.0 0.0 0.0 0.0 0.0 0.0 0.0 0.0 0.0 0.0 0.0 0.0 0.0 0.0 0.0 0.0 0.0 0.0 0.0 0.0 0.0 0.0 0.0 0.0 0.0 -1.0
-1.0 -1.0 -1.0 -1.0 -1.0 -1.0 -1.0 -1.0 -1.0 -1.0 -1.0 -1.0 -1.0 -1.0 0.0 25043.50187144 10628.1618984 0.0 0.0 0.0 0.0 0.0 0.0 0.0 0.0 0.0 0.0 0.0 0.0 0.0 0.0 0.0 0.0 0.0 0.0 0.0 0.0 0.0 0.0 0.0 42117.25911555 86674.45085857001 0.0 0.0 0.0 0.0 0.0 0.0 0.0 0.0 0.0 216.071061889 67.2677523936 0.0 0.0 0.0 0.0 0.0 0.0 0.0 0.0 0.0 0.0 0.0 0.0 0.0 0.0 0.0 0.0 65.6054176802 0.0 -1.0 0.0 0.0
-1.0 -1.0 -1.0 -1.0 -1.0 -1.0 -1.0 -1.0 -1.0 -1.0 -1.0 -1.0 -1.0 12108.3928339 19897.2905193 25253.921279 0.0 0.0 0.0 0.0 0.0 0.0 0.0 0.0 0.0 0.0 0.0 0.0 0.0 0.0 0.0 0.0 0.0 68678.2243766 166680.3123895 30357.3354607 131932.17345792998 0.0 98607.2571531 141481.0548257 0.0 0.0 0.0 0.0 0.0 0.0 7848.39246156 0.0 0.0 0.0 0.0 0.0 110.021113957 0.0 0.0 0.0 0.0 0.0 2105.84510652 1085.66360304 -1.0 -1.0 -1.0 -1.0 -1.0 -1.0 -1.0 -1.0 -1.0 0.0 0.0 0.0 0.0 0.0
-1.0 -1.0 -1.0 -1.0 -1.0 -1.0 -1.0 -1.0 -1.0 -1.0 -1.0 -1.0 -1.0 18049.487341852 27755.96691555 43895.5113044 0.0 0.0 0.0 0.0 0.0 0.0 0.0 0.0 0.0 0.0 0.0 0.0 0.0 0.0 0.0 0.0 74421.9776005 38404.58067503 -1.0 -1.0 -1.0 -1.0 -1.0 29631.81080751 194654.5815738 90715.48247269 0.0 32571.93153677 34900.8240774 0.0 0.0 0.0 7732.6484823539995 0.0 1658.49489402 66.4452117523 0.0 0.0 0.0 0.0 0.0 0.0 247.370084144 0.0 -1.0 0.0 -1.0 0.0 0.0 0.0 -1.0 -1.0 -1.0 165.84773988 853.702395441 0.0 0.0 0.0
-1.0 -1.0 -1.0 -1.0 -1.0 -1.0 -1.0 -1.0 -1.0 -1.0 -1.0 0.0 311989.2949689 103493.09646453001 0.0 0.0 0.0 0.0 0.0 0.0 0.0 0.0 0.0 0.0 0.0 0.0 0.0 0.0 0.0 0.0 0.0 146815.1274392 182144.7004883 -1.0 -1.0 -1.0 -1.0 -1.0 24515.16305907 47431.8137498 835897.359408 617108.8451155 240321.5734397 8430.70343366 0.0 0.0 0.0 19827.2435151 10412.2234787 0.0 1658.06466965 6494.86166056 0.0 0.0 0.0 0.0 0.0 0.0 0.0 14999.4207369 -1.0 -1.0 -1.0 285.695565959 0.0 0.0 411.937392272 0.0 1562.12429692 363.891572136 10783.6311464 13161.670250069 0.0 0.0
-1.0 -1.0 -1.0 -1.0 -1.0 -1.0 -1.0 -1.0 -1.0 -1.0 19713.189930599998 32514.770045 90970.86201 0.0 0.0 0.0 0.0 0.0 0.0 0.0 0.0 0.0 0.0 0.0 0.0 0.0 0.0 0.0 0.0 0.0 0.0 44802.75627751 40111.177112519996 0.0 -1.0 -1.0 15673.7606409 355917.799146 281056.079102 99489.3492201 145617.2650942 37551.7294576 135288.9481394 50987.6536418 27352.2956222 152992.48015289998 29421.14330344 0.0 11768.463157459999 0.0 0.0 0.0 1081.14386882 1084.6741391 1781.66450656 0.0 0.0 0.0 6279.34910165 4001.39735618 2288.29654846 2305.14940664 2160.83378157 -1.0 206.077731252 703.249297919 679.640572627 0.0 0.0 2003.83975879 1969.969308 18734.089413884158 5409.92577019 15846.8117896
-1.0 -1.0 -1.0 -1.0 -1.0 -1.0 8779.26904102 74788.4890625 9694.0567696377 251108.68751750002 88143.0579023 31367.920865660002 388455.123574 0.0 0.0 0.0 25454.0221385 0.0 0.0 0.0 15588.4219046 0.0 0.0 0.0 0.0 0.0 0.0 0.0 17965.32092739 18874.0649056 196961.8388257 24034.4808114 -1.0 -1.0 -1.0 370331.215964 351945.1250763 99107.763028 310511.2761317 254293.901178 275635.6691597 121086.9291076 127926.4489342 220004.6206965 371068.03317139996 36004.116137389996 27037.7470965 0.0 0.0 0.0 0.0 795.825515281 229.959892638 0.0 0.0 1789.43127192 1290.7191189 0.0 6928.72950289 3715.85614253 2581.80930241 0.0 2645.22633491 0.0 2109.79643454 2046.65031404 6221.65647763 0.0 0.0 0.0 0.0 1867.22631061 1775.18550646 20240.4885754
-1.0 -1.0 -1.0 -1.0 26464.7968267 84377.944389553 0.0 28209.9876437 18756.3064038825 0.0 1610.923052484 0.0 0.0 0.0 0.0 0.0 0.0 0.0 0.0 36540.5066141 0.0 0.0 0.0 0.0 41074.7704237 0.0 0.0 64591.1390331 78590.4666402 0.0 -1.0 -1.0 41305.756626970004 299951.07314239995 467592.3166191 916819.18556 262501.1047624 244966.609195 123911.0275357 89562.2238869 39743.68888665 0.0 40778.46196056 89767.1595454 176686.1257947 207040.5480492 0.0 66896.8645434 73405.2355776 4473.36973734 105029.2775637 0.0 0.0 0.0 0.0 0.0 4001.3817929529 4751.6842838 9780.03016873 5573.38047701 5655.5134474 5296.15460603 2655.64634013 0.0 0.0 0.0 0.0 0.0 0.0 0.0 5781.6101928 1871.20127265 3817.76103489 8975.45951257
-1.0 -1.0 0.0 162280.4203102 79774.68602349999 0.0 0.0 0.0 0.0 0.0 0.0 0.0 0.0 0.0 0.0 0.0 0.0 0.0 0.0 0.0 0.0 0.0 0.0 0.0 37982.84879658 81746.76486696 0.0 -1.0 -1.0 -1.0 -1.0 -1.0 395090.14511838 615991.016247 758308.8094975 1025910.0810497999 379361.9918961 244242.78152639998 26110.842993 0.0 0.0 19095.79199589 30760.85767364 0.0 0.0 72872.8241118 31407.783757 19813.97002161 469210.9935564 200546.187302 77388.49322224 77770.60729022 45292.2604535 1152.86202157 1940.61235206 2952.26845611 5164.99703054 6273.38710663 13505.1290555 13589.52350971 8158.936167911001 10719.0728655 5537.23909025 0.0 0.0 0.0 0.0 1737.99142507 0.0 2092.71762748 10237.0510537033 6208.14895354 2067.45321056 2080.51030232
0.0 23452.2804740731 93782.05674382 0.0 0.0 0.0 0.0 0.0 0.0 0.0 0.0 0.0 0.0 0.0 0.0 0.0 0.0 0.0 88096.6434855 38093.6812443 0.0 0.0 0.0 0.0 143867.1335763 0.0 -1.0 -1.0 -1.0 -1.0 -1.0 -1.0 603326.2985340001 486468.9863825 577076.2212405 162785.35308852998 0.0 31880.993581400002 0.0 40493.2596467 0.0 55778.01080716 0.0 43856.63834244 118525.9294296 218671.1683504 0.0 96997.5677822 41355.2670077 0.0 45258.10305546 274166.7208794 2908.99007674 4107.57433143 6125.69110567 4861.74841485 4475.6896521 8680.60661949 10072.280979 3050.13376423 9711.991121094 6446.46244136 4165.63629851 2900.14347772 0.0 0.0 0.0 0.0 5819.546960967 2911.8561265744 2108.9333649863 0.0 0.0 2121.14976999
229199.6849936 98140.3733977 0.0 0.0 0.0 0.0 0.0 0.0 0.0 0.0 0.0 0.0 50009.2351565 0.0 45369.9167627 0.0 87745.7847879 0.0 0.0 0.0 0.0 0.0 0.0 12926.212769396 106361.04621344 -1.0 -1.0 -1.0 -1.0 -1.0 -1.0 -1.0 661.169689121 243783.751356 0.0 88768.7520014 139499.6054203 0.0 126157.3792225 0.0 262898.2989246 6575.0900463319995 71058.2756751 31202.65362039 114851.71243530001 95809.45438920001 95170.0600373 5357.51043268 36605.07967 128394.07520020001 61012.31469598701 47089.562760489 13961.5467528 18342.5552715 8618.76116334 9618.60371953 7606.385358704 12493.598385 32196.49233455 7503.7801037382005 391.231287573 0.0 22855.980320048002 15534.268229607 6866.38571139 3131.71922307 3075.54031513 7394.384596039999 5210.27182407 0.0 6114.130185775 3242.424229467 0.0 0.0
0.0 174218.5384986 0.0 0.0 0.0 0.0 0.0 0.0 0.0 0.0 0.0 111410.9140658 106216.59740350001 0.0 0.0 0.0 48300.8211273 130163.893164 49871.19076853999 0.0 0.0 0.0 64271.2699424 26492.2073423 152590.2705871 -1.0 -1.0 -1.0 -1.0 -1.0 -1.0 -1.0 42440.44717749 661466.2605298 547448.9259960001 897600.143652 513523.499573 487188.24700800003 481162.74166219996 184155.79663579998 196841.86553419998 252441.03118340002 73005.21736632 0.0 87270.3423052 7273.44198335 103030.6867303 0.0 15813.432857777001 48091.797445669996 9562.85651109601 0.0 0.0 8220.122514946099 11980.160957974 27175.90523775 12441.9398991 9744.97729322 9700.83495369 24335.7672665 43220.668795347 5867.07975329 14430.348244546 23368.738002446 2340.03245704 2144.7664609 2356.592528735 10645.13676271 4631.87634622 6979.87928714 11554.5073293 4756.254438444999 4702.435187869079 6473.774073226
79336.24915999999 0.0 0.0 0.0 0.0 0.0 0.0 0.0 0.0 0.0 0.0 1418765.442153 2789721.947032 629822.914095 840199.2008972 35501.8224004 48647.1994545 0.0 48571.3809328 32503.77739719 0.0 103729.76529 46225.3520803 68751.060333 445269.3961519 9230.99323613 0.0 -1.0 -1.0 -1.0 -1.0 -1.0 107991.9638941 1065379.935965 1287210.279115 2149410.511157 2168387.943579 1270843.893687 362189.98402 1311766.935153 1070301.848002 876128.519082 443702.70979570004 1081455.7768330001 494248.228631 396870.82447 12710.737784085999 49078.68596745 58052.618365 266239.29880024 40180.11486258 7637.7657874490005 0.0 0.0 0.0 21696.3885592 52895.881913749996 23876.520988 0.0 26868.7605181 17079.051544896003 27472.34269386 35494.2820313 31518.920104589997 20107.839784001997 12711.6844212 12850.986715 21246.311576492 11646.491299 24985.846646235997 21359.2831526 7858.2529372945 10316.378771547 18051.263556623002
0.0 115419.26400948 33108.1057413 0.0 0.0 0.0 0.0 0.0 0.0 0.0 553185.022308 167022.3571542 3606145.34126 303422.7328344 565227.32501 0.0 0.0 42972.10825849 0.0 0.0 185073.2616216 451843.25338899996 334749.87326699996 0.0 301663.87806360004 149060.761673 114665.242266 19355.6213986 -1.0 370568.72998299997 112834.7096221 -1.0 -1.0 22596.90870507 485455.281087 832377.016852 1011647.7264719999 732442.8929669999 1035186.7349680001 930005.061477 540722.5034009999 564031.298809 102926.8398245 52268.4185736 -1.0 -1.0 -1.0 25289.872578251 50599.212541085 222410.32769215 82233.37157979 48896.26305483 2458.39277369 8345.512526342 21105.288771890002 28964.822290890002 32708.30241888 25466.7467225 14561.7110594 7224.06451568 12950.7281696 7893.35400327 10467.838227119 22971.1160537 22082.638165282 116236.00571834999 22575.187989795457 33925.261281143 27985.03221169 20701.808062557 34818.47666437 35462.8880757 23564.930219118 26982.72496937
145201.6642716 101410.9609178 0.0 0.0 0.0 0.0 0.0 0.0 0.0 363457.9147601 628780.49216 1803780.633137 4521553.9123370005 209575.5901385 65451.0537987 87561.30163080001 0.0 111359.6371185 0.0 66442.21243336 65921.8153209 116122.7932138 630048.866253 500275.047983 707066.4381339999 790675.129267 213814.606172 212557.486649 -1.0 -1.0 -1.0 -1.0 -1.0 -1.0 -1.0 37944.0324671 176089.4658724 69250.4020629 -1.0 0.0 0.0 555.561981037 28118.465513 3852.52310081 -1.0 -1.0 22713.9205962 16527.29310133 64362.120991799995 143360.0570177 412058.920965 96440.3994178 302501.7401635 45273.55904816 57394.03937081 26087.458544544 25914.72912584 26943.529598390003 19676.913847734 23850.904790645 35487.149382635995 27852.62595338 33895.52787921 29263.38690279 60227.105105250004 38216.432346264 40190.248677899996 35942.53690284 26689.3562592 79569.5919243 345150.74386002 41250.18816575 42697.276834192 42946.206394346
827204.419483 144826.2845664 144994.36276716 0.0 0.0 0.0 102060.612203 102720.635306 0.0 802486.173349 4650841.203468 2091993.660664 3380030.28027 121950.4841962 0.0 123671.4337161 311678.96394 291256.372476 323320.436605 292087.6802314 1049417.189032 396692.4081163 362753.33851659996 352215.087203 177343.15377 182345.04401130002 38561.9421197 1911.92957004 -1.0 -1.0 -1.0 -1.0 -1.0 -1.0 -1.0 3088.07149498 29316.6539943 21582.13313011 182465.4252396 322156.8009962 0.0 372964.17504209996 1608750.2349106 11791.9353949 191420.9366786 135863.9616547 51099.42103726 36574.84804548 54743.0707252 50573.756052 57385.0549022 15560.931771758 17188.86201235 38833.6745283 40886.11932975 33818.5724894 22391.6151527 31304.16878195 19878.09119464 23766.018387552 32842.892638486 25422.2859314 890.0095992041 36213.987654640005 391618.672662 95677.9385953 45665.180444569996 131191.1489204 76251.00328050001 158063.13168310001 82052.47239865 47260.62728397 67806.264676082 59272.204697213005
-1.0 4298715.495787 327016.08660830004 101769.1948652 122546.1450812 181319.4054866 92693.4068575 403538.297585 0.0 194348.2585472 -1.0 -1.0 97204.9574402 0.0 400146.6491562 139817.57841838 318600.29316400003 437508.05388920003 354045.7275869 132041.4934673 344485.2743834 99344.4260368 164044.390173 355807.765033 202747.752583 97905.7905718 -1.0 -1.0 -1.0 -1.0 -1.0 -1.0 -1.0 -1.0 25838.3497173 115283.1918428 0.0 0.0 526792.2694501 353916.9119656 526401.2662013001 1030514.9515266999 1199961.8755369 2587244.656082 34123.66136531 48793.7144424 43029.057511551 27131.697110235 28184.009924759997 49777.0674643 8344.95309026 28982.21193471 43472.78208 13350.11867603 29340.43928457 51051.9025465729 49887.89392776 49092.15474967 42632.760937057 36263.91739802 28508.314851500003 19027.67423965 46732.335896599994 391152.1339145 92489.6782882 43281.458304449996 56107.0996951 94361.6407092 63144.8312051 332655.9897713 109214.24950610001 93572.84842429 68458.91904694 72996.66728025
-1.0 0.0 248190.2384904 569596.921477 245565.891663 0.0 246025.50648799998 598779.696627 -1.0 -1.0 -1.0 -1.0 0.0 32753.79371827 0.0 1065480.9046541 1537853.0936383 1089623.820479 202069.95459850001 456329.8782242 1133724.86037 651312.64724 227306.019485 28739.570843 -1.0 -1.0 -1.0 -1.0 -1.0 -1.0 -1.0 -1.0 -1.0 0.0 35761.4484361 59867.873111 0.0 16361.069275400001 22349.16260745 51473.7677517 1044246.9084862 1950212.5742409 827805.1061567 2689872.0842700005 320510.33821970003 65239.081234900004 346998.9503357 34200.0450103 22293.1134699967 33512.32295321 81590.1119838 97139.6912308 48101.6452756 63604.08154526 42718.5431804 13723.39244435 13060.78255875 424608.97679920006 59557.6209262 40763.42706925 30231.51648576 40025.5476862 31215.7387676 123695.14911930001 621445.245028 452018.91214500007 57165.859809199996 0.0 11417.9557101 62943.971025809995 20204.0608552 29765.8454963 22167.6118927 321365.634546
-1.0 -1.0 -1.0 -1.0 -1.0 -1.0 -1.0 -1.0 -1.0 104623.081598 955481.514796 0.0 -1.0 124474.3035612 87475.8445648 0.0 0.0 0.0 350718.336914 65323.776104 61481.100870199996 134213.298101 143191.428394 108450.8838204 -1.0 -1.0 530925.718244 271293.319125 80886.1843742 -1.0 -1.0 -1.0 -1.0 10033.0313653 40543.70178221 13646.8864348 -1.0 -1.0 0.0 212308.119612 303024.4994723 61600.94876700001 0.0 512843.73265970004 748327.3308366 618508.714621 834696.1613500001 447997.34855699993 94012.6495074 164916.118485 97895.77487482 103009.5401858 62622.7856319 8633.86544646 40498.833017850004 50049.9445817 0.0 39712.09567035 56993.886930299996 77833.1226131 72739.618154 98678.1482406 121862.904557 595892.063758 441099.135791 385067.8662118 213394.3819371 98426.7212442 126993.9201215 307655.20825180004 298491.2197181 258179.6888978 154235.30854959998 73319.6969346
-1.0 -1.0 -1.0 -1.0 -1.0 -1.0 -1.0 742291.351022 1006062.03464 2426888.115984 3547213.271268 239703.2878774 84992.09544569999 46274.5947183 851516.486578 208794.4063662 0.0 0.0 101017.1874046 0.0 0.0 54253.10026678 98101.4471336 329045.500273 118383.2797168 -1.0 524829.379393 284020.808986 -1.0 -1.0 -1.0 -1.0 62731.30441356 31349.93513359 48157.4829958 134707.253575 72178.5344019 -1.0 26354.0730068 0.0 0.0 55959.52208081 0.0 31038.26343017 0.0 166955.447973 702041.215261 350419.345408 92973.3531182 200995.22842169998 61395.75010804 49545.534486799996 36702.916770589996 25479.80081098 29490.291883989998 4660.73814018726 13823.633930510001 51366.07957874 442823.85071250005 459128.3551071 515152.191304 199007.1645021 560800.7646979999 405395.96817300003 709599.5203420001 789795.934072 239201.220087 254266.40025399998 408561.5997994 522355.82012030005 158187.651157 427150.646914 253306.049918 263617.0952666
