critload/trunk/input/2010/nle_ag.asc
ncols 720
nrows 360
xllcorner -180
yllcorner -90
cellsize 0.5
NODATA_value -1
[rows 99 to 131 of 360, columns 370 to 443 of 720]
-1.0 -1.0 -1.0 -1.0 -1.0 -1.0 30804.2400459 314016.341318 324642.074106 123090.78916 -1.0 -1.0 -1.0 -1.0 -1.0 -1.0 -1.0 -1.0 -1.0 0.0 0.0 0.0 284072.994543 168859.926519 68581.5420369 284231.282376 315723.454211 0.0 35842.8742599 321375.543417 392764.576004 266820.450605 234047.109915 320394.45162 352587.226729 106808.1907639 209741.349307 238476.966405 0.0 -1.0 -1.0 155617.149888 668530.013339 1031386.3354554 2404607.29893 1674954.58644 3312958.537007 1238508.362521 1613389.074787 2578215.18377 1353147.763746 1021487.096468 1137270.455398 662493.230362 1637107.593585 2079194.160116 1081835.973479 2971195.350689 3347475.885534 2551757.208826 1043772.80311 1169598.055772 1000774.7750267 500882.063514 375810.7842674 471364.252397 489819.61346499994 296688.326105 504786.021505 900762.800014 893451.4497860001 479606.087129 1306720.882955 709297.997632
-1.0 -1.0 -1.0 -1.0 -1.0 -1.0 43452.075126 135161.489702 259938.154832 141530.893582 -1.0 -1.0 -1.0 -1.0 -1.0 -1.0 -1.0 -1.0 -1.0 -1.0 -1.0 0.0 184010.84505 161744.382382 -1.0 -1.0 209005.384471 -1.0 -1.0 53946.4185649 149967.684247 264013.07515 302855.308159 317631.182814 382682.244982 172333.432614 11688.3745597 46535.924581 -1.0 -1.0 0.0 -1.0 1585708.0592470001 1072732.2925260002 1100943.843097 2362136.159075 1404579.3103760001 1096368.598399 978560.488385 1890879.1462939999 2450145.094332 3747988.2677249997 2595553.535261 2664730.464505 3782014.448718 3194472.4699440002 3242404.603387 3934123.075084 3294962.879767 3296240.201984 3459557.662146 1998608.057294 772092.576582 2062068.233296 2243442.258422 559955.3889540001 458443.056558 380197.479619 562275.266743 603809.925413 795522.893738 697434.627758 1503069.483791 1017634.148541
-1.0 -1.0 -1.0 -1.0 -1.0 -1.0 143579.405849 99329.1147579 109059.934756 38479.8720171 -1.0 -1.0 -1.0 -1.0 -1.0 -1.0 -1.0 -1.0 -1.0 -1.0 -1.0 -1.0 142748.412738 68317.586003 91104.5391252 -1.0 -1.0 -1.0 -1.0 10241.0088022 3928.87775095 222325.55886 237774.874165 191268.747825 169620.995511 398338.123791 0.0 6394.28860716 -1.0 -1.0 -1.0 3556.28964704 370434.231961 1004924.547209 1481768.88855 1148374.020357 780209.0437370001 721470.471905 2267519.295275 2840398.125249 3162860.106112 1357827.549912 5898536.770353 4318529.302138174 5823256.337318271 5364047.298391543 4477005.197996 4014843.3109999998 4291069.299139 5440576.212637 4995515.043629 2498373.952765 2889045.3159000003 3283311.637619 985258.3031853001 1302173.133415 664433.53813 619224.137736 539778.8473487 410013.682047 552610.2325779999 572011.173269 1222751.846256 1965865.965566
-1.0 -1.0 -1.0 -1.0 -1.0 -1.0 -1.0 40831.7866567 0.0 -1.0 -1.0 -1.0 -1.0 -1.0 -1.0 -1.0 -1.0 -1.0 -1.0 -1.0 -1.0 16796.2627298 348028.359314 33437.9623042 10554.3311228 -1.0 -1.0 -1.0 -1.0 -1.0 -1.0 99381.9648965 254528.653104 400064.39736 511053.587453 412338.484996 322101.179658 226635.986795 76216.6376526 30114.2100367 -1.0 62494.4884402 91868.9154936 767224.9579531 1453113.09429 3039572.5651864 2535352.276058 1424841.781606 4259632.94895 2443731.020575 3278226.323689 3686079.899967 2526539.9349689996 4193435.4973420002 5767609.47611 6542982.6626437 3234607.95282 5127496.369800806 3968803.6503850003 4217609.967815001 2298017.384957 2337500.482819 2408596.9672789997 523171.366967 1532338.4082529 1634075.74325 2491602.976969 1668489.7882919998 2127097.7281400003 2382903.020852 1502672.6014949998 793754.1743129999 767250.945134 2578395.384214
-1.0 -1.0 -1.0 -1.0 -1.0 -1.0 -1.0 -1.0 -1.0 -1.0 -1.0 -1.0 -1.0 -1.0 -1.0 77675.0034797 244618.646504 10953.2604431 -1.0 137250.283973 146574.25995 0.0 0.0 163.28644861 -1.0 -1.0 -1.0 -1.0 -1.0 -1.0 18415.9112622 14528.5115685 64896.3029458 341446.724858 420657.559594 365100.07178 456829.733256 506561.557755 231154.483294 44627.9019681 -1.0 81895.4459351 279520.896656 401667.608114 1719581.7961280001 781043.860426 1036152.6475241 1358024.3164 2768511.181265 3627632.904226 2671503.715726 1570976.455243 2538008.263501 3741221.4675109996 3682689.3124042 5961084.3869416 6317253.3794841 6617697.834178 4355373.4732558 4111918.5892120004 2515284.2125 2388388.564522 733638.201728 1941196.73203 2477958.948946 1675794.060074 2277191.811173 825834.0510519999 1589257.0415059999 3069051.99859 4646536.803119 4356585.2882474 2873115.699426 870555.9969520001
-1.0 -1.0 -1.0 -1.0 -1.0 -1.0 -1.0 -1.0 -1.0 -1.0 -1.0 -1.0 -1.0 -1.0 4225.32713489 391524.440119 258123.87192 203836.838856 96335.7337811 642456.625013 130107.622553 18285.8844958 11912.7379551 -1.0 -1.0 -1.0 -1.0 -1.0 -1.0 -1.0 -1.0 24290.6781885 103894.915918 436111.023147 602249.674924 505964.93906 310919.013415 201721.841149 107419.316494 121750.578825 51022.2267659 -1.0 78767.8493557 78088.0897349 981140.9663823 1979350.714431 961177.248872 1135692.642583 2731326.138691 2132548.094521 863509.2358084001 922851.6952140001 642015.496504 2600567.111815 1150492.313314 6811222.267231045 5199207.5009314995 5464418.961155199 5538058.698202999 1654517.520121 414013.318459 374916.859898 466827.828556 631467.872106 1197155.814262 2300358.7881819997 2991129.85877 2515144.19407 3987732.480323 3516504.867471 4018341.14402 5146010.622946 2919415.02064 1526934.42327
-1.0 -1.0 9692.37485365 2344.13847171 11125.2393793 0.0 -1.0 21867.81578352 373226.046864 409071.952522 484234.612071 46057.595313842 32042.545465 -1.0 -1.0 -1.0 2342.40905782 95819.6254634 620933.215076 351058.607276 160878.186266 -1.0 -1.0 -1.0 -1.0 -1.0 -1.0 -1.0 -1.0 -1.0 -1.0 -1.0 -1.0 377547.834069 336080.582245 477474.643611 86040.4715482 -1.0 0.0 5110.74890465 128679.523566 61652.2514353 -1.0 20731.8450898 555201.754575 370804.098003 516325.575476 347811.014407 659015.037328 2601666.3945400002 2013346.23932 630326.607707 261425.787899 546844.116139 1034262.1906079999 2685583.565626 4366248.6949157 2902506.738154 542668.785863 501509.420085 2238501.535059 2564540.0415292 2509231.273569 1947873.885994 2236661.625735 2478340.1742476 3015099.79171 2611456.57846 3014560.31044 4705360.706362001 4148690.63311 3123718.2729695 2764819.14209 3061403.25793
103692.976498 260981.942879 358417.434867 929163.858009 984890.9389869999 582529.557602 737397.348242 940553.0257494 928557.636309 2280712.73387 1064358.6649592 1275775.2549410001 185844.19802393 1169.47453006 -1.0 -1.0 -1.0 -1.0 0.0 29131.9243336 63598.9599745 -1.0 -1.0 -1.0 -1.0 -1.0 -1.0 -1.0 -1.0 -1.0 -1.0 -1.0 -1.0 90730.9717869 239585.944033 379869.64705 40140.3862461 -1.0 43179.5329749 42024.4437473 71325.128956 11505.4232283 25062.0808146 0.0 141879.2912985 28366.50919643 143879.938831 404653.5414755 437406.894231 938786.91047 499429.974619 1083293.1597666 1320348.82568 409803.24496750004 503361.381005 753187.122863 670709.8484509999 724620.99502 650297.1327653001 1267673.5123478002 1947411.9632196 923327.8782906 1043367.347893 996954.080288 3859848.6361 4277380.424250999 3300677.868949747 3460113.80424 3610025.86054 1988606.877853 2015473.66972 3377754.14894 3763784.2366280756 2975990.108626351
1023945.934774 1042402.366692 1133188.260004 1238322.492966 1093955.23101 1028271.3003390001 975159.289119 1554983.61874 1706467.35147 1909871.982011 1456596.5153242 127641.990069 -1.0 -1.0 -1.0 -1.0 -1.0 -1.0 0.0 -1.0 -1.0 -1.0 -1.0 -1.0 -1.0 -1.0 -1.0 -1.0 -1.0 -1.0 -1.0 -1.0 -1.0 -1.0 17320.793936 48946.339767 43244.4808001 -1.0 -1.0 -1.0 9698.31496491 -1.0 -1.0 -1.0 0.0 220508.585629 19304.9470453 -1.0 314143.5168161 221197.0444757 482940.519312 0.0 -1.0 -1.0 689814.0163159999 637028.739821 428380.0686013 349683.51368820004 247615.762638 -1.0 -1.0 183052.6120119 2138710.989357 570513.68996 3917128.2373441514 3268815.8273241003 1627078.28608 332045.896154 239087.6017677 3043881.2509975 2477745.852005 2670171.953444 1010672.6374966 984661.0536538
750616.167088 520544.434702 664866.157786 467250.264343 921237.087606 123755.11945 1210059.094149 1650424.717148 1691015.450684 1438188.560558 1175280.41136 1392621.347547068 -1.0 -1.0 -1.0 -1.0 -1.0 -1.0 314218.8952684 167950.5173879 -1.0 -1.0 -1.0 -1.0 -1.0 -1.0 -1.0 -1.0 -1.0 -1.0 -1.0 -1.0 -1.0 -1.0 -1.0 -1.0 -1.0 43895.5186565 28248.9522248 -1.0 -1.0 -1.0 -1.0 -1.0 77411.7745467 30044.4674728 -1.0 -1.0 -1.0 -1.0 -1.0 -1.0 -1.0 -1.0 -1.0 -1.0 -1.0 -1.0 0.0 -1.0 -1.0 1223511.03049 2506333.927923 543715.556175 3109527.7544348 280609.910349 174437.622962 226818.619593 1039800.9094042 1185826.14617 924695.5809107999 1237337.59413 77294.2726957 0.0
85760.4776114 94362.0925973 68480.903258 57151.5794612 147726.449215 140290.019009 145551.361176 1591419.435264 1449616.88003 1330809.18402 2475978.15604498 2392104.50844007 258914.50319390002 -1.0 -1.0 -1.0 -1.0 -1.0 -1.0 -1.0 -1.0 -1.0 -1.0 -1.0 -1.0 -1.0 -1.0 -1.0 -1.0 -1.0 -1.0 -1.0 -1.0 -1.0 -1.0 -1.0 -1.0 248682.435405 306325.840771 481288.063334 206165.113253 283806.584124 169137.754358 0.0 17664.8184867 -1.0 -1.0 -1.0 -1.0 -1.0 -1.0 -1.0 -1.0 -1.0 0.0 254566.99022459998 1115181.5603205 991587.525388 10997.9384122 -1.0 -1.0 608252.9940153699 527898.829163 490694.11135699996 2701674.04209 62488.7772293 83438.4833577 5128.9160219 35623.3076946 11701.9421476 897880.010174 58913.6365602 16979.4635584 3086.56497994
74611.8536818 0.0 27246.5505546 90295.929713 71880.6406016 95901.3694696 119361.115349 1514798.126775 1609500.236708 270345.2208545 2309034.32387053 1195442.3422832 55146.9094962 -1.0 -1.0 -1.0 -1.0 -1.0 -1.0 -1.0 -1.0 -1.0 -1.0 -1.0 -1.0 -1.0 -1.0 -1.0 -1.0 -1.0 -1.0 -1.0 -1.0 -1.0 -1.0 -1.0 -1.0 -1.0 -1.0 43289.667618 0.0 -1.0 -1.0 -1.0 -1.0 -1.0 -1.0 -1.0 -1.0 -1.0 -1.0 -1.0 -1.0 -1.0 103922.8448071 226530.026336 143183.58067280002 2702972.41326 -1.0 -1.0 -1.0 499755.983829 2077880.182521 2433155.539865 473460.778537 13532.2825615 105138.614948936 27.2304754064 0.0 0.0 3396.13555225 992749.509443 0.0 11290.1046797
81668.3358894 36253.9444534 0.0 0.0 121.597248848 9457.2846021 26996.91634 38124.144046 56890.0291851 1303882.20768 602792.0762187999 -1.0 -1.0 -1.0 -1.0 -1.0 -1.0 -1.0 -1.0 -1.0 -1.0 -1.0 -1.0 -1.0 -1.0 -1.0 -1.0 -1.0 -1.0 -1.0 -1.0 -1.0 -1.0 -1.0 -1.0 -1.0 -1.0 -1.0 -1.0 -1.0 -1.0 -1.0 -1.0 -1.0 -1.0 -1.0 -1.0 -1.0 -1.0 -1.0 -1.0 -1.0 -1.0 -1.0 -1.0 -1.0 -1.0 -1.0 -1.0 -1.0 -1.0 211551.09631770002 4807990.4929370005 276151.7451236 152581.18514024 956.964269677 0.0 0.0 0.0 0.0 0.0 0.0 0.0 0.0
0.0 0.0 0.0 0.0 0.0 7906.73342411 11287.7873805 36051.7675819 4239.85303675 441233.99472 579443.645857 674687.825128 117746.2437583 -1.0 -1.0 -1.0 -1.0 -1.0 -1.0 -1.0 -1.0 -1.0 -1.0 -1.0 -1.0 -1.0 -1.0 -1.0 -1.0 -1.0 -1.0 -1.0 -1.0 -1.0 -1.0 -1.0 -1.0 -1.0 -1.0 -1.0 -1.0 -1.0 -1.0 -1.0 -1.0 -1.0 -1.0 -1.0 -1.0 -1.0 -1.0 -1.0 -1.0 -1.0 -1.0 -1.0 -1.0 -1.0 -1.0 -1.0 304950.3124156 1307120.8047490001 332809.999327 147619.7766948 5.81198355885 0.0 0.0 0.0 0.0 0.0 0.0 0.0 0.0 0.0
0.0 0.0 0.0 0.0 0.0 0.0 0.0 10167.7323525 5325.7450723 534.771473612 870346.759153 975254.0028820001 566416.462562 18670.2743319 -1.0 -1.0 -1.0 -1.0 -1.0 -1.0 -1.0 -1.0 -1.0 -1.0 -1.0 -1.0 -1.0 -1.0 -1.0 -1.0 -1.0 -1.0 -1.0 -1.0 -1.0 -1.0 -1.0 -1.0 -1.0 -1.0 -1.0 -1.0 -1.0 -1.0 -1.0 -1.0 -1.0 -1.0 -1.0 -1.0 -1.0 -1.0 -1.0 -1.0 -1.0 -1.0 -1.0 -1.0 -1.0 -1.0 10610653.0275016 226164.153711 261859.96572799998 31669.2388978 0.0 0.0 0.0 0.0 0.0 0.0 0.0 0.0 0.0 0.0
0.0 0.0 0.0 0.0 0.0 0.0 0.0 0.0 0.0 0.0 42267.68767133 40429.052687 12887.4589432 40698.2331262 440007.438238 653850.560218 808746.092446 485237.006005 230965.999959 -1.0 -1.0 -1.0 -1.0 -1.0 -1.0 -1.0 -1.0 -1.0 -1.0 -1.0 -1.0 294117.211328 0.0 560229.9935870001 114545.394267 72559.2245758 12864.1322035 -1.0 -1.0 -1.0 -1.0 -1.0 -1.0 -1.0 -1.0 -1.0 -1.0 -1.0 -1.0 -1.0 -1.0 -1.0 -1.0 -1.0 -1.0 -1.0 -1.0 -1.0 -1.0 1055432.5145 687263.6871372 937846.425842 1891138.99383 2375870.71468 0.0 0.0 0.0 0.0 0.0 0.0 0.0 0.0 0.0 0.0
0.0 0.0 0.0 0.0 0.0 0.0 0.0 0.0 0.0 0.0 682.37870643 3008.87880802 0.0 0.0 2602.90984623 41089.1771128 358911.5799421 423589.990218 0.0 691611.544344 136169.826514 -1.0 -1.0 -1.0 -1.0 -1.0 -1.0 -1.0 -1.0 -1.0 411091.205871 931141.615958 151536.648438 147876.711324 1152316.903324 97172.943372 0.0 0.0 -1.0 -1.0 -1.0 -1.0 -1.0 -1.0 -1.0 -1.0 -1.0 -1.0 -1.0 -1.0 -1.0 -1.0 -1.0 -1.0 -1.0 -1.0 -1.0 -1.0 -1.0 4136523.6865464 1036135.605219 4466320.331932 58505.1463012 9664.87543893 0.0 0.0 0.0 0.0 0.0 0.0 0.0 0.0 0.0 0.0
0.0 0.0 0.0 0.0 0.0 0.0 0.0 0.0 0.0 0.0 0.0 0.0 0.0 31482.9964191 35471.2572134 66742.7063756 0.0 0.0 50302.0995493 0.0 31919.6354318 0.0 -1.0 -1.0 -1.0 -1.0 -1.0 -1.0 -1.0 30415.5769182 514395.010251 0.0 52566.2992175 721510.179989 433737.83273100003 8409.42903072 0.0 0.0 0.0 24822.3744889 80077.3177 5280003.48215 3681306.721 -1.0 -1.0 -1.0 -1.0 -1.0 -1.0 -1.0 -1.0 0.0 3274737.98552 -1.0 -1.0 -1.0 -1.0 -1.0 -1.0 7810974.643463385 874311.5933739999 3639853.90879 2997.92674135 613.469033261 0.0 0.0 0.0 0.0 0.0 0.0 0.0 0.0 0.0 0.0
0.0 0.0 0.0 0.0 0.0 0.0 0.0 0.0 0.0 0.0 0.0 0.0 0.0 0.0 0.0 2364.43761002 0.0 0.0 0.0 0.0 15159.2480583 61525.1281583 54187.9775673 0.0 0.0 -1.0 -1.0 -1.0 -1.0 -1.0 0.0 0.0 6991.71601252 719516.526318 0.0 0.0 0.0 0.0 0.0 0.0 0.0 0.0 0.0 0.0 23388.12969218 11951305.7061 4496518.599687899 739600.555541 -1.0 5038715.20271 14026780.3253 14025662.9263 13412660.0983 5480912.21744 2146087.14431 2348431.54931 4486895.01169 2924327.39888 14458033.8082 791730.61348 666657.421644 59515.7764856 431.428340895 0.0 0.0 0.0 0.0 0.0 0.0 0.0 0.0 0.0 0.0 0.0
0.0 0.0 0.0 0.0 0.0 0.0 0.0 0.0 0.0 0.0 0.0 0.0 0.0 0.0 0.0 0.0 0.0 0.0 0.0 0.0 0.0 0.0 4604.85593413 21502.38977 67099.9410309 71531.9607785 43982.9718877 -1.0 -1.0 0.0 0.0 9241.24838532 0.0 0.0 0.0 0.0 0.0 0.0 0.0 0.0 0.0 0.0 0.0 0.0 0.0 0.0 0.0 0.0 196014.749147 1269371.43363 5462490.33227 16969840.4088 18761346.7012 16684179.2778 4692655.5363 0.0 0.0 0.0 10808.32385 0.0 10970.7004658 111.841756638 0.0 0.0 0.0 0.0 0.0 0.0 0.0 0.0 0.0 0.0 0.0 0.0
0.0 0.0 0.0 0.0 0.0 0.0 0.0 0.0 0.0 0.0 0.0 0.0 0.0 0.0 0.0 0.0 0.0 0.0 0.0 0.0 0.0 0.0 0.0 0.0 0.0 0.0 9089.72463075 25450.1600787 28452.588292 0.0 0.0 0.0 0.0 0.0 0.0 0.0 0.0 0.0 0.0 0.0 0.0 0.0 0.0 0.0 0.0 0.0 0.0 0.0 0.0 0.0 0.0 3559555.42166 11968981.1618 1567593.87612 1399068.83682 395114.239071 0.0 0.0 0.0 0.0 0.0 1562.29193701 0.0 0.0 0.0 0.0 0.0 0.0 0.0 0.0 0.0 0.0 0.0 0.0
0.0 0.0 0.0 0.0 0.0 0.0 0.0 0.0 0.0 0.0 0.0 0.0 0.0 0.0 0.0 0.0 0.0 0.0 0.0 0.0 0.0 0.0 0.0 0.0 0.0 0.0 0.0 0.0 0.0 0.0 0.0 0.0 0.0 0.0 0.0 0.0 0.0 0.0 0.0 0.0 0.0 0.0 0.0 0.0 0.0 0.0 0.0 0.0 0.0 0.0 0.0 0.0 2265307.93074 0.0 0.0 0.0 0.0 0.0 0.0 68021.939135 0.0 0.0 0.0 0.0 0.0 0.0 0.0 0.0 0.0 0.0 23865.2473474 0.0 0.0 0.0
0.0 0.0 0.0 0.0 0.0 0.0 0.0 0.0 0.0 0.0 0.0 0.0 0.0 0.0 0.0 0.0 0.0 0.0 0.0 0.0 0.0 0.0 0.0 0.0 0.0 0.0 0.0 0.0 0.0 0.0 0.0 0.0 0.0 0.0 0.0 0.0 0.0 0.0 0.0 0.0 0.0 0.0 0.0 0.0 0.0 0.0 0.0 0.0 0.0 0.0 0.0 6802553.74923 5328488.52956 0.0 0.0 0.0 0.0 0.0 0.0 0.0 0.0 0.0 150091.863383 0.0 0.0 0.0 0.0 0.0 0.0 0.0 0.0 0.0 0.0 0.0
0.0 0.0 0.0 0.0 0.0 0.0 0.0 0.0 0.0 0.0 0.0 0.0 0.0 0.0 0.0 0.0 0.0 0.0 0.0 0.0 0.0 0.0 0.0 0.0 0.0 0.0 0.0 0.0 0.0 0.0 0.0 0.0 0.0 0.0 0.0 0.0 0.0 0.0 0.0 0.0 0.0 0.0 0.0 0.0 0.0 0.0 0.0 0.0 0.0 0.0 0.0 5860038.75928 352882.283136 0.0 0.0 0.0 0.0 0.0 0.0 0.0 0.0 0.0 478795.998999 0.0 0.0 0.0 0.0 0.0 0.0 0.0 0.0 0.0 0.0 0.0
0.0 0.0 0.0 0.0 0.0 0.0 0.0 0.0 0.0 0.0 0.0 0.0 0.0 0.0 0.0 0.0 0.0 0.0 0.0 0.0 0.0 0.0 0.0 0.0 0.0 0.0 0.0 0.0 0.0 0.0 0.0 0.0 0.0 0.0 0.0 0.0 0.0 0.0 0.0 0.0 0.0 0.0 0.0 0.0 0.0 0.0 0.0 0.0 0.0 0.0 0.0 5685889.76366 0.0 0.0 0.0 0.0 0.0 0.0 0.0 0.0 0.0 0.0 3718.84295883 0.0 0.0 0.0 0.0 0.0 0.0 0.0 0.0 0.0 0.0 0.0
0.0 0.0 0.0 0.0 0.0 0.0 0.0 0.0 0.0 0.0 0.0 0.0 0.0 0.0 0.0 0.0 0.0 0.0 0.0 0.0 0.0 0.0 0.0 0.0 0.0 0.0 0.0 0.0 0.0 0.0 0.0 0.0 0.0 0.0 0.0 0.0 0.0 0.0 0.0 0.0 0.0 0.0 0.0 0.0 0.0 0.0 0.0 0.0 0.0 0.0 0.0 5296297.97483 0.0 0.0 0.0 0.0 0.0 0.0 0.0 0.0 0.0 0.0 0.0 0.0 0.0 0.0 155597.167898 64119.1731565 0.0 0.0 0.0 4562.84154339 7540.1630522 9721.15717936
0.0 0.0 0.0 0.0 0.0 0.0 0.0 0.0 0.0 0.0 0.0 0.0 0.0 0.0 0.0 0.0 0.0 0.0 0.0 0.0 0.0 0.0 0.0 0.0 0.0 0.0 0.0 0.0 0.0 0.0 0.0 0.0 0.0 0.0 0.0 0.0 0.0 0.0 0.0 0.0 0.0 0.0 0.0 0.0 0.0 0.0 0.0 0.0 0.0 0.0 0.0 2467970.59476 2843339.64398 0.0 0.0 0.0 0.0 0.0 -1.0 -1.0 -1.0 0.0 0.0 0.0 6755.03218477 0.0 0.0 0.0 0.0 0.0 0.0 3619.71931797 0.0 1509.00055622
0.0 0.0 0.0 0.0 0.0 0.0 0.0 0.0 0.0 0.0 0.0 0.0 0.0 0.0 0.0 0.0 0.0 0.0 0.0 0.0 0.0 0.0 0.0 0.0 5894.15065112 0.0 0.0 0.0 0.0 0.0 0.0 0.0 0.0 0.0 0.0 0.0 0.0 0.0 0.0 0.0 0.0 0.0 0.0 0.0 0.0 0.0 0.0 0.0 0.0 0.0 0.0 0.0 3316530.05889 3280044.96942 0.0 0.0 0.0 0.0 -1.0 -1.0 -1.0 0.0 0.0 0.0 0.0 146669.990959 0.0 0.0 0.0 0.0 0.0 0.0 0.0 0.0
0.0 0.0 0.0 0.0 0.0 0.0 0.0 0.0 0.0 0.0 0.0 0.0 0.0 0.0 0.0 0.0 0.0 0.0 0.0 0.0 0.0 0.0 0.0 0.0 0.0 0.0 0.0 0.0 0.0 0.0 0.0 0.0 0.0 0.0 0.0 0.0 0.0 0.0 0.0 0.0 0.0 0.0 0.0 0.0 0.0 0.0 0.0 0.0 0.0 0.0 0.0 0.0 0.0 2480137.22165 3055954.15492 1792701.20077 0.0 0.0 0.0 -1.0 -1.0 -1.0 0.0 0.0 0.0 0.0 3400.59016058 0.0 0.0 0.0 0.0 0.0 0.0 0.0
0.0 0.0 0.0 0.0 0.0 0.0 0.0 0.0 0.0 0.0 0.0 0.0 0.0 0.0 0.0 0.0 0.0 0.0 0.0 0.0 0.0 0.0 0.0 0.0 0.0 0.0 0.0 0.0 0.0 0.0 0.0 0.0 0.0 0.0 0.0 0.0 0.0 0.0 0.0 0.0 0.0 0.0 0.0 0.0 0.0 0.0 0.0 0.0 0.0 0.0 0.0 0.0 0.0 0.0 0.0 1752579.40784 0.0 0.0 0.0 0.0 -1.0 -1.0 -1.0 0.0 0.0 0.0 151409.499887 0.0 0.0 0.0 0.0 0.0 0.0 0.0
0.0 0.0 0.0 0.0 0.0 0.0 0.0 0.0 0.0 0.0 0.0 0.0 0.0 0.0 0.0 0.0 0.0 0.0 0.0 0.0 0.0 0.0 0.0 0.0 0.0 0.0 0.0 0.0 0.0 0.0 0.0 0.0 0.0 0.0 0.0 0.0 0.0 0.0 0.0 0.0 0.0 0.0 0.0 0.0 0.0 0.0 0.0 0.0 0.0 0.0 0.0 0.0 0.0 0.0 0.0 2152975.7808 0.0 0.0 0.0 0.0 -1.0 -1.0 -1.0 -1.0 0.0 0.0 7060.78052911 0.0 0.0 0.0 0.0 0.0 0.0 0.0
0.0 0.0 0.0 0.0 0.0 0.0 0.0 0.0 0.0 0.0 0.0 0.0 0.0 0.0 0.0 0.0 0.0 0.0 0.0 0.0 0.0 0.0 0.0 0.0 0.0 0.0 0.0 0.0 0.0 0.0 0.0 0.0 0.0 0.0 0.0 0.0 0.0 0.0 0.0 0.0 0.0 0.0 0.0 0.0 0.0 0.0 0.0 0.0 0.0 0.0 0.0 0.0 0.0 0.0 0.0 358449.722122 527741.883342 0.0 0.0 0.0 0.0 -1.0 -1.0 -1.0 0.0 0.0 10868.4025988 27560.3595014 7452.20452478 13634.5941307 0.0 0.0 0.0 0.0
0.0 0.0 0.0 0.0 0.0 0.0 0.0 0.0 0.0 0.0 0.0 0.0 0.0 0.0 0.0 0.0 0.0 0.0 0.0 0.0 0.0 0.0 0.0 0.0 0.0 0.0 0.0 0.0 0.0 0.0 0.0 0.0 0.0 0.0 0.0 0.0 0.0 0.0 0.0 0.0 0.0 0.0 0.0 0.0 0.0 0.0 0.0 0.0 0.0 0.0 0.0 0.0 0.0 0.0 0.0 557380.815398 485898.470642 0.0 0.0 0.0 0.0 0.0 -1.0 -1.0 0.0 0.0 0.0 0.0 0.0 0.0 0.0 0.0 0.0 0.0
