critload/trunk/input/2010/nsro_ag.asc
ncols 720
nrows 360
xllcorner -180
yllcorner -90
cellsize 0.5
NODATA_value -1
[rows 99 to 131 of 360, columns 365 to 437 of 720]
-1.0 -1.0 -1.0 -1.0 -1.0 -1.0 -1.0 -1.0 -1.0 -1.0 -1.0 39999.8703802 595060.636954 668015.934271 154654.8087461 -1.0 -1.0 -1.0 -1.0 -1.0 -1.0 -1.0 -1.0 -1.0 0.0 372275.791783 651533.365946 962778.360935 424453.158519 35577.24596363 69676.3654637 147073.0838194 0.0 64211.5897 646631.763812 608220.593643 270313.544089 662601.7772825 389468.75852200005 667361.071299 115743.6930234 188543.84377799998 185576.40622479998 33423.72816352 -1.0 -1.0 110874.5779713 181457.99544640002 391170.6448515 607623.3454252001 767127.1724028001 680439.6222990999 457953.4545825 650669.3790547 806529.046128 629072.9189190001 472530.468852 426558.478068 305233.7098995 596536.8329340001 501342.11586 351842.61369160004 596515.9118309999 718077.0278966001 555608.9860200001 445201.0902876 489192.4131442 506825.863632 245871.5901574 240444.6937299 269918.7065747 311655.0570872 152190.8111706
381019.594752 385493.989422 12605.00255651 55002.4517196 -1.0 -1.0 -1.0 -1.0 -1.0 -1.0 -1.0 22332.13175753 588654.9474525 554760.426492 163992.2237643 -1.0 -1.0 -1.0 -1.0 -1.0 -1.0 -1.0 -1.0 -1.0 -1.0 -1.0 148111.3747285 956135.441664 179023.35229900002 -1.0 -1.0 89762.0948721 -1.0 -1.0 86661.539679 474728.4175055 495166.140894 441791.091274 682581.435937 603430.588602 446080.187245 10872.567869080001 33345.975984900004 -1.0 -1.0 80630.35167589999 -1.0 353337.94389600004 383070.55034400005 471814.526115 627572.9596653001 623797.74685 396807.755185 314179.372051 467588.930025 482893.781703 578288.0828907 513646.3668584 498720.52368519997 690167.0403656 540733.034232 733064.15496 694626.8101178 674026.1135571001 586464.649293 529460.2188757 465207.194916 247275.32206630002 458428.936163 578503.5466275 206948.3095806 213245.6445924 189196.9330345
58778.7186564 70374.1040771 -1.0 -1.0 -1.0 -1.0 -1.0 -1.0 -1.0 -1.0 -1.0 65171.727907199995 646318.214443 270702.66191799997 59996.9589709 -1.0 -1.0 -1.0 -1.0 -1.0 -1.0 -1.0 -1.0 -1.0 -1.0 -1.0 -1.0 481134.8036683 604695.385643 185972.0967251 -1.0 -1.0 -1.0 -1.0 13111.40313723 3216.2760921999998 581143.9187357 405275.245782 719606.890657 600275.2374225 442757.77440900006 92064.3671603 11788.63925479 -1.0 -1.0 -1.0 2271.961980644 279184.430572 242569.500138 594001.3276386 459163.33456010005 356680.8056064 421341.55531759997 717084.520562 590154.41831 614306.8664168001 337529.62965149997 527498.3670477 635304.6148446398 853319.617074872 812182.662685426 553270.420165 741017.5091880001 660463.3629045 593414.993619 684242.2287967 622554.655653 672060.6494063 544310.6976 344208.2732145 420456.399771 480128.786076 504287.5099605
-1.0 -1.0 -1.0 -1.0 -1.0 -1.0 -1.0 -1.0 -1.0 -1.0 -1.0 -1.0 31651.11496273 0.0 -1.0 -1.0 -1.0 -1.0 -1.0 -1.0 -1.0 -1.0 -1.0 -1.0 -1.0 -1.0 80889.9322428 451429.548754 285946.2535376 32008.19988465 -1.0 -1.0 -1.0 -1.0 -1.0 -1.0 139469.4004522 471201.78026200004 345245.820197 510320.55146 513355.935421 342151.513628 318030.352799 88584.0231614 20417.51940204 -1.0 41418.0697698 35921.4520181 277652.5982685 627154.0075912001 927121.1023279 616361.628447 457949.9919225 852429.4741552001 656864.360766 736601.6823867001 713929.012002 661957.8689712 812959.1528040001 441697.08236242674 567121.6195584 111379.34862032 736235.8055294838 651494.9700315 703782.898056 600998.7433482 531090.29064 639766.24326 271287.526992 538653.9961079999 607991.604413 698715.294798 632321.624657
-1.0 -1.0 -1.0 -1.0 -1.0 -1.0 -1.0 -1.0 -1.0 -1.0 -1.0 -1.0 -1.0 -1.0 -1.0 -1.0 -1.0 -1.0 -1.0 -1.0 101970.1596967 237225.583531 10525.67783483 -1.0 158257.767244 151417.2993559 188165.8982793 347761.03155079996 28034.8843013684 -1.0 -1.0 -1.0 -1.0 -1.0 -1.0 22790.94661587 27832.35645138 187181.1707411 431943.339523 435018.24254 425445.60757999995 635270.172204 429921.044391 202556.915657 44011.1376417 -1.0 49469.8230808 143351.8369697 159285.3168275 596190.6114566 545936.6452383 704233.1808215999 602955.9462127 712738.9302075 936244.6699016 931283.6504136999 645021.1702439999 905077.3712508 748406.9599867 631680.3989721 665425.64851275 264308.0773029 258602.90155013 1071030.9170908001 727353.0837965 732930.178098 838965.9650399999 443588.2061889 853673.5150575 756652.3921279999 764181.85965 838254.5719559999 411763.989422
-1.0 -1.0 -1.0 -1.0 -1.0 -1.0 -1.0 -1.0 -1.0 -1.0 -1.0 -1.0 -1.0 -1.0 -1.0 -1.0 -1.0 -1.0 -1.0 3568.53121968 494392.7644215 804267.619948 760510.722212 775744.7574260001 775474.204723 160811.01250379998 108291.51088409999 29174.0852028 -1.0 -1.0 -1.0 -1.0 -1.0 -1.0 -1.0 -1.0 25681.215266699997 155708.24401400003 621767.426508 590027.7044289999 716316.692134 221913.95270799997 142837.8817737 67842.1217201 104091.9672348 36554.4243536 -1.0 55636.357286800005 101282.4533891 564133.8146214 800770.720923 591544.678455 589474.9503823001 870038.1449289 667741.8143285 499425.19993219996 549851.4717981999 355815.0662262 522280.3486531 407375.4983157 231964.27997970342 471153.4608489 696203.53394736 557274.4843273 588065.737184 294250.8979468 268143.2701954 342001.92058110004 519883.1654245 571047.331522 900282.740263 1027056.989931 744752.5021125
-1.0 -1.0 -1.0 -1.0 -1.0 -1.0 -1.0 11186.578723620001 2176.5602781 11989.7362884 0.0 -1.0 7722.51825526 223696.85357 319664.3287296 73670.89404009 4042.0939686222 18025.44601973 -1.0 -1.0 -1.0 175681.3870446 727538.9214664 712568.682208 852610.2606840001 229989.517378 -1.0 -1.0 -1.0 -1.0 -1.0 -1.0 -1.0 -1.0 -1.0 -1.0 -1.0 -1.0 438906.82412199996 397488.938369 385553.772467 119297.80995190001 -1.0 0.0 3022.5522046720002 95422.9773042 47911.2559297 -1.0 11010.049559570001 162716.16929320002 209924.2130275 274425.683355 166083.6929229 354631.17738249997 917723.058096 810425.399847 420346.8801254 180513.7025236 340715.7134512 403185.0836426 639527.0985285 782728.08172762 593612.939304 300059.8546694 388727.7855469 609449.1296723 723679.9134849 941465.833128 937789.2608106 751495.194481 723131.8043625 435582.163632 441468.7348162
187942.26245827 313238.4312004 535947.8742142 681760.1365 802276.7316191001 376151.38911830005 552011.6763170001 679273.069545 802690.1719425 621801.4138586001 512793.17003700003 534175.003266 639667.2870749999 773860.5185625 451672.15003579995 276650.4481704 234729.16484500002 16568.66956639 2120.13796189 -1.0 -1.0 -1.0 -1.0 25558.929867799998 481420.31921812 86011.802448 -1.0 -1.0 -1.0 -1.0 -1.0 -1.0 -1.0 -1.0 -1.0 -1.0 -1.0 -1.0 137453.3827667 203656.7004923 335827.870826 69813.7792861 -1.0 24804.602885 30078.6215388 31972.94993899 3530.6502014200005 8861.721081683001 0.0 65694.1143366 43400.1224412 231364.342852 381254.3266808 337969.6051606 605392.0190567999 435333.2237057 446497.5263362 256669.20937515 279269.5820734 377592.8559435 482532.6329952 403170.3677317 271047.08268 400459.1106632 327827.8997214 89984.717890043 443777.2555571 547628.9139851 554516.079536 693854.94048 325870.2493363 361270.210983449 262652.80208423
779464.7170327 600092.82648 597031.4330160001 509934.684537 600442.047327 603498.3908392999 585542.8739969999 642548.6381118 696728.1293724 732320.8316227 633999.9454582001 613896.949834 477765.92115169996 417729.823071 451355.7708264 324916.5377205 21903.797570069997 -1.0 -1.0 -1.0 -1.0 -1.0 -1.0 0.0 -1.0 -1.0 -1.0 -1.0 -1.0 -1.0 -1.0 -1.0 -1.0 -1.0 -1.0 -1.0 -1.0 -1.0 -1.0 12824.39110918 41739.5902329 42459.3340075 -1.0 -1.0 -1.0 21126.40880914 -1.0 -1.0 -1.0 0.0 145594.6160783 91183.5876253 -1.0 246091.3197936 154316.8285088 357575.4284542 0.0 -1.0 -1.0 363711.4036389 463419.3225902 325977.4050636 305694.75759570004 107495.21608453 -1.0 -1.0 170856.94373607 1335729.2850191 215570.6410509 319521.00966207084 159391.04806706 187961.5274513 33027.076970656
56931.234561 36197.679441 24153.49610957 34655.3272788 75545.9061241 400281.0285 462133.54240399995 495243.406213 395537.1330938 220024.915968 94428.643278 360584.4687502 338248.191663 396216.67954499996 366743.259507 75636.09226545 88701.3349300134 -1.0 -1.0 -1.0 -1.0 -1.0 -1.0 58494.531076600004 16797.1031904 -1.0 -1.0 -1.0 -1.0 -1.0 -1.0 -1.0 -1.0 -1.0 -1.0 -1.0 -1.0 -1.0 -1.0 -1.0 -1.0 -1.0 63444.147485299996 35495.3462247 -1.0 -1.0 -1.0 -1.0 -1.0 54391.370369899996 29480.564990600004 -1.0 -1.0 -1.0 -1.0 -1.0 -1.0 -1.0 -1.0 -1.0 -1.0 -1.0 -1.0 0.0 -1.0 -1.0 316925.6034375 932375.4959 119522.2572855 305522.0449032 54169.691753249994 27100.0350584 34929.877058340004
14711.546279799999 29908.11897353 38387.5557452 61877.5465232 21674.26942704 36609.6816424 110521.2733375 229166.66690100002 157269.1251532 137558.0338375 94477.3543907 99657.9054097 373168.08837749995 267201.5563815 280026.7886745 116564.90837028 125479.87584151501 7040.1919574700005 -1.0 -1.0 -1.0 -1.0 -1.0 -1.0 -1.0 -1.0 -1.0 -1.0 -1.0 -1.0 -1.0 -1.0 -1.0 -1.0 -1.0 -1.0 -1.0 -1.0 -1.0 -1.0 -1.0 -1.0 393953.832028 383840.704808 580202.684703 669124.2573935001 415427.636372 155393.2467746 0.0 20691.861160139997 -1.0 -1.0 -1.0 -1.0 -1.0 -1.0 -1.0 -1.0 -1.0 0.0 92342.1363937 279255.8012244 185974.91307637002 6505.0355202 -1.0 -1.0 144949.31468289 411498.8933263 128631.5692784 208299.6999594 25941.1254885 22510.5520796 17034.963736370002
18631.98141444 41688.885632599995 28715.541421989998 49793.199624 34862.6829312 44676.8430381 20291.19574006 54294.8536377 50296.574004099995 36233.8280788 32718.27433896 76956.50620890001 192848.26275 259566.608136 49115.9076642 134023.65177792398 46935.90094125 1049.994937824 -1.0 -1.0 -1.0 -1.0 -1.0 -1.0 -1.0 -1.0 -1.0 -1.0 -1.0 -1.0 -1.0 -1.0 -1.0 -1.0 -1.0 -1.0 -1.0 -1.0 -1.0 -1.0 -1.0 -1.0 -1.0 -1.0 56372.808357999995 0.0 -1.0 -1.0 -1.0 -1.0 -1.0 -1.0 -1.0 -1.0 -1.0 -1.0 -1.0 -1.0 -1.0 32766.7604962 86802.4443175 59077.3147458 156668.35267748 -1.0 -1.0 -1.0 80293.6160388 521978.693874 178274.73075740002 109443.2438151 30633.20502478 40360.623916215 15665.4803178005
26379.84599744 25809.04291244 27441.732517344 13094.099102 9041.224675108999 5037.113807356 5532.60511296 1604.9797890800999 2545.58421743 2609.2735430760004 21628.426246029998 41351.287713 76082.2005126 79887.3686941 162909.830804 20783.26262565 -1.0 -1.0 -1.0 -1.0 -1.0 -1.0 -1.0 -1.0 -1.0 -1.0 -1.0 -1.0 -1.0 -1.0 -1.0 -1.0 -1.0 -1.0 -1.0 -1.0 -1.0 -1.0 -1.0 -1.0 -1.0 -1.0 -1.0 -1.0 -1.0 -1.0 -1.0 -1.0 -1.0 -1.0 -1.0 -1.0 -1.0 -1.0 -1.0 -1.0 -1.0 -1.0 -1.0 -1.0 -1.0 -1.0 -1.0 -1.0 -1.0 -1.0 76669.09335 1044646.8796829999 82598.2558679 25743.83364324 19140.984104356 7684.69678015 5768.19070515
13740.851306204999 9675.88780128 7307.4249563896 7836.52223832 6530.06331852 4071.38661889 5018.57642022 1765.190629125 303.0139204875 528.5573795312199 2577.694140769 1705.536249737 2923.444868355 5627.836494176 86365.8521124 55654.4527231 22720.018865797003 4796.233158307001 -1.0 -1.0 -1.0 -1.0 -1.0 -1.0 -1.0 -1.0 -1.0 -1.0 -1.0 -1.0 -1.0 -1.0 -1.0 -1.0 -1.0 -1.0 -1.0 -1.0 -1.0 -1.0 -1.0 -1.0 -1.0 -1.0 -1.0 -1.0 -1.0 -1.0 -1.0 -1.0 -1.0 -1.0 -1.0 -1.0 -1.0 -1.0 -1.0 -1.0 -1.0 -1.0 -1.0 -1.0 -1.0 -1.0 -1.0 80063.34715403001 629178.7359636 213886.6761839 110157.3216371 16030.932417785401 9549.27050692 8355.10554459 3441.2308257
1610.80848797 2735.84542939 6138.1314774 5807.22446853 6663.53496287 1448.23568531 1914.95932599 480.98835669 222.5599063144 0.0 0.0 100.847693025 425.550201216 401.962890571 1517.6154694176 165480.585444 41991.870376800005 17998.84030824 117.707518954 -1.0 -1.0 -1.0 -1.0 -1.0 -1.0 -1.0 -1.0 -1.0 -1.0 -1.0 -1.0 -1.0 -1.0 -1.0 -1.0 -1.0 -1.0 -1.0 -1.0 -1.0 -1.0 -1.0 -1.0 -1.0 -1.0 -1.0 -1.0 -1.0 -1.0 -1.0 -1.0 -1.0 -1.0 -1.0 -1.0 -1.0 -1.0 -1.0 -1.0 -1.0 -1.0 -1.0 -1.0 -1.0 -1.0 1701208.2464519 293148.9243115 124713.6966191 11915.41185022 4149.96334807 2654.76373305 3176.6167206 1870.73857215
267.539275836 3422.1388406017 6468.779989056 3978.58872643 6545.57834394 427.880463984 1417.9039672820002 0.0 0.0 0.0 0.0 0.0 0.0 126.390450459 0.0 16081.9771717 26855.04957499 5679.73294138 2225.39025642 10895.72172859 17934.9690503858 45055.225388838 102441.0168324 18564.2243616 -1.0 -1.0 -1.0 -1.0 -1.0 -1.0 -1.0 -1.0 -1.0 -1.0 -1.0 -1.0 98159.87676123409 31521.0258083 175484.08332 33992.683827400004 23054.6505042 877.8838009392 -1.0 -1.0 -1.0 -1.0 -1.0 -1.0 -1.0 -1.0 -1.0 -1.0 -1.0 -1.0 -1.0 -1.0 -1.0 -1.0 -1.0 -1.0 -1.0 -1.0 -1.0 -1.0 198000.537264 318086.9850195 615229.794381895 199324.0142246 436575.0351892 6749.9503185 3240.34585875 556.946713612 424.272696825
0.0 1241.3833914 3440.656422102 456.3052990974 722.70602808 975.1315299 645.917470507 0.0 0.0 0.0 0.0 0.0 0.0 0.0 0.0 2401.9772467959997 3317.310560074 2107.953471 2844.276645402 12417.217874799999 71612.4283767 186412.2943055 92604.320685 10768.77774612 32072.6803421 9088.110804150001 -1.0 -1.0 -1.0 -1.0 -1.0 -1.0 -1.0 -1.0 -1.0 77603.98276757 170960.4537712 12586.46700132 15578.63858364 58001.467346599995 15095.99964988 7812.37205365 7153.07657238 -1.0 -1.0 -1.0 -1.0 -1.0 -1.0 -1.0 -1.0 -1.0 -1.0 -1.0 -1.0 -1.0 -1.0 -1.0 -1.0 -1.0 -1.0 -1.0 -1.0 -1.0 195599.90229967202 277100.4651947 1504805.8115277998 43599.0100691 22315.1585693 1823.83415712 1819.06716577 334.78992 674.63589663
0.0 0.0 355.172102875 153.746297438 0.0 912.0801622500001 681.619656975 172.075803597 0.0 89.48175852 0.0 0.0 0.0 0.0 387.927369885 247.090230625 4154.64262929 13856.95210881 12589.16506552 6695.51787545 7521.683698096 4349.601327246 2518.7724139402 5480.06256072 2715.569762568 1600.6077164140002 0.0 -1.0 -1.0 -1.0 -1.0 -1.0 -1.0 -1.0 2189.163748205 54152.352036000004 11947.26969048 4020.0667009300005 37975.14023363 13284.99131688 3792.3263254500002 404.28707229 1207.427537043 2371.43418199 3646.991556972 36101.3013202 211424.02131895963 128226.6295355519 -1.0 -1.0 -1.0 -1.0 -1.0 -1.0 -1.0 -1.0 0.0 29244.01796293784 -1.0 -1.0 -1.0 -1.0 -1.0 -1.0 575057.4073535617 323831.14904700004 1304408.862378 8343.91643121 1708.1909687520001 1970.15766271 5447.51406015 2466.85515536 495.90314541
0.0 0.0 148.536934393 0.0 0.0 0.0 0.0 0.0 0.0 0.0 0.0 0.0 79.314976608 0.0 0.0 1093.69861633 493.20922554 0.0 178.085801817 282.088625756 298.995337512 1804.10021253 3861.88250702 1471.8137377756998 0.0 1208.718032836 1996.20995453 3134.31242688 3642.06091163 1506.5059181759998 -1.0 -1.0 -1.0 -1.0 -1.0 2597.15234872 1361.3493442387 441.675816285 17545.874237325 0.0 0.0 0.0 0.0 0.0 0.0 0.0 0.0 0.0 0.0 1190.493449438 646481.0205780461 70390.03080060001 10307.1154734 -1.0 85225.54997759392 142476.7705024853 129262.7181125043 127015.42599397 88798.6877221 51470.373896519 27620.6057551 39944.4333275 150034.7743171 588163.10138352 154390.49067413 309286.3468314 205859.1175234 2416.836799879 1365.69029516 3609.01781445 2674.66687194 6403.19534505 3981.8920599
1132.314354132 232.170972484 0.0 0.0 0.0 0.0 0.0 126.98870355899999 256.7518311485 0.0 0.0 0.0 0.0 0.0 0.0 0.0 0.0 0.0 0.0 0.0 80.0855762062 2256.08582921 710.95226805 0.0 0.0 0.0 0.0 1000.4420518974 1052.148503983 1777.48580182 2856.3595579795 2757.609643764 -1.0 -1.0 578.736072695 3713.71590033 681.449777235 0.0 0.0 0.0 0.0 0.0 123.515432092 0.0 0.0 0.0 0.0 0.0 0.0 0.0 0.0 0.0 61.848102282 7909.7551804800005 39956.983106039996 59209.32583434169 215831.9883348067 215600.883302384 291493.310504125 100293.93133200001 643.801487835 0.0 0.0 4011.6446617499996 3671.98458825 11290.739098049999 18669.507337329997 1974.18566169 1896.90904116 945.36875931 0.0 0.0 3296.31317579
191.5720542684 0.0 0.0 0.0 0.0 0.0 0.0 0.0 0.0 0.0 0.0 0.0 0.0 206.7731164223 0.0 0.0 0.0 94.1017653165 96.397154775 101.464969536 0.0 0.0 249.569599254 193.204727804 0.0 0.0 0.0 0.0 0.0 0.0 0.0 468.074238852 1469.25126227 2380.17244635 2655.7550583123398 720.430721805 0.0 0.0 0.0 0.0 0.0 0.0 68.1732439875 0.0 0.0 0.0 0.0 0.0 0.0 0.0 0.0 0.0 0.0 0.0 0.0 0.0 231218.9619375383 640829.2783779 123835.01220525 129772.678664153 15072.840365582 0.0 0.0 0.0 0.0 3770.3155875 2692.9831827 241.91015499 657.064651027 1249.26831028 0.0 0.0 0.0
1683.3398976 1141.48673046 0.0 0.0 0.0 0.0 0.0 0.0 0.0 0.0 0.0 0.0 0.0 0.0 0.0 0.0 305.642322166 1095.23994864 264.572919901 0.0 0.0 0.0 0.0 262.6160980594 0.0 0.0 0.0 0.0 0.0 0.0 214.197011272 0.0 0.0 0.0 0.0 0.0 0.0 0.0 0.0 0.0 0.0 0.0 0.0 0.0 497.411287308 0.0 0.0 0.0 0.0 0.0 0.0 0.0 0.0 0.0 0.0 0.0 3337.06571439 316095.09733782004 0.0 0.0 0.0 0.0 0.0 0.0 15448.82157435 5149.580607 3688.2846207 611.74711206 1897.38216352 833.4502797 0.0 0.0 0.0
2121.64696815 0.0 0.0 0.0 0.0 0.0 0.0 0.0 0.0 0.0 0.0 0.0 0.0 0.0 275.928731618 0.0 609.343825072 841.34454921 850.55841156 347.861962035 335.0442216 55.0499950537 0.0 0.0 0.0 464.9889186 2474.9312939399997 825.165306925 0.0 0.0 221.837593801 0.0 0.0 0.0 0.0 0.0 0.0 179.80378359370002 0.0 0.0 0.0 0.0 40.8079314562 0.0 0.0 0.0 0.0 0.0 0.0 0.0 0.0 0.0 0.0 0.0 0.0 0.0 515825.25724398455 757003.08166281 0.0 0.0 0.0 0.0 0.0 0.0 21914.5785163 35462.1878856 12556.659672 4095.1582486899997 0.0 0.0 0.0 0.0 0.0
3523.95098055 0.0 0.0 0.0 0.0 0.0 0.0 0.0 0.0 0.0 0.0 0.0 0.0 371.769150267 657.614306475 448.206269025 500.591327512 251.843344282 1462.66049237 2740.29996911 3124.304946 934.42272396 0.0 0.0 234.123473981 364.182047115 1874.17466334 616.97109744 925.63496316 0.0 531.947244231 740.723922675 0.0 0.0 154.506514935 0.0 0.0 0.0 0.0 0.0 0.0 0.0 0.0 0.0 0.0 0.0 0.0 0.0 0.0 0.0 0.0 0.0 0.0 0.0 0.0 0.0 727923.1244999999 34549.227541165 0.0 0.0 0.0 0.0 0.0 0.0 18641.3989849 58446.9925263 34973.6606586 20228.44956959 0.0 0.0 0.0 0.0 0.0
7111.79921183 7734.19253482 4290.3241785 0.0 0.0 0.0 0.0 0.0 0.0 0.0 0.0 0.0 0.0 0.0 256.828561555 0.0 0.0 0.0 0.0 0.0 300.21876423 0.0 0.0 0.0 0.0 0.0 0.0 0.0 0.0 146.9340451452 0.0 140.275927056 0.0 0.0 0.0 0.0 60.76143045 0.0 0.0 0.0 0.0 0.0 0.0 0.0 0.0 0.0 0.0 0.0 0.0 0.0 0.0 0.0 0.0 0.0 0.0 0.0 515643.72364638 0.0 0.0 0.0 0.0 0.0 0.0 0.0 0.0 23819.2056855 34209.6835252 12481.336602696001 4094.4523392 4554.90805605 2013.28524148 0.0 103.252063748
0.0 0.0 0.0 0.0 0.0 0.0 0.0 0.0 0.0 0.0 0.0 0.0 0.0 0.0 0.0 0.0 0.0 0.0 0.0 0.0 0.0 0.0 378.522576036 2392.230426795 172.1381140875 349.46948731199996 81.8505412065 174.02472891 0.0 0.0 102.3734052 243.51207747 0.0 0.0 0.0 0.0 0.0 0.0 233.36759226599997 266.101849056 0.0 0.0 0.0 0.0 0.0 0.0 0.0 0.0 0.0 0.0 0.0 0.0 0.0 0.0 0.0 0.0 688346.1842329501 0.0 0.0 0.0 0.0 0.0 0.0 0.0 0.0 2164.81427897 39384.8501895 32388.88239 39190.5736452 7391.2429932 3557.0480526 5033.16114 3444.63840611
334.393803906 0.0 0.0 0.0 0.0 0.0 0.0 0.0 0.0 0.0 0.0 0.0 0.0 0.0 0.0 0.0 0.0 0.0 0.0 0.0 0.0 257.8494197025 114.6843706384 332.216619952 452.369296803 0.0 0.0 0.0 0.0 0.0 0.0 0.0 0.0 0.0 0.0 0.0 0.0 0.0 90.620432208 140.34035274 0.0 0.0 0.0 0.0 0.0 0.0 0.0 0.0 0.0 0.0 0.0 0.0 0.0 0.0 0.0 0.0 258674.72672577 691892.46621495 0.0 0.0 0.0 0.0 0.0 -1.0 -1.0 -1.0 0.0 0.0 36632.2103145 28220.33721271 6156.28381725 801.506334443 488.286934087
0.0 0.0 0.0 0.0 0.0 0.0 0.0 0.0 0.0 0.0 0.0 0.0 0.0 0.0 0.0 0.0 0.0 0.0 0.0 414.11975689999997 1742.540885973 988.890041158 1186.467716721 753.05384286 0.0 0.0 0.0 0.0 0.0 535.30293336 0.0 0.0 0.0 0.0 0.0 0.0 0.0 0.0 266.27534093400004 149.0548696576 0.0 0.0 0.0 0.0 0.0 0.0 0.0 0.0 0.0 0.0 0.0 0.0 0.0 0.0 0.0 0.0 0.0 439194.544032 713225.4983864999 0.0 0.0 0.0 0.0 -1.0 -1.0 -1.0 0.0 0.0 0.0 33276.977244 44630.09081265 5365.222959 1183.96155648
0.0 0.0 0.0 0.0 0.0 0.0 0.0 0.0 0.0 0.0 0.0 0.0 0.0 0.0 0.0 0.0 0.0 0.0 0.0 620.507748693 603.072567084 652.46878705 182.98118484 113.4043138805 711.67736607 233.775693711 104.43931344 0.0 0.0 0.0 0.0 0.0 0.0 0.0 0.0 0.0 0.0 0.0 0.0 0.0 0.0 0.0 0.0 0.0 0.0 0.0 0.0 0.0 0.0 0.0 0.0 0.0 0.0 0.0 0.0 0.0 0.0 0.0 453460.43508623505 1428419.4778582742 743131.2652380001 0.0 0.0 0.0 -1.0 -1.0 -1.0 1239.09420544 0.0 34978.96326 0.0 2334.79758073 19074.4605293
0.0 0.0 0.0 0.0 0.0 0.0 0.0 2327.92273402 0.0 0.0 0.0 0.0 0.0 0.0 439.398367024 0.0 320.349054836 0.0 0.0 0.0 0.0 0.0 361.1145489475 163.49375438549998 0.0 0.0 0.0 0.0 0.0 0.0 0.0 0.0 0.0 0.0 0.0 0.0 0.0 53.4754912986 0.0 0.0 0.0 0.0 0.0 0.0 0.0 0.0 0.0 0.0 0.0 0.0 0.0 0.0 0.0 0.0 0.0 0.0 0.0 0.0 0.0 0.0 817186.01894393 0.0 0.0 0.0 0.0 -1.0 -1.0 -1.0 0.0 10745.0530141 36326.41857 128785.01919020001 26232.0323948
0.0 0.0 0.0 0.0 0.0 0.0 0.0 0.0 0.0 1538.082756 0.0 0.0 0.0 0.0 297.50712525 0.0 0.0 0.0 0.0 0.0 0.0 0.0 0.0 0.0 0.0 0.0 0.0 0.0 0.0 0.0 0.0 0.0 0.0 0.0 0.0 0.0 0.0 0.0 0.0 0.0 0.0 0.0 0.0 0.0 0.0 0.0 0.0 0.0 0.0 0.0 0.0 0.0 0.0 0.0 0.0 0.0 0.0 0.0 0.0 0.0 430790.43722084997 0.0 0.0 0.0 0.0 -1.0 -1.0 -1.0 -1.0 4674.23397076 28445.5983825 29169.80243402 25127.286471
0.0 0.0 0.0 0.0 0.0 1375.50393585 0.0 0.0 0.0 0.0 960.47716845 2944.07767193 1345.80311385 1041.8328942 0.0 2954.31823869 0.0 0.0 0.0 0.0 0.0 0.0 0.0 0.0 0.0 0.0 0.0 0.0 0.0 0.0 0.0 0.0 0.0 0.0 0.0 0.0 0.0 0.0 0.0 0.0 0.0 0.0 0.0 0.0 0.0 0.0 0.0 0.0 0.0 0.0 0.0 0.0 0.0 0.0 0.0 0.0 0.0 0.0 0.0 0.0 57803.216094 61992.526763667505 0.0 0.0 0.0 0.0 -1.0 -1.0 -1.0 4122.87168465 43531.2699388 65395.93300588 74599.5610207
0.0 0.0 0.0 0.0 0.0 0.0 1429.50521415 0.0 0.0 3305.86209135 0.0 0.0 472.61397381 0.0 591.856647855 0.0 0.0 0.0 0.0 0.0 0.0 0.0 0.0 0.0 0.0 0.0 0.0 0.0 0.0 0.0 0.0 0.0 0.0 0.0 0.0 0.0 0.0 0.0 0.0 0.0 0.0 1818.364451242 315.3320720685 0.0 0.0 0.0 0.0 0.0 0.0 0.0 0.0 0.0 0.0 0.0 0.0 0.0 0.0 0.0 0.0 0.0 139230.32395279 59959.0397448 0.0 0.0 0.0 0.0 0.0 -1.0 -1.0 0.0 3175.58188141 12096.5299878 59242.2576993
