critload/trunk/input/2010/nsro_ag.asc
ncols 720
nrows 360
xllcorner -180
yllcorner -90
cellsize 0.5
NODATA_value -1
[rows 66 to 98 of 360, columns 73 to 145 of 720]
-1.0 -1.0 -1.0 -1.0 -1.0 -1.0 -1.0 -1.0 -1.0 -1.0 -1.0 -1.0 -1.0 -1.0 -1.0 -1.0 346.935477624 0.0 137.918783595 362.775832897 515.04370362 361.276545994 0.0 0.0 0.0 0.0 0.0 0.0 0.0 0.0 0.0 0.0 0.0 0.0 0.0 0.0 0.0 0.0 0.0 0.0 0.0 0.0 0.0 0.0 17280.6995592 22815.560742441274 0.0 0.0 18499.00701170536 7911.002697 0.0 15695.3698204 67681.713761205 0.0 0.0 0.0 0.0 0.0 0.0 0.0 0.0 0.0 0.0 0.0 0.0 0.0 0.0 2181.05047612 5138.114573727 366.439101633 0.0 52.0138240664 0.0
-1.0 -1.0 -1.0 -1.0 -1.0 -1.0 -1.0 -1.0 -1.0 -1.0 -1.0 -1.0 -1.0 -1.0 -1.0 -1.0 -1.0 0.0 0.0 0.0 157.050629346 73.177627776 630.55828584 0.0 0.0 0.0 0.0 0.0 0.0 0.0 0.0 0.0 0.0 0.0 0.0 0.0 0.0 0.0 0.0 0.0 0.0 0.0 0.0 27640.652828094997 32823.5425749 227681.90978505 158755.25203050178 155064.513312826 107197.27244020885 169033.04748337343 62555.05922328884 97786.40608780542 212765.143980243 9428.774814256662 0.0 3008.4469080080003 0.0 0.0 0.0 0.0 0.0 0.0 0.0 0.0 0.0 0.0 0.0 2183.396380722 2589.103234226 146.241479669 12.90715406685 352.504845328 1945.178281854
-1.0 -1.0 -1.0 -1.0 -1.0 -1.0 -1.0 -1.0 -1.0 -1.0 -1.0 -1.0 -1.0 -1.0 -1.0 -1.0 -1.0 -1.0 0.0 0.0 267.50131695 210.43936221 61.4730775313 215.863377187 2127.41960625 0.0 115.15125308 0.0 0.0 0.0 0.0 0.0 0.0 0.0 0.0 0.0 0.0 0.0 0.0 0.0 0.0 0.0 0.0 0.0 14181.439915205 38729.20297289759 147415.92509246786 64293.311597502994 45132.853850561325 209976.0598483042 296251.0346435783 259764.968003002 112743.7875871241 32728.909194428998 47363.483605293695 6937.954918706 2334.409883689 2439.8680327539996 0.0 1325.394705996 0.0 0.0 0.0 0.0 0.0 0.0 0.0 0.0 0.0 104.7283572835 87.0333539067 413.74151776900004 0.0
-1.0 -1.0 -1.0 -1.0 -1.0 -1.0 -1.0 -1.0 -1.0 -1.0 -1.0 -1.0 -1.0 -1.0 -1.0 -1.0 -1.0 -1.0 -1.0 0.0 80.042620279 229.816175929 681.481406366 0.0 459.53321661 0.0 0.0 13246.199794569999 12152.62999854 10649.02760854 0.0 0.0 0.0 0.0 0.0 0.0 0.0 0.0 0.0 0.0 8781.03943324 0.0 0.0 0.0 0.0 0.0 0.0 52034.02913686935 154536.8645549797 167477.89456407318 266882.502063285 47142.91948109 100334.39826258451 73242.6342696 46922.680585837 18683.727379720003 35632.671523763 34769.74232954 10373.379662972 26078.351600194 6248.466632713 8999.008233749999 11721.148724333 7023.111656021 2240.47369884 0.0 0.0 0.0 0.0 1952.2178826840002 0.0 680.0743777509999 132.3979089415
-1.0 -1.0 -1.0 -1.0 -1.0 -1.0 -1.0 -1.0 -1.0 -1.0 -1.0 -1.0 -1.0 -1.0 -1.0 -1.0 -1.0 -1.0 -1.0 -1.0 0.0 0.0 0.0 -1.0 0.0 0.0 11067.249899999999 6507.866342737 0.0 42910.58354945 0.0 0.0 28513.3931295254 0.0 473.38812215999997 0.0 0.0 0.0 0.0 0.0 0.0 0.0 0.0 0.0 0.0 0.0 0.0 0.0 12703.3030106933 34337.257920774 0.0 5081.277578768 67653.73419328399 7775.717417008 5809.46940651 11696.594642360831 0.0 20485.618072725 41595.719378591006 53108.170014947005 174419.2416604449 70253.311799376 62740.049993831 64815.463738039994 17100.4121526 17068.3033094435 9680.716219458 767.393802866 131.0118826494 0.0 0.0 0.0 192.09511078600002
-1.0 -1.0 -1.0 -1.0 -1.0 -1.0 -1.0 -1.0 -1.0 -1.0 -1.0 -1.0 -1.0 -1.0 -1.0 -1.0 -1.0 -1.0 -1.0 -1.0 446.683207126 5494.08616527 0.0 0.0 -1.0 0.0 15740.462249470002 14588.30642429 0.0 26487.54382052 0.0 0.0 0.0 0.0 0.0 0.0 0.0 0.0 24875.16482052 8894.246091344774 0.0 33025.9039389 21935.908799819998 0.0 0.0 0.0 0.0 0.0 0.0 0.0 0.0 0.0 0.0 16950.5490141 5265.0645798900005 41778.533512762006 98081.729663024 145013.73768349507 94437.0815624769 71793.1179235618 82241.36567226397 133330.815349521 111982.57326774 144615.227889325 137421.54198433118 165815.69787247898 120490.71261604 86766.19432542 81841.553029723 37292.39345755945 31391.696747011 5196.2060611 0.0
-1.0 -1.0 -1.0 -1.0 -1.0 -1.0 -1.0 -1.0 -1.0 -1.0 -1.0 -1.0 -1.0 -1.0 -1.0 -1.0 -1.0 -1.0 -1.0 -1.0 8772.565731907 52029.64349595 11397.14777859 562.448020925 -1.0 0.0 3187.2943161 25843.675921140002 24746.31274819 5392.921530967 0.0 0.0 0.0 0.0 0.0 0.0 0.0 0.0 7540.5227138519995 5713.12378602 0.0 73817.61829374 0.0 0.0 0.0 0.0 0.0 0.0 0.0 0.0 0.0 0.0 0.0 23907.506319326298 64256.41951038 68884.894788313 124703.29251231684 148257.7884381189 114849.42422792668 101732.8438348393 138485.7159628837 89558.5193989167 86912.31676858349 161399.47753766173 173269.25319872695 184991.7265992038 181165.378960965 122231.14942653 98055.290133523 38913.508759158896 6710.07255723 23219.4241613869 43463.996558968
-1.0 -1.0 -1.0 -1.0 -1.0 -1.0 -1.0 -1.0 -1.0 -1.0 -1.0 -1.0 -1.0 -1.0 -1.0 -1.0 -1.0 -1.0 -1.0 -1.0 -1.0 3179.69761248 3159.7406149579997 1905.00040431 -1.0 -1.0 0.0 0.0 447.394865384 20213.11325192 7328.62375431 0.0 0.0 0.0 0.0 0.0 0.0 0.0 0.0 0.0 0.0 23794.67833189 14085.27087533897 0.0 0.0 0.0 0.0 0.0 0.0 0.0 0.0 52286.58474933 0.0 0.0 0.0 4812.451748362 77524.781774032 218813.94338218094 194334.5498907506 140231.12155348886 129565.27693228649 78784.651497881 39601.19196865131 84041.746747198 112655.13925182896 166214.52710848 134816.03912418403 142054.62573079826 150658.3327900754 126627.60238819559 72720.828746145 78537.95480101199 83280.6767286
-1.0 -1.0 -1.0 -1.0 -1.0 -1.0 -1.0 -1.0 -1.0 -1.0 -1.0 -1.0 -1.0 -1.0 -1.0 -1.0 -1.0 -1.0 -1.0 -1.0 -1.0 -1.0 0.0 2011.191343803 0.0 -1.0 -1.0 -1.0 0.0 2535.648446212 4508.63717076 0.0 0.0 0.0 0.0 0.0 0.0 0.0 0.0 0.0 0.0 12210.28577995 40660.47154683 0.0 0.0 0.0 0.0 0.0 0.0 0.0 0.0 0.0 0.0 0.0 0.0 5604.856454835 13971.057330105 118895.744522999 205687.64668484702 151614.93556537302 148088.040546452 114769.62776557749 81010.758241152 66675.71132057018 171022.3244593005 120043.545413726 144393.57842326 118002.4471538 110350.59946604 129464.69036867 132856.53048389198 63946.213165162 59406.45856283
-1.0 -1.0 -1.0 -1.0 -1.0 -1.0 -1.0 -1.0 -1.0 -1.0 -1.0 -1.0 -1.0 -1.0 -1.0 -1.0 -1.0 -1.0 -1.0 -1.0 -1.0 -1.0 -1.0 0.0 0.0 -1.0 -1.0 -1.0 -1.0 0.0 239.034798024 0.0 2054.65194018 0.0 0.0 0.0 9403.072367715 0.0 0.0 5841.1909836 0.0 0.0 9460.26309946 7098.82319088 0.0 0.0 0.0 0.0 0.0 0.0 0.0 0.0 0.0 0.0 0.0 0.0 37332.52372384 163864.945716287 155612.4476493033 232611.16188825 205024.974009733 115517.68565905701 48576.89792706 69430.91500748 104198.95570484 56234.86388541 29361.45882639 35680.241522009994 97590.41824224 35244.061810641 70797.468856462 116798.62262383 92279.978572353
-1.0 -1.0 -1.0 -1.0 -1.0 -1.0 -1.0 -1.0 -1.0 -1.0 -1.0 -1.0 -1.0 -1.0 -1.0 -1.0 -1.0 -1.0 -1.0 -1.0 -1.0 -1.0 -1.0 -1.0 -1.0 -1.0 -1.0 -1.0 -1.0 -1.0 22.9719092968 282.004288627 3729.52776009 0.0 0.0 0.0 0.0 0.0 1914.75844127 0.0 0.0 0.0 57495.7831761 0.0 2726.02192544 0.0 0.0 0.0 0.0 0.0 0.0 0.0 0.0 0.0 0.0 0.0 0.0 162557.97558288698 178282.92745349 148801.805899594 203481.42722893402 176077.05310825302 77705.7861208 73317.4427484 41207.690467399996 144457.724895 172267.536607 150863.35763410002 46885.98064273 74936.62696064 86813.00847809 74643.735032475 59060.437331182
-1.0 -1.0 -1.0 -1.0 -1.0 -1.0 -1.0 -1.0 -1.0 -1.0 -1.0 -1.0 -1.0 -1.0 -1.0 -1.0 -1.0 -1.0 -1.0 -1.0 -1.0 -1.0 -1.0 -1.0 -1.0 -1.0 -1.0 -1.0 -1.0 -1.0 -1.0 0.0 1037.10480965 5778.2589444 9882.7253919 7516.20428051 0.0 0.0 0.0 3721.23310905 0.0 6632.40545856 9007.247024010001 15510.99496417 0.0 0.0 0.0 0.0 728.054127225 0.0 0.0 0.0 0.0 0.0 0.0 0.0 0.0 126931.12692861 191727.328575 108611.31246885301 168875.03625790638 215307.28589370003 106021.00328489 122890.6475915 94018.1058704 129993.5762034 145117.1601449 206469.58746259997 74388.81680529 78561.8788054 260286.7487393 70912.87466051 111846.95728585
-1.0 -1.0 -1.0 -1.0 -1.0 -1.0 -1.0 -1.0 -1.0 -1.0 -1.0 -1.0 -1.0 -1.0 -1.0 -1.0 -1.0 -1.0 -1.0 -1.0 -1.0 -1.0 -1.0 -1.0 -1.0 -1.0 -1.0 -1.0 -1.0 -1.0 0.0 0.0 1149.55033597 801.160627822 2956.77359692 20748.146080180002 5093.41717297 9803.55595658 3126.40172644 0.0 0.0 0.0 0.0 0.0 16046.886573 11031.62474576 106815.58783589999 42286.776649960004 199192.67561926 7107.0331859 0.0 0.0 0.0 0.0 0.0 0.0 0.0 32961.244818501196 250342.11441375 134615.39450304 172501.20244896002 138853.01865272 63206.88414709 85942.44110245 202212.2800765 208407.452137 254013.30591 212870.86982969998 139302.1820385 75543.71600391 96702.53980275 132924.80581453 141723.02319998998
-1.0 -1.0 -1.0 -1.0 -1.0 -1.0 -1.0 -1.0 -1.0 -1.0 -1.0 -1.0 -1.0 -1.0 -1.0 -1.0 -1.0 -1.0 -1.0 -1.0 -1.0 -1.0 -1.0 -1.0 -1.0 -1.0 -1.0 -1.0 -1.0 -1.0 -1.0 134.723562492 0.0 0.0 0.0 0.0 3414.7752014999996 4343.16419604 14750.222003300001 2483.49122553 3057.49251433 0.0 0.0 0.0 9971.29884773 34253.32300857 44068.4336886 0.0 236229.5200687 45553.318870099996 0.0 0.0 0.0 0.0 0.0 0.0 0.0 0.0 186746.27412994002 167932.2998817 105814.90034184999 125983.99644281 75170.67237465 65440.1339487 159452.41418800002 274063.69024699996 204232.47783 178050.2109913 118934.60636179999 63906.2789505 85335.18020824999 124486.3565088 119671.76064930999
-1.0 -1.0 -1.0 -1.0 -1.0 -1.0 -1.0 -1.0 -1.0 -1.0 -1.0 -1.0 -1.0 -1.0 -1.0 -1.0 -1.0 -1.0 -1.0 -1.0 -1.0 -1.0 -1.0 -1.0 -1.0 -1.0 -1.0 -1.0 -1.0 -1.0 -1.0 -1.0 0.0 930.808029 0.0 11915.9993343 19478.11074737 17444.76987092 327.148672546 0.0 3921.412248 3319.03957174 0.0 2321.6866596 0.0 0.0 0.0 48524.64204791 71594.53576432 0.0 0.0 0.0 0.0 0.0 0.0 29519.8604498 0.0 0.0 136358.97610119998 147276.17440760002 112133.3140921 206299.84177289 143502.85941196 130964.4255864 91288.83386014 284842.340625 505506.88926 292793.13601200003 308128.8380289 144274.8138225 105874.06211715001 112229.1662294 98740.49830020001
-1.0 -1.0 -1.0 -1.0 -1.0 -1.0 -1.0 -1.0 -1.0 -1.0 -1.0 -1.0 -1.0 -1.0 -1.0 -1.0 -1.0 -1.0 -1.0 -1.0 -1.0 -1.0 -1.0 -1.0 -1.0 -1.0 -1.0 -1.0 -1.0 -1.0 -1.0 -1.0 -1.0 -1.0 0.0 6674.598712057 1734.21767376 7934.88187818 17405.38362615 216530.3504587 69516.10579026 372548.8853436 354824.4604923 185430.401281826 4675.56281503 0.0 0.0 93410.9982 21478.7226767 18824.16987278 37976.064823524 23057.97720294 0.0 55903.255034536385 37051.92444265667 4730.11656177 9949.8215626 0.0 147786.87828536 292461.672155094 181825.12555077998 165367.72073135 112881.7356774 50533.53904625 45031.252075200005 218890.290019 153944.7653444 125541.36580619999 198353.690806 199512.78409750003 81065.94477375 61653.36634035 106991.87451615001
-1.0 -1.0 -1.0 -1.0 -1.0 -1.0 -1.0 -1.0 -1.0 -1.0 -1.0 -1.0 -1.0 -1.0 -1.0 -1.0 -1.0 -1.0 -1.0 -1.0 -1.0 -1.0 -1.0 -1.0 -1.0 -1.0 -1.0 -1.0 -1.0 -1.0 -1.0 -1.0 -1.0 -1.0 -1.0 -1.0 0.0 0.0 0.0 73281.89224098 57690.298994510005 175481.38192168 444330.68946873996 0.0 7873.6404320500005 0.0 7140.60528245 40898.3672513 92282.3116125 18632.04827807 49276.896981699996 66412.36813462 0.0 2498.40308375 132153.35583404 2662.1245862339997 34788.20007269 4877.88820002 2674.31920632 18764.72816093 67827.79464952 133396.796294 166917.72885460002 161549.27787161 289672.995876 135011.8667542 134333.33992589999 103265.07716239 46339.13844416 63726.5432286 74107.90283627 63202.88686928 59203.97580825
-1.0 -1.0 -1.0 -1.0 -1.0 -1.0 -1.0 -1.0 -1.0 -1.0 -1.0 -1.0 -1.0 -1.0 -1.0 -1.0 -1.0 -1.0 -1.0 -1.0 -1.0 -1.0 -1.0 -1.0 -1.0 -1.0 -1.0 -1.0 -1.0 -1.0 -1.0 -1.0 -1.0 -1.0 -1.0 -1.0 -1.0 0.0 18677.115864 0.0 71669.59096795 131661.83850164 304348.56943363 0.0 4511.290347 4313.43198429 44557.8218216 487614.89151600003 213542.089049 27499.837213400002 110539.02525119999 156733.3130972 70106.1467515 9215.91225605 39540.2394821 8944.44706245 23032.5645508 18247.287382 408051.2375388 6295.68875997 0.0 106401.6667354 198820.6141491 189464.50171842 227924.16152857998 224707.7138888 161572.666602 263320.2434016 158298.648082 76953.6266024 48183.71877926 51999.354962 52058.0816816
-1.0 -1.0 -1.0 -1.0 -1.0 -1.0 -1.0 -1.0 -1.0 -1.0 -1.0 -1.0 -1.0 -1.0 -1.0 -1.0 -1.0 -1.0 -1.0 -1.0 -1.0 -1.0 -1.0 -1.0 -1.0 -1.0 -1.0 -1.0 -1.0 -1.0 -1.0 -1.0 -1.0 -1.0 -1.0 -1.0 -1.0 0.0 530.444979129 0.0 0.0 9642.29289368 219545.99894509 274718.440329158 13011.7382367 43600.81563349 316996.51138740004 418809.42411150003 335837.8219147 506236.14629849995 437709.0179625 507730.62735 927894.41401608 549476.3087142999 0.0 5799.85712316 8672.68730538 186418.0132678 382778.8706456 2876.80426352 0.0 3965.23506166 159434.9290755 199679.17586852 285215.6628022 339681.74010570004 280416.7047578 187143.323244 98289.3930232 57878.4677458 43995.172275000004 36843.3160815 43678.8520432
-1.0 -1.0 -1.0 -1.0 -1.0 -1.0 -1.0 -1.0 -1.0 -1.0 -1.0 -1.0 -1.0 -1.0 -1.0 -1.0 -1.0 -1.0 -1.0 -1.0 -1.0 -1.0 -1.0 -1.0 -1.0 -1.0 -1.0 -1.0 -1.0 -1.0 -1.0 -1.0 -1.0 -1.0 -1.0 -1.0 -1.0 -1.0 1984.744344655 2587.97594061 17405.42330133 17637.18961445 414338.21859843 77066.38074645765 14959.266434 179015.58131049998 275393.1256902 267081.9075247 116461.33892395001 252573.6239597 237125.41115 263247.71721 434279.20129304996 503660.0300356768 0.0 0.0 0.0 100232.5101249 461248.1337952 10528.98354852 46582.728613 56180.534335239994 212296.8581821 325695.58074400004 426174.773361 320749.7677424 324133.21487980004 372560.9378269 209593.15146720002 57679.6316695 47801.2519065 39926.1628911 55939.8231899
-1.0 -1.0 -1.0 -1.0 -1.0 -1.0 -1.0 -1.0 -1.0 -1.0 -1.0 -1.0 -1.0 -1.0 -1.0 -1.0 -1.0 -1.0 -1.0 -1.0 -1.0 -1.0 -1.0 -1.0 -1.0 -1.0 -1.0 -1.0 -1.0 -1.0 -1.0 -1.0 -1.0 -1.0 -1.0 -1.0 -1.0 -1.0 3134.24817648 20819.93266855 146963.10457337 366469.1257827 147552.37244526 9727.50019905 3766.34262331 388697.1344087 188398.7183862 143691.678532 98815.6291302 299808.09058072 223052.5974118 239376.39428957 694851.63040215 756483.5772328001 92455.5438296 0.0 0.0 0.0 244795.85670049998 92562.291002 231684.0109207 160663.3847611 110091.5379357 403696.62893590005 157781.04213709998 113506.1192934 169139.3184032 260383.69729470002 75863.39265 85700.048517 51174.4916167 30034.782711300002 23938.2964402
-1.0 -1.0 -1.0 -1.0 -1.0 -1.0 -1.0 -1.0 -1.0 -1.0 -1.0 -1.0 -1.0 -1.0 -1.0 -1.0 -1.0 -1.0 -1.0 -1.0 -1.0 -1.0 -1.0 -1.0 -1.0 -1.0 -1.0 -1.0 -1.0 -1.0 -1.0 -1.0 -1.0 -1.0 -1.0 -1.0 -1.0 -1.0 0.0 25232.09761352 59252.738384050004 197114.2721348 0.0 3776.45718489 18298.9743489 174333.79528730002 348376.5339191 492980.6124965 217315.5289844 217840.9322953 390919.23592537 176182.7939469 257424.8091593 739790.7631805 1557425.4569869481 93388.98852966599 0.0 0.0 481339.21777449996 35703.386107700004 29973.4300611 211548.8490155 41642.014275099995 261025.6009044 351712.80417139997 289448.5980803 145853.90859130002 141501.2061706 137038.6138357 109722.2566737 58540.588105500006 69706.0952212 109639.50409799999
-1.0 -1.0 -1.0 -1.0 -1.0 -1.0 -1.0 -1.0 -1.0 -1.0 -1.0 -1.0 -1.0 -1.0 -1.0 -1.0 -1.0 -1.0 -1.0 -1.0 -1.0 -1.0 -1.0 -1.0 -1.0 -1.0 -1.0 -1.0 -1.0 -1.0 -1.0 -1.0 -1.0 -1.0 -1.0 -1.0 -1.0 -1.0 -1.0 0.0 190422.66219397 644401.757030514 451341.524260861 54670.883852419 229895.6033662 412189.1513231 271198.9124145 163182.9553242 329220.1555385 368520.4920127 504110.37276530004 210567.6385312 145689.21851849998 74195.63142009999 423430.65015440003 0.0 0.0 0.0 14981.16272397 46832.86087961 69276.92278065 64617.579970599996 275689.1410242 415251.71696429997 643197.3957688 261190.89916919998 222971.49622690002 219196.7109758 154387.95964 241723.1585945 184108.9647222 171464.8429042 112162.0233954
-1.0 -1.0 -1.0 -1.0 -1.0 -1.0 -1.0 -1.0 -1.0 -1.0 -1.0 -1.0 -1.0 -1.0 -1.0 -1.0 -1.0 -1.0 -1.0 -1.0 -1.0 -1.0 -1.0 -1.0 -1.0 -1.0 -1.0 -1.0 -1.0 -1.0 -1.0 -1.0 -1.0 -1.0 -1.0 -1.0 -1.0 -1.0 -1.0 96833.08362261999 886746.33582802 753847.9036162649 682345.860059942 3040.05931263 257391.1664624 265903.35994490003 201488.51107220002 251783.3217959 57387.9324023 791209.306261 158332.5597613 465424.0702771 205753.4595235 68655.8851892 90435.7903905 14628.17988901 9106.34407452 20000.8690455 19214.59404041 185882.7750023 84531.8484302 434333.0371896 512521.2674588 238010.64355110002 0.0 112183.91636640001 6457.05224313 143631.29622720001 290388.70750400005 292339.3930658 187414.811124 228019.38564599998 189887.523273
-1.0 -1.0 -1.0 -1.0 -1.0 -1.0 -1.0 -1.0 -1.0 -1.0 -1.0 -1.0 -1.0 -1.0 -1.0 -1.0 -1.0 -1.0 -1.0 -1.0 -1.0 -1.0 -1.0 -1.0 -1.0 -1.0 -1.0 -1.0 -1.0 -1.0 -1.0 -1.0 -1.0 -1.0 -1.0 -1.0 -1.0 -1.0 62873.526449412 4087.93621906 758246.8150068701 817123.2216849299 0.0 5451.81269385 276216.4234821 43887.4733889 57903.1085536 63190.0573534 107122.58109630001 6525.62172135 87828.52488525 374490.55512 269952.8982132 246861.77390119998 281602.40441139997 0.0 0.0 9407.66988742 7891.276666985999 57689.9446885 79533.5211518 95585.4402228 83335.8295819 65891.94156030001 13778.09240504 0.0 0.0 16691.19619178 209362.5289096 311856.37483369996 141264.8565266 68454.051408 201568.2945245
-1.0 -1.0 -1.0 -1.0 -1.0 -1.0 -1.0 -1.0 -1.0 -1.0 -1.0 -1.0 -1.0 -1.0 -1.0 -1.0 -1.0 -1.0 -1.0 -1.0 -1.0 -1.0 -1.0 -1.0 -1.0 -1.0 -1.0 -1.0 -1.0 -1.0 -1.0 -1.0 -1.0 -1.0 -1.0 -1.0 -1.0 -1.0 2944.11891907 0.0 751834.1509623 317405.65793078 0.0 10455.93745887 123694.33640500001 172290.59949280001 58038.57065159999 58609.1219415 58123.1026886 95064.2751532 86245.3085618 109154.64960179999 371597.7041786 430621.3312121 142303.3411608 37264.3661212 0.0 0.0 7976.9768336448 20279.53940922 16033.4691748 86638.41305999999 68870.2565052 33505.1143258 71894.571138 0.0 0.0 17915.0749047 70059.4036054 81279.494415 104174.546886 162010.91246780002 44291.313586200005
-1.0 -1.0 -1.0 -1.0 -1.0 -1.0 -1.0 -1.0 -1.0 -1.0 -1.0 -1.0 -1.0 -1.0 -1.0 -1.0 -1.0 -1.0 -1.0 -1.0 -1.0 -1.0 -1.0 -1.0 -1.0 -1.0 -1.0 -1.0 -1.0 -1.0 -1.0 -1.0 -1.0 -1.0 -1.0 -1.0 -1.0 -1.0 3754.84990774 26028.632036075 197127.23789363 128756.27567753999 0.0 5828.294423475 10500.5525148 9524.866779756001 40067.09140522 35141.35848525 77161.9335291 143454.7526107 50472.3084019 79338.5106501 454755.691519 635223.0229503501 534998.880108 216946.0196637 48254.4711482 12831.586071910002 41620.3885633 52402.0890688 234359.52172649998 69426.12962666 119146.12110803 503508.6687201 334513.579488 38259.0303579 4405.31511387 14678.443961769999 33292.1029699 98483.8697325 179128.808266 63003.4207283 119433.39816419999
-1.0 -1.0 -1.0 -1.0 -1.0 -1.0 -1.0 -1.0 -1.0 -1.0 -1.0 -1.0 -1.0 -1.0 -1.0 -1.0 -1.0 -1.0 -1.0 -1.0 -1.0 -1.0 -1.0 -1.0 -1.0 -1.0 -1.0 -1.0 -1.0 -1.0 -1.0 -1.0 -1.0 -1.0 -1.0 -1.0 -1.0 -1.0 43186.842171000004 0.0 493211.8104441 0.0 0.0 5693.49244327 25306.193890950002 73779.9354153 57003.3468792 11984.367649799999 44441.82635685 87278.61326737 28115.371677279996 25291.6171656 56495.440772400005 434922.3749978 135147.8755615 192828.36160210002 201782.086527 263797.34121 169170.6903743 72170.156304 12111.031979110001 115526.97755573 346268.6513196 178891.23880350002 154649.4983972 47254.6562458 32811.9923583 27167.4407919 39411.9796538 183540.65340349998 185315.7499672 38844.956577100005 64055.7993387
-1.0 -1.0 -1.0 -1.0 -1.0 -1.0 -1.0 -1.0 -1.0 -1.0 -1.0 -1.0 -1.0 -1.0 -1.0 -1.0 -1.0 -1.0 -1.0 -1.0 -1.0 -1.0 -1.0 -1.0 -1.0 -1.0 -1.0 -1.0 -1.0 -1.0 -1.0 -1.0 -1.0 -1.0 -1.0 -1.0 -1.0 0.0 32617.09737999 0.0 0.0 73021.56878322 4299.51229504 41190.691734680004 18705.5223934 36446.776764 65974.1012568 20993.451336140002 13858.73431724 91905.0066142 39356.7235969 32360.8371403 48405.6724777 60761.26563726 126678.9837558 254943.92816460002 158324.1865485 545600.8492956 250745.02374044 182748.65132031 85381.81223965001 321074.13955900003 418071.7440457 196166.3061515 71820.0742727 177570.9042167 88124.90424830001 61910.6673983 19317.68545824 233009.4523313 34819.519019800005 20348.2563978 28375.02221655
-1.0 -1.0 -1.0 -1.0 -1.0 -1.0 -1.0 -1.0 -1.0 -1.0 -1.0 -1.0 -1.0 -1.0 -1.0 -1.0 -1.0 -1.0 -1.0 -1.0 -1.0 -1.0 -1.0 -1.0 -1.0 -1.0 -1.0 -1.0 -1.0 -1.0 -1.0 -1.0 -1.0 -1.0 -1.0 -1.0 -1.0 -1.0 734.5908570080001 0.0 54633.14399209 277216.6437023 6054.695023966 465602.1124653 268652.61745950003 124902.10951699999 261117.60322559997 106505.5008097 18796.16590276 56423.110228000005 41257.634187 28730.722967399997 9565.52541858 29846.93321904 39164.2872353 25121.05749888 21666.4680456 122672.52593 516872.05649529997 601018.8192801999 253655.67359549997 391506.9977516 610889.8881257001 445388.7053298 153051.1854784 31933.9346488 41105.0254254 9051.3728016 44025.0842587 17510.549722758 16757.0385869 23057.77013258 47900.8560567
-1.0 -1.0 -1.0 -1.0 -1.0 -1.0 -1.0 -1.0 -1.0 -1.0 -1.0 -1.0 -1.0 -1.0 -1.0 -1.0 -1.0 -1.0 -1.0 -1.0 -1.0 -1.0 -1.0 -1.0 -1.0 -1.0 -1.0 -1.0 -1.0 -1.0 -1.0 -1.0 -1.0 -1.0 -1.0 -1.0 -1.0 -1.0 31636.635456769996 0.0 0.0 406324.1813228 308395.46506139997 209537.451791 54718.7579383 24053.13886797 227180.8077165 1496.73996166 4319.36167198 28294.41431701 119742.46201700001 46148.280783969996 14703.21852149 898.83351165 113149.6702834 131411.78995775 77204.3042631 9053.17551043 35146.28588445 88321.7544 26603.955250130002 116814.97384913001 769384.2812184 809682.2276496 106566.9803691 32874.55467173 13395.08812221 14616.969743020001 27691.5403447 17114.567710012 14361.6610204 18623.37277233 34553.42038201
-1.0 -1.0 -1.0 -1.0 -1.0 -1.0 -1.0 -1.0 -1.0 -1.0 -1.0 -1.0 -1.0 -1.0 -1.0 -1.0 -1.0 -1.0 -1.0 -1.0 -1.0 -1.0 -1.0 -1.0 -1.0 -1.0 -1.0 -1.0 -1.0 -1.0 -1.0 -1.0 -1.0 -1.0 -1.0 -1.0 -1.0 -1.0 4575.204441261 0.0 0.0 121849.79684115 63534.9068006 14264.92411923 411005.5002572 413571.2235663 163835.41306380002 3077.90009601 3815.52154894 4576.11006506 8816.20584264 79210.07449672 16357.26182168 34758.31777916 100930.31267402 33859.23689423 44012.04982727 11407.5547215 8557.00694112 6528.25008825 7059.5328408 1756.6714122140002 164659.3048518 209344.57228724 69070.8894678 30029.87833506 91342.8218311 22036.15450225 31045.70271343 30448.0721952 18809.1305417 26452.545796320002 42966.8701409
-1.0 -1.0 -1.0 -1.0 -1.0 -1.0 -1.0 -1.0 -1.0 -1.0 -1.0 -1.0 -1.0 -1.0 -1.0 -1.0 -1.0 -1.0 -1.0 -1.0 -1.0 -1.0 -1.0 -1.0 -1.0 -1.0 -1.0 -1.0 -1.0 -1.0 -1.0 -1.0 -1.0 -1.0 -1.0 -1.0 -1.0 -1.0 295161.16943909996 0.0 0.0 0.0 234257.6140548 53827.4131535 53811.138813800004 154866.183153 57628.8437566 1730.57872013 5330.512818 4006.57207473 9634.54351272 6649.68507588 12579.038830919999 36302.8019182 30526.95211058 62094.67999857 206281.83906640002 15082.99157812 4119.63127481 6513.58790617 8345.95868025 36705.323897099996 133922.75260500002 85290.44910720999 70803.4017702 6932.20569161 18269.11482042 54048.848144 27755.0484707 36835.482361 20127.8999616 81073.2151021 102904.8405165
