critload/trunk/input/2010/nsro_ag.asc
ncols 720
nrows 360
xllcorner -180
yllcorner -90
cellsize 0.5
NODATA_value -1
[rows 165 to 197 of 360, columns 219 to 291 of 720]
8576.8602336 7105.6725285 6632.20427877 6132.25265346 4286.8194133 4144.07096848 6778.03538508 12704.307917898 81787.8898773 91201.08627300001 22864.8162267 0.0 0.0 52776.110862 54686.13544359 30798.2538757 89010.86451069999 84205.5407424 8701.151753670001 0.0 0.0 1382.73075693 2644.716762862 12050.21501138 -1.0 -1.0 -1.0 -1.0 -1.0 -1.0 -1.0 -1.0 -1.0 -1.0 -1.0 -1.0 -1.0 -1.0 -1.0 -1.0 -1.0 -1.0 -1.0 -1.0 -1.0 -1.0 -1.0 -1.0 -1.0 -1.0 -1.0 -1.0 -1.0 -1.0 -1.0 -1.0 -1.0 -1.0 -1.0 -1.0 -1.0 -1.0 -1.0 -1.0 -1.0 -1.0 -1.0 -1.0 -1.0 -1.0 -1.0 -1.0 -1.0
5662.249793671999 3693.39788206873 4278.02775 3882.64549665 4971.329817682499 338.340364403 6028.674068986 46103.0081704 38414.1465799 31966.6746864 0.0 0.0 0.0 16299.30009694 46187.0594655 3255.6141534 0.0 2231.25720255 0.0 0.0 0.0 0.0 975.569388648 3281.54271596909 45123.77813921 12279.774498705001 -1.0 -1.0 -1.0 -1.0 -1.0 -1.0 -1.0 -1.0 -1.0 -1.0 -1.0 -1.0 -1.0 -1.0 -1.0 -1.0 -1.0 -1.0 -1.0 -1.0 -1.0 -1.0 -1.0 -1.0 -1.0 -1.0 -1.0 -1.0 -1.0 -1.0 -1.0 -1.0 -1.0 -1.0 -1.0 -1.0 -1.0 -1.0 -1.0 -1.0 -1.0 -1.0 -1.0 -1.0 -1.0 -1.0 -1.0
6275.14872967 8000.4065088 10549.8580201 11831.715885 13508.043060967 11118.644069105 50110.909787808 29433.7784637 17263.2430028 7298.34076013 0.0 0.0 0.0 5415.61404915 29829.28430354 28508.4678486 9767.59707825 0.0 6481.91363715 0.0 0.0 0.0 2239.51644158 3009.635196989 8462.73995248 11213.001272265 26141.779726762 -1.0 -1.0 -1.0 -1.0 -1.0 -1.0 -1.0 -1.0 -1.0 -1.0 -1.0 -1.0 -1.0 -1.0 -1.0 -1.0 -1.0 -1.0 -1.0 -1.0 -1.0 -1.0 -1.0 -1.0 -1.0 -1.0 -1.0 -1.0 -1.0 -1.0 -1.0 -1.0 -1.0 -1.0 -1.0 -1.0 -1.0 -1.0 -1.0 -1.0 -1.0 -1.0 -1.0 -1.0 -1.0 -1.0
9673.47633101261 12548.9953015 20544.9320752 19906.2607758 15918.8353866 36589.339096118994 27634.03736933 33700.275392 71215.7730102 47478.189968599996 11517.6227053 0.0 0.0 29547.0387324 0.0 67083.6677972 0.0 0.0 21603.146558859997 0.0 0.0 0.0 0.0 1450.723025632 3221.325787795 2990.916542262 6965.3201675400005 1555.4497941599998 233.36096071560002 1307.5505809308 17129.26906866 1184.100030009 970.0028432999887 0.0 -1.0 -1.0 -1.0 -1.0 -1.0 -1.0 -1.0 -1.0 -1.0 -1.0 -1.0 -1.0 -1.0 -1.0 -1.0 -1.0 -1.0 -1.0 -1.0 -1.0 -1.0 -1.0 -1.0 -1.0 -1.0 -1.0 -1.0 -1.0 -1.0 -1.0 -1.0 -1.0 -1.0 -1.0 -1.0 -1.0 -1.0 -1.0 -1.0
13780.3494022 18185.651546 21601.0492149 9302.10450487 5195.79514001 34329.3984602 20750.902791 0.0 6366.9576672 6639.78209505 0.0 0.0 0.0 0.0 0.0 7601.23522665 27666.4545424 0.0 0.0 44448.5551918 10558.2534582 0.0 0.0 0.0 3565.44216501 0.0 0.0 0.0 0.0 0.0 2180.42040723 0.0 0.0 0.0 0.0 1102.180235389 -1.0 -1.0 -1.0 -1.0 -1.0 -1.0 -1.0 -1.0 -1.0 -1.0 -1.0 -1.0 -1.0 -1.0 -1.0 -1.0 -1.0 -1.0 -1.0 -1.0 -1.0 -1.0 -1.0 -1.0 -1.0 -1.0 -1.0 -1.0 -1.0 -1.0 -1.0 -1.0 -1.0 -1.0 -1.0 -1.0 -1.0
22393.196562 24911.1161496 23867.607971 19925.4911377 10464.5950965 10072.2220762 0.0 0.0 0.0 0.0 0.0 9871.96009605 19376.037759 0.0 0.0 0.0 8553.89330812 16851.81314208 72325.1193436 146805.70016449998 203489.536257 25517.02845347 0.0 0.0 0.0 0.0 0.0 0.0 0.0 0.0 0.0 0.0 0.0 0.0 0.0 0.0 18990.11343938 -1.0 -1.0 -1.0 -1.0 -1.0 -1.0 -1.0 -1.0 -1.0 -1.0 -1.0 -1.0 -1.0 -1.0 -1.0 -1.0 -1.0 -1.0 -1.0 -1.0 -1.0 -1.0 -1.0 -1.0 -1.0 -1.0 -1.0 -1.0 -1.0 -1.0 -1.0 -1.0 -1.0 -1.0 -1.0 -1.0
23688.5182924 10296.529636228 5936.68547609 1051.0136912 1957.51746663 3439.04760188 6598.66412205 7266.007848 0.0 27991.5707799 7749.8392248 0.0 0.0 0.0 0.0 0.0 0.0 0.0 540198.087299 148752.7470646 339963.29781 255105.75180100003 0.0 0.0 0.0 0.0 0.0 0.0 0.0 0.0 0.0 0.0 0.0 0.0 0.0 0.0 0.0 0.0 1426.591361758 -1.0 -1.0 -1.0 -1.0 -1.0 -1.0 -1.0 -1.0 -1.0 -1.0 -1.0 -1.0 -1.0 -1.0 -1.0 -1.0 -1.0 -1.0 -1.0 -1.0 -1.0 -1.0 -1.0 -1.0 -1.0 -1.0 -1.0 -1.0 -1.0 -1.0 -1.0 -1.0 -1.0 -1.0
1276.29778689 0.0 0.0 0.0 766.10219457 8238.39522975 2531.66943649 1777.86626676 0.0 0.0 0.0 0.0 0.0 0.0 0.0 0.0 0.0 53763.1730467 79876.76956849999 46244.7222573 90815.3695551 132380.1844646 25247.69364 0.0 0.0 0.0 0.0 0.0 0.0 0.0 0.0 0.0 0.0 0.0 0.0 0.0 0.0 0.0 703.82554712 -1.0 -1.0 -1.0 -1.0 -1.0 -1.0 -1.0 -1.0 -1.0 -1.0 -1.0 -1.0 -1.0 -1.0 -1.0 -1.0 -1.0 -1.0 -1.0 -1.0 -1.0 -1.0 -1.0 -1.0 -1.0 -1.0 -1.0 -1.0 -1.0 -1.0 -1.0 -1.0 -1.0 -1.0
1728.46810829 6083.68236378 3591.27943807 1068.68131254 923.839874002 2702.62184226 0.0 0.0 0.0 7185.74003723 0.0 0.0 0.0 0.0 0.0 0.0 0.0 0.0 78330.1785788 33409.6177041 83939.963847 110194.1652265 0.0 0.0 0.0 0.0 0.0 0.0 0.0 0.0 0.0 0.0 0.0 0.0 0.0 0.0 0.0 0.0 258.709359048 -1.0 -1.0 -1.0 -1.0 -1.0 -1.0 -1.0 -1.0 -1.0 -1.0 -1.0 -1.0 -1.0 -1.0 -1.0 -1.0 -1.0 -1.0 -1.0 -1.0 -1.0 -1.0 -1.0 -1.0 -1.0 -1.0 -1.0 -1.0 -1.0 -1.0 -1.0 -1.0 -1.0 -1.0
4561.18966553 2205.04913158 3486.27879825 0.0 0.0 0.0 0.0 0.0 0.0 0.0 0.0 0.0 69492.941431185 47978.8129178 0.0 0.0 0.0 19550.10026867 77346.4204031 65071.0671537 76956.1633329 34278.9653216 17936.25686625 0.0 0.0 0.0 0.0 0.0 0.0 0.0 0.0 0.0 0.0 0.0 0.0 0.0 0.0 0.0 0.0 140.893853867 -1.0 -1.0 -1.0 -1.0 -1.0 -1.0 -1.0 -1.0 -1.0 -1.0 -1.0 -1.0 -1.0 -1.0 -1.0 -1.0 -1.0 -1.0 -1.0 -1.0 -1.0 -1.0 -1.0 -1.0 -1.0 -1.0 -1.0 -1.0 -1.0 -1.0 -1.0 -1.0 -1.0
0.0 1273.21401543 4875.97231632 0.0 0.0 0.0 0.0 0.0 0.0 0.0 0.0 0.0 0.0 0.0 0.0 0.0 0.0 0.0 48199.299491900005 48780.3256573 38240.1827149 8112.26742802 4873.5773885300005 0.0 0.0 0.0 0.0 0.0 0.0 76129.732725 0.0 0.0 0.0 0.0 0.0 0.0 0.0 0.0 0.0 7773.14156325 0.0 -1.0 -1.0 -1.0 -1.0 -1.0 -1.0 -1.0 -1.0 -1.0 -1.0 -1.0 -1.0 -1.0 -1.0 -1.0 -1.0 -1.0 -1.0 -1.0 -1.0 -1.0 -1.0 -1.0 -1.0 -1.0 -1.0 -1.0 -1.0 -1.0 -1.0 -1.0 -1.0
2185.84428237 0.0 0.0 0.0 0.0 0.0 0.0 0.0 0.0 0.0 0.0 0.0 0.0 0.0 0.0 0.0 0.0 0.0 15180.7092613 0.0 0.0 0.0 0.0 0.0 0.0 0.0 0.0 0.0 11537.62291379 105972.0583052 0.0 0.0 0.0 0.0 0.0 0.0 0.0 0.0 2814.84695564 7480.02721785 1030.731343822 -1.0 -1.0 -1.0 -1.0 -1.0 -1.0 -1.0 -1.0 -1.0 -1.0 -1.0 -1.0 -1.0 -1.0 -1.0 -1.0 -1.0 -1.0 -1.0 -1.0 -1.0 -1.0 -1.0 -1.0 -1.0 -1.0 -1.0 -1.0 -1.0 -1.0 -1.0 -1.0
1691.84404314 0.0 0.0 0.0 0.0 0.0 0.0 0.0 1455.25573788 16944.7393591 0.0 0.0 0.0 0.0 0.0 0.0 39877.12822581 0.0 2400.56691663 1223.1769787 0.0 0.0 0.0 0.0 0.0 0.0 0.0 0.0 9239.48793164 29618.2887949 0.0 0.0 0.0 0.0 0.0 0.0 0.0 0.0 15557.70573337 15112.909369419998 4539.365091987 0.0 -1.0 -1.0 -1.0 -1.0 -1.0 -1.0 -1.0 -1.0 -1.0 -1.0 -1.0 -1.0 -1.0 -1.0 -1.0 -1.0 -1.0 -1.0 -1.0 -1.0 -1.0 -1.0 -1.0 -1.0 -1.0 -1.0 -1.0 -1.0 -1.0 -1.0 -1.0
0.0 0.0 0.0 0.0 0.0 0.0 0.0 0.0 11490.8447004 0.0 0.0 0.0 0.0 0.0 0.0 0.0 0.0 0.0 0.0 0.0 0.0 5343.21024097 0.0 0.0 0.0 0.0 0.0 0.0 0.0 12093.093086159999 0.0 0.0 0.0 0.0 0.0 0.0 0.0 0.0 20223.30117149 1798.940062565 659.760374996 0.0 -1.0 -1.0 -1.0 -1.0 -1.0 -1.0 -1.0 -1.0 -1.0 -1.0 -1.0 -1.0 -1.0 -1.0 -1.0 -1.0 -1.0 -1.0 -1.0 -1.0 -1.0 -1.0 -1.0 -1.0 -1.0 -1.0 -1.0 -1.0 -1.0 -1.0 -1.0
0.0 0.0 0.0 0.0 0.0 0.0 0.0 0.0 0.0 0.0 0.0 0.0 0.0 0.0 0.0 0.0 770.64615846 0.0 1028.82232635 0.0 0.0 0.0 0.0 0.0 0.0 0.0 0.0 0.0 0.0 0.0 0.0 0.0 0.0 0.0 0.0 0.0 0.0 0.0 19992.45746449 5272.91073593 0.0 0.0 0.0 -1.0 -1.0 -1.0 -1.0 -1.0 -1.0 -1.0 -1.0 -1.0 -1.0 -1.0 -1.0 -1.0 -1.0 -1.0 -1.0 -1.0 -1.0 -1.0 -1.0 -1.0 -1.0 -1.0 -1.0 -1.0 -1.0 -1.0 -1.0 -1.0 -1.0
0.0 0.0 0.0 0.0 0.0 0.0 2292.75393793 0.0 0.0 0.0 1592.825753572 0.0 0.0 0.0 0.0 0.0 0.0 0.0 0.0 0.0 0.0 0.0 0.0 0.0 5538.0851154 0.0 0.0 0.0 0.0 0.0 0.0 0.0 0.0 0.0 0.0 0.0 0.0 8183.23277852 17483.45263643 5947.32559515 3062.12185935 4404.37024332 5291.79065235 2418.50922925 0.0 -1.0 -1.0 -1.0 -1.0 -1.0 -1.0 -1.0 -1.0 -1.0 -1.0 -1.0 -1.0 -1.0 -1.0 -1.0 -1.0 -1.0 -1.0 -1.0 -1.0 -1.0 -1.0 -1.0 -1.0 -1.0 -1.0 -1.0 -1.0
0.0 1536.5343546 0.0 0.0 0.0 0.0 0.0 0.0 0.0 0.0 0.0 0.0 0.0 0.0 0.0 698.35626036 0.0 0.0 0.0 0.0 0.0 0.0 0.0 0.0 0.0 0.0 0.0 0.0 0.0 0.0 0.0 0.0 0.0 0.0 9554.503193041 23067.393053159998 0.0 2253.04318206 1782.84971696 5294.139194885 1287.04573557 1104.03712078 2958.59971966 6890.01405457 31563.23984415 26742.95713698 24363.66476172 12015.199532210001 0.0 -1.0 -1.0 -1.0 -1.0 -1.0 -1.0 -1.0 -1.0 -1.0 -1.0 -1.0 -1.0 -1.0 -1.0 -1.0 -1.0 -1.0 -1.0 -1.0 -1.0 -1.0 -1.0 -1.0 -1.0
0.0 1581.31331325 0.0 0.0 0.0 0.0 0.0 0.0 0.0 0.0 0.0 0.0 0.0 0.0 0.0 0.0 210.471119496 491.092335641 0.0 0.0 0.0 0.0 0.0 0.0 0.0 0.0 0.0 0.0 0.0 0.0 5617.7452017 17787.28749211 66083.74409949999 45821.9809836 5175.0435564 6551.49199485 6605.59704149 2347.44968165 2239.81606894 2773.002937711 1324.22175084 1717.31079011 7963.4269773 6578.9446025199995 52904.23396835 122441.5423152 147916.95443030001 50554.7733953 29185.645692 0.0 0.0 0.0 -1.0 -1.0 -1.0 -1.0 -1.0 -1.0 -1.0 -1.0 -1.0 -1.0 -1.0 -1.0 -1.0 -1.0 -1.0 -1.0 -1.0 -1.0 -1.0 -1.0 -1.0
0.0 0.0 0.0 0.0 0.0 0.0 0.0 0.0 0.0 0.0 848.953810215 0.0 0.0 0.0 0.0 0.0 0.0 0.0 0.0 0.0 0.0 0.0 0.0 0.0 0.0 0.0 0.0 0.0 9060.03561269 18852.64316472 25463.651318800003 34529.67258022 50000.47381349999 33744.59136864 16517.403238799998 11370.94967723 7551.6388274 2204.900364485 944.847403935 1746.91447056 2040.588701088 4509.50189915 2506.8733373900004 27146.9462103 31191.79970724 68721.7617129 93437.4708071 73876.9103947 22358.252574500002 21605.697621749998 0.0 4880.2795808559995 -1.0 -1.0 -1.0 -1.0 -1.0 -1.0 -1.0 -1.0 -1.0 -1.0 -1.0 -1.0 -1.0 -1.0 -1.0 -1.0 -1.0 -1.0 -1.0 -1.0 -1.0
0.0 1077.06137616 0.0 0.0 0.0 0.0 0.0 0.0 0.0 0.0 0.0 0.0 0.0 0.0 0.0 0.0 0.0 0.0 0.0 0.0 0.0 0.0 0.0 0.0 0.0 0.0 2403.68688 18837.9457202 9411.19118127 8444.53939527 10562.92984647 20939.204250759998 15784.868090700002 6319.03292621 0.0 0.0 1182.52628294 0.0 1393.44012592 3527.988317831 1947.81331466 8057.32070565 7401.5129789600005 15065.43172924 38095.603992000004 54705.6457347 89548.5440433 35453.80114384 14336.685808900002 32528.780154599997 25206.9213364 12195.997794179999 7541.10479405 0.0 1451.08400202 -1.0 -1.0 -1.0 -1.0 -1.0 -1.0 -1.0 -1.0 -1.0 -1.0 -1.0 -1.0 -1.0 -1.0 -1.0 -1.0 -1.0 -1.0
570.186247995 905.76085089 0.0 0.0 0.0 919.41186894 0.0 0.0 1836.413392088 0.0 0.0 0.0 0.0 0.0 0.0 0.0 0.0 0.0 0.0 1003.78471928 6825.6180071300005 2826.68577445 0.0 0.0 2257.91479167 1785.720029412 2117.8822930290003 7232.72095049 2645.29377375 0.0 1161.212324435 107450.7766825 16673.68983892 0.0 0.0 0.0 31667.44769813 5595.798548729999 2236.29072716 1892.49508512 3201.45447656 11686.682211250001 15148.23769749 29326.80432987 33031.03825034 32662.60516126 64667.124018799994 3423.63770376 3980.630934 30890.3813511 26205.500231799997 11524.74378362 26606.94861767 19225.3338636 14089.626846399999 12767.23307119 7943.171284957501 25018.143713899997 6109.5884455000005 21318.139505 12438.685089679999 8015.594246139999 -1.0 -1.0 -1.0 -1.0 -1.0 -1.0 -1.0 -1.0 -1.0 -1.0 -1.0
0.0 0.0 0.0 0.0 0.0 2272.3843330629998 0.0 0.0 0.0 0.0 0.0 1894.93249143 0.0 0.0 0.0 0.0 0.0 0.0 0.0 4487.63078999 10766.83340021 2814.39300028 1118.62252992 1361.496211152 3578.11972379 1693.904773537 0.0 0.0 0.0 0.0 1900.07494312 0.0 0.0 0.0 17934.0042437 94588.15109209999 82373.932557 36791.026236449994 8990.582436300001 0.0 3056.03548191 11799.25228402 10366.54009755 24692.62980501 10392.332640690001 68346.6773475 78547.376943 29568.597973379998 39063.36103545 25285.9862609 15233.816121150001 10966.16321313 33174.3562827 24922.9945264 47136.4980575 26596.14951699 11307.37407285 7965.2099039 64170.56626655 74734.83293363999 59566.602054079995 44070.11336637 45237.4270721 0.0 -1.0 -1.0 -1.0 -1.0 -1.0 -1.0 -1.0 -1.0 -1.0
1531.41198103 0.0 0.0 0.0 0.0 0.0 0.0 0.0 0.0 0.0 0.0 0.0 0.0 0.0 0.0 0.0 0.0 0.0 710.39022408 903.52861893 998.291254968 0.0 3139.18426318 0.0 0.0 0.0 0.0 0.0 0.0 0.0 9747.89714637 12897.20925231 34094.1484588 52502.406002899996 11290.49628642 30295.5080545 0.0 4149.7552125 11600.60751954 31064.87509425 21378.555827149998 92644.6631908 60806.182859500004 6618.51628308 9585.368944869999 53255.904371900004 71649.0604952 10386.72289693 48704.74776225 28361.85985463 33521.26971415 15253.68411675 27113.19789022 40383.711568 53174.305691199996 12003.667932600001 2513.9868166685 4545.473461444 40959.560792200005 180072.57753930002 70752.6892074 73305.53805440999 102900.9815933 116844.42081780001 23228.524076179998 -1.0 -1.0 -1.0 -1.0 -1.0 -1.0 -1.0 -1.0
1782.048109455 3037.07268903 0.0 0.0 0.0 0.0 0.0 0.0 0.0 0.0 0.0 0.0 0.0 0.0 2654.40880939 0.0 0.0 0.0 0.0 0.0 0.0 1365.614439152 0.0 0.0 0.0 0.0 0.0 2365.36416833 68357.0648086 39048.3139039 24877.4311665 15839.43630387 0.0 4694.4905733 0.0 0.0 0.0 0.0 4426.349364 34048.877979000004 59501.2452186 19500.08193956 41330.355779000005 14390.008598069999 59411.3280989 171876.28652999998 72380.0227973 82437.5490708 123675.5081619 88710.3943322 32406.0887084 23490.716429699998 20018.74874104 24932.36735422 11204.51688032 2687.26456395 3672.04234702 10678.98688871 12872.36143919 308473.637947 50878.738326650004 54693.82914 48925.486954379994 242295.238836 78450.3536072 8142.70511333 -1.0 -1.0 -1.0 -1.0 -1.0 -1.0 -1.0
0.0 0.0 0.0 0.0 0.0 0.0 0.0 2168.836290198 0.0 0.0 0.0 0.0 0.0 0.0 0.0 0.0 0.0 0.0 0.0 0.0 0.0 0.0 0.0 0.0 0.0 0.0 3431.35543335 4133.97981255 5033.10438345 0.0 0.0 0.0 0.0 0.0 0.0 2601.16064175 2735.71020135 3197.6097822 3108.38158656 0.0 0.0 43947.505825600005 49623.7154166 65736.6024835 107044.0368273 96230.1791582 103814.67644099999 52384.9696176 52291.762504900005 57309.245597 54876.7690152 53781.930018 27854.7822753 14931.57286202 10064.77357053 6211.160055259999 5112.414947367 7986.82751017 18302.06748672 71039.09521959 34979.88903869 39673.045236 61896.84907782 45379.254553000006 19946.48834254 50237.990484 23352.09282274 0.0 -1.0 -1.0 -1.0 -1.0 -1.0
0.0 0.0 0.0 0.0 0.0 0.0 0.0 0.0 0.0 0.0 0.0 0.0 0.0 0.0 0.0 0.0 0.0 0.0 0.0 0.0 1611.704359155 0.0 0.0 0.0 0.0 0.0 0.0 0.0 0.0 0.0 0.0 0.0 5812.13505547 0.0 9158.5429893 3586.20592275 0.0 0.0 0.0 14711.46184733 49358.8620391 48867.1654002 68719.3744054 54729.9913853 49736.7111039 72454.3947683 68343.92774819999 53771.971661999996 69345.5333893 50406.43413072 35339.8899 45103.0678463 30036.2598368 2037.635175001 3824.94558774 8500.70069047 12599.767372049999 16651.017276845 35746.0671037 43021.246464 34854.57981437 74402.6560368 31560.509674449 27577.400471 47597.8003242 8923.01474542 35934.87122616 18007.15930303 4248.86752682 13000.77346159 2471.50114497 -1.0 -1.0
0.0 0.0 0.0 0.0 0.0 0.0 0.0 0.0 0.0 0.0 0.0 0.0 0.0 0.0 0.0 0.0 0.0 0.0 1544.347058228 0.0 0.0 0.0 0.0 0.0 0.0 0.0 0.0 0.0 0.0 0.0 0.0 0.0 0.0 0.0 0.0 0.0 0.0 0.0 13355.79745836 0.0 133692.16144340002 153253.8420571 71569.6130422 31448.36623706 39746.291849466994 34795.4853299 27870.40579241 35728.404874897 47801.56475035392 43997.686986343 25532.142835639 27479.5723125 20943.74586412 2956.788678717 5387.05088238 7890.38295182 9862.431674855 4873.2829839768 27946.8275175 54594.7366066 19766.75654025 61495.88378121999 18543.10444495 23732.8870559 57764.77746253 22483.523488270002 45112.96276231 36547.0019303 42535.01371236 71642.0855522 45722.925219 -1.0 -1.0
0.0 0.0 0.0 0.0 0.0 0.0 0.0 0.0 0.0 0.0 0.0 0.0 0.0 0.0 0.0 0.0 0.0 0.0 0.0 0.0 0.0 0.0 0.0 0.0 0.0 0.0 0.0 0.0 0.0 5551.080579 0.0 0.0 0.0 0.0 0.0 4680.547126789999 27176.877666099997 52108.9180815 71758.8308831 16918.9373606 92898.0888481 274427.173717 33695.96550619 47079.0695088 63467.607501276 25273.726950942 34237.30355744 24261.7955978 99605.2015854 86826.1435797 73583.37275040001 28686.621300725998 7259.750873311999 7361.01747759 14193.345893443 7043.760960830001 23842.55383482 14131.103024110002 16195.7120377 23135.1638543 19484.253945 70814.424564 65944.3411283 132181.08674189998 181598.7564991 123076.540847 56210.4556649 112525.9528324 109115.5565246 89131.8951254 137432.3586028 0.0 -1.0
0.0 3230.76343302 0.0 0.0 0.0 0.0 0.0 0.0 0.0 0.0 0.0 0.0 1072.98139185 0.0 0.0 0.0 0.0 0.0 0.0 0.0 0.0 0.0 0.0 0.0 0.0 8319.61352432 0.0 0.0 0.0 0.0 13151.95890187 0.0 3745.87320397 0.0 0.0 0.0 23369.2901844 98831.1329345 161945.328804 85600.1593885 127176.76674610001 50144.8586193 46460.7822351 49210.470588000004 52686.841263550006 33953.468358129 26826.775332330002 60111.763004500004 89584.9957654 105781.9971102 77241.2408918 37897.323714 20474.11851537144 6993.659851831 9430.51004712 13558.6369705 25933.90630875 37682.67932853 22300.2853162 12269.277075 28919.90945941 107471.97372814 201760.633038 94030.7852993 134693.33697419998 93123.96451610001 59235.1633488 84701.4887515 68998.44768648 490990.77423 309281.2886012 0.0 -1.0
0.0 0.0 0.0 0.0 0.0 0.0 0.0 0.0 0.0 0.0 0.0 2315.21742693 0.0 0.0 0.0 0.0 0.0 0.0 0.0 0.0 0.0 0.0 0.0 0.0 0.0 18294.44000688 0.0 0.0 0.0 0.0 14675.1193485 4183.5177612 0.0 0.0 0.0 0.0 0.0 4910.462628 13117.663626900001 85517.3094882 50988.7657187 96942.1492525 43411.3823859 38783.64159015 45292.591624299996 37797.374469899994 34717.79024306 52831.068229 41536.513977099996 50718.8859565 32302.159500894 30986.896266713 31248.41390388 13227.03980987 28388.842243695002 12103.5387942 9036.0496527 6871.6416388729995 5909.4819459 14247.715248 50970.12785654 162199.9460195 313799.062445 305018.1136658 317169.490359 100413.61134168 153912.682668 52561.761560800005 64536.7388454 458815.06071700004 577517.040474 75857.0489271 -1.0
0.0 0.0 0.0 0.0 0.0 0.0 0.0 1377.92122425 0.0 0.0 0.0 0.0 0.0 0.0 1858.363869906 0.0 0.0 0.0 0.0 0.0 0.0 0.0 0.0 0.0 0.0 0.0 0.0 0.0 0.0 0.0 5062.82904126 0.0 0.0 0.0 0.0 0.0 0.0 17589.08415026 17525.2316727 107106.217148 131681.35964799998 35406.1435305 32231.7302157 52735.4599842 35307.5767358 18257.23739032 15410.154590209999 10026.78504404 92858.0991162 31516.891612350002 11095.173227610001 7583.15786306358 26001.62654628 38806.4994868 52061.7781958 8134.37669835 7075.369392499 4187.487738 4466.7254946 67568.7632013 67223.774961 76661.40050039999 187187.31013549998 61729.661217709996 114146.09231178 86357.5518345 74232.03869 75773.30147348 108048.0020499 394803.8121 629705.0169487001 112261.4728166 -1.0
9771.9021192 0.0 0.0 0.0 0.0 0.0 0.0 0.0 0.0 0.0 0.0 0.0 0.0 0.0 0.0 0.0 0.0 6906.59294965 0.0 0.0 0.0 0.0 0.0 0.0 0.0 0.0 0.0 3969.3967623440003 5272.2594353879995 0.0 16697.46119281 0.0 0.0 0.0 0.0 0.0 17085.31898094 6979.59259972 22636.9596689 72919.2663753 106993.994487 26863.297772600003 28561.37098565 47507.7925938 33206.7431412 21884.20409953 41057.0121107 73250.9474872 94903.9635141 49370.691860399995 55566.5492514 32093.767042599997 43763.0282366 56775.3803022 13331.8903519 7401.08844587 3770.88213915 3491.50188089 7760.66189603 32685.03065748 28055.53337254 25336.2521117 46235.6179562 84280.9173076 61851.57492462 53646.77415542 38366.05214714 205423.1277796 378350.252417 608961.123092 798473.405091 7101.90829591 -1.0
0.0 0.0 2379.423585974 0.0 0.0 0.0 1898.6975332430002 0.0 0.0 0.0 0.0 0.0 8079.773983048 64463.2553184 5829.397986326 0.0 0.0 7130.1876016900005 0.0 0.0 0.0 0.0 0.0 0.0 0.0 6213.5001206100005 0.0 0.0 0.0 0.0 0.0 5961.52702545 0.0 0.0 0.0 0.0 5123.51151907 10353.13470291 10229.22428252 100482.2123779 22380.52573202 23263.36139216 30723.197956800002 41759.6372256 34699.3865652 27827.4266393 40711.324065 86728.0395752 132922.653602 71059.6160213 93306.3786636 56853.2839526 53825.336568 15287.253164450001 17538.16196686 33400.378115262 8498.068212 12911.9803898 38374.48851204 21166.640482669998 21685.80559417 43868.3492709 24527.5813584 25618.688908750002 24967.051366800002 18320.390097699998 79111.2147517 205567.24219199998 475384.39864649996 793966.200037 336662.16861 0.0 -1.0
